

TREE # 1

  0  0.0000   8402.411148  x:  0.11793   1.45211   1.13325   0.20709   1.10150   0.36366   1.07478   0.54664   0.59073   0.35309   0.76861   0.18119   0.00000   0.05427   0.06282   0.01969   0.01269   2.00000   0.20000   0.20000  
  1 99.0000   8339.450876  x:  0.14743   1.45739   1.14156   0.23297   1.10321   0.36843   1.07615   0.54912   0.59384   0.35725   0.78027   0.18880   0.02713   0.05556   0.06425   0.00000   0.01066   1.99129   0.27137   0.19772  
  2 1146.5807   8321.438834  x:  0.18220   1.46362   1.15142   0.26364   1.10510   0.37397   1.07764   0.55193   0.59745   0.36213   0.79411   0.19715   0.05695   0.05703   0.06595   0.02004   0.01032   1.98102   0.34877   0.19493  
  3 6215.6608   8174.733756  x:  0.73924   1.56115   1.32353   0.79128   1.09941   0.43679   1.06834   0.56217   0.63689   0.43284   1.04114   0.17173   0.12213   0.07381   0.04125   0.01080   0.10869   1.81528   0.18255   0.12547  
  4 448.6377   8137.048463  x:  0.83817   1.58688   1.36920   0.88980   1.09453   0.44656   1.06845   0.56626   0.64693   0.45207   1.09846   0.12895   0.04040   0.05922   0.08901   0.01261   0.01295   1.76041   0.17606   0.09348  
  5 460.8692   8133.462351  x:  0.84057   1.59454   1.38319   0.89679   1.09041   0.44517   1.06953   0.56783   0.64866   0.45700   1.11091   0.14557   0.01683   0.05527   0.06646   0.01275   0.00532   1.73754   0.17905   0.07685  
  6 145.2208   8131.769119  x:  0.84065   1.59918   1.39166   0.89981   1.08783   0.44417   1.07028   0.56886   0.64972   0.46002   1.11824   0.15319   0.00000   0.05322   0.06043   0.01249   0.00949   1.72333   0.18256   0.06631  
  7 694.1806   8131.769119  x:  0.84065   1.59918   1.39166   0.89981   1.08783   0.44417   1.07028   0.56886   0.64972   0.46002   1.11824   0.15319   0.00000   0.05322   0.06043   0.01249   0.00949   1.72333   0.18256   0.06631  
  8 269.4773   8120.618966  x:  0.84370   1.60058   1.39386   0.90256   1.08785   0.44478   1.07091   0.56968   0.65031   0.46093   1.12051   0.16235   0.01613   0.05596   0.06181   0.00000   0.01441   1.71980   0.20474   0.06432  
  9 581.1580   8116.475189  x:  0.84670   1.60195   1.39603   0.90526   1.08783   0.44535   1.07151   0.57047   0.65086   0.46181   1.12274   0.17107   0.03137   0.05860   0.06320   0.00354   0.01896   1.71633   0.22505   0.06231  
 10 2075.1656   8113.831639  x:  0.85284   1.60436   1.40026   0.91070   1.08667   0.44537   1.07186   0.57109   0.65113   0.46291   1.12692   0.17974   0.04519   0.06183   0.06382   0.00383   0.00773   1.70981   0.22058   0.05699  
 11 201.6027   8110.148621  x:  0.87010   1.61106   1.41214   0.92595   1.08324   0.44520   1.07273   0.57268   0.65175   0.46585   1.13855   0.19697   0.07285   0.06839   0.06398   0.00372   0.01534   1.69161   0.19892   0.04170  
 12 370.9175   8101.726804  x:  0.91689   1.62994   1.44502   0.96721   1.07592   0.44617   1.07658   0.57850   0.65472   0.47456   1.16988   0.19374   0.07493   0.06575   0.05633   0.00371   0.01524   1.64152   0.19366   0.00010  
 13 189.7946   8062.276486  x:  1.39991   1.82540   1.78677   1.39141   1.00010   0.45549   1.11678   0.63864   0.68377   0.56134   1.49112   0.15754   0.07360   0.06923   0.09314   0.00294   0.01477   1.12297   0.13905   0.03984  
 14 428.7175   8060.603603  x:  1.42211   1.83503   1.80446   1.41034   0.99767   0.45691   1.11944   0.64151   0.68235   0.56036   1.50404   0.16683   0.07212   0.06150   0.06329   0.00311   0.01463   1.11572   0.13737   0.04942  
 15 106.7007   8058.095781  x:  1.49042   1.86751   1.86786   1.46615   0.99526   0.46588   1.13121   0.65069   0.66660   0.53606   1.53520   0.21638   0.03150   0.09596   0.05120   0.00291   0.01495   1.17383   0.13881   0.05149  
 16 54.5112   8054.785762  x:  1.55760   1.90004   1.93199   1.52066   0.99436   0.47611   1.14388   0.66028   0.65214   0.51202   1.56447   0.26861   0.00000   0.07619   0.06263   0.00265   0.01520   1.24048   0.13804   0.05150  
 17 215.9287   8052.975661  x:  1.62284   1.93749   2.01265   1.57100   1.01101   0.50623   1.17006   0.67739   0.68641   0.53499   1.58265   0.21408   0.03592   0.07508   0.06062   0.00277   0.01486   1.35166   0.13135   0.05593  
 18 29.8214   8052.226492  x:  1.63171   1.97070   2.12698   1.56409   1.07149   0.50196   1.20731   0.64431   0.73216   0.56519   1.50299   0.23247   0.02555   0.07493   0.06121   0.00262   0.01506   1.34766   0.12937   0.05519  
 19  5.3503   8051.472081  x:  1.63874   1.99901   2.24178   1.56521   1.11926   0.48737   1.23832   0.62746   0.70158   0.52089   1.42927   0.20466   0.04531   0.07416   0.06103   0.00265   0.01502   1.33785   0.12868   0.05495  
 20 14.0215   8049.741591  x:  1.64069   1.98323   2.39455   1.63332   1.08602   0.40497   1.22255   0.74937   0.67055   0.57062   1.37180   0.18975   0.05692   0.06955   0.06143   0.00249   0.01527   1.36102   0.13271   0.05496  
 21  4.7730   8046.513876  x:  1.66154   1.90497   2.50662   1.81753   1.16606   0.57890   1.19275   0.79370   0.74853   0.51609   1.46284   0.18159   0.06473   0.06042   0.06345   0.00200   0.01590   1.37886   0.13378   0.05561  
 22  7.2048   8045.194499  x:  1.73471   1.97361   2.47228   1.81342   1.16866   0.54147   1.29755   0.68472   0.72126   0.55693   1.58517   0.16902   0.07346   0.05595   0.06400   0.00188   0.01601   1.41112   0.13694   0.05635  
 23  6.8369   8044.359438  x:  1.81375   2.10274   2.41960   1.74022   1.22441   0.54625   1.41396   0.77884   0.73573   0.54332   1.66328   0.17776   0.06961   0.05545   0.06524   0.00168   0.01612   1.40351   0.13114   0.05538  
 24  7.1300   8043.581988  x:  1.90071   2.29309   2.40359   1.68411   1.27476   0.52087   1.29920   0.80302   0.76804   0.52390   1.72161   0.17467   0.07293   0.05490   0.06612   0.00161   0.01600   1.40604   0.12980   0.05436  
 25  4.9072   8042.846683  x:  1.92839   2.39772   2.42711   1.73512   1.30702   0.59029   1.27530   0.81937   0.68904   0.59409   1.73541   0.18255   0.06930   0.05598   0.06760   0.00151   0.01579   1.39648   0.12512   0.05275  
 26  2.9234   8038.501786  x:  2.02571   2.76920   2.64281   2.21579   1.15880   0.65654   1.41122   0.84437   0.76393   0.56692   1.79154   0.20353   0.06497   0.06299   0.07563   0.00118   0.01413   1.34331   0.10570   0.04173  
 27  6.1889   8036.909772  x:  2.32744   2.54691   2.76280   2.27850   1.33435   0.55440   1.42087   0.87070   0.76441   0.57911   1.86382   0.20518   0.06769   0.06616   0.07764   0.00112   0.01338   1.33470   0.09898   0.03722  
 28  4.5837   8036.233084  x:  2.55330   2.43445   2.84438   2.18304   1.21825   0.63947   1.41725   0.85523   0.76777   0.57980   1.82650   0.20405   0.06936   0.06709   0.07820   0.00117   0.01308   1.32156   0.10015   0.03385  
 29  3.9286   8034.003352  x:  2.64918   2.43406   3.07708   2.44816   1.34348   0.55458   1.48154   0.84248   0.80380   0.59050   1.97559   0.18584   0.08179   0.07032   0.07204   0.00165   0.01269   1.33097   0.10127   0.01816  
 30  0.3903   8033.358596  x:  2.61766   2.51822   3.35587   2.42849   1.34910   0.61092   1.52301   0.87488   0.81785   0.60545   2.21230   0.18699   0.08113   0.06714   0.06918   0.00185   0.01274   1.33109   0.09474   0.01099  
 31  0.9088   8032.831299  x:  2.81663   2.66887   3.34074   2.62048   1.39071   0.65017   1.57598   0.89925   0.83871   0.61845   2.12318   0.17735   0.08842   0.06286   0.06538   0.00211   0.01288   1.34397   0.09015   0.00692  
 32  1.1480   8032.628055  x:  2.86577   2.73278   3.33607   2.65580   1.41992   0.67488   1.59862   0.91965   0.84729   0.62480   2.11219   0.17587   0.08975   0.06192   0.06352   0.00223   0.01333   1.35999   0.08876   0.01400  
 33  0.1542   8032.387548  x:  2.97122   2.81185   3.43149   2.70901   1.49052   0.70569   1.64977   0.95733   0.87079   0.63600   2.18151   0.17611   0.09137   0.06887   0.06732   0.00247   0.01393   1.37268   0.08659   0.01325  
 34  0.1513   8032.266120  x:  3.06971   2.87578   3.58257   2.78768   1.54108   0.71964   1.69861   0.98682   0.89248   0.64186   2.27869   0.18371   0.08978   0.06376   0.06760   0.00276   0.01366   1.36972   0.08304   0.01265  
 35  0.1612   8032.251048  x:  3.10088   2.89620   3.59997   2.81986   1.54644   0.71909   1.70889   0.98878   0.89576   0.64314   2.27912   0.18118   0.09017   0.06391   0.06774   0.00286   0.01340   1.36801   0.08289   0.01294  
 36  0.0424   8032.248073  x:  3.11492   2.91068   3.61535   2.83516   1.55050   0.72088   1.71540   0.99156   0.89768   0.64487   2.28708   0.18044   0.09026   0.06438   0.06788   0.00289   0.01337   1.36771   0.08232   0.01311  
 37  0.0448   8032.247609  x:  3.11756   2.91258   3.62041   2.83895   1.55037   0.72009   1.71578   0.99166   0.89704   0.64608   2.28954   0.18127   0.08978   0.06430   0.06787   0.00288   0.01345   1.36775   0.08227   0.01332  
 38  0.0049   8032.247566  x:  3.11687   2.91122   3.61926   2.83821   1.54976   0.71961   1.71485   0.99150   0.89662   0.64610   2.28821   0.18123   0.08967   0.06431   0.06791   0.00286   0.01345   1.36803   0.08231   0.01333  
 39  0.0013   8032.247545  x:  3.11825   2.91178   3.62089   2.83913   1.55039   0.71978   1.71537   0.99192   0.89694   0.64605   2.28873   0.18134   0.08959   0.06429   0.06789   0.00285   0.01344   1.36796   0.08227   0.01331  
 40  0.0010   8032.247542  x:  3.11812   2.91208   3.62083   2.83913   1.55045   0.71990   1.71552   0.99187   0.89697   0.64608   2.28879   0.18130   0.08962   0.06431   0.06789   0.00284   0.01345   1.36796   0.08228   0.01331  
 41  0.0002   8032.247541  x:  3.11809   2.91222   3.62085   2.83919   1.55048   0.71994   1.71559   0.99185   0.89698   0.64610   2.28893   0.18128   0.08965   0.06430   0.06789   0.00284   0.01345   1.36797   0.08227   0.01332  
 42  0.0001   8032.247541  x:  3.11809   2.91217   3.62080   2.83916   1.55047   0.71993   1.71557   0.99184   0.89698   0.64610   2.28893   0.18128   0.08965   0.06430   0.06789   0.00284   0.01345   1.36796   0.08227   0.01332  
 43  0.0000   8032.247541  x:  3.11813   2.91217   3.62079   2.83917   1.55047   0.71993   1.71557   0.99185   0.89698   0.64610   2.28897   0.18127   0.08966   0.06430   0.06789   0.00284   0.01345   1.36796   0.08227   0.01332  
 44  0.0000   8032.247541  x:  3.11813   2.91217   3.62079   2.83917   1.55047   0.71993   1.71557   0.99185   0.89698   0.64610   2.28897   0.18127   0.08966   0.06430   0.06789   0.00284   0.01345   1.36796   0.08227   0.01332  