

TREE # 1

  0  0.0000   7398.619230  x:  0.17789   1.46710   1.59982   0.25524   1.29667   0.29323   1.26756   0.31181   0.75369   0.49015   0.27112   0.35335   1.34427   0.19257   0.03087   0.18379   0.11059   0.00000   0.00000   2.00000   0.20000   0.20000   0.20000  
  1 99.0000   7398.618515  x:  0.17789   1.46710   1.59982   0.25524   1.29667   0.29323   1.26756   0.31181   0.75369   0.49015   0.27112   0.35335   1.34427   0.19257   0.03087   0.18379   0.11059   0.00000   0.00000   2.00000   0.20000   0.20000   0.20000  
  2 503.5531   7351.098233  x:  0.42409   1.49794   1.66229   0.63358   1.34379   0.41495   1.28810   0.39540   0.68251   0.46338   0.26175   0.29181   1.45481   0.15949   0.10108   0.10655   0.24479   0.00000   0.00000   1.86101   0.20154   0.09240   0.08408  
  3 306.1251   7329.145163  x:  0.56183   1.51379   1.71382   0.83503   1.37785   0.47256   1.30852   0.44635   0.63633   0.45336   0.29622   0.29126   1.53684   0.12950   0.08140   0.21300   0.11562   0.00000   0.00000   1.74115   0.17041   0.15182   0.04729  
  4 189.5188   7325.387613  x:  0.59313   1.51869   1.73919   0.87474   1.39194   0.47867   1.32145   0.46186   0.62956   0.46068   0.31336   0.30523   1.56903   0.16083   0.06820   0.19766   0.08625   0.00000   0.00000   1.69086   0.16128   0.15921   0.10650  
  5 105.9413   7322.861782  x:  0.60869   1.52273   1.76781   0.88715   1.40655   0.47383   1.33738   0.47433   0.62920   0.47368   0.32991   0.32311   1.60104   0.17697   0.02492   0.20655   0.11104   0.00000   0.00000   1.64025   0.15580   0.17910   0.13059  
  6 96.9328   7317.994107  x:  0.61866   1.53644   1.87459   0.85520   1.45825   0.42900   1.39986   0.50672   0.64790   0.52819   0.33973   0.35049   1.70974   0.26063   0.01244   0.18302   0.11110   0.00000   0.00000   1.49044   0.13991   0.20857   0.07210  
  7 63.7534   7315.919310  x:  0.61886   1.54725   1.94425   0.82753   1.49337   0.40121   1.43958   0.52334   0.65602   0.54884   0.31755   0.33606   1.77997   0.22972   0.00214   0.16698   0.10153   0.00000   0.00000   1.42984   0.13133   0.20116   0.07187  
  8 62.6599   7313.796583  x:  0.61837   1.56143   2.03545   0.79089   1.53953   0.36528   1.49111   0.54413   0.66486   0.57316   0.29344   0.32023   1.87232   0.19181   0.02579   0.17085   0.10520   0.00000   0.00000   1.35511   0.12273   0.19947   0.08682  
  9 353.9465   7311.387420  x:  0.61489   1.58527   2.16143   0.75955   1.60798   0.33593   1.55304   0.55884   0.65108   0.55844   0.31409   0.32445   2.00043   0.19876   0.02210   0.20693   0.10114   0.00000   0.00000   1.37336   0.11498   0.13206   0.08939  
 10 39.7563   7308.967271  x:  0.60764   1.61961   2.33040   0.74134   1.70139   0.31664   1.62458   0.56342   0.61859   0.51216   0.33013   0.31165   2.17434   0.20839   0.02134   0.18347   0.10790   0.00000   0.00000   1.46021   0.10752   0.18095   0.08616  
 11 51.4631   7308.631140  x:  0.58754   1.62105   2.36027   0.76231   1.70936   0.32618   1.61237   0.53095   0.62985   0.52761   0.30156   0.31164   2.20537   0.22021   0.01696   0.19147   0.10867   0.00000   0.00000   1.47336   0.10756   0.18272   0.08891  
 12  9.1692   7308.318982  x:  0.56011   1.62081   2.38980   0.78555   1.71330   0.33805   1.59229   0.49231   0.64254   0.54606   0.30370   0.33467   2.23516   0.20971   0.02060   0.18609   0.10779   0.00000   0.00000   1.48111   0.10648   0.18235   0.08683  
 13 19.3509   7308.027949  x:  0.51812   1.61568   2.41499   0.80143   1.70193   0.34999   1.55525   0.46748   0.62706   0.53650   0.32446   0.30824   2.25246   0.21053   0.02052   0.18407   0.10891   0.00000   0.00000   1.46496   0.10864   0.17877   0.08636  
 14  5.9763   7307.272512  x:  0.45013   1.60824   2.46422   0.82978   1.65244   0.39775   1.46351   0.54485   0.60814   0.51010   0.30310   0.32966   2.25596   0.20959   0.02222   0.17999   0.11112   0.00000   0.00000   1.45712   0.10849   0.17101   0.08511  
 15  4.6339   7306.311693  x:  0.47231   1.61204   2.49830   0.86389   1.58866   0.39308   1.38678   0.59693   0.64197   0.55096   0.33045   0.29233   2.23218   0.21074   0.02292   0.17739   0.11432   0.00000   0.00000   1.48803   0.10580   0.16567   0.08666  
 16  6.4960   7304.253045  x:  0.58260   1.60794   2.51143   0.91945   1.48531   0.31222   1.31098   0.55187   0.58118   0.53100   0.30309   0.31288   2.15408   0.20920   0.02644   0.16450   0.12229   0.00000   0.00000   1.50044   0.11080   0.14660   0.08399  
 17  9.4515   7301.114576  x:  0.65565   1.54019   2.40149   0.99712   1.51863   0.43654   1.42642   0.46490   0.58254   0.48803   0.30074   0.29730   1.99621   0.21024   0.03160   0.14955   0.13483   0.00000   0.00000   1.48857   0.10609   0.11389   0.08142  
 18  9.3619   7300.539611  x:  0.60253   1.50198   2.30822   1.07808   1.56158   0.36348   1.46405   0.49571   0.56015   0.51235   0.30192   0.29339   2.01815   0.20863   0.03322   0.14616   0.13734   0.00000   0.00000   1.50621   0.10718   0.11041   0.08060  
 19  5.2646   7300.242295  x:  0.60597   1.53554   2.24974   1.09514   1.60708   0.33673   1.43763   0.50122   0.61078   0.46747   0.30160   0.29456   2.06070   0.20974   0.03319   0.14576   0.13926   0.00000   0.00000   1.50001   0.10655   0.11056   0.07989  
 20  2.7526   7299.536666  x:  0.64140   1.65780   2.16448   1.07709   1.68038   0.37969   1.40376   0.51111   0.56427   0.52206   0.30095   0.29598   2.15314   0.20905   0.03453   0.14507   0.14412   0.00000   0.00000   1.51150   0.10459   0.11399   0.07797  
 21  2.8260   7297.075924  x:  0.68764   1.78852   2.27519   1.20545   1.56345   0.44081   1.65406   0.52807   0.63992   0.51593   0.30572   0.30622   2.28472   0.20341   0.04065   0.14919   0.16122   0.00000   0.00000   1.56514   0.10010   0.13961   0.07264  
 22  2.3444   7295.863943  x:  0.75754   1.68165   2.46271   1.26450   1.76554   0.42737   1.63235   0.55207   0.65533   0.53311   0.30751   0.31177   2.19315   0.19776   0.04562   0.15078   0.16929   0.00000   0.00000   1.59179   0.09940   0.15029   0.07047  
 23  4.7698   7295.100300  x:  0.73580   1.87535   2.60717   1.37613   1.83369   0.39921   1.68198   0.57725   0.65522   0.54292   0.31325   0.31211   2.18272   0.19328   0.04872   0.15933   0.17319   0.00000   0.00000   1.56634   0.09271   0.13290   0.07395  
 24  0.5452   7294.147019  x:  0.83092   1.81305   2.69757   1.41297   1.82425   0.43752   1.69084   0.60366   0.66045   0.55248   0.31684   0.31146   2.39556   0.18744   0.05180   0.16511   0.17964   0.00000   0.00000   1.55054   0.08929   0.10634   0.07695  
 25  2.4423   7293.513958  x:  0.89700   1.78547   2.74866   1.53214   1.86248   0.44719   1.72387   0.61238   0.65332   0.55685   0.31318   0.30515   2.46373   0.18268   0.05563   0.14903   0.17800   0.00000   0.00000   1.52820   0.08740   0.12351   0.08172  
 26  0.1373   7293.261131  x:  0.92143   1.86588   2.81352   1.62730   1.90894   0.45150   1.77395   0.62980   0.66870   0.56995   0.31084   0.30956   2.47908   0.17984   0.06105   0.14926   0.16934   0.00000   0.00000   1.54468   0.08604   0.11579   0.07907  
 27  0.1165   7293.177917  x:  0.94449   1.87707   2.84484   1.66758   1.93391   0.45648   1.79992   0.63952   0.67446   0.57725   0.31309   0.31317   2.50979   0.18113   0.06182   0.15307   0.16531   0.00000   0.00000   1.54455   0.08341   0.11679   0.07883  
 28  0.1157   7293.163391  x:  0.95193   1.87378   2.84630   1.66950   1.93567   0.46071   1.80554   0.64115   0.67527   0.57698   0.31606   0.31287   2.52239   0.18131   0.06020   0.15470   0.16291   0.00000   0.00000   1.54743   0.08352   0.11855   0.08092  
 29  0.0163   7293.158775  x:  0.95552   1.87994   2.85565   1.66670   1.93988   0.46357   1.81164   0.64306   0.67742   0.57706   0.31631   0.31231   2.53314   0.18143   0.05892   0.15319   0.16196   0.00000   0.00000   1.54871   0.08316   0.11924   0.08025  
 30  0.0115   7293.154625  x:  0.95735   1.88188   2.85832   1.66229   1.94158   0.46455   1.81367   0.64310   0.67736   0.57710   0.31581   0.31274   2.53609   0.18487   0.05622   0.15367   0.16219   0.00000   0.00000   1.54547   0.08312   0.11951   0.07878  
 31  0.0044   7293.153581  x:  0.95830   1.88375   2.86002   1.66807   1.94369   0.46400   1.81489   0.64375   0.67768   0.57812   0.31594   0.31312   2.53417   0.18551   0.05523   0.15361   0.16267   0.00000   0.00000   1.54724   0.08304   0.11947   0.07936  
 32  0.0050   7293.153390  x:  0.95859   1.88279   2.85961   1.67131   1.94345   0.46362   1.81457   0.64392   0.67755   0.57832   0.31606   0.31292   2.53327   0.18552   0.05521   0.15355   0.16265   0.00000   0.00000   1.54753   0.08305   0.11966   0.07897  
 33  0.0028   7293.153374  x:  0.95816   1.88243   2.85899   1.67145   1.94257   0.46354   1.81388   0.64383   0.67743   0.57807   0.31603   0.31290   2.53316   0.18557   0.05516   0.15352   0.16260   0.00000   0.00000   1.54740   0.08307   0.11963   0.07901  
 34  0.0008   7293.153373  x:  0.95802   1.88237   2.85887   1.67127   1.94246   0.46353   1.81371   0.64379   0.67743   0.57805   0.31603   0.31291   2.53301   0.18558   0.05514   0.15354   0.16259   0.00000   0.00000   1.54743   0.08308   0.11964   0.07900  
 35  0.0003   7293.153373  x:  0.95800   1.88235   2.85886   1.67126   1.94246   0.46353   1.81369   0.64378   0.67743   0.57806   0.31603   0.31291   2.53297   0.18558   0.05514   0.15354   0.16259   0.00000   0.00000   1.54743   0.08308   0.11964   0.07900  
 36  0.0000   7293.153373  x:  0.95801   1.88235   2.85886   1.67126   1.94246   0.46354   1.81369   0.64378   0.67743   0.57806   0.31603   0.31291   2.53296   0.18558   0.05514   0.15354   0.16259   0.00000   0.00000   1.54743   0.08308   0.11964   0.07900  
 37  0.0000   7293.153373  x:  0.95801   1.88235   2.85886   1.67126   1.94246   0.46354   1.81369   0.64378   0.67743   0.57806   0.31603   0.31291   2.53296   0.18558   0.05514   0.15354   0.16259   0.00000   0.00000   1.54743   0.08308   0.11964   0.07900  