

TREE # 1

  0  0.0000   6272.125321  x:  0.00000   1.57760   1.45214   0.47726   1.08982   0.10582   0.99741   0.08840   0.81143   0.66641   0.23518   0.21903   0.86859   0.18884   0.04193   0.12913   0.12952   0.00000   0.01184   2.00000   0.20000   0.20000   0.20000  
  1 99.0000   6272.121052  x:  0.00000   1.57760   1.45214   0.47726   1.08982   0.10582   0.99741   0.08840   0.81143   0.66641   0.23518   0.21903   0.86859   0.18884   0.04193   0.12913   0.12952   0.00000   0.01184   2.00000   0.20000   0.20000   0.20000  
  2 1034.7231   6193.672173  x:  0.04990   1.58132   1.45728   0.49465   1.08959   0.11354   0.99823   0.10001   0.80594   0.65928   0.23659   0.21603   0.87860   0.18722   0.04899   0.12489   0.13156   0.00000   0.06609   1.99489   0.09740   0.16547   0.19871  
  3 2939.8628   6108.972797  x:  0.24451   1.59729   1.47913   0.56713   1.08951   0.14623   1.00268   0.14894   0.78379   0.62991   0.24196   0.20338   0.92078   0.17805   0.07648   0.11016   0.14021   0.00000   0.03417   1.97149   0.08441   0.01570   0.19351  
  4 543.3789   6088.891161  x:  0.41168   1.61303   1.50195   0.64813   1.08719   0.17912   1.00641   0.19767   0.75262   0.58928   0.24824   0.18887   0.96946   0.18131   0.11715   0.11574   0.16126   0.00000   0.00658   1.94171   0.07497   0.08439   0.18782  
  5 423.2583   6062.480176  x:  0.40468   1.60858   1.52659   0.85424   0.99466   0.19116   0.94036   0.19143   0.51661   0.30955   0.23567   0.11343   1.09079   0.10648   0.11029   0.15778   0.15554   0.00000   0.02710   1.86705   0.08883   0.09354   0.18026  
  6 122.6173   6054.285432  x:  0.36517   1.61344   1.54703   0.95119   0.96216   0.20221   0.92735   0.21312   0.43526   0.20682   0.28232   0.18535   1.15908   0.11893   0.14283   0.13745   0.14736   0.00000   0.02770   1.81050   0.08882   0.08898   0.17204  
  7 175.4106   6046.359779  x:  0.25756   1.64012   1.60758   1.12846   0.92601   0.23210   0.94103   0.29433   0.44083   0.20833   0.23658   0.19879   1.30656   0.09290   0.12189   0.11643   0.17198   0.00000   0.01475   1.65911   0.07663   0.07824   0.14456  
  8 71.3735   6044.468468  x:  0.22758   1.64794   1.62875   1.18112   0.90391   0.22920   0.93528   0.29177   0.44868   0.21939   0.21918   0.18423   1.35267   0.12239   0.15341   0.13329   0.16417   0.00000   0.01301   1.61045   0.07467   0.06921   0.13364  
  9 86.5017   6042.662535  x:  0.22650   1.65711   1.65951   1.23346   0.85832   0.20294   0.90928   0.23534   0.46910   0.25147   0.24197   0.18539   1.40475   0.11662   0.14583   0.13402   0.13903   0.00000   0.01065   1.55519   0.07355   0.07052   0.11384  
 10 41.6176   6042.245010  x:  0.22691   1.65864   1.66942   1.24111   0.84300   0.19421   0.89926   0.21658   0.47255   0.25742   0.24472   0.18772   1.41671   0.11963   0.14552   0.13066   0.16322   0.00000   0.01086   1.54259   0.07395   0.06902   0.10437  
 11 31.4680   6041.878031  x:  0.23010   1.65905   1.68543   1.23105   0.82961   0.19365   0.88977   0.21508   0.47132   0.25535   0.23242   0.18700   1.42410   0.12728   0.14374   0.11084   0.16176   0.00000   0.01113   1.53661   0.07497   0.07042   0.08054  
 12  9.7086   6040.209894  x:  0.23845   1.66096   1.73607   1.19414   0.79799   0.20140   0.86816   0.22683   0.46870   0.24943   0.21662   0.19965   1.44460   0.13914   0.12838   0.12007   0.15974   0.00000   0.00924   1.52227   0.07575   0.06950   0.00010  
 13 36.8410   6039.136964  x:  0.23388   1.66052   1.79704   1.15574   0.77718   0.22971   0.85483   0.24629   0.46495   0.24960   0.25338   0.16809   1.46886   0.14149   0.13063   0.11403   0.16502   0.00000   0.00535   1.51196   0.07573   0.06649   0.00010  
 14 22.3912   6037.860385  x:  0.23056   1.63764   1.81849   1.17248   0.77758   0.26837   0.85958   0.23128   0.46444   0.26877   0.23772   0.18352   1.47581   0.07794   0.19367   0.11240   0.16639   0.00000   0.00281   1.54224   0.07703   0.06393   0.00010  
 15  9.2517   6037.113794  x:  0.23464   1.59511   1.78320   1.20227   0.73030   0.25745   0.84077   0.27437   0.47293   0.29020   0.24391   0.18583   1.45449   0.05877   0.21585   0.11206   0.16775   0.00000   0.00398   1.55885   0.07938   0.06278   0.00010  
 16  9.4665   6034.930271  x:  0.26952   1.51646   1.63466   1.30703   0.73994   0.23816   0.90000   0.28395   0.50603   0.27770   0.24727   0.18742   1.39658   0.13064   0.15175   0.11476   0.16810   0.00000   0.00196   1.53775   0.08150   0.05793   0.00010  
 17  9.6292   6034.761221  x:  0.27495   1.50426   1.61162   1.32323   0.74148   0.23524   0.90911   0.28542   0.51114   0.27578   0.24779   0.18768   1.38759   0.14175   0.14185   0.11519   0.16816   0.00314   0.00164   1.53438   0.08183   0.05718   0.00010  
 18 1502.1270   6031.196563  x:  0.34039   1.52345   1.47795   1.29632   0.88442   0.26278   0.79613   0.29462   0.46869   0.29555   0.24079   0.19643   1.30326   0.09741   0.18875   0.12266   0.17045   0.00000   0.00329   1.29669   0.08212   0.04568   0.00010  
 19  5.5242   6016.692473  x:  0.46234   1.78407   1.52111   1.31508   1.01823   0.12093   0.86526   0.34184   0.46454   0.27679   0.24185   0.19597   1.43501   0.05324   0.25075   0.13517   0.17723   0.00161   0.00289   1.40094   0.07695   0.01457   0.00010  
 20  7.7887   6015.585392  x:  0.46735   1.77594   1.54126   1.31550   0.99976   0.17397   0.86504   0.32859   0.47397   0.27552   0.24218   0.19794   1.43893   0.05695   0.24830   0.13580   0.17714   0.00000   0.00360   1.41453   0.07674   0.01338   0.00010  
 21 12.8003   6015.585392  x:  0.46735   1.77594   1.54126   1.31550   0.99976   0.17397   0.86504   0.32859   0.47397   0.27552   0.24218   0.19794   1.43893   0.05695   0.24830   0.13580   0.17714   0.00000   0.00360   1.41453   0.07674   0.01338   0.00010  
 22  6.4954   6014.085723  x:  0.46823   1.77602   1.54151   1.31569   0.99974   0.17414   0.86524   0.32867   0.47406   0.27551   0.24225   0.19798   1.43911   0.05685   0.24814   0.13542   0.17693   0.00008   0.00952   1.41466   0.07505   0.01965   0.00010  
 23 437.8266   6014.070316  x:  0.46825   1.77602   1.54152   1.31569   0.99973   0.17415   0.86525   0.32867   0.47406   0.27551   0.24225   0.19799   1.43912   0.05684   0.24813   0.13541   0.17692   0.00000   0.00952   1.41466   0.07504   0.01969   0.00010  
 24 201.4083   6013.490054  x:  0.48495   1.77784   1.54651   1.31938   0.99954   0.17758   0.86930   0.33044   0.47594   0.27546   0.24370   0.19882   1.44276   0.05363   0.24375   0.12735   0.17195   0.00000   0.01433   1.41688   0.07772   0.02319   0.00010  
 25 89.8585   6012.358886  x:  0.51575   1.78113   1.55569   1.32614   0.99910   0.18384   0.87673   0.33360   0.47935   0.27529   0.24629   0.20027   1.44943   0.04780   0.23574   0.11286   0.16302   0.00000   0.01941   1.42117   0.07213   0.02595   0.00010  
 26 659.5252   6008.664818  x:  0.60213   1.79063   1.58183   1.34538   0.99794   0.20146   0.89780   0.34251   0.48893   0.27478   0.25288   0.20369   1.46846   0.03417   0.21587   0.08070   0.14329   0.00000   0.00926   1.43307   0.07319   0.02100   0.00010  
 27 345.3040   5993.405258  x:  1.24327   1.86575   1.78374   1.49356   0.98845   0.33109   1.05788   0.40629   0.55831   0.26771   0.28327   0.21155   1.61575   0.04538   0.17709   0.17125   0.17676   0.00000   0.00450   1.52241   0.05997   0.01589   0.00010  
 28 184.4462   5990.953946  x:  1.34202   1.88304   1.82363   1.52196   0.98611   0.34635   1.08407   0.41085   0.56425   0.26197   0.26712   0.19493   1.64394   0.09068   0.22242   0.15127   0.17979   0.00000   0.00368   1.53580   0.05804   0.01458   0.00010  
 29 113.9047   5990.344852  x:  1.35530   1.90176   1.85492   1.54193   0.98302   0.33367   1.09165   0.39602   0.55393   0.25163   0.23798   0.17927   1.66328   0.07129   0.22858   0.14707   0.19289   0.00000   0.00393   1.53825   0.05775   0.01484   0.00010  
 30 20.7542   5988.971377  x:  1.36767   1.96945   1.96367   1.61028   0.97395   0.28100   1.11223   0.34221   0.52449   0.23157   0.23186   0.22069   1.72960   0.02467   0.27931   0.14137   0.20561   0.00000   0.00412   1.54236   0.05637   0.01485   0.00010  
 31 34.2211   5988.058443  x:  1.35892   2.01406   2.03346   1.65430   0.97685   0.25753   1.12549   0.32910   0.52931   0.25168   0.24101   0.20469   1.77321   0.00000   0.30688   0.15436   0.17969   0.00000   0.00410   1.54275   0.05503   0.01487   0.00010  
 32 31.7314   5987.287243  x:  1.32402   2.07822   2.13116   1.71637   0.99819   0.25164   1.14474   0.35137   0.54518   0.28138   0.26510   0.19145   1.83765   0.00000   0.30256   0.13843   0.20957   0.00000   0.00471   1.54766   0.05236   0.01525   0.00010  
 33 23.2436   5986.556218  x:  1.28175   2.13089   2.21067   1.76628   1.02868   0.27011   1.15918   0.39157   0.54068   0.26362   0.24936   0.20647   1.89314   0.00000   0.26674   0.14261   0.19702   0.00000   0.00506   1.56632   0.05056   0.01566   0.00010  
 34 22.1951   5986.385623  x:  1.26729   2.14911   2.23866   1.78339   1.04074   0.28008   1.16355   0.40647   0.54077   0.25548   0.24565   0.21016   1.91339   0.02206   0.26235   0.14421   0.19256   0.00000   0.00520   1.57703   0.04995   0.01583   0.00010  
 35 29.3512   5986.090592  x:  1.25939   2.15819   2.26120   1.78885   1.04974   0.29110   1.15192   0.38123   0.55515   0.23195   0.26255   0.19702   1.93147   0.03223   0.24632   0.14299   0.19244   0.00000   0.00559   1.63040   0.05080   0.01645   0.00010  
 36  3.9834   5985.827489  x:  1.25966   2.16327   2.27811   1.78933   1.05546   0.29700   1.14453   0.36581   0.58330   0.24713   0.24466   0.21098   1.94509   0.03574   0.24224   0.14204   0.19207   0.00000   0.00599   1.66207   0.05116   0.01696   0.00010  
 37  6.2803   5983.503464  x:  1.30908   2.18354   2.35320   1.77914   1.07910   0.30535   1.15579   0.39698   0.56334   0.26278   0.24938   0.20826   2.00558   0.00000   0.28658   0.14305   0.18219   0.00000   0.00846   1.64918   0.05137   0.01884   0.00010  
 38  2.9008   5982.862832  x:  1.33029   2.20612   2.36256   1.79377   1.08489   0.30459   1.17817   0.37079   0.58282   0.24842   0.24921   0.20977   2.03013   0.00000   0.25068   0.14161   0.17963   0.00000   0.00947   1.57247   0.05077   0.01929   0.00010  
 39  7.3987   5982.457161  x:  1.34433   2.22554   2.36683   1.80891   1.09045   0.30690   1.19628   0.35240   0.60219   0.23469   0.24938   0.21051   2.04858   0.04084   0.23081   0.14067   0.17767   0.00000   0.01015   1.51884   0.05025   0.01961   0.00010  
 40 38.7776   5981.860515  x:  1.36466   2.30124   2.32458   1.90447   1.07505   0.22504   1.25894   0.39228   0.59541   0.24104   0.24873   0.21147   2.05252   0.06599   0.20045   0.13728   0.17660   0.00000   0.01026   1.54584   0.05086   0.02042   0.00010  
 41  3.5080   5980.401656  x:  1.41130   2.57496   2.25082   2.23454   1.23754   0.26399   1.36923   0.36515   0.59979   0.25770   0.25459   0.20622   2.06311   0.01476   0.26413   0.13085   0.17245   0.00000   0.00920   1.57263   0.04825   0.02175   0.00010  
 42  6.2017   5979.572350  x:  1.44064   2.65634   2.32147   2.28028   1.23015   0.26629   1.30309   0.39942   0.63075   0.23992   0.25668   0.20410   2.10202   0.00000   0.28212   0.12824   0.17126   0.00000   0.00844   1.56117   0.04771   0.02197   0.00010  
 43  3.8220   5978.517874  x:  1.48140   2.74862   2.53088   2.25766   1.22323   0.33758   1.29853   0.38898   0.53296   0.32133   0.25833   0.20317   2.22199   0.00000   0.26256   0.11943   0.17239   0.00000   0.00681   1.57412   0.04731   0.02264   0.00010  
 44  5.8755   5978.399903  x:  1.48511   2.75726   2.55749   2.25244   1.22237   0.34438   1.30619   0.38873   0.52752   0.32673   0.25871   0.20288   2.23918   0.01821   0.26283   0.11839   0.17239   0.00000   0.00662   1.57610   0.04721   0.02273   0.00010  
 45 18.6563   5977.703332  x:  1.49198   2.76145   2.66466   2.21330   1.23588   0.34240   1.39768   0.39709   0.56203   0.30789   0.26124   0.20058   2.31316   0.00000   0.28229   0.11508   0.17135   0.00000   0.00604   1.58578   0.04643   0.02308   0.00010  
 46  7.6391   5976.831856  x:  1.63538   2.67159   2.78804   2.26189   1.46379   0.22243   1.39277   0.42629   0.56851   0.30921   0.26297   0.20134   2.57885   0.00000   0.28589   0.11097   0.16832   0.00000   0.00649   1.58609   0.04392   0.02384   0.00010  
 47  2.0721   5975.676289  x:  1.80856   2.72969   2.99432   2.43780   1.33579   0.32575   1.47856   0.46190   0.60389   0.29819   0.26978   0.19952   2.72820   0.00000   0.32274   0.10799   0.15963   0.00000   0.00869   1.59414   0.04052   0.02534   0.00010  
 48  1.8904   5974.868163  x:  1.97605   2.87270   3.25654   2.47526   1.41096   0.30840   1.52786   0.49272   0.62864   0.28517   0.27139   0.20191   2.53754   0.00000   0.29537   0.10732   0.15698   0.00000   0.01018   1.60059   0.03851   0.02606   0.00010  
 49  2.9596   5973.815448  x:  2.16613   2.88300   3.38853   2.64773   1.34095   0.38062   1.58659   0.54045   0.66894   0.26855   0.27266   0.20431   2.77373   0.00000   0.25658   0.11302   0.16241   0.00000   0.00988   1.61201   0.03777   0.02553   0.00010  
 50  0.4535   5973.697760  x:  2.20400   2.88722   3.41408   2.68037   1.32768   0.39466   1.59836   0.54988   0.67691   0.26528   0.27292   0.20478   2.82093   0.02217   0.24915   0.11415   0.16350   0.00000   0.00982   1.61435   0.03761   0.02542   0.00010  
 51 39.6528   5973.295588  x:  2.34166   3.20477   3.40488   2.56582   1.37713   0.39710   1.65075   0.57338   0.69677   0.25963   0.27401   0.20512   3.01829   0.01615   0.25533   0.11731   0.16673   0.00000   0.00913   1.63170   0.03588   0.02497   0.00010  
 52  1.4362   5972.696706  x:  2.52135   3.30011   3.64906   2.72719   1.51537   0.38304   1.75440   0.60638   0.71857   0.25300   0.27203   0.20810   3.03465   0.00000   0.27725   0.11872   0.17250   0.00000   0.00728   1.63673   0.03427   0.02383   0.00010  
 53  0.5839   5972.448583  x:  2.73928   3.41966   3.86612   2.95894   1.60414   0.40938   1.88857   0.64011   0.72923   0.26038   0.27176   0.20968   3.20640   0.00000   0.28429   0.11778   0.16716   0.00000   0.00680   1.63881   0.03161   0.02297   0.00010  
 54  0.4635   5972.303402  x:  2.86479   3.49244   3.94475   3.04681   1.64462   0.42499   1.96711   0.65436   0.72841   0.26609   0.27146   0.21022   3.25629   0.00000   0.28688   0.11656   0.16354   0.00000   0.00736   1.64049   0.03144   0.02231   0.00010  
 55  0.2933   5972.258608  x:  2.94732   3.55582   4.00821   3.13054   1.66454   0.44271   2.02101   0.66851   0.73346   0.26961   0.27309   0.21006   3.34466   0.00000   0.27769   0.11498   0.16686   0.00000   0.00762   1.64222   0.03059   0.02237   0.00010  
 56  0.2197   5972.234535  x:  3.01186   3.64536   4.06470   3.18955   1.69503   0.45393   2.07389   0.68203   0.73938   0.27180   0.27451   0.20991   3.42335   0.00000   0.28355   0.11531   0.16918   0.00000   0.00761   1.64585   0.02988   0.02262   0.00010  
 57  0.1525   5972.221024  x:  3.01953   3.69163   4.09123   3.22411   1.70938   0.46012   2.09736   0.69027   0.74305   0.27199   0.27450   0.21001   3.47096   0.00000   0.28170   0.11766   0.16663   0.00000   0.00747   1.64901   0.02972   0.02302   0.00010  
 58  0.0553   5972.213979  x:  3.01267   3.72023   4.13770   3.26054   1.72742   0.46174   2.11563   0.69960   0.74838   0.27060   0.27441   0.21046   3.49868   0.00000   0.28145   0.11567   0.16761   0.00000   0.00765   1.64759   0.02944   0.02321   0.00010  
 59  0.0325   5972.212193  x:  2.99745   3.72277   4.15075   3.25891   1.73166   0.45949   2.11407   0.70244   0.74952   0.26962   0.27424   0.21047   3.50030   0.00000   0.28169   0.11652   0.16705   0.00000   0.00761   1.64827   0.02943   0.02302   0.00010  
 60  0.0124   5972.212085  x:  2.99519   3.72203   4.14950   3.25579   1.73065   0.45915   2.11291   0.70244   0.74877   0.27004   0.27435   0.21036   3.49974   0.00000   0.28172   0.11641   0.16737   0.00000   0.00761   1.64836   0.02945   0.02298   0.00010  
 61  0.0040   5972.212061  x:  2.99666   3.72373   4.15086   3.25644   1.73080   0.45934   2.11391   0.70287   0.74839   0.27043   0.27442   0.21033   3.50211   0.00000   0.28167   0.11641   0.16735   0.00000   0.00762   1.64847   0.02944   0.02297   0.00010  
 62  0.0032   5972.212057  x:  2.99636   3.72354   4.15083   3.25634   1.73054   0.45923   2.11382   0.70295   0.74821   0.27054   0.27440   0.21033   3.50220   0.00000   0.28170   0.11641   0.16731   0.00000   0.00762   1.64841   0.02944   0.02298   0.00010  
 63  0.0004   5972.212057  x:  2.99638   3.72335   4.15100   3.25638   1.73042   0.45911   2.11381   0.70303   0.74821   0.27054   0.27439   0.21034   3.50214   0.00000   0.28169   0.11641   0.16732   0.00000   0.00762   1.64839   0.02944   0.02298   0.00010  
 64  0.0002   5972.212056  x:  2.99647   3.72339   4.15102   3.25639   1.73044   0.45908   2.11384   0.70304   0.74824   0.27052   0.27440   0.21034   3.50214   0.00000   0.28169   0.11641   0.16732   0.00000   0.00762   1.64841   0.02944   0.02298   0.00010  
 65  0.0001   5972.212056  x:  2.99654   3.72350   4.15108   3.25647   1.73049   0.45905   2.11392   0.70308   0.74826   0.27051   0.27440   0.21034   3.50226   0.00000   0.28170   0.11641   0.16732   0.00000   0.00762   1.64840   0.02944   0.02298   0.00010  
 66  0.0001   5972.212056  x:  2.99654   3.72350   4.15108   3.25647   1.73049   0.45905   2.11392   0.70308   0.74826   0.27051   0.27440   0.21034   3.50226   0.00000   0.28170   0.11641   0.16732   0.00000   0.00762   1.64840   0.02944   0.02298   0.00010  
 67  0.0002   5972.212056  x:  2.99654   3.72350   4.15108   3.25647   1.73049   0.45905   2.11392   0.70308   0.74826   0.27051   0.27440   0.21034   3.50226   0.00000   0.28170   0.11641   0.16732   0.00000   0.00762   1.64840   0.02944   0.02298   0.00010  
 68  0.0002   5972.212056  x:  2.99654   3.72350   4.15108   3.25647   1.73049   0.45905   2.11392   0.70308   0.74826   0.27051   0.27440   0.21034   3.50226   0.00000   0.28170   0.11641   0.16732   0.00000   0.00762   1.64840   0.02944   0.02298   0.00010  
 69  0.0241   5972.212056  x:  2.99654   3.72350   4.15108   3.25647   1.73049   0.45905   2.11392   0.70308   0.74826   0.27051   0.27440   0.21034   3.50226   0.00000   0.28170   0.11641   0.16732   0.00000   0.00762   1.64840   0.02944   0.02298   0.00010  
 70  0.0260   5972.212056  x:  2.99654   3.72350   4.15108   3.25647   1.73049   0.45905   2.11392   0.70308   0.74826   0.27051   0.27440   0.21034   3.50226   0.00000   0.28170   0.11641   0.16732   0.00000   0.00762   1.64840   0.02944   0.02298   0.00010  
 71  0.0014   5972.212056  x:  2.99654   3.72350   4.15108   3.25647   1.73049   0.45905   2.11392   0.70308   0.74826   0.27051   0.27440   0.21034   3.50226   0.00000   0.28170   0.11641   0.16732   0.00000   0.00762   1.64840   0.02944   0.02298   0.00010  
 72  0.0076   5972.212056  x:  2.99654   3.72350   4.15108   3.25647   1.73049   0.45905   2.11392   0.70308   0.74825   0.27051   0.27440   0.21034   3.50226   0.00000   0.28169   0.11641   0.16732   0.00000   0.00762   1.64840   0.02944   0.02298   0.00010  
 73  0.0009   5972.212056  x:  2.99654   3.72350   4.15108   3.25647   1.73049   0.45906   2.11392   0.70307   0.74825   0.27051   0.27440   0.21034   3.50226   0.00000   0.28169   0.11641   0.16732   0.00000   0.00762   1.64841   0.02944   0.02298   0.00010  
 74  0.0015   5972.212056  x:  2.99654   3.72350   4.15108   3.25647   1.73049   0.45907   2.11392   0.70307   0.74825   0.27051   0.27440   0.21034   3.50226   0.00000   0.28170   0.11641   0.16732   0.00000   0.00762   1.64841   0.02944   0.02298   0.00010  
 75  0.0015   5972.212056  x:  2.99654   3.72350   4.15108   3.25647   1.73049   0.45907   2.11392   0.70307   0.74825   0.27052   0.27440   0.21034   3.50226   0.00000   0.28169   0.11641   0.16732   0.00000   0.00762   1.64841   0.02944   0.02298   0.00010  
 76  0.0011   5972.212056  x:  2.99654   3.72350   4.15108   3.25647   1.73049   0.45907   2.11392   0.70307   0.74825   0.27052   0.27440   0.21034   3.50226   0.00000   0.28169   0.11641   0.16732   0.00000   0.00762   1.64841   0.02944   0.02298   0.00010  
 77  0.0004   5972.212056  x:  2.99654   3.72350   4.15108   3.25647   1.73049   0.45907   2.11392   0.70307   0.74825   0.27052   0.27440   0.21034   3.50225   0.00000   0.28170   0.11641   0.16732   0.00000   0.00762   1.64840   0.02944   0.02298   0.00010  
 78  0.0009   5972.212056  x:  2.99654   3.72349   4.15108   3.25647   1.73049   0.45908   2.11392   0.70307   0.74825   0.27052   0.27440   0.21034   3.50225   0.00000   0.28169   0.11641   0.16732   0.00000   0.00762   1.64840   0.02944   0.02298   0.00010  