

TREE # 1

  0  0.0000  13055.015191  x:  0.10688   0.42570   0.50213   0.27100   0.49752   0.00000   0.58664   0.06405   0.51027   0.38202   0.35749   0.13137   0.06227   0.05193   0.09783   0.03316   0.03565   2.00000   0.20000   0.20000   0.20000  
  1 99.0000  12300.698400  x:  0.23039   0.48463   0.55105   0.34727   0.54795   0.22000   0.63198   0.16781   0.58436   0.46467   0.41815   0.14502   0.07333   0.11953   0.10863   0.00000   0.00518   1.96249   0.60109   0.19269   0.19562  
  2 3997.1530  12256.289215  x:  0.25323   0.49559   0.56017   0.36140   0.55729   0.26036   0.64040   0.18694   0.59815   0.48002   0.42943   0.14755   0.07538   0.13195   0.11062   0.01184   0.00000   1.95554   0.67438   0.19130   0.19480  
  3 115250.4201  12168.368633  x:  0.39872   0.56663   0.61942   0.45177   0.61692   0.51214   0.69453   0.30778   0.68752   0.57898   0.50233   0.16386   0.08849   0.20978   0.12329   0.08028   0.13682   1.91105   1.12676   0.18193   0.18944  
  4 50467.7360  11712.535264  x:  0.78600   0.95144   0.98536   0.75639   0.79434   0.61937   0.90910   0.48522   1.17524   1.01155   0.85132   0.21567   0.10406   0.16556   0.07001   0.06883   0.11819   1.76457   0.71082   0.01495   0.11052  
  5 681.8698  11498.110711  x:  1.20861   1.36437   1.37956   1.08783   0.98659   0.74806   1.14108   0.67532   1.69592   1.47118   1.22833   0.27660   0.12674   0.14813   0.04528   0.05595   0.09722   1.59492   0.24345   0.30631   0.02892  
  6 4817.5236  11482.287606  x:  1.23736   1.39258   1.40976   1.11203   1.00067   0.73538   1.15959   0.67020   1.72625   1.49160   1.25813   0.23711   0.08907   0.17169   0.16820   0.05495   0.09553   1.56374   0.21918   0.31273   0.04886  
  7 337.8611  11472.396637  x:  1.25017   1.41482   1.43787   1.12834   1.01078   0.67520   1.17671   0.63842   1.74554   1.49550   1.28469   0.17685   0.03838   0.14845   0.17935   0.05483   0.09537   1.51914   0.24424   0.32326   0.05013  
  8 189.3577  11466.483385  x:  1.28112   1.42916   1.46816   1.15690   1.03048   0.60893   1.20410   0.56375   1.73822   1.45900   1.32430   0.14868   0.09776   0.19879   0.17584   0.05446   0.09479   1.41902   0.26250   0.32333   0.06838  
  9 92.7156  11460.404538  x:  1.34872   1.41926   1.48009   1.19874   1.06133   0.63733   1.23681   0.47975   1.68863   1.37752   1.36488   0.08764   0.11287   0.21959   0.16429   0.05423   0.09443   1.29746   0.24242   0.31997   0.03361  
 10 102.2061  11456.701883  x:  1.41168   1.40819   1.48899   1.23515   1.08758   0.66455   1.26832   0.40592   1.64699   1.30723   1.40064   0.08817   0.12318   0.17243   0.16767   0.05414   0.09427   1.20365   0.23243   0.31908   0.06531  
 11 140.6279  11455.657501  x:  1.43468   1.40267   1.49275   1.24679   1.09467   0.65985   1.28339   0.37466   1.63677   1.28486   1.41429   0.11511   0.11943   0.15943   0.17845   0.05413   0.09426   1.18732   0.23602   0.31880   0.04437  
 12 60.4258  11454.554777  x:  1.48048   1.38580   1.49555   1.26497   1.10332   0.65366   1.31590   0.32552   1.62653   1.25476   1.43557   0.14953   0.07976   0.18333   0.16828   0.05402   0.09407   1.19918   0.23497   0.31785   0.05220  
 13 37.3801  11453.618695  x:  1.55222   1.33918   1.49268   1.28270   1.11147   0.63870   1.37998   0.27466   1.62771   1.23746   1.45423   0.12989   0.09879   0.17478   0.17192   0.05389   0.09387   1.26521   0.23884   0.31944   0.05281  
 14 19.2825  11452.914962  x:  1.62251   1.24088   1.47717   1.26011   1.11745   0.60818   1.46332   0.28182   1.63828   1.27119   1.42855   0.13373   0.09487   0.17586   0.17112   0.05351   0.09327   1.24282   0.23619   0.31961   0.05248  
 15  9.3721  11451.791370  x:  1.77310   1.18518   1.60094   1.18352   1.15061   0.57399   1.42577   0.24525   1.60808   1.33863   1.33411   0.13463   0.09424   0.17472   0.16965   0.05301   0.09244   1.24518   0.23489   0.32082   0.05240  
 16  4.7251  11449.640893  x:  1.88952   1.16528   1.74565   1.17699   1.22253   0.45762   1.41817   0.40564   1.60564   1.23505   1.34539   0.13802   0.09077   0.17188   0.16593   0.05156   0.09008   1.26936   0.22948   0.32363   0.05242  
 17  4.4357  11439.587547  x:  1.95361   1.01768   1.85366   1.36087   1.49992   0.24216   1.21314   0.41001   1.97561   1.28819   1.63569   0.14879   0.07722   0.15873   0.14865   0.04612   0.08078   1.28337   0.20390   0.33821   0.04946  
 18  7.3100  11428.191047  x:  1.75572   1.32948   2.04737   1.43002   1.71754   0.13353   1.63350   0.28796   2.02990   1.50783   1.77208   0.16271   0.06133   0.14683   0.12932   0.04058   0.07114   1.32589   0.16861   0.35435   0.04683  
 19 16.4979  11427.272090  x:  1.82443   1.40485   1.97950   1.50006   1.60630   0.08443   1.62625   0.30412   1.96877   1.56528   1.78735   0.16099   0.06308   0.14537   0.12819   0.03990   0.07002   1.31890   0.16890   0.35533   0.04660  
 20  4.8502  11424.496808  x:  1.84284   1.56089   1.85117   1.56549   1.80745   0.00000   1.65806   0.28706   1.99297   1.59493   1.71019   0.15794   0.06877   0.14933   0.12913   0.03858   0.06773   1.33204   0.17655   0.35690   0.04742  
 21  1.8403  11422.470703  x:  1.70992   1.50573   2.05759   1.59597   1.65593   0.03925   1.73296   0.23428   2.09327   1.56973   1.76780   0.15415   0.07516   0.15195   0.12902   0.03831   0.06703   1.32060   0.18364   0.35558   0.04779  
 22  4.0379  11422.001751  x:  1.66147   1.46015   2.10832   1.58846   1.68999   0.03265   1.73331   0.24559   2.00529   1.63632   1.89299   0.15363   0.07628   0.15291   0.12909   0.03800   0.06646   1.32959   0.18482   0.35514   0.04855  
 23  3.6792  11420.116278  x:  1.72086   1.63468   2.00481   1.29824   1.72162   0.04012   1.75309   0.21856   2.09329   1.61584   2.15441   0.13559   0.10060   0.15488   0.12533   0.03632   0.06317   1.29410   0.18080   0.34648   0.05120  
 24  0.8379  11414.977954  x:  1.66054   1.77317   1.99107   1.55560   1.87956   0.00000   1.79379   0.19637   2.13870   1.65599   2.14215   0.12241   0.12786   0.16074   0.11797   0.03312   0.05704   1.25377   0.17149   0.32869   0.05676  
 25  2.3612  11414.977954  x:  1.66054   1.77317   1.99107   1.55560   1.87956   0.00000   1.79379   0.19637   2.13870   1.65599   2.14215   0.12241   0.12786   0.16074   0.11797   0.03312   0.05704   1.25377   0.17149   0.32869   0.05676  
 26  0.5960  11405.722686  x:  1.66250   1.77335   1.99165   1.55690   1.87996   0.00236   1.79417   0.19856   2.13929   1.65684   2.14251   0.12121   0.12508   0.16046   0.12036   0.00000   0.02293   1.25479   0.17253   0.31554   0.05588  
 27 351.1544  11403.294639  x:  1.66334   1.77342   1.99190   1.55745   1.88014   0.00338   1.79433   0.19949   2.13954   1.65720   2.14267   0.12071   0.12390   0.16035   0.12139   0.00020   0.00861   1.25522   0.17295   0.30994   0.05554  
 28 566.3698  11386.957691  x:  1.69298   1.77586   2.00049   1.57688   1.88576   0.05195   1.79956   0.23174   2.14800   1.66951   2.14790   0.10927   0.08817   0.15838   0.14723   0.00016   0.00858   1.27203   0.16123   0.10821   0.04667  
 29 120.1786  11385.828134  x:  1.69680   1.77632   2.00171   1.57937   1.88649   0.05772   1.80036   0.23574   2.14924   1.67123   2.14865   0.11258   0.08858   0.16013   0.14872   0.00016   0.00892   1.27304   0.16941   0.08750   0.04820  
 30 388.6395  11385.008585  x:  1.70240   1.77684   2.00340   1.58288   1.88717   0.06521   1.80124   0.24093   2.15086   1.67343   2.14964   0.12437   0.09621   0.16617   0.14806   0.00014   0.00829   1.27414   0.16416   0.07309   0.05419  
 31 114.5568  11380.851181  x:  1.81389   1.78845   2.03809   1.65308   1.90196   0.20625   1.82028   0.34533   2.18460   1.71887   2.16999   0.16495   0.05715   0.22519   0.14222   0.00016   0.00815   1.29278   0.15655   0.07956   0.03951  
 32 41.3631  11378.575597  x:  1.89588   1.79828   2.06490   1.70343   1.90905   0.29550   1.83319   0.41225   2.21031   1.75122   2.18545   0.17720   0.03491   0.21064   0.14075   0.00010   0.00858   1.30585   0.15175   0.08818   0.08116  
 33 155.5865  11375.712938  x:  1.98826   1.81134   2.09709   1.75843   1.91178   0.37381   1.84617   0.47378   2.24069   1.78617   2.20371   0.19456   0.05054   0.15717   0.12631   0.00018   0.00938   1.31998   0.14557   0.09341   0.07217  
 34 146.3323  11373.052797  x:  2.13085   1.84297   2.15765   1.83340   1.88832   0.40512   1.85755   0.49380   2.29544   1.83180   2.23639   0.13580   0.11722   0.17081   0.16627   0.00029   0.01415   1.32975   0.13935   0.09667   0.07707  
 35 44.5473  11371.564154  x:  2.21019   1.86348   2.19382   1.87178   1.86934   0.41141   1.86251   0.48543   2.32748   1.85465   2.25564   0.10086   0.13483   0.18655   0.12749   0.00042   0.01552   1.32989   0.13506   0.09079   0.08584  
 36 76.3992  11368.954107  x:  2.42770   1.93435   2.30478   1.95339   1.78703   0.40416   1.87111   0.34485   2.42058   1.89761   2.31504   0.16591   0.07111   0.18567   0.13273   0.00059   0.01915   1.32085   0.12935   0.08663   0.08580  
 37 28.7387  11367.719895  x:  2.57900   1.96624   2.37731   1.97993   1.74724   0.51105   1.92053   0.23170   2.47655   1.91342   2.35149   0.14015   0.10352   0.18237   0.13186   0.00038   0.01431   1.35202   0.12852   0.09267   0.08279  
 38 13.1191  11367.118418  x:  2.68666   1.97320   2.42442   1.96093   1.72502   0.50315   2.01486   0.25133   2.52761   1.94477   2.37443   0.13216   0.11202   0.17885   0.13486   0.00032   0.01254   1.29386   0.12206   0.09184   0.07953  
 39  7.4451  11366.484959  x:  2.82021   1.96643   2.47285   1.92089   1.72236   0.44057   2.11742   0.29302   2.56901   1.97757   2.40304   0.13791   0.11098   0.18183   0.13133   0.00032   0.01190   1.36326   0.12248   0.09415   0.08057  
 40 10.1588  11364.746852  x:  3.22247   1.89869   2.59513   1.79658   2.08091   0.32227   2.16037   0.28027   2.51743   2.06400   2.52238   0.14480   0.11233   0.18677   0.12469   0.00042   0.01169   1.34095   0.11876   0.09203   0.08189  
 41  5.2309  11363.362308  x:  3.28646   1.90254   2.65958   1.88207   2.04252   0.30171   2.01482   0.35879   2.65494   2.07136   2.65319   0.14482   0.12266   0.18834   0.11724   0.00046   0.00994   1.30763   0.12042   0.09165   0.08239  
 42  2.0637  11361.846589  x:  3.11243   2.08073   2.75801   2.03931   2.11190   0.35589   2.29851   0.28288   2.78961   2.08414   2.77163   0.16107   0.11787   0.19501   0.10719   0.00072   0.01221   1.29436   0.11583   0.08845   0.08863  
 43  3.4813  11361.228656  x:  3.04434   2.25107   2.83059   2.12312   2.18193   0.36348   2.33879   0.26899   2.86388   2.33390   2.83017   0.16232   0.12229   0.19463   0.10645   0.00076   0.01155   1.31585   0.10890   0.08877   0.08933  
 44  4.0465  11360.540690  x:  3.16618   2.48263   2.91260   2.33922   2.26288   0.34428   2.38940   0.33213   2.85138   2.34660   2.97307   0.15797   0.12852   0.19061   0.11128   0.00082   0.01027   1.32708   0.10181   0.08724   0.08779  
 45  2.0501  11359.175269  x:  3.57326   2.45872   2.82373   2.57063   2.31990   0.41600   2.52764   0.30055   3.07538   2.50958   3.04174   0.15573   0.12850   0.18326   0.12435   0.00108   0.01011   1.33542   0.09414   0.07998   0.08535  
 46  2.1554  11358.189565  x:  3.87292   2.52059   3.06135   2.47270   2.19465   0.54726   2.56117   0.32840   3.03531   2.59777   2.90694   0.15235   0.13001   0.17816   0.13283   0.00130   0.01030   1.32952   0.09352   0.07521   0.08412  
 47  2.8492  11357.812377  x:  3.95013   2.53026   3.24581   2.38013   2.25838   0.60135   2.56317   0.35293   3.21062   2.57126   3.02527   0.15212   0.13189   0.17843   0.13235   0.00141   0.01029   1.34139   0.08939   0.07673   0.08499  
 48  1.5305  11356.983295  x:  4.16741   2.40667   3.44431   2.39208   2.21110   0.69883   2.67551   0.36464   3.21912   2.69714   3.50791   0.15368   0.13340   0.18451   0.12507   0.00174   0.00979   1.34474   0.08583   0.08316   0.08653  
 49  1.5211  11355.896044  x:  4.62634   2.66241   3.43701   2.65110   2.39213   0.72393   2.77761   0.40344   3.51743   2.72188   3.41219   0.15465   0.13641   0.19432   0.11375   0.00222   0.00831   1.35289   0.08184   0.09393   0.08719  
 50  1.1483  11355.227627  x:  4.89025   2.75428   3.75060   2.98193   2.57150   0.72437   2.95497   0.42339   3.70623   2.91030   3.53823   0.15315   0.13145   0.19352   0.11626   0.00267   0.00924   1.35112   0.07336   0.09297   0.08539  
 51  0.8356  11354.055611  x:  5.22469   3.06993   4.03934   3.14723   2.82633   0.79074   3.20549   0.46056   4.04611   3.17523   4.05873   0.14098   0.11588   0.18456   0.13252   0.00360   0.01316   1.35077   0.06673   0.08586   0.08018  
 52  0.7999  11353.104240  x:  5.63988   3.34492   4.46518   3.47001   3.06678   0.85145   3.52054   0.47753   4.35199   3.54098   4.38276   0.14637   0.11773   0.18773   0.12236   0.00455   0.00981   1.33680   0.05831   0.08795   0.07664  
 53  0.5987  11352.568661  x:  5.69653   3.34592   4.68576   3.62698   3.15412   0.84599   3.62877   0.47324   4.43082   3.67241   4.42223   0.15359   0.11865   0.19002   0.11599   0.00491   0.00777   1.33264   0.05827   0.08964   0.07513  
 54  1.0617  11351.760608  x:  6.29742   3.93244   5.02900   3.84247   3.45796   0.95919   4.02214   0.52712   4.91561   4.12606   5.02555   0.15539   0.12720   0.19124   0.11732   0.00635   0.00952   1.33429   0.05030   0.09164   0.07506  
 55  0.9506  11351.158198  x:  6.72662   4.28103   5.36630   4.07302   3.72935   1.01759   4.31888   0.57506   5.33312   4.43584   5.48704   0.14619   0.13236   0.18601   0.12765   0.00755   0.01164   1.36619   0.04776   0.08821   0.07834  
 56  0.5541  11350.907164  x:  7.05442   4.48071   5.68924   4.31741   3.93784   1.05631   4.55165   0.60191   5.62401   4.68144   5.78395   0.14360   0.13324   0.18462   0.12882   0.00840   0.01121   1.37404   0.04412   0.08713   0.07867  
 57  2.3727  11350.528861  x:  7.52722   4.71725   6.08070   4.64193   4.17182   1.10588   4.84151   0.63060   5.96632   4.98284   6.12672   0.14273   0.13271   0.18739   0.11800   0.00955   0.00837   1.35213   0.04067   0.08659   0.08091  
 58  0.6471  11350.391829  x:  7.58419   4.68871   6.13044   4.70552   4.18487   1.10095   4.85502   0.63265   5.98443   4.98796   6.11868   0.14587   0.12964   0.18864   0.11729   0.00965   0.00800   1.34567   0.04116   0.08775   0.08102  
 59  0.1357  11350.147868  x:  8.23590   5.01482   6.65498   5.15007   4.51584   1.16434   5.23056   0.68741   6.47169   5.37473   6.59637   0.15241   0.12489   0.18912   0.12345   0.01119   0.00927   1.34967   0.03738   0.09027   0.08108  
 60  0.9575  11349.981758  x:  8.97744   5.44097   7.12026   5.53862   4.83400   1.26892   5.61196   0.74915   6.96647   5.77536   7.17607   0.14867   0.12519   0.18515   0.12201   0.01279   0.00874   1.37059   0.03454   0.08786   0.08021  
 61  0.5766  11349.951319  x:  8.99522   5.45869   7.10852   5.52969   4.82878   1.27641   5.60993   0.75008   6.96291   5.77699   7.18824   0.14843   0.12605   0.18567   0.12198   0.01279   0.00875   1.36834   0.03480   0.08782   0.07972  
 62  0.0665  11349.905885  x:  9.36040   5.68531   7.35358   5.72675   4.98760   1.33196   5.80540   0.77608   7.20095   5.99528   7.47117   0.14977   0.12762   0.18861   0.12236   0.01360   0.00855   1.35504   0.03318   0.08876   0.07873  
 63  0.6100  11349.875359  x:  9.75630   5.92102   7.71526   5.99773   5.20773   1.39786   6.04471   0.80546   7.49734   6.26743   7.81708   0.14811   0.12753   0.18741   0.12277   0.01451   0.00858   1.36263   0.03166   0.08832   0.07756  
 64  0.2852  11349.863469  x:  9.74415   5.92852   7.75831   6.01635   5.22895   1.40425   6.05823   0.80291   7.50957   6.29203   7.83482   0.14799   0.12735   0.18715   0.12261   0.01451   0.00857   1.36370   0.03173   0.08843   0.07778  
 65  0.0647  11349.839670  x: 10.00649   6.14547   8.08695   6.23634   5.43198   1.46543   6.26957   0.81838   7.76117   6.54954   8.12700   0.14939   0.12699   0.18781   0.12208   0.01517   0.00846   1.36027   0.03036   0.08914   0.07880  
 66  0.3298  11349.813238  x:  9.84703   6.17015   8.11108   6.21119   5.46511   1.47456   6.27674   0.80399   7.76511   6.58399   8.12810   0.15071   0.12566   0.18748   0.12232   0.01483   0.00856   1.36161   0.03051   0.08861   0.08074  
 67  0.0525  11349.771141  x:  9.90214   6.36789   8.26229   6.30837   5.61239   1.52207   6.41863   0.81080   7.94931   6.75973   8.32206   0.15116   0.12462   0.18707   0.12247   0.01479   0.00857   1.36645   0.02959   0.08774   0.08092  
 68  0.1593  11349.690354  x:  9.34320   6.17984   7.70314   5.95011   5.36370   1.45550   6.14655   0.78476   7.64614   6.43352   7.91332   0.15090   0.12469   0.18782   0.12204   0.01282   0.00864   1.36626   0.03124   0.08767   0.07817  
 69  0.4603  11349.463156  x:  9.74673   6.37033   7.90904   6.38648   5.56169   1.51499   6.39202   0.85593   7.99306   6.63169   8.10614   0.15020   0.12407   0.19038   0.12249   0.01097   0.00892   1.34854   0.02969   0.09514   0.06881  
 70  0.1342  11349.136371  x: 10.55477   6.90598   8.76297   7.17982   6.11731   1.69832   7.00294   0.95292   8.76167   7.28874   8.87281   0.14669   0.12295   0.18726   0.12188   0.00963   0.00896   1.36645   0.02659   0.09366   0.07363  
 71  0.8737  11348.918265  x: 10.59926   6.86202   8.78309   7.29765   6.11899   1.71485   7.02885   0.98236   8.79923   7.27974   8.86714   0.14487   0.12306   0.18503   0.12132   0.00747   0.00907   1.37882   0.02699   0.09066   0.07878  
 72  0.2796  11348.716380  x: 11.58538   7.26354   9.48249   7.86714   6.45458   1.86660   7.48308   1.07052   9.32451   7.77127   9.54950   0.15048   0.12487   0.18666   0.12053   0.00706   0.00925   1.37262   0.02477   0.08699   0.08516  
 73  1.2797  11348.629085  x: 11.89878   7.30787   9.59942   7.86026   6.43297   1.88969   7.51479   1.07908   9.32595   7.82243   9.69310   0.15541   0.12537   0.18876   0.12058   0.00755   0.00919   1.36391   0.02477   0.08653   0.08636  
 74  0.3387  11348.528358  x: 12.65223   7.74735  10.14420   8.22458   6.72439   2.03263   7.89991   1.14000   9.77814   8.26634  10.30959   0.15898   0.12330   0.18972   0.12078   0.00641   0.00912   1.36229   0.02317   0.08780   0.08521  
 75  1.0401  11348.385396  x: 13.29717   8.26309  10.69373   8.30655   7.00433   2.16526   8.23344   1.15085  10.16154   8.73097  10.99490   0.15480   0.11768   0.18680   0.12139   0.00625   0.00924   1.37755   0.02226   0.09029   0.07772  
 76  0.5600  11348.363102  x: 13.59106   8.42701  10.96609   8.42180   7.13374   2.21026   8.38125   1.15979  10.33086   8.92147  11.25348   0.15424   0.11873   0.18705   0.12157   0.00661   0.00926   1.37622   0.02168   0.08966   0.07884  
 77  0.8856  11348.321086  x: 13.74115   8.52916  11.20285   8.47512   7.25361   2.21663   8.48230   1.14654  10.45923   9.06673  11.41692   0.15137   0.12439   0.18858   0.12198   0.00705   0.00929   1.36731   0.02144   0.08807   0.08237  
 78  0.2946  11348.272183  x: 14.34419   8.89564  11.79285   8.80969   7.59683   2.29400   8.84355   1.17325  10.92644   9.49125  11.93870   0.14918   0.12747   0.18889   0.12174   0.00626   0.00935   1.36572   0.02033   0.08822   0.08289  
 79  0.9606  11348.170478  x: 15.19729   9.29100  12.68346   9.41855   8.19417   2.28433   9.37380   1.19399  11.72225  10.04472  12.52400   0.14625   0.12882   0.18578   0.12003   0.00563   0.00927   1.38095   0.01927   0.09097   0.07854  
 80  0.6023  11348.132823  x: 15.68654   9.51710  13.12879   9.67362   8.45643   2.30171   9.63034   1.20418  12.07388  10.33188  12.87500   0.14671   0.12863   0.18596   0.12044   0.00606   0.00927   1.37956   0.01859   0.09049   0.07856  
 81  1.5176  11348.086082  x: 15.90788   9.55349  13.26293   9.80365   8.56815   2.25447   9.72084   1.20282  12.23365  10.39619  12.94203   0.15059   0.12557   0.18738   0.12172   0.00701   0.00929   1.37170   0.01847   0.08873   0.07949  
 82  0.5000  11348.050808  x: 16.56473   9.89318  13.73535  10.18168   8.92097   2.26813  10.08132   1.23431  12.75543  10.75343  13.38143   0.15312   0.12348   0.18840   0.12194   0.00672   0.00932   1.36707   0.01765   0.08788   0.08004  
 83  1.0163  11347.987853  x: 17.16491  10.31675  13.84489  10.50319   9.20294   2.27466  10.41661   1.29571  13.27659  11.01171  13.75286   0.15637   0.11925   0.18888   0.12121   0.00587   0.00924   1.36729   0.01718   0.08810   0.08089  
 84  0.4705  11347.948234  x: 17.83704  10.78509  14.23185  10.79706   9.55259   2.30957  10.79623   1.33071  13.80773  11.40247  14.28310   0.15385   0.12099   0.18742   0.12102   0.00645   0.00919   1.37287   0.01649   0.08903   0.08093  
 85  0.9296  11347.921426  x: 17.81682  10.90354  14.11888  10.72298   9.53423   2.33693  10.80989   1.33929  13.80085  11.42570  14.35584   0.15038   0.12427   0.18630   0.12107   0.00697   0.00920   1.37594   0.01658   0.08967   0.08117  
 86  0.2545  11347.875373  x: 18.52001  11.61029  14.48023  11.06601   9.93653   2.44754  11.31468   1.40828  14.42994  11.96218  15.09377   0.14745   0.12837   0.18672   0.12165   0.00686   0.00928   1.36954   0.01573   0.08916   0.08238  
 87  0.7549  11347.802533  x: 18.53350  11.98113  14.60027  11.24845  10.04705   2.61494  11.57125   1.47713  14.56863  12.28869  15.51619   0.15020   0.12710   0.18881   0.12198   0.00623   0.00927   1.36163   0.01549   0.08756   0.08140  
 88  0.2564  11347.729127  x: 19.32486  12.66160  15.29444  11.87601  10.55930   2.76737  12.21548   1.57602  15.28677  12.98921  16.39404   0.15268   0.12431   0.18871   0.12175   0.00632   0.00921   1.36515   0.01455   0.08759   0.08014  
 89  1.9780  11347.610526  x: 19.87783  12.84061  16.32850  12.79587  10.99646   2.92222  12.77769   1.69164  15.75856  13.62238  17.04541   0.15969   0.11474   0.18666   0.12082   0.00724   0.00911   1.38426   0.01399   0.08958   0.07735  
 90  1.0932  11347.561941  x: 19.90940  12.68435  16.48914  13.02734  10.99753   2.93863  12.80554   1.72721  15.74089  13.63219  17.00675   0.15699   0.11851   0.18754   0.12142   0.00711   0.00919   1.37461   0.01402   0.08908   0.08035  
 91  0.2282  11347.529398  x: 20.44491  13.02631  16.94569  13.52921  11.29946   3.03591  13.20744   1.81340  16.18170  14.04129  17.50756   0.15511   0.12096   0.18813   0.12182   0.00697   0.00924   1.36784   0.01349   0.08871   0.08190  
 92  2.4650  11347.493806  x: 21.37738  13.52814  17.57492  14.27406  11.72959   3.17294  13.78773   1.95737  16.87111  14.59675  18.22792   0.15096   0.12340   0.18728   0.12160   0.00676   0.00921   1.36895   0.01288   0.08938   0.08104  
 93  0.9159  11347.450401  x: 21.91023  13.73254  17.71406  14.49414  11.86407   3.20493  13.96755   2.02169  17.18204  14.72249  18.45650   0.14847   0.12460   0.18643   0.12129   0.00662   0.00920   1.37346   0.01280   0.08995   0.07903  
 94  0.6009  11347.388281  x: 23.41145  14.65218  18.70753  15.43865  12.56494   3.41784  14.85363   2.21077  18.31417  15.61210  19.64511   0.15327   0.12196   0.18733   0.12156   0.00703   0.00924   1.37464   0.01191   0.08921   0.07827  
 95  1.6189  11347.267199  x: 25.08147  15.88717  20.00053  16.02990  13.42130   3.68837  15.76584   2.34250  19.68192  16.65644  21.05593   0.16889   0.11383   0.19098   0.12251   0.00788   0.00921   1.36480   0.01117   0.08588   0.08183  
 96  0.8742  11347.226776  x: 25.94334  16.44214  20.68471  16.54237  13.86134   3.83334  16.28155   2.44414  20.37149  17.20724  21.77155   0.16791   0.11420   0.19061   0.12239   0.00782   0.00918   1.36509   0.01071   0.08617   0.08170  
 97  4.7311  11347.080605  x: 27.18343  17.28966  22.05290  17.24727  14.62249   4.10641  17.05712   2.57158  21.48392  18.13204  22.89866   0.15010   0.12242   0.18569   0.12089   0.00665   0.00908   1.37312   0.01015   0.09049   0.07988  
 98  2.8503  11347.038913  x: 27.08183  17.21665  22.21166  17.16957  14.64130   4.10796  17.00557   2.53884  21.45351  18.13343  22.84917   0.14912   0.12297   0.18576   0.12101   0.00653   0.00916   1.37365   0.01025   0.09057   0.08007  
 99  0.2665  11346.959521  x: 28.75158  18.23103  24.00327  18.02075  15.60746   4.39789  17.95768   2.66889  22.85445  19.27367  24.23697   0.15473   0.12053   0.18793   0.12185   0.00676   0.00935   1.37043   0.00956   0.08890   0.08142  
100  3.1272  11346.906977  x: 30.78358  19.22923  26.20066  19.04409  16.71870   4.70019  18.98621   2.80369  24.45403  20.51363  25.70790   0.15658   0.12090   0.18859   0.12169   0.00694   0.00907   1.36990   0.00895   0.08787   0.08025  
101  1.4406  11346.892430  x: 30.84712  19.19701  26.19869  19.08013  16.71250   4.69241  18.97729   2.80872  24.45808  20.48967  25.67997   0.15533   0.12165   0.18816   0.12155   0.00689   0.00911   1.37038   0.00900   0.08819   0.07989  
102  0.1557  11346.852721  x: 32.45020  19.97544  27.33030  19.94089  17.39583   4.90786  19.73189   2.97524  25.57929  21.27261  26.70763   0.14868   0.12493   0.18613   0.12118   0.00644   0.00943   1.37229   0.00858   0.08995   0.07926  
103  2.0452  11346.801903  x: 34.78767  21.10951  28.67451  21.20520  18.28333   5.20785  20.79795   3.23298  27.10012  22.32546  28.15278   0.14967   0.12380   0.18622   0.12184   0.00657   0.00933   1.37192   0.00808   0.09007   0.08017  
104  1.8994  11346.760693  x: 35.28849  21.35830  28.53533  21.53463  18.33233   5.26486  20.99601   3.32682  27.29773  22.43478  28.39214   0.15269   0.12145   0.18695   0.12218   0.00678   0.00920   1.37116   0.00807   0.08961   0.08122  
105  1.3182  11346.723759  x: 37.12369  22.46028  29.81049  22.64470  19.15243   5.60172  21.99036   3.54479  28.59372  23.50558  29.78951   0.15622   0.11956   0.18812   0.12138   0.00692   0.00918   1.36930   0.00764   0.08853   0.08135  
106  2.7434  11346.656868  x: 39.00162  24.07648  31.57630  24.10390  20.28032   6.17816  23.38125   3.81259  30.16298  25.15750  31.81415   0.15736   0.12005   0.18882   0.12049   0.00686   0.00919   1.36871   0.00714   0.08753   0.07962  
107  1.9521  11346.609454  x: 38.66138  24.30972  31.73024  24.18450  20.38416   6.31479  23.53021   3.81064  30.13985  25.44937  32.08076   0.15651   0.12119   0.18871   0.12034   0.00679   0.00922   1.36930   0.00717   0.08746   0.07861  
108  1.1945  11346.574323  x: 40.07331  25.52037  33.05705  25.34609  21.28079   6.71858  24.59818   4.00350  31.36907  26.69681  33.57886   0.15309   0.12248   0.18725   0.12213   0.00678   0.00919   1.37170   0.00683   0.08905   0.07927  
109  3.0156  11346.542720  x: 41.76725  26.88839  34.52982  26.78612  22.38178   7.10295  25.84989   4.20657  32.87579  28.10324  35.22139   0.15297   0.11990   0.18637   0.12224   0.00694   0.00930   1.37202   0.00648   0.09029   0.08233  
110  1.7413  11346.512477  x: 42.30301  27.22760  34.93420  27.27244  22.77911   7.11691  26.21404   4.23304  33.40784  28.46411  35.58142   0.15439   0.11748   0.18634   0.12203   0.00700   0.00928   1.37179   0.00644   0.09063   0.08403  
111  1.3279  11346.455955  x: 44.88526  29.00162  37.02519  29.27024  24.38546   7.50702  27.90414   4.47129  35.65234  30.29579  37.68057   0.15809   0.11474   0.18731   0.12108   0.00698   0.00915   1.37071   0.00600   0.08989   0.08411  
112  5.7203  11346.410214  x: 47.10737  30.28334  38.75711  30.84519  25.77370   7.65460  29.19901   4.59746  37.59908  31.64329  39.15394   0.15887   0.11722   0.18835   0.12070   0.00679   0.00910   1.37000   0.00571   0.08828   0.08070  
113  3.4589  11346.384702  x: 47.15440  30.11929  38.73254  30.75773  25.79119   7.52007  29.09837   4.54365  37.63610  31.49017  38.93285   0.15789   0.11975   0.18863   0.12081   0.00670   0.00911   1.36989   0.00576   0.08763   0.07859  
114  0.9438  11346.360418  x: 48.68374  31.04584  40.00696  31.84299  26.80654   7.61678  30.02532   4.61061  39.01658  32.47973  40.00850   0.15251   0.12201   0.18663   0.12261   0.00691   0.00932   1.37170   0.00557   0.08971   0.08006  
115  1.6465  11346.351522  x: 50.00000  31.90226  41.14782  32.79797  27.70882   7.72272  30.86380   4.66790  40.22704  33.39405  41.00301   0.15284   0.12137   0.18668   0.12235   0.00695   0.00931   1.37084   0.00541   0.08973   0.08049  
116  2.8098  11346.340678  x: 50.00000  31.55653  40.70045  32.35334  27.33462   7.68984  30.51046   4.62867  39.68757  33.04139  40.60867   0.15413   0.12046   0.18709   0.12188   0.00692   0.00926   1.36996   0.00548   0.08937   0.08057  
117  2.2591  11346.331454  x: 50.00000  32.04722  41.32366  32.71730  27.77035   7.80682  30.93348   4.63145  40.17035  33.59892  41.20413   0.15663   0.11857   0.18783   0.12106   0.00684   0.00915   1.36873   0.00542   0.08871   0.08082  
118  1.3873  11346.324262  x: 50.00000  32.27704  41.38459  32.68498  27.73732   7.99124  31.03668   4.65792  40.02384  33.84056  41.52838   0.15636   0.11919   0.18759   0.12180   0.00673   0.00919   1.37018   0.00540   0.08878   0.07994  
119  0.2634  11346.322864  x: 50.00000  32.15019  41.17586  32.50584  27.55955   7.99443  30.89815   4.65290  39.77906  33.70128  41.40028   0.15533   0.11996   0.18740   0.12174   0.00679   0.00923   1.37056   0.00542   0.08896   0.08014  
120  0.4690  11346.321536  x: 50.00000  32.02751  41.04413  32.42369  27.45669   7.94597  30.81012   4.64744  39.68092  33.56589  41.29366   0.15429   0.12054   0.18736   0.12145   0.00691   0.00923   1.37014   0.00544   0.08913   0.08071  
121  0.1305  11346.309858  x: 50.00000  31.76991  40.82473  32.30838  27.15405   7.80210  30.72602   4.65892  39.49723  33.28834  41.39601   0.15374   0.12079   0.18767   0.12132   0.00703   0.00917   1.37043   0.00548   0.08914   0.08104  
122  0.0759  11346.289323  x: 50.00000  32.09908  41.51152  32.74541  27.29476   7.73232  31.30539   4.70852  39.99099  33.70085  42.66672   0.15559   0.11977   0.18774   0.12143   0.00682   0.00924   1.37009   0.00540   0.08883   0.08018  
123  0.6983  11346.285525  x: 50.00000  32.30162  41.78195  32.80791  27.49341   7.83235  31.41752   4.69340  40.11650  33.95247  42.78316   0.15539   0.11996   0.18732   0.12177   0.00677   0.00920   1.36975   0.00537   0.08897   0.08010  
124  0.3244  11346.284590  x: 50.00000  32.14451  41.73290  32.64504  27.37765   7.77366  31.31353   4.66452  39.97922  33.82398  42.71038   0.15520   0.12002   0.18742   0.12158   0.00681   0.00924   1.36973   0.00539   0.08897   0.08029  
125  0.1431  11346.283961  x: 50.00000  32.05290  41.78895  32.51216  27.34686   7.73581  31.25156   4.62714  39.91273  33.77750  42.66559   0.15508   0.12008   0.18742   0.12159   0.00681   0.00923   1.36983   0.00540   0.08900   0.08036  
126  0.1594  11346.283627  x: 50.00000  32.05143  41.82433  32.46635  27.37766   7.72386  31.24078   4.60543  39.91949  33.78853  42.63210   0.15520   0.12002   0.18742   0.12165   0.00677   0.00921   1.37003   0.00540   0.08898   0.08033  
127  0.0322  11346.282276  x: 50.00000  32.13769  41.63436  32.46964  27.38045   7.70183  31.27738   4.60214  39.92003  33.79770  42.63786   0.15524   0.12005   0.18743   0.12166   0.00677   0.00921   1.37003   0.00540   0.08896   0.08027  
128  0.0267  11346.281503  x: 50.00000  32.17883  41.47232  32.35239  27.38153   7.64213  31.28097   4.55378  39.85980  33.80026  42.60966   0.15503   0.12021   0.18741   0.12162   0.00678   0.00923   1.36994   0.00541   0.08898   0.08031  
129  0.1669  11346.280984  x: 50.00000  32.13084  41.49413  32.29027  27.39105   7.59628  31.28338   4.50683  39.78433  33.82415  42.59482   0.15468   0.12041   0.18737   0.12162   0.00680   0.00922   1.36981   0.00541   0.08902   0.08038  
130  0.0412  11346.279814  x: 50.00000  32.00264  41.58015  32.47939  27.43101   7.56795  31.33615   4.49523  39.71720  33.87886  42.53340   0.15485   0.12026   0.18741   0.12161   0.00680   0.00923   1.36992   0.00541   0.08901   0.08035  
131  0.0727  11346.279750  x: 50.00000  32.00918  41.53690  32.49530  27.42707   7.56816  31.33464   4.50268  39.72405  33.86570  42.51380   0.15504   0.12015   0.18742   0.12163   0.00679   0.00922   1.37003   0.00541   0.08899   0.08032  
132  0.0565  11346.279750  x: 50.00000  32.00918  41.53690  32.49530  27.42707   7.56816  31.33464   4.50268  39.72405  33.86570  42.51380   0.15504   0.12015   0.18742   0.12163   0.00679   0.00922   1.37003   0.00541   0.08899   0.08032  
133  0.0134  11346.279750  x: 50.00000  32.00918  41.53690  32.49530  27.42707   7.56816  31.33464   4.50268  39.72405  33.86570  42.51380   0.15504   0.12015   0.18742   0.12163   0.00679   0.00922   1.37003   0.00541   0.08899   0.08032  
134  0.9966  11346.279750  x: 50.00000  32.00918  41.53690  32.49530  27.42707   7.56816  31.33464   4.50268  39.72405  33.86570  42.51380   0.15504   0.12015   0.18742   0.12163   0.00679   0.00922   1.37003   0.00541   0.08899   0.08032  
check convergence!
