

TREE # 1

  0  0.0000   8185.426053  x:  0.00000   0.44708   0.57621   0.14320   0.47762   0.12749   0.28162   0.10903   0.28470   0.24431   0.38120   0.08652   0.04371   0.11710   0.04845   0.06373   0.04058   2.00000   0.20000   0.20000  
  1 99.0000   7928.087921  x:  0.45554   0.51200   0.63770   0.25393   0.50938   0.17338   0.35032   0.21722   0.32588   0.28172   0.44740   0.12353   0.10773   0.15158   0.10578   0.07024   0.03317   1.98270   0.09351   0.17504  
  2 2171.6609   7891.414897  x:  0.49403   0.52447   0.65195   0.27230   0.51718   0.18203   0.36518   0.23557   0.33534   0.28996   0.46103   0.12639   0.11315   0.15489   0.11012   0.07178   0.03276   1.97724   0.14739   0.16783  
  3 1572.7886   7742.674938  x:  0.36234   0.70273   0.89944   0.49094   0.64470   0.29212   0.60415   0.45571   0.49121   0.41794   0.66852   0.07863   0.06503   0.16333   0.04346   0.08340   0.03186   1.87420   0.11551   0.00010  
  4 485.5357   7728.234477  x:  0.32213   0.75661   0.97432   0.55690   0.68319   0.32519   0.67621   0.52196   0.53814   0.45642   0.73120   0.06479   0.05122   0.16620   0.02435   0.08677   0.03168   1.84294   0.10571   0.00488  
  5 5076.3063   7688.941506  x:  0.21616   0.85231   1.11287   0.66346   0.74682   0.36851   0.79111   0.61824   0.60626   0.50813   0.83960   0.11299   0.11376   0.19772   0.13535   0.08053   0.04484   1.77946   0.08566   0.00714  
  6 1157.2615   7683.606758  x:  0.21058   0.87255   1.14659   0.67321   0.75055   0.35422   0.79366   0.60966   0.59459   0.49135   0.85655   0.11598   0.12639   0.20947   0.12899   0.06541   0.01696   1.75651   0.08491   0.00711  
  7 156.2528   7652.298099  x:  0.18601   1.05349   1.45338   0.74655   0.77314   0.19856   0.79233   0.50009   0.46230   0.31114   1.00141   0.12017   0.22197   0.30688   0.04559   0.06973   0.04547   1.53821   0.07946   0.00650  
  8 404.1248   7643.905635  x:  0.19268   1.10772   1.55778   0.75455   0.77743   0.12380   0.77384   0.43903   0.45391   0.29429   1.03840   0.04927   0.18782   0.29156   0.10243   0.10012   0.02737   1.44274   0.07862   0.00658  
  9 139.8535   7640.800274  x:  0.19917   1.12738   1.60304   0.75044   0.78121   0.09004   0.75929   0.40784   0.46653   0.30923   1.04863   0.03552   0.18193   0.25690   0.11301   0.06611   0.04266   1.39340   0.07833   0.00659  
 10 122.7588   7638.898987  x:  0.20283   1.13822   1.63816   0.73966   0.78846   0.06956   0.74290   0.38297   0.48472   0.33417   1.05045   0.05377   0.19161   0.21781   0.10546   0.07997   0.03617   1.34873   0.07740   0.00659  
 11 90.3759   7637.553128  x:  0.20758   1.13334   1.68264   0.69982   0.82628   0.10508   0.71243   0.37474   0.49327   0.36261   1.02616   0.06666   0.17535   0.24633   0.10261   0.07982   0.03754   1.27703   0.07661   0.00649  
 12 24.8471   7637.015377  x:  0.20818   1.12665   1.70973   0.68232   0.84730   0.12311   0.70943   0.39855   0.47687   0.34984   1.01039   0.06951   0.16895   0.22357   0.10778   0.07912   0.03691   1.25272   0.07590   0.00651  
 13 17.3836   7635.879188  x:  0.20367   1.10089   1.79180   0.65797   0.86334   0.07221   0.72273   0.46653   0.49502   0.35400   0.97201   0.06564   0.17108   0.23346   0.10486   0.08004   0.03721   1.26154   0.07490   0.00640  
 14  8.7043   7632.519604  x:  0.18774   1.05724   2.00760   0.73141   0.92439   0.10833   0.77230   0.42532   0.56465   0.33611   0.96990   0.06199   0.16127   0.21821   0.10564   0.08143   0.03704   1.37273   0.07044   0.00602  
 15 11.2082   7629.128439  x:  0.15674   1.09552   2.02811   0.84251   0.86475   0.11002   0.83457   0.45648   0.50743   0.41491   1.06711   0.09136   0.11535   0.21822   0.10755   0.08085   0.03718   1.32079   0.06451   0.00562  
 16 10.6051   7628.067822  x:  0.14654   1.13871   1.99730   0.84503   0.86275   0.12213   0.86559   0.46616   0.53085   0.41305   1.09186   0.04387   0.16654   0.21627   0.09986   0.08404   0.03636   1.28435   0.06257   0.00547  
 17 14.5571   7627.109254  x:  0.14408   1.23045   1.95155   0.81161   0.88492   0.10907   0.90941   0.47322   0.59668   0.35795   1.12059   0.06812   0.13906   0.21774   0.10100   0.08254   0.03667   1.26368   0.06141   0.00538  
 18 11.6281   7625.725518  x:  0.13977   1.38026   1.95796   0.76255   0.97021   0.09410   0.89646   0.48598   0.55323   0.41089   1.16421   0.06248   0.14144   0.21269   0.10036   0.08310   0.03646   1.34002   0.06144   0.00526  
 19  4.5504   7618.014350  x:  0.10336   1.44293   2.11414   0.97610   0.98629   0.09294   0.81432   0.60329   0.63836   0.37667   1.29891   0.05839   0.15202   0.21094   0.08260   0.08059   0.03565   1.32591   0.06624   0.00464  
 20  2.9014   7616.341888  x:  0.10934   1.41404   2.15687   0.97226   0.99478   0.08120   0.97670   0.55684   0.60652   0.40240   1.29520   0.06152   0.15340   0.21462   0.07767   0.07967   0.03541   1.30309   0.06803   0.00452  
 21 13.0714   7615.107567  x:  0.10631   1.54737   2.29456   0.99568   0.86705   0.13767   1.00555   0.55742   0.60500   0.40755   1.19992   0.06659   0.15238   0.21467   0.07441   0.07858   0.03524   1.31227   0.06671   0.00444  
 22  0.9027   7607.879366  x:  0.10162   1.69133   2.73700   1.23422   1.08210   0.04663   1.05320   0.57054   0.56816   0.38548   1.27130   0.08006   0.16570   0.24191   0.04734   0.07003   0.03386   1.25431   0.05407   0.00388  
 23  3.9803   7606.427089  x:  0.11351   1.65929   2.89350   1.11083   1.01813   0.08316   1.05880   0.59623   0.58091   0.37478   1.49187   0.07573   0.17292   0.24332   0.04443   0.06911   0.03347   1.27655   0.05216   0.00381  
 24  8.5848   7598.145002  x:  0.16341   1.88931   3.42406   1.32066   1.14766   0.02783   1.19214   0.63531   0.59120   0.34484   1.66321   0.03966   0.14905   0.24007   0.10599   0.08743   0.02302   1.19561   0.04580   0.00436  
 25  0.4283   7590.637992  x:  0.23791   2.14405   3.85635   1.52344   1.23521   0.03255   1.35322   0.73340   0.63365   0.37063   1.88244   0.06103   0.20409   0.22038   0.10435   0.07405   0.04024   1.23996   0.04486   0.00526  
 26  0.3241   7587.438291  x:  0.26887   2.35016   4.19698   1.68659   1.30602   0.02909   1.46102   0.79734   0.66804   0.37967   2.00797   0.06016   0.22301   0.21797   0.10224   0.07520   0.04145   1.23328   0.03708   0.00538  
 27  0.7768   7582.031924  x:  0.42090   2.74847   4.84166   2.08033   1.43769   0.03490   1.78960   1.00199   0.78210   0.39942   2.35617   0.01202   0.25276   0.24050   0.09465   0.10023   0.02299   1.23090   0.03042   0.00586  
 28  0.3379   7579.923952  x:  0.48387   2.76404   4.86327   2.15558   1.46586   0.02534   1.87516   1.05550   0.79547   0.39951   2.40505   0.03111   0.22176   0.23770   0.09262   0.09539   0.02372   1.24172   0.03245   0.00620  
 29  0.1689   7577.094943  x:  0.60811   2.96775   5.24036   2.40951   1.58862   0.00000   2.11247   1.19363   0.82591   0.40020   2.61294   0.05914   0.19183   0.22410   0.09229   0.07959   0.03297   1.23519   0.02827   0.00692  
 30  0.6592   7577.094943  x:  0.60811   2.96775   5.24036   2.40951   1.58862   0.00000   2.11247   1.19363   0.82591   0.40020   2.61294   0.05914   0.19183   0.22410   0.09229   0.07959   0.03297   1.23519   0.02827   0.00692  
 31  0.6769   7576.919911  x:  0.60834   2.96773   5.24035   2.40951   1.58863   0.00001   2.11249   1.19368   0.82581   0.40013   2.61293   0.05903   0.19179   0.22411   0.09214   0.07974   0.03294   1.23520   0.02795   0.00971  
 32 136.4427   7576.888309  x:  0.60840   2.96773   5.24034   2.40952   1.58863   0.00002   2.11250   1.19369   0.82578   0.40011   2.61293   0.05900   0.19178   0.22411   0.09210   0.07978   0.03293   1.23520   0.02826   0.01021  
 33 279.9596   7576.742465  x:  0.61942   2.96717   5.23957   2.40976   1.58903   0.00131   2.11379   1.19605   0.82079   0.39672   2.61263   0.05353   0.19013   0.22231   0.08576   0.08655   0.03159   1.23564   0.02825   0.01017  
 34 17.4790   7576.142125  x:  0.69403   2.96321   5.23424   2.41139   1.59173   0.00969   2.12256   1.21214   0.78805   0.37516   2.61054   0.03971   0.19977   0.21940   0.08292   0.07815   0.02546   1.23871   0.02815   0.01028  
 35 30.9200   7575.483177  x:  0.78443   2.95831   5.22773   2.41337   1.59501   0.01962   2.13323   1.23171   0.74936   0.35024   2.60798   0.02686   0.21394   0.21745   0.08465   0.07580   0.03593   1.24243   0.02801   0.01038  
 36 344.0165   7575.213831  x:  0.82519   2.95573   5.22462   2.41428   1.59653   0.02317   2.13824   1.24076   0.73677   0.34476   2.60677   0.03074   0.22310   0.22025   0.09086   0.08445   0.03112   1.24394   0.02792   0.01036  
 37 71.9730   7574.244188  x:  1.02336   2.93827   5.20724   2.41906   1.60477   0.02757   2.16583   1.28800   0.74650   0.40051   2.60030   0.05774   0.20950   0.24162   0.07467   0.08082   0.03456   1.24616   0.02733   0.00994  
 38 25.5214   7573.847157  x:  1.10338   2.93025   5.19993   2.42130   1.60854   0.02671   2.17829   1.30770   0.75507   0.42571   2.59777   0.05423   0.19083   0.23723   0.09054   0.08259   0.03362   1.24606   0.02709   0.01008  
 39 66.3699   7573.734197  x:  1.12615   2.92685   5.19759   2.42239   1.61023   0.02368   2.18349   1.31401   0.75998   0.43225   2.59722   0.05860   0.19081   0.22116   0.09187   0.08261   0.03372   1.24504   0.02702   0.01034  
 40 22.3658   7573.640418  x:  1.13899   2.91528   5.19426   2.42735   1.61722   0.00000   2.20173   1.32400   0.77620   0.42075   2.59873   0.05556   0.19461   0.22215   0.09161   0.08278   0.03362   1.23784   0.02698   0.01021  
 41  3.6008   7573.549202  x:  1.14677   2.87865   5.18697   2.44506   1.64846   0.00329   2.25808   1.35510   0.79912   0.39276   2.60440   0.06705   0.18082   0.22147   0.09192   0.08224   0.03395   1.24849   0.02685   0.01025  
 42  3.4255   7573.505298  x:  1.14692   2.85561   5.18483   2.45787   1.66917   0.01168   2.29354   1.37349   0.80603   0.39844   2.61005   0.05606   0.19419   0.22208   0.09157   0.08277   0.03358   1.24799   0.02670   0.01030  
 43  3.6407   7573.471989  x:  1.14510   2.83608   5.18938   2.47499   1.68469   0.00000   2.32537   1.38635   0.78379   0.41188   2.62101   0.05852   0.19105   0.22190   0.09159   0.08263   0.03357   1.24009   0.02660   0.01024  
 44  1.9488   7573.441345  x:  1.16239   2.82422   5.22792   2.52353   1.67289   0.00000   2.36287   1.37882   0.77878   0.41792   2.65810   0.05575   0.19409   0.22184   0.09127   0.08264   0.03330   1.25730   0.02652   0.01026  
 45  0.6819   7573.407288  x:  1.18557   2.82692   5.27566   2.57076   1.65438   0.00000   2.38703   1.36807   0.78914   0.41013   2.69308   0.05587   0.19408   0.22199   0.09117   0.08271   0.03312   1.24182   0.02622   0.01034  
 46  2.8627   7573.271804  x:  1.28480   2.95406   5.57101   2.72483   1.75732   0.00000   2.46958   1.49864   0.80314   0.40019   2.76101   0.04928   0.20167   0.22225   0.08971   0.08285   0.03167   1.24055   0.02488   0.01048  
 47  0.9770   7573.239849  x:  1.31617   3.00993   5.63840   2.69856   1.79149   0.00000   2.53409   1.48368   0.80620   0.39887   2.78843   0.04927   0.20184   0.22224   0.08946   0.08284   0.03144   1.24010   0.02459   0.01053  
 48  0.8570   7573.230639  x:  1.32131   3.03010   5.64821   2.67879   1.77651   0.00000   2.54954   1.50877   0.80661   0.39862   2.81994   0.04950   0.20164   0.22223   0.08942   0.08280   0.03148   1.24074   0.02453   0.01055  
 49  0.3307   7573.223885  x:  1.33180   3.04294   5.64623   2.68532   1.79459   0.00000   2.54217   1.50936   0.80783   0.39825   2.85390   0.05065   0.20044   0.22215   0.08956   0.08272   0.03171   1.24116   0.02450   0.01055  
 50  0.1497   7573.218326  x:  1.34098   3.05781   5.66457   2.70565   1.78922   0.00000   2.55542   1.51068   0.80624   0.40062   2.84094   0.05219   0.19882   0.22207   0.08977   0.08263   0.03204   1.24220   0.02451   0.01053  
 51  0.1041   7573.216380  x:  1.35082   3.06254   5.71456   2.71674   1.79667   0.00000   2.56467   1.51858   0.80773   0.40184   2.85684   0.05284   0.19822   0.22203   0.08999   0.08264   0.03224   1.24269   0.02436   0.01047  
 52  0.0880   7573.215958  x:  1.35324   3.07583   5.72316   2.72759   1.79965   0.00000   2.57299   1.52235   0.80838   0.40252   2.86390   0.05285   0.19828   0.22204   0.09005   0.08267   0.03226   1.24269   0.02428   0.01045  
 53  0.0667   7573.215800  x:  1.35455   3.07886   5.73081   2.73092   1.80231   0.00000   2.57770   1.52488   0.80924   0.40263   2.86786   0.05244   0.19876   0.22214   0.09000   0.08272   0.03218   1.24225   0.02426   0.01043  
 54  0.0102   7573.215795  x:  1.35413   3.07944   5.73166   2.73106   1.80261   0.00000   2.57801   1.52509   0.80937   0.40254   2.86817   0.05256   0.19866   0.22212   0.08999   0.08271   0.03217   1.24236   0.02425   0.01043  
 55  0.0011   7573.215794  x:  1.35405   3.07943   5.73163   2.73104   1.80260   0.00000   2.57797   1.52507   0.80936   0.40255   2.86816   0.05255   0.19866   0.22212   0.08999   0.08271   0.03217   1.24235   0.02425   0.01043  
 56  0.0001   7573.215794  x:  1.35404   3.07943   5.73163   2.73104   1.80259   0.00000   2.57797   1.52507   0.80936   0.40255   2.86816   0.05254   0.19866   0.22212   0.08999   0.08271   0.03217   1.24235   0.02425   0.01043  
 57  0.0000   7573.215794  x:  1.35404   3.07943   5.73163   2.73104   1.80259   0.00000   2.57797   1.52507   0.80936   0.40255   2.86816   0.05254   0.19866   0.22212   0.08999   0.08271   0.03217   1.24235   0.02425   0.01043  
 58  0.0000   7573.215794  x:  1.35404   3.07943   5.73163   2.73104   1.80259   0.00000   2.57797   1.52507   0.80936   0.40255   2.86816   0.05254   0.19866   0.22212   0.08999   0.08271   0.03217   1.24235   0.02425   0.01043  
 59  0.0000   7573.215794  x:  1.35404   3.07943   5.73163   2.73104   1.80259   0.00000   2.57797   1.52507   0.80936   0.40255   2.86816   0.05254   0.19866   0.22212   0.08999   0.08271   0.03217   1.24235   0.02425   0.01043  
 60  0.0000   7573.215794  x:  1.35404   3.07943   5.73163   2.73104   1.80259   0.00000   2.57797   1.52507   0.80936   0.40255   2.86816   0.05254   0.19866   0.22212   0.08999   0.08271   0.03217   1.24235   0.02425   0.01043  
check convergence!
