

TREE # 1

  0  0.0000  14589.309405  x:  0.17673   2.00331   2.68384   0.26622   1.49766   0.23007   1.30377   0.45607   1.08915   0.29710   0.28810   0.34511   1.83609   0.38818   0.07371   0.26919   0.09192   0.11424   0.08291   2.00000   0.20000   0.20000   0.20000  
  1 99.0000  14357.448838  x:  0.19907   2.01470   2.69445   0.29969   1.50596   0.24823   1.31086   0.47073   1.10033   0.31912   0.28873   0.34987   1.85123   0.38437   0.07362   0.25755   0.10629   0.09690   0.11678   1.97395   0.54896   0.16576   0.17833  
  2 2480.3922  14317.490624  x:  0.23632   2.03455   2.71185   0.35679   1.51424   0.27276   1.31517   0.49093   1.11470   0.35229   0.27262   0.34752   1.87723   0.37998   0.07892   0.22301   0.13582   0.05606   0.15019   1.94273   0.53674   0.07557   0.11400  
  3 385.6867  14282.093243  x:  0.29135   2.06422   2.73839   0.44038   1.52639   0.30774   1.32141   0.52002   1.13593   0.39950   0.25002   0.34531   1.91654   0.38945   0.10350   0.18024   0.18217   0.04092   0.19098   1.89198   0.52158   0.09427   0.02150  
  4 646.1805  14237.648895  x:  0.51577   2.18797   2.85335   0.77608   1.57468   0.43984   1.34492   0.63216   1.22160   0.57716   0.17171   0.34810   2.08324   0.42171   0.19568   0.14311   0.28860   0.06811   0.24982   1.67199   0.46816   0.10200   0.14434  
  5 418.7391  14217.168464  x:  0.60036   2.23866   2.90804   0.89694   1.58853   0.47198   1.34923   0.66151   1.24911   0.61777   0.18801   0.37970   2.15479   0.41479   0.20987   0.11130   0.23870   0.05667   0.13761   1.59244   0.45795   0.10710   0.14388  
  6 283.4368  14208.899707  x:  0.65837   2.27730   2.95690   0.97553   1.59277   0.47645   1.34704   0.66848   1.26196   0.61936   0.21613   0.40746   2.21182   0.38162   0.19008   0.14526   0.16774   0.11770   0.12913   1.55006   0.44906   0.09638   0.11614  
  7 196.5319  14199.840268  x:  0.72287   2.32326   3.02008   1.06033   1.59368   0.46855   1.34107   0.66721   1.27203   0.60285   0.24102   0.42811   2.28114   0.33186   0.15383   0.23456   0.10093   0.08879   0.13785   1.51283   0.43889   0.11324   0.09538  
  8 256.0769  14196.897225  x:  0.75204   2.34870   3.06229   1.09519   1.58911   0.44628   1.33390   0.65465   1.27155   0.57073   0.24098   0.42143   2.32164   0.31917   0.14571   0.28040   0.12469   0.09715   0.11207   1.51325   0.43842   0.10927   0.08018  
  9 103.2835  14189.080310  x:  0.83806   2.43810   3.22790   1.18900   1.56386   0.32974   1.30329   0.59142   1.26166   0.42135   0.21042   0.36282   2.46866   0.34628   0.18140   0.28394   0.09942   0.09577   0.11157   1.55637   0.44011   0.10374   0.07573  
 10 99.5309  14185.967563  x:  0.86892   2.48405   3.32524   1.21660   1.55284   0.25579   1.29214   0.56907   1.26541   0.37150   0.26092   0.39224   2.54711   0.34488   0.17594   0.25080   0.12609   0.08895   0.12940   1.58805   0.43748   0.10789   0.09129  
 11 89.8514  14183.588567  x:  0.87378   2.52367   3.42835   1.20904   1.55413   0.18398   1.29444   0.57904   1.28377   0.39300   0.24840   0.38016   2.61911   0.31363   0.13055   0.21883   0.13433   0.09137   0.13085   1.63108   0.43669   0.11773   0.10211  
 12 53.2110  14179.335043  x:  0.84974   2.60798   3.67610   1.14391   1.58343   0.03900   1.31531   0.63627   1.33076   0.49281   0.24950   0.39062   2.77902   0.35865   0.14004   0.24386   0.12534   0.08884   0.12993   1.72378   0.43433   0.11285   0.09425  
 13 71.8036  14171.667562  x:  0.67575   2.81014   4.33356   0.85940   1.87219   0.11809   1.41517   0.79694   1.31818   0.43366   0.23197   0.40550   3.16290   0.41317   0.08712   0.23666   0.13521   0.08394   0.14147   1.74894   0.42029   0.11033   0.09194  
 14 38.2727  14169.387681  x:  0.58018   2.88392   4.53570   0.76533   1.87091   0.15839   1.36995   0.68148   1.34724   0.48847   0.26478   0.35130   3.24686   0.39587   0.10839   0.23286   0.14181   0.08149   0.14745   1.64888   0.41546   0.10586   0.08887  
 15 18.8136  14168.080883  x:  0.51796   2.94097   4.64987   0.73915   1.82445   0.20751   1.34137   0.60696   1.33950   0.51881   0.20776   0.41567   3.27771   0.37474   0.13013   0.23279   0.14297   0.08044   0.14912   1.63241   0.41391   0.10422   0.08670  
 16 21.1051  14164.756789  x:  0.35413   3.14015   4.91896   0.80235   1.58478   0.42734   1.34439   0.58488   1.25880   0.59073   0.24398   0.38840   3.28371   0.31093   0.19732   0.23767   0.13862   0.07794   0.14783   1.74857   0.40708   0.10571   0.08571  
 17 15.8132  14160.281132  x:  0.10303   3.37281   5.18588   0.91561   1.28776   0.45383   1.44340   0.72423   1.32862   0.52363   0.22616   0.39242   3.18817   0.29152   0.21866   0.24202   0.14208   0.07351   0.15324   1.63571   0.39173   0.09853   0.07418  
 18 16.8977  14156.063816  x:  0.00000   3.47258   5.27928   1.03893   1.32758   0.44555   1.42292   0.73076   1.37088   0.51722   0.22507   0.39291   3.11657   0.30957   0.20183   0.24632   0.14075   0.07147   0.15417   1.64403   0.38336   0.09705   0.06911  
 19 15.2979  14156.063816  x:  0.00000   3.47258   5.27928   1.03893   1.32758   0.44555   1.42292   0.73076   1.37088   0.51722   0.22507   0.39291   3.11657   0.30957   0.20183   0.24632   0.14075   0.07147   0.15417   1.64403   0.38336   0.09705   0.06911  
 20 20.3562  14135.432368  x:  0.00283   3.47310   5.27941   1.04320   1.33118   0.44500   1.42090   0.72981   1.37015   0.51796   0.22103   0.38999   3.11788   0.30834   0.20038   0.23130   0.14612   0.05679   0.15616   1.64684   0.28803   0.09292   0.02644  
 21 308.1824  14134.183577  x:  0.00519   3.47394   5.27992   1.04648   1.33415   0.44624   1.42129   0.73087   1.37131   0.52027   0.22101   0.39027   3.11930   0.30897   0.20082   0.23016   0.14877   0.05633   0.15907   1.64447   0.27394   0.09957   0.03734  
 22 155.3827  14129.781785  x:  0.05473   3.49300   5.29198   1.11383   1.39537   0.47748   1.43622   0.75879   1.40096   0.57313   0.23006   0.40368   3.14996   0.30790   0.19552   0.20242   0.17872   0.06820   0.18915   1.58617   0.25052   0.07962   0.04140  
 23 66.7929  14125.828099  x:  0.10568   3.51259   5.30453   1.18292   1.45762   0.50875   1.45160   0.78678   1.43103   0.62557   0.23713   0.41545   3.18164   0.30954   0.19282   0.17365   0.20395   0.05876   0.20171   1.52754   0.23714   0.09639   0.03088  
 24 534.8760  14123.367567  x:  0.13728   3.52468   5.31247   1.22559   1.49528   0.52665   1.46086   0.80285   1.44885   0.65517   0.23810   0.41964   3.20150   0.30994   0.19057   0.16231   0.20951   0.03715   0.19060   1.49528   0.22748   0.09050   0.03490  
 25 387.5650  14120.828636  x:  0.17846   3.54026   5.32324   1.28075   1.54177   0.54583   1.47211   0.82021   1.46975   0.68593   0.23106   0.41745   3.22792   0.31335   0.19070   0.16344   0.20180   0.05121   0.15457   1.46418   0.21107   0.09063   0.03462  
 26 200.6203  14118.698319  x:  0.22826   3.55853   5.33748   1.34629   1.59125   0.55692   1.48243   0.83084   1.48819   0.70215   0.20842   0.40098   3.26129   0.31485   0.18836   0.19510   0.16366   0.04889   0.16873   1.45869   0.19988   0.09413   0.02855  
 27 84.4262  14115.037687  x:  0.37258   3.60783   5.38385   1.53274   1.70740   0.52965   1.49123   0.81300   1.50935   0.66321   0.19092   0.38455   3.36402   0.31506   0.17834   0.20845   0.20897   0.04466   0.16612   1.58125   0.19787   0.09506   0.02762  
 28 45.1507  14112.371249  x:  0.47387   3.64184   5.41805   1.66320   1.78527   0.50074   1.49605   0.79657   1.52256   0.63101   0.20527   0.39451   3.43784   0.31918   0.17568   0.16810   0.18633   0.04810   0.16843   1.67043   0.19649   0.09680   0.03346  
 29 175.1413  14111.962572  x:  0.49114   3.64697   5.42647   1.68508   1.79483   0.48403   1.49677   0.79232   1.52519   0.62700   0.22429   0.41063   3.45291   0.32731   0.18346   0.17931   0.18412   0.04698   0.16848   1.67777   0.19385   0.09635   0.03148  
 30 32.9661  14110.191196  x:  0.56066   3.65856   5.49374   1.77013   1.79373   0.27086   1.49607   0.76063   1.53674   0.63376   0.21549   0.41535   3.54510   0.31762   0.17948   0.17882   0.18470   0.04791   0.16850   1.62037   0.19284   0.09595   0.03201  
 31 14.4830  14109.942438  x:  0.56281   3.65555   5.50768   1.77485   1.80312   0.25224   1.50087   0.77092   1.53341   0.63836   0.21286   0.40598   3.55878   0.33284   0.19537   0.17485   0.18568   0.04730   0.16985   1.62054   0.19375   0.09337   0.03231  
 32  8.9498  14106.961529  x:  0.55001   3.59794   5.69682   1.79400   1.96525   0.10854   1.58225   0.96006   1.47404   0.70150   0.27321   0.35349   3.72383   0.31914   0.18310   0.18871   0.17471   0.04957   0.16508   1.66575   0.19291   0.09725   0.03363  
 33 18.4926  14103.886521  x:  0.53868   3.55352   5.90359   1.80977   2.11502   0.08055   1.62912   1.03901   1.46330   0.67513   0.18271   0.47230   3.88513   0.32164   0.18208   0.19935   0.16515   0.05174   0.16224   1.66268   0.19334   0.09762   0.03525  
 34 21.9190  14097.786162  x:  0.56123   3.53356   6.35710   1.86253   2.28719   0.21668   1.64038   0.91001   1.66430   0.57131   0.24962   0.40330   4.19184   0.33033   0.17089   0.22130   0.14879   0.05632   0.15717   1.57519   0.19197   0.09684   0.03831  
 35 21.4054  14095.005115  x:  0.61821   3.60708   6.59379   1.90180   2.18799   0.29632   1.70027   0.85008   1.83863   0.75837   0.23417   0.43197   4.31021   0.33804   0.16501   0.23150   0.13768   0.05796   0.15281   1.68005   0.18994   0.09980   0.04033  
 36 18.2367  14092.276532  x:  0.78894   3.87077   6.88533   2.00007   1.88759   0.44095   1.95872   0.96318   1.84391   0.72191   0.23915   0.43394   4.41221   0.33733   0.16489   0.23062   0.13944   0.05869   0.15311   1.67085   0.17744   0.09918   0.04187  
 37 12.7101  14090.807944  x:  0.84709   4.27863   7.16838   1.99824   1.92710   0.47895   1.79905   0.99500   1.72156   0.79183   0.24422   0.43403   4.45923   0.29491   0.20762   0.23425   0.13821   0.05980   0.15309   1.65518   0.17461   0.09889   0.04282  
 38  4.1734  14087.703376  x:  0.76631   5.10688   7.81530   1.90357   2.21091   0.38621   1.86018   1.11644   2.01298   0.76681   0.23842   0.45181   4.61809   0.32626   0.18132   0.22558   0.15161   0.05949   0.15747   1.67146   0.15079   0.09756   0.04378  
 39  9.1935  14086.391487  x:  0.59932   5.35762   8.04254   2.03076   2.35695   0.38510   2.06912   0.96046   1.94526   0.84888   0.24411   0.45052   4.77482   0.35948   0.15060   0.22195   0.15772   0.05942   0.15988   1.65835   0.14169   0.09653   0.04398  
 40  5.9420  14084.498092  x:  0.24368   5.49675   8.15361   2.61046   2.37736   0.39160   2.03559   1.07259   2.06706   0.85792   0.24574   0.46032   5.02585   0.28982   0.22029   0.21701   0.16673   0.05921   0.16418   1.64783   0.13261   0.09552   0.04361  
 41  3.5888  14083.637644  x:  0.24050   5.51819   8.15062   2.81598   2.42119   0.36904   2.00242   1.11293   2.08881   0.86790   0.24728   0.46438   5.00724   0.43589   0.07698   0.21692   0.16866   0.05943   0.16551   1.63605   0.13216   0.09489   0.04338  
 42  3.6945  14081.228557  x:  0.66066   5.45085   8.09928   3.17882   2.75578   0.24849   2.17477   1.08579   2.20027   0.91051   0.25266   0.47716   4.72682   0.34192   0.17083   0.21398   0.17384   0.05924   0.16954   1.61908   0.13193   0.09424   0.04164  
 43  3.2291  14078.648773  x:  1.43670   5.10831   8.65507   3.19622   2.92664   0.32742   2.22602   1.16970   2.32473   1.01038   0.26151   0.48829   5.37585   0.34708   0.16319   0.20264   0.17950   0.05721   0.17176   1.62278   0.11441   0.09406   0.03923  
 44  2.9188  14076.316529  x:  1.40392   6.00632   9.64887   3.56524   3.31140   0.32242   2.46641   1.23160   2.57299   1.12779   0.27715   0.49561   6.31325   0.37561   0.12170   0.20768   0.15218   0.05315   0.15783   1.73316   0.10336   0.09981   0.03449  
 45  0.9546  14074.676573  x:  1.51936   6.56036  11.00962   4.09188   3.65073   0.34632   2.70867   1.35230   2.83140   1.27056   0.28744   0.50919   6.95695   0.36891   0.14377   0.21640   0.17507   0.05618   0.16938   1.73154   0.09021   0.09630   0.04233  
 46  0.7519  14074.353111  x:  1.52849   6.64590  11.23186   4.17623   3.69959   0.35231   2.74844   1.38187   2.87323   1.29201   0.28925   0.51132   7.08069   0.36422   0.14692   0.21564   0.17233   0.05670   0.16813   1.72104   0.09085   0.09646   0.04232  
 47  0.4623  14073.590688  x:  1.65195   7.21097  12.20855   4.60084   4.02257   0.34293   2.97817   1.50781   3.11357   1.39138   0.29982   0.52852   7.53317   0.35855   0.14470   0.21348   0.15757   0.05775   0.16169   1.69522   0.07984   0.09786   0.04112  
 48  2.0360  14073.231829  x:  1.78510   7.85990  13.23772   4.90133   4.33816   0.38280   3.22176   1.64355   3.38036   1.51884   0.31362   0.54717   8.19516   0.37353   0.13105   0.20725   0.16470   0.05568   0.16391   1.71809   0.07246   0.09808   0.03820  
 49  0.6768  14073.112816  x:  1.79943   7.94376  13.31567   4.89463   4.36259   0.39717   3.24959   1.66090   3.41164   1.53485   0.31515   0.54945   8.25082   0.37477   0.13067   0.20810   0.16543   0.05537   0.16455   1.72448   0.07319   0.09802   0.03808  
 50  0.2395  14072.995254  x:  1.90346   8.37741  13.93250   5.09319   4.57354   0.43013   3.41374   1.74660   3.58990   1.62380   0.32268   0.56026   8.61163   0.36854   0.13779   0.21476   0.16156   0.05635   0.16419   1.72568   0.06864   0.09783   0.04003  
 51  0.6537  14072.968897  x:  1.96851   8.58319  14.25837   5.17315   4.68347   0.46607   3.49699   1.78514   3.68361   1.67853   0.32693   0.56438   8.82319   0.36744   0.13861   0.21176   0.16326   0.05641   0.16365   1.72677   0.06685   0.09798   0.03951  
 52  0.2197  14072.966332  x:  1.97620   8.60838  14.31378   5.19601   4.70399   0.47696   3.50782   1.78579   3.69833   1.68982   0.32739   0.56414   8.85738   0.36891   0.13683   0.21241   0.16253   0.05631   0.16426   1.72684   0.06649   0.09797   0.03978  
 53  0.0434  14072.965309  x:  1.96766   8.57684  14.27827   5.19023   4.69407   0.48136   3.49607   1.77571   3.68844   1.68705   0.32676   0.56287   8.83437   0.36907   0.13681   0.21239   0.16260   0.05628   0.16411   1.72645   0.06676   0.09795   0.03979  
 54  0.0421  14072.964802  x:  1.96450   8.57522  14.28065   5.19566   4.69636   0.48486   3.49494   1.77287   3.68954   1.68788   0.32671   0.56279   8.83414   0.36867   0.13733   0.21222   0.16282   0.05630   0.16389   1.72655   0.06669   0.09796   0.03969  
 55  0.0078  14072.964624  x:  1.95786   8.56791  14.25743   5.19138   4.69106   0.48504   3.49019   1.77019   3.68618   1.68407   0.32651   0.56303   8.81779   0.36830   0.13749   0.21226   0.16270   0.05636   0.16404   1.72644   0.06680   0.09798   0.03965  
 56  0.0141  14072.964561  x:  1.95688   8.57270  14.25593   5.19059   4.69148   0.48672   3.49091   1.77084   3.68805   1.68369   0.32656   0.56335   8.81715   0.36861   0.13732   0.21230   0.16275   0.05633   0.16397   1.72637   0.06678   0.09795   0.03969  
 57  0.0031  14072.964548  x:  1.95759   8.57344  14.25835   5.18927   4.69107   0.48818   3.49147   1.77144   3.68879   1.68381   0.32661   0.56331   8.81967   0.36853   0.13735   0.21222   0.16277   0.05631   0.16399   1.72642   0.06677   0.09797   0.03968  
 58  0.0017  14072.964543  x:  1.95696   8.57041  14.25496   5.18712   4.68892   0.48859   3.49054   1.77115   3.68764   1.68305   0.32656   0.56320   8.81767   0.36850   0.13740   0.21226   0.16275   0.05633   0.16398   1.72636   0.06679   0.09796   0.03969  
 59  0.0031  14072.964543  x:  1.95682   8.57019  14.25504   5.18682   4.68866   0.48869   3.49058   1.77108   3.68749   1.68305   0.32655   0.56319   8.81741   0.36853   0.13737   0.21226   0.16275   0.05633   0.16398   1.72634   0.06679   0.09796   0.03968  
 60  0.0003  14072.964542  x:  1.95673   8.57042  14.25528   5.18686   4.68875   0.48869   3.49069   1.77102   3.68751   1.68315   0.32655   0.56321   8.81732   0.36851   0.13739   0.21226   0.16275   0.05632   0.16398   1.72634   0.06679   0.09796   0.03968  
 61  0.0002  14072.964542  x:  1.95671   8.57032  14.25507   5.18676   4.68867   0.48869   3.49065   1.77101   3.68746   1.68313   0.32655   0.56320   8.81726   0.36851   0.13739   0.21226   0.16275   0.05632   0.16398   1.72634   0.06679   0.09796   0.03968  
 62  0.0002  14072.964542  x:  1.95670   8.57030  14.25502   5.18674   4.68865   0.48869   3.49064   1.77100   3.68745   1.68313   0.32655   0.56320   8.81725   0.36851   0.13739   0.21226   0.16275   0.05632   0.16398   1.72634   0.06679   0.09796   0.03968  
 63  0.0003  14072.964542  x:  1.95669   8.57026  14.25492   5.18670   4.68862   0.48869   3.49062   1.77100   3.68743   1.68313   0.32655   0.56320   8.81723   0.36851   0.13739   0.21226   0.16275   0.05633   0.16398   1.72634   0.06680   0.09796   0.03968  
 64  0.0003  14072.964542  x:  1.95669   8.57026  14.25492   5.18670   4.68862   0.48869   3.49062   1.77100   3.68743   1.68313   0.32655   0.56320   8.81723   0.36851   0.13739   0.21226   0.16275   0.05633   0.16398   1.72634   0.06680   0.09796   0.03968  
 65  0.0002  14072.964542  x:  1.95669   8.57026  14.25492   5.18670   4.68862   0.48869   3.49062   1.77100   3.68743   1.68313   0.32655   0.56320   8.81723   0.36851   0.13739   0.21226   0.16275   0.05633   0.16398   1.72634   0.06680   0.09796   0.03968  
 66  0.0033  14072.964542  x:  1.95669   8.57026  14.25492   5.18670   4.68862   0.48869   3.49062   1.77100   3.68743   1.68313   0.32655   0.56320   8.81723   0.36851   0.13739   0.21226   0.16275   0.05633   0.16398   1.72634   0.06680   0.09796   0.03968  
 67  0.0013  14072.964542  x:  1.95669   8.57026  14.25492   5.18670   4.68862   0.48869   3.49062   1.77100   3.68743   1.68314   0.32655   0.56320   8.81723   0.36851   0.13739   0.21226   0.16275   0.05633   0.16398   1.72634   0.06680   0.09796   0.03968  
 68  0.0005  14072.964542  x:  1.95669   8.57026  14.25492   5.18670   4.68862   0.48869   3.49061   1.77100   3.68743   1.68314   0.32655   0.56320   8.81723   0.36851   0.13739   0.21226   0.16275   0.05632   0.16398   1.72634   0.06680   0.09796   0.03968  
 69  0.0032  14072.964542  x:  1.95669   8.57026  14.25492   5.18670   4.68862   0.48869   3.49061   1.77100   3.68744   1.68315   0.32655   0.56320   8.81723   0.36851   0.13739   0.21226   0.16275   0.05633   0.16398   1.72634   0.06680   0.09796   0.03968  
 70  0.0058  14072.964542  x:  1.95669   8.57026  14.25492   5.18669   4.68862   0.48869   3.49061   1.77100   3.68744   1.68315   0.32655   0.56320   8.81723   0.36851   0.13739   0.21226   0.16275   0.05632   0.16398   1.72634   0.06680   0.09796   0.03968  
 71  0.0070  14072.964542  x:  1.95669   8.57026  14.25492   5.18669   4.68862   0.48869   3.49061   1.77101   3.68744   1.68316   0.32655   0.56320   8.81723   0.36851   0.13739   0.21226   0.16275   0.05632   0.16398   1.72634   0.06680   0.09796   0.03968  
 72  0.0060  14072.964542  x:  1.95669   8.57026  14.25492   5.18669   4.68862   0.48869   3.49061   1.77101   3.68744   1.68316   0.32655   0.56320   8.81723   0.36851   0.13739   0.21226   0.16275   0.05632   0.16398   1.72634   0.06680   0.09796   0.03968  
 73  0.0021  14072.964542  x:  1.95669   8.57026  14.25492   5.18669   4.68862   0.48869   3.49061   1.77101   3.68744   1.68316   0.32655   0.56320   8.81723   0.36851   0.13739   0.21226   0.16275   0.05632   0.16398   1.72634   0.06680   0.09796   0.03968  