   11
BAM_010000  0.000000  1.240036  1.230747  1.781719  1.177351  0.678608
  0.425068  0.986368  0.418136  1.237087  1.242108
BA_0860xxx  1.240036  0.000000  0.086091  1.903735  1.291301  1.262091
  1.222864  1.220256  1.216264  0.014493  0.151563
BC_0877xxx  1.230747  0.086091  0.000000  1.921952  1.304182  1.293012
  1.221736  1.248727  1.220782  0.081345  0.136828
BH1145xxxx  1.781719  1.903735  1.921952  0.000000  1.822896  1.874896
  1.837361  2.105544  1.740180  1.895587  1.929420
BH1146xxxx  1.177351  1.291301  1.304182  1.822896  0.000000  1.194734
  1.210093  1.328758  1.184944  1.288184  1.313376
NT03BL1120  0.678608  1.262091  1.293012  1.874896  1.194734  0.000000
  0.632774  0.968989  0.621136  1.278627  1.309683
Bmo1873xxx  0.425068  1.222864  1.221736  1.837361  1.210093  0.632774
  0.000000  0.938414  0.181852  1.225051  1.191331
BPUM_0925x  0.986368  1.220256  1.248727  2.105544  1.328758  0.968989
  0.938414  0.000000  0.935666  1.237685  1.279261
BG13036xxx  0.418136  1.216264  1.220782  1.740180  1.184944  0.621136
  0.181852  0.935666  0.000000  1.213300  1.204393
NT02BT0901  1.237087  0.014493  0.081345  1.895587  1.288184  1.278627
  1.225051  1.237685  1.213300  0.000000  0.146362
KBAB4_0764  1.242108  0.151563  0.136828  1.929420  1.313376  1.309683
  1.191331  1.279261  1.204393  0.146362  0.000000
