   13
BAM_020670  0.000000  2.169008  0.542741  0.575390  0.475206  0.501763
  0.541436  0.470896  0.499464  0.646252  2.181204  2.462281  2.350141
BA_1742xxx  2.169008  0.000000  2.173218  2.195194  2.153068  2.041460
  2.115370  2.219407  2.008355  2.041392  0.013925  1.498997  1.543468
BC_1031xxx  0.542741  2.173218  0.000000  0.271552  0.335226  0.614170
  0.634887  0.399375  0.607552  0.235699  2.175934  2.656760  2.497831
NT03BC0960  0.575390  2.195194  0.271552  0.000000  0.361994  0.611132
  0.661479  0.423287  0.623106  0.314719  2.197977  2.562281  2.424346
NT03BL3468  0.475206  2.153068  0.335226  0.361994  0.000000  0.512845
  0.541934  0.260825  0.529338  0.371075  2.155519  2.540641  2.437120
Bmo252xxxx  0.501763  2.041460  0.614170  0.611132  0.512845  0.000000
  0.281185  0.599682  0.043086  0.629529  2.049757  2.451757  2.360459
BPUM_0805x  0.541436  2.115370  0.634887  0.661479  0.541934  0.281185
  0.000000  0.597656  0.275284  0.656026  2.117695  2.564648  2.484190
BPUM_2904x  0.470896  2.219407  0.399375  0.423287  0.260825  0.599682
  0.597656  0.000000  0.618968  0.446254  2.222276  2.623763  2.509303
BG14148xxx  0.499464  2.008355  0.607552  0.623106  0.529338  0.043086
  0.275284  0.618968  0.000000  0.628224  2.016343  2.362520  2.274934
BG13484xxx  0.646252  2.041392  0.235699  0.314719  0.371075  0.629529
  0.656026  0.446254  0.628224  0.000000  2.043211  2.477166  2.346526
NT02BT1736  2.181204  0.013925  2.175934  2.197977  2.155519  2.049757
  2.117695  2.222276  2.016343  2.043211  0.000000  1.479647  1.523473
NT02BT2426  2.462281  1.498997  2.656760  2.562281  2.540641  2.451757
  2.564648  2.623763  2.362520  2.477166  1.479647  0.000000  0.116800
KBAB4_2259  2.350141  1.543468  2.497831  2.424346  2.437120  2.360459
  2.484190  2.509303  2.274934  2.346526  1.523473  0.116800  0.000000
