

TREE # 1

  0  0.0000   4269.793984  x:  0.15079   0.47652   0.40043   0.09067   0.37219   0.14325   0.35338   0.00000   0.33814   0.38953   0.54616   0.11276   0.02942   0.11009   0.09727   0.01848   0.03258   2.00000   0.20000   0.20000   0.20000  
  1 99.0000   4100.510067  x:  0.23853   0.56845   0.45895   0.22374   0.45331   0.24220   0.43281   0.35552   0.41560   0.44643   0.64124   0.13424   0.08627   0.10464   0.15318   0.03656   0.00000   1.97197   0.44028   0.18858   0.18207  
  2 1088.6833   4086.776560  x:  0.27518   0.60751   0.48379   0.27915   0.48756   0.28318   0.46589   0.50031   0.44811   0.47027   0.68170   0.14296   0.10944   0.10217   0.17649   0.04411   0.04561   1.96003   0.53602   0.18365   0.17422  
  3 14291.9760   4025.004050  x:  0.32613   0.70594   0.54380   0.34826   0.55712   0.32208   0.50667   0.53366   0.50515   0.50903   0.78687   0.13515   0.10368   0.08649   0.19397   0.00000   0.04478   1.92758   0.40881   0.16532   0.13420  
  4 339.3917   3956.911152  x:  0.40775   0.86478   0.64057   0.45879   0.66911   0.38395   0.57189   0.58317   0.59687   0.57128   0.95666   0.12215   0.09361   0.06130   0.22180   0.00467   0.04228   1.87507   0.19864   0.13564   0.06944  
  5 9222.7416   3904.646524  x:  0.50665   1.18659   0.81947   0.56577   0.85782   0.41683   0.65353   0.27056   0.74798   0.65421   1.31580   0.08225   0.05620   0.14399   0.21380   0.00917   0.03652   1.71064   0.32012   0.06501   0.05778  
  6 247.8911   3898.020747  x:  0.51028   1.24342   0.83567   0.56934   0.88022   0.41021   0.67284   0.22955   0.76790   0.65891   1.38880   0.13773   0.12302   0.15110   0.21265   0.00957   0.03538   1.66087   0.31825   0.06039   0.13289  
  7 167.6502   3890.558350  x:  0.45536   1.30952   0.78681   0.50218   0.85925   0.34994   0.71921   0.25027   0.76185   0.62241   1.51515   0.15497   0.13266   0.07765   0.15387   0.00978   0.03578   1.51801   0.32436   0.01005   0.13009  
  8 56.9904   3881.656420  x:  0.34918   1.41727   0.68109   0.36812   0.81669   0.24115   0.79411   0.31199   0.74218   0.55206   1.73833   0.14505   0.10881   0.10619   0.18396   0.00922   0.03633   1.25735   0.31148   0.05916   0.12723  
  9 134.8202   3880.896989  x:  0.34552   1.41830   0.65822   0.35565   0.82260   0.24828   0.78251   0.31724   0.73239   0.54742   1.76355   0.14784   0.11065   0.12836   0.19770   0.00905   0.03633   1.24124   0.30717   0.02426   0.12367  
 10 21.8787   3878.834941  x:  0.37995   1.40647   0.55553   0.32060   0.88559   0.32955   0.68078   0.31686   0.68811   0.54917   1.88756   0.15423   0.11330   0.12247   0.18578   0.00883   0.03625   1.21227   0.30325   0.04311   0.11264  
 11 17.1114   3877.223288  x:  0.43400   1.40006   0.53258   0.29416   0.89279   0.30793   0.63682   0.32400   0.69935   0.57270   1.97187   0.12128   0.09234   0.09524   0.21120   0.00849   0.03606   1.22988   0.29754   0.03334   0.15615  
 12 12.6018   3871.701678  x:  0.62936   1.38676   0.52571   0.19651   0.88529   0.18271   0.56168   0.34853   0.75991   0.64263   2.23509   0.15518   0.08491   0.13680   0.17190   0.00726   0.03580   1.32196   0.27206   0.03623   0.13134  
 13 36.1808   3864.176140  x:  0.80873   1.38111   0.59156   0.07045   0.90195   0.19863   0.65963   0.30208   0.76313   0.62058   2.47056   0.19609   0.11567   0.08931   0.26474   0.00571   0.03387   1.38883   0.25421   0.04189   0.06006  
 14 33.3290   3856.624043  x:  0.91554   1.38682   0.64791   0.00000   0.92291   0.25311   0.75844   0.29118   0.75485   0.59114   2.60727   0.18382   0.09663   0.10938   0.24149   0.00454   0.03301   1.41521   0.22553   0.03944   0.08116  
 15 92.8496   3849.096105  x:  0.92423   1.48524   0.68862   0.10982   0.92780   0.27960   0.74273   0.25203   0.81881   0.65619   2.62247   0.05727   0.22136   0.13265   0.21603   0.00271   0.03169   1.26158   0.18239   0.04506   0.04625  
 16 17.8589   3843.970794  x:  0.76919   1.67861   0.66379   0.29444   1.01496   0.25354   0.69612   0.23048   0.86736   0.70728   2.58414   0.22060   0.05421   0.10475   0.25098   0.00167   0.03055   1.20967   0.16647   0.04791   0.06631  
 17 18.8017   3842.333734  x:  0.61872   1.79240   0.59811   0.37023   1.10296   0.20670   0.73508   0.22386   0.85565   0.70265   2.62459   0.18827   0.08283   0.10394   0.24467   0.00149   0.03032   1.33813   0.16456   0.05558   0.06396  
 18 12.6487   3839.690653  x:  0.47185   1.78506   0.71691   0.57397   0.97371   0.24845   0.71848   0.19475   0.79957   0.63574   2.82640   0.17091   0.08496   0.10226   0.23664   0.00219   0.02982   1.37775   0.16635   0.06021   0.06997  
 19  2.1468   3836.017161  x:  0.27940   1.71017   0.77420   0.62121   0.99343   0.33337   0.82481   0.14271   0.91957   0.78006   2.98247   0.15858   0.08379   0.09839   0.22043   0.00332   0.02879   1.36111   0.16826   0.06374   0.07766  
 20 10.2543   3829.611197  x:  0.40578   1.85462   0.82166   0.62997   1.35667   0.20526   0.93030   0.09461   0.94290   0.65052   2.97708   0.09588   0.11534   0.09074   0.19349   0.00542   0.02714   1.21867   0.16813   0.05900   0.09105  
 21  8.1994   3826.312241  x:  0.52062   2.32781   0.82521   0.40243   1.26423   0.33211   0.89956   0.09271   0.93489   0.69382   2.91400   0.06324   0.14031   0.08381   0.18262   0.00644   0.02686   1.26125   0.16732   0.05492   0.09437  
 22  9.9239   3825.587873  x:  0.61494   2.38455   0.70172   0.45517   1.19423   0.35299   0.98776   0.05670   0.94908   0.70577   2.94440   0.07359   0.12895   0.08653   0.18240   0.00671   0.02624   1.26426   0.16530   0.05507   0.09481  
 23  3.4518   3819.339580  x:  0.68826   2.53107   0.84396   0.34603   1.28081   0.41803   1.06193   0.06230   1.07426   0.60952   3.52408   0.12680   0.07445   0.08455   0.19472   0.00805   0.02524   1.24292   0.12637   0.04772   0.08543  
 24  1.3916   3818.654072  x:  0.70552   2.55045   0.88305   0.34193   1.30446   0.39492   1.09579   0.06539   0.95456   0.70236   3.59631   0.13590   0.06594   0.08392   0.19762   0.00828   0.02515   1.22461   0.12330   0.04690   0.08467  
 25  6.7314   3811.926684  x:  0.74814   2.83306   0.96978   0.32243   1.47728   0.39688   1.16115   0.10906   1.00784   0.64359   4.30782   0.21471   0.03444   0.08577   0.24238   0.01246   0.02630   1.22912   0.13316   0.03071   0.06537  
 26  0.5714   3803.875787  x:  0.95849   3.20906   1.13653   0.30432   1.60940   0.46406   1.30194   0.17153   1.18928   0.61577   5.64323   0.00000   0.28077   0.09592   0.24325   0.01884   0.02788   1.15115   0.10090   0.06524   0.07004  
 27  1.2300   3801.037625  x:  0.97203   3.48338   1.12043   0.42477   1.71823   0.47457   1.35103   0.21144   1.25957   0.61195   6.15055   0.00000   0.19482   0.09309   0.22050   0.02186   0.02857   1.19634   0.08977   0.09076   0.06293  
 28  0.5637   3800.076048  x:  0.97959   3.63418   1.11164   0.49089   1.77804   0.48036   1.37801   0.23340   1.29821   0.60991   6.42965   0.05771   0.14779   0.09153   0.20801   0.02352   0.02895   1.22115   0.08366   0.10477   0.05905  
 29 244.4797   3798.439408  x:  1.00034   3.80333   1.08911   0.58319   1.83941   0.47482   1.38359   0.26941   1.32968   0.64368   6.74826   0.07338   0.13331   0.08581   0.20127   0.02598   0.02971   1.24892   0.08962   0.12443   0.06284  
 30  0.5253   3796.323857  x:  1.15937   4.26095   1.15741   0.69450   2.01425   0.51210   1.43498   0.34488   1.47492   0.69966   7.81184   0.04515   0.21467   0.08582   0.21807   0.03238   0.03059   1.22240   0.07409   0.12997   0.07558  
 31  0.9596   3795.106407  x:  1.25271   4.78411   1.23057   0.88500   2.25015   0.54366   1.45540   0.43934   1.63007   0.73110   8.83214   0.04059   0.17532   0.09544   0.21771   0.03911   0.03095   1.19463   0.06366   0.16018   0.06815  
 32  0.5914   3794.741868  x:  1.26868   4.88579   1.25580   0.92206   2.30141   0.54970   1.44489   0.46216   1.65857   0.73366   9.00647   0.03605   0.17742   0.09428   0.21982   0.04040   0.03063   1.19808   0.06560   0.16731   0.06362  
 33  0.3010   3794.387302  x:  1.36926   5.25035   1.35854   1.00512   2.47011   0.58609   1.47917   0.52206   1.76963   0.74466   9.74553   0.01820   0.21154   0.08354   0.22165   0.04497   0.02964   1.20921   0.05951   0.18161   0.06342  
 34  0.5319   3794.055044  x:  1.46635   5.61996   1.48016   1.09308   2.65826   0.62968   1.53350   0.58117   1.87970   0.74865  10.39446   0.03041   0.19628   0.08964   0.20723   0.04923   0.02706   1.23056   0.05505   0.19411   0.07271  
 35  0.3523   3793.554638  x:  1.58994   6.00900   1.68969   1.12751   2.88015   0.70253   1.63483   0.62202   1.99141   0.74929  10.93406   0.03115   0.18765   0.08950   0.22172   0.05254   0.02018   1.22492   0.05285   0.20506   0.06435  
 36  0.2187   3793.335091  x:  1.68643   6.32097   1.81687   1.17090   3.03940   0.75127   1.70801   0.65926   2.08312   0.76065  11.45344   0.02649   0.19339   0.08911   0.22433   0.05565   0.01662   1.22233   0.04820   0.21407   0.06238  
 37  1.0606   3793.140841  x:  1.73665   6.36155   1.88590   1.11848   3.06667   0.78574   1.78956   0.64611   2.09409   0.77558  11.40164   0.02175   0.20747   0.08755   0.21849   0.05491   0.01239   1.22356   0.04794   0.20357   0.06890  
 38  0.0920   3792.998721  x:  1.63971   5.98469   1.74966   1.01671   2.86370   0.75512   1.79213   0.58187   1.98223   0.79002  10.60671   0.02953   0.19436   0.08766   0.21529   0.04926   0.01321   1.22511   0.05159   0.18467   0.06678  
 39  0.3368   3792.925680  x:  1.64413   6.00839   1.73711   1.01797   2.86178   0.76411   1.82173   0.58850   1.99849   0.79770  10.55968   0.02657   0.19591   0.08870   0.21949   0.04835   0.01200   1.22804   0.05048   0.17923   0.06590  
 40  0.0311   3792.733111  x:  1.59090   6.08190   1.62599   1.14300   2.86139   0.73799   1.76172   0.67018   2.06699   0.76089  10.58650   0.02267   0.20938   0.08731   0.22540   0.04698   0.01385   1.23293   0.05037   0.17061   0.06889  
 41  0.0379   3792.537273  x:  1.54949   6.16866   1.59127   1.22447   2.88868   0.74576   1.78836   0.73749   2.12500   0.74095  10.41829   0.03337   0.19414   0.08749   0.22030   0.04344   0.01042   1.22903   0.05049   0.15478   0.06695  
 42  0.1171   3792.475539  x:  1.47593   6.06828   1.53680   1.25954   2.84133   0.71540   1.73631   0.76153   2.08530   0.73937  10.23185   0.03908   0.18246   0.08894   0.21568   0.04091   0.01249   1.22416   0.05133   0.14639   0.06621  
 43  0.1139   3792.322700  x:  1.47067   6.27279   1.72825   1.35805   3.00859   0.72326   1.70893   0.85800   2.07291   0.76370  10.66256   0.04885   0.17329   0.08737   0.21483   0.03982   0.01123   1.21980   0.04865   0.13476   0.06700  
 44  0.1553   3792.251467  x:  1.41594   6.11397   1.72601   1.32731   2.94843   0.70918   1.69221   0.86030   2.00257   0.77263  10.36280   0.05055   0.17727   0.08825   0.21751   0.03549   0.01148   1.22403   0.05024   0.11073   0.06814  
 45  0.2855   3792.132672  x:  1.48289   6.10156   1.79935   1.25182   2.96108   0.74312   1.73024   0.82891   2.00242   0.76254  10.57130   0.05545   0.16680   0.08298   0.23002   0.03403   0.01217   1.24424   0.04966   0.08282   0.07274  
 46  0.0430   3791.951254  x:  1.55723   6.22020   1.87892   1.24382   3.03515   0.79164   1.77412   0.84652   2.06221   0.73483  10.97912   0.07096   0.15230   0.08974   0.22508   0.03163   0.01261   1.25025   0.04804   0.04388   0.07340  
 47  0.2699   3791.831519  x:  1.64830   6.43273   1.88393   1.27282   3.11487   0.82617   1.81673   0.84439   2.16908   0.72000  11.44402   0.07881   0.14842   0.09081   0.21354   0.03492   0.01279   1.23708   0.04634   0.05414   0.07231  
 48  0.5161   3791.757384  x:  1.67133   6.52526   1.88348   1.30409   3.15145   0.84188   1.83969   0.86180   2.21094   0.72510  11.62261   0.09417   0.13374   0.08603   0.21069   0.03347   0.01284   1.22721   0.04565   0.03850   0.07373  
 49  0.2600   3791.645149  x:  1.67774   6.67592   1.84501   1.37440   3.19619   0.83809   1.86353   0.87536   2.24254   0.78705  11.76689   0.11171   0.11852   0.08085   0.21448   0.03365   0.01233   1.21690   0.04509   0.05014   0.07543  
 50  0.1318   3791.560666  x:  1.74804   6.92599   1.89457   1.42663   3.31000   0.86828   1.91790   0.89402   2.30652   0.83124  12.26323   0.13238   0.09992   0.08516   0.21669   0.03363   0.01216   1.22697   0.04292   0.04295   0.07838  
 51  0.5377   3791.531594  x:  1.75416   6.96705   1.89959   1.43186   3.32937   0.86832   1.93149   0.88631   2.30765   0.84709  12.35244   0.13699   0.09679   0.08855   0.21553   0.03321   0.01267   1.23998   0.04318   0.04444   0.07911  
 52  0.0863   3791.473960  x:  1.80627   7.31673   1.98097   1.52480   3.50112   0.89084   1.99968   0.92420   2.39714   0.87268  12.96956   0.14411   0.09248   0.08801   0.21313   0.03304   0.01240   1.26166   0.04071   0.05020   0.07985  
 53  0.2770   3791.330251  x:  1.85830   7.88851   2.12721   1.67390   3.79527   0.92113   2.14770   0.98007   2.55512   0.88551  13.93261   0.14353   0.09139   0.08213   0.21144   0.02817   0.01265   1.28108   0.03783   0.04188   0.08102  
 54  0.4268   3791.234124  x:  1.86930   8.09928   2.18544   1.71236   3.90502   0.92443   2.21999   0.97670   2.61796   0.87909  14.24339   0.12124   0.10855   0.08517   0.21465   0.02660   0.01306   1.26461   0.03731   0.05239   0.07785  
 55  0.2976   3791.203820  x:  1.92612   8.36052   2.24633   1.76229   4.02857   0.94843   2.28493   0.98908   2.69493   0.89809  14.71999   0.12197   0.10728   0.08702   0.21544   0.02642   0.01311   1.25933   0.03566   0.05398   0.07774  
 56  1.0052   3791.175244  x:  2.00769   8.53389   2.27713   1.75748   4.09088   0.98194   2.34472   0.96904   2.75318   0.93305  15.08050   0.12535   0.10435   0.08920   0.21603   0.02683   0.01361   1.24420   0.03493   0.04956   0.07801  
 57  0.2112   3791.135340  x:  2.12532   9.04268   2.38721   1.84635   4.30798   1.03746   2.46302   1.00193   2.89797   0.99184  15.92972   0.12384   0.10750   0.08642   0.21479   0.02625   0.01338   1.26236   0.03276   0.04735   0.07829  
 58  0.3712   3791.097957  x:  2.20324   9.31944   2.43930   1.88987   4.40457   1.07634   2.50782   1.03220   2.97798   1.03816  16.32504   0.11755   0.11321   0.08397   0.21359   0.02703   0.01290   1.28183   0.03223   0.04644   0.07785  
 59  0.3913   3791.068077  x:  2.32861   9.84484   2.55091   1.98877   4.62387   1.13383   2.60959   1.07948   3.13338   1.09513  17.17667   0.11117   0.11719   0.08535   0.21396   0.02752   0.01277   1.28607   0.03022   0.04787   0.07693  
 60  1.0716   3791.039177  x:  2.40137  10.17044   2.61658   2.06598   4.75534   1.16599   2.65153   1.13166   3.23428   1.12798  17.66358   0.10538   0.12098   0.08956   0.21608   0.02814   0.01314   1.27310   0.02936   0.05075   0.07551  
 61  0.3582   3791.015280  x:  2.53144  10.74014   2.74142   2.18076   4.99532   1.22646   2.76576   1.19870   3.40526   1.18565  18.56215   0.10499   0.12298   0.08808   0.21573   0.02777   0.01330   1.28151   0.02759   0.05057   0.07561  
 62  0.6769   3790.962449  x:  2.68253  11.40049   2.90458   2.31817   5.28127   1.29831   2.91208   1.30462   3.61292   1.23788  19.56025   0.11594   0.11769   0.08228   0.21376   0.02630   0.01367   1.29845   0.02619   0.04912   0.07776  
 63  0.8607   3790.929442  x:  2.85752  12.04155   3.06818   2.42273   5.55632   1.37869   3.06146   1.37926   3.81777   1.29293  20.57622   0.11791   0.11382   0.08393   0.21399   0.02642   0.01369   1.30181   0.02449   0.04924   0.07819  
 64  1.3923   3790.870559  x:  3.02944  12.48423   3.22592   2.44879   5.75733   1.45617   3.20316   1.42725   3.98017   1.31247  21.29899   0.12141   0.10405   0.09033   0.21544   0.02750   0.01339   1.29434   0.02369   0.04948   0.07870  
 65  1.0541   3790.846134  x:  3.16661  12.94086   3.36371   2.50677   5.95992   1.51916   3.32824   1.48164   4.13092   1.34504  22.02848   0.12154   0.10585   0.08947   0.21552   0.02746   0.01341   1.29883   0.02269   0.04884   0.07883  
 66  1.1972   3790.803857  x:  3.41491  13.69553   3.63163   2.57140   6.30970   1.63268   3.57338   1.57062   4.38697   1.38952  23.24922   0.11792   0.11648   0.08477   0.21517   0.02720   0.01350   1.30942   0.02138   0.04729   0.07849  
 67  1.4752   3790.769638  x:  3.68630  14.56045   3.91804   2.66561   6.71202   1.75404   3.84936   1.67551   4.67073   1.46833  24.61601   0.11518   0.11082   0.08729   0.21447   0.02739   0.01387   1.31030   0.01998   0.04999   0.07796  
 68  0.5269   3790.762872  x:  3.69150  14.57005   3.92529   2.66387   6.72008   1.75560   3.86137   1.67812   4.67275   1.47604  24.62699   0.11454   0.11167   0.08748   0.21462   0.02739   0.01393   1.31003   0.02008   0.04997   0.07787  
 69  0.0601   3790.736402  x:  3.96556  15.48945   4.20102   2.78615   7.13937   1.87734   4.14188   1.80205   4.96621   1.58922  26.04781   0.11335   0.11785   0.08735   0.21579   0.02734   0.01427   1.31641   0.01869   0.04833   0.07803  
 70  1.3782   3790.709552  x:  4.23227  16.54665   4.45423   2.98970   7.62199   1.99473   4.45208   1.96929   5.29262   1.77519  27.57484   0.11424   0.11682   0.08518   0.21475   0.02744   0.01433   1.31999   0.01746   0.04733   0.07851  
 71  0.5717   3790.706547  x:  4.20197  16.47459   4.42217   2.99099   7.59111   1.98098   4.42704   1.96252   5.27006   1.77068  27.45411   0.11402   0.11619   0.08581   0.21484   0.02752   0.01426   1.31881   0.01761   0.04770   0.07839  
 72  0.2757   3790.698710  x:  4.29378  16.88356   4.51466   3.08053   7.78925   2.02160   4.54257   2.02440   5.40920   1.81897  28.06892   0.11185   0.11522   0.08832   0.21537   0.02785   0.01422   1.31799   0.01711   0.04907   0.07780  
 73  0.7026   3790.665519  x:  4.50831  18.14831   4.74688   3.43006   8.44527   2.11700   4.89481   2.22001   5.87072   1.93397  30.05448   0.11180   0.11754   0.08725   0.21564   0.02812   0.01423   1.32405   0.01579   0.04918   0.07693  
 74  0.3834   3790.645747  x:  4.44901  18.22216   4.70490   3.52668   8.52951   2.09096   4.90336   2.23247   5.93063   1.90209  30.24707   0.11434   0.11662   0.08608   0.21547   0.02809   0.01416   1.32504   0.01588   0.04886   0.07699  
 75  0.3692   3790.630226  x:  4.55964  19.00853   4.85109   3.76305   8.97510   2.14023   5.13220   2.33772   6.23142   1.95093  31.59037   0.11894   0.11107   0.08614   0.21508   0.02822   0.01417   1.32532   0.01509   0.04833   0.07789  
 76  1.2937   3790.616466  x:  4.57572  19.31074   4.94458   3.86345   9.21417   2.14867   5.24567   2.34021   6.35196   1.95160  32.31379   0.12418   0.10381   0.08767   0.21484   0.02830   0.01406   1.32080   0.01486   0.04777   0.07975  
 77  0.3150   3790.598348  x:  4.70694  19.98760   5.19530   3.99362   9.63217   2.21130   5.48309   2.38380   6.55845   2.04100  33.63442   0.12214   0.10837   0.08671   0.21506   0.02838   0.01386   1.32340   0.01420   0.04841   0.07950  
 78  0.6282   3790.587902  x:  4.70047  19.84506   5.24960   3.91201   9.58259   2.21210   5.46520   2.33095   6.47028   2.06054  33.52837   0.11892   0.11263   0.08603   0.21516   0.02827   0.01378   1.32461   0.01436   0.04898   0.07875  
 79  0.3501   3790.580815  x:  4.77293  20.32867   5.41647   4.03126   9.88036   2.25054   5.61249   2.36985   6.60602   2.14561  34.47697   0.12039   0.10864   0.08662   0.21493   0.02826   0.01383   1.32495   0.01394   0.04888   0.07804  
 80  0.6185   3790.574532  x:  4.76359  20.60450   5.44210   4.17361  10.03289   2.25394   5.63715   2.42943   6.69317   2.19648  34.95963   0.12315   0.10641   0.08713   0.21534   0.02834   0.01404   1.32462   0.01381   0.04798   0.07805  
 81  0.1727   3790.570702  x:  4.81436  21.07743   5.56032   4.32523  10.30594   2.28461   5.75273   2.49363   6.84824   2.25566  35.81833   0.12286   0.10735   0.08665   0.21524   0.02843   0.01396   1.32538   0.01343   0.04856   0.07819  
 82  0.7573   3790.565036  x:  4.82934  21.27852   5.63378   4.39677  10.40553   2.30868   5.76963   2.53442   6.91196   2.27416  36.19835   0.11922   0.11072   0.08562   0.21454   0.02836   0.01360   1.32544   0.01334   0.05048   0.07875  
 83  0.1452   3790.551397  x:  4.98046  22.22206   5.94869   4.64950  10.90124   2.42014   5.96848   2.66660   7.22157   2.37653  38.00611   0.12119   0.10764   0.08662   0.21467   0.02813   0.01345   1.32480   0.01265   0.04971   0.07911  
 84  0.6820   3790.535665  x:  5.08721  22.36335   6.08119   4.61219  10.87987   2.51232   5.94798   2.70133   7.28170   2.35908  38.35421   0.12433   0.10414   0.08798   0.21531   0.02778   0.01360   1.32376   0.01262   0.04753   0.07895  
 85  0.3186   3790.527846  x:  5.23149  22.98770   6.29543   4.74159  11.15279   2.61676   6.06749   2.79174   7.50302   2.40988  39.53883   0.12383   0.10614   0.08680   0.21524   0.02791   0.01367   1.32554   0.01220   0.04847   0.07854  
 86  1.1311   3790.522952  x:  5.28190  22.98022   6.27900   4.69482  11.08271   2.64834   6.06506   2.78644   7.52314   2.39510  39.48783   0.12141   0.10941   0.08564   0.21496   0.02821   0.01379   1.32723   0.01225   0.04989   0.07809  
 87  0.0754   3790.509189  x:  5.51909  23.86384   6.46104   4.84505  11.42400   2.79586   6.31045   2.86698   7.86821   2.49001  41.04375   0.12065   0.10877   0.08630   0.21485   0.02831   0.01391   1.32854   0.01173   0.04968   0.07814  
 88  0.5806   3790.498322  x:  5.65624  24.19538   6.41714   4.84841  11.49251   2.86069   6.48651   2.84285   8.02886   2.54912  41.50751   0.11974   0.10862   0.08732   0.21498   0.02805   0.01390   1.32856   0.01163   0.04867   0.07850  
 89  0.4983   3790.494735  x:  5.76117  24.71847   6.54869   4.96228  11.73378   2.93092   6.62842   2.88897   8.21061   2.61922  42.47893   0.12027   0.10919   0.08677   0.21505   0.02773   0.01376   1.32838   0.01134   0.04888   0.07855  
 90  1.0020   3790.490445  x:  5.82431  25.20382   6.68752   5.09444  11.98876   2.98069   6.74887   2.92982   8.35782   2.69710  43.44368   0.12218   0.10904   0.08579   0.21512   0.02729   0.01350   1.32721   0.01112   0.04983   0.07844  
 91  0.5882   3790.484419  x:  5.96338  25.97661   6.88613   5.29331  12.35176   3.07847   6.90841   3.02033   8.62658   2.77895  44.95030   0.12255   0.10604   0.08732   0.21504   0.02789   0.01372   1.32842   0.01078   0.04977   0.07836  
 92  0.5306   3790.481791  x:  6.00163  26.24772   6.95495   5.36916  12.49213   3.10379   6.97055   3.05117   8.71756   2.80174  45.48916   0.12190   0.10741   0.08683   0.21502   0.02794   0.01373   1.32923   0.01070   0.04922   0.07845  
 93  0.4001   3790.478101  x:  6.17522  27.15693   7.17809   5.58109  12.91717   3.21738   7.20060   3.14344   9.03673   2.89790  47.20816   0.12140   0.10888   0.08618   0.21500   0.02783   0.01367   1.33013   0.01029   0.04883   0.07856  
 94  3.1025   3790.476306  x:  6.30553  27.82243   7.33885   5.73233  13.22777   3.29822   7.37525   3.21204   9.26895   2.96456  48.45202   0.12140   0.10881   0.08614   0.21498   0.02775   0.01364   1.33010   0.01002   0.04895   0.07853  
 95  1.8677   3790.468225  x:  6.48987  28.68419   7.53949   5.90961  13.62726   3.39700   7.62863   3.30434   9.56785   3.03731  50.00000   0.12177   0.10775   0.08640   0.21498   0.02747   0.01358   1.32883   0.00972   0.04970   0.07835  
 96  1.7647   3790.468225  x:  6.48987  28.68419   7.53949   5.90961  13.62726   3.39700   7.62863   3.30434   9.56785   3.03731  50.00000   0.12177   0.10775   0.08640   0.21498   0.02747   0.01358   1.32883   0.00972   0.04970   0.07835  
 97  2.9198   3790.467126  x:  6.48987  28.68419   7.53949   5.90961  13.62726   3.39700   7.62863   3.30434   9.56785   3.03731  50.00000   0.12177   0.10775   0.08640   0.21498   0.02748   0.01358   1.32883   0.00974   0.04970   0.07835  
 98 86.0041   3790.466632  x:  6.48987  28.68419   7.53950   5.90961  13.62726   3.39700   7.62864   3.30435   9.56784   3.03731  50.00000   0.12179   0.10775   0.08643   0.21499   0.02778   0.01381   1.32884   0.00974   0.04969   0.07835  
 99  2.6177   3790.466562  x:  6.48988  28.68419   7.53950   5.90961  13.62726   3.39699   7.62865   3.30436   9.56783   3.03730  49.99999   0.12181   0.10774   0.08648   0.21500   0.02790   0.01371   1.32884   0.00974   0.04967   0.07835  
100  0.9073   3790.466505  x:  6.48993  28.68423   7.53955   5.90960  13.62727   3.39689   7.62874   3.30450   9.56776   3.03727  49.99997   0.12200   0.10767   0.08677   0.21508   0.02788   0.01372   1.32886   0.00974   0.04952   0.07836  
101  0.2846   3790.466289  x:  6.49040  28.68455   7.53997   5.90951  13.62734   3.39611   7.62951   3.30564   9.56715   3.03701  49.99972   0.12304   0.10665   0.08656   0.21518   0.02789   0.01372   1.32907   0.00974   0.04875   0.07839  
102  0.2925   3790.466109  x:  6.49086  28.68487   7.54039   5.90942  13.62741   3.39535   7.63026   3.30675   9.56654   3.03674  49.99947   0.12406   0.10585   0.08647   0.21518   0.02788   0.01372   1.32924   0.00974   0.04864   0.07889  
103  1.3343   3790.465745  x:  6.49187  28.68558   7.54131   5.90923  13.62755   3.39365   7.63193   3.30923   9.56520   3.03617  49.99893   0.12596   0.10418   0.08655   0.21485   0.02789   0.01372   1.32956   0.00974   0.04926   0.07868  
104  1.3870   3790.465609  x:  6.49235  28.68591   7.54174   5.90915  13.62763   3.39285   7.63272   3.31040   9.56457   3.03590  49.99868   0.12587   0.10352   0.08668   0.21497   0.02788   0.01372   1.32959   0.00974   0.04942   0.07875  
105  0.6206   3790.461799  x:  6.50778  28.69684   7.55574   5.90662  13.63003   3.36687   7.65830   3.34818   9.54405   3.02717  49.99037   0.12586   0.10428   0.08599   0.21838   0.02789   0.01371   1.32903   0.00974   0.05037   0.07816  
106  0.9999   3790.450392  x:  6.55367  28.72935   7.59738   5.89907  13.63724   3.28960   7.73434   3.46044   9.48306   3.00129  49.96564   0.12323   0.10667   0.08655   0.21499   0.02783   0.01376   1.32733   0.00973   0.04923   0.07856  
107 19.5393   3790.450262  x:  6.55498  28.73053   7.59847   5.89864  13.63799   3.28852   7.73510   3.46078   9.48222   3.00172  49.96484   0.12294   0.10692   0.08655   0.21500   0.02784   0.01375   1.32978   0.00973   0.04926   0.07856  
108  0.0954   3790.445343  x:  6.65273  28.82383   7.67689   5.85982  13.70646   3.23502   7.75805   3.41722   9.44145   3.06026  49.90258   0.12216   0.10722   0.08672   0.21512   0.02798   0.01365   1.32835   0.00971   0.04916   0.07837  
109  0.0878   3790.441947  x:  6.74476  28.93779   7.71917   5.79867  13.78811   3.27653   7.77430   3.40700   9.46103   3.02938  49.83214   0.12174   0.10861   0.08639   0.21485   0.02769   0.01385   1.32971   0.00968   0.04883   0.07876  
110  0.0614   3790.439459  x:  6.81214  29.04728   7.71959   5.73037  13.84069   3.31093   7.79242   3.44306   9.50911   3.03896  49.76999   0.12045   0.10902   0.08669   0.21508   0.02796   0.01368   1.32969   0.00967   0.04883   0.07841  
111  0.0800   3790.438787  x:  6.83363  29.09225   7.70608   5.71332  13.84310   3.30733   7.79766   3.45469   9.53606   3.05502  49.75584   0.12080   0.10898   0.08658   0.21502   0.02786   0.01373   1.32856   0.00965   0.04872   0.07853  
112  0.0405   3790.438318  x:  6.85371  29.14197   7.68237   5.71552  13.82678   3.29230   7.79732   3.44425   9.55423   3.04459  49.75657   0.12040   0.10923   0.08662   0.21504   0.02790   0.01371   1.33038   0.00966   0.04879   0.07850  
113  0.0233   3790.438023  x:  6.87448  29.19572   7.66237   5.72744  13.81485   3.29789   7.80331   3.44458   9.54716   3.04558  49.76358   0.12082   0.10896   0.08659   0.21501   0.02787   0.01373   1.32824   0.00965   0.04871   0.07851  
114  0.0208   3790.437892  x:  6.87532  29.21741   7.65552   5.73556  13.81351   3.30984   7.80581   3.44398   9.53777   3.05168  49.77408   0.12073   0.10900   0.08659   0.21503   0.02787   0.01373   1.32978   0.00965   0.04877   0.07853  
115  0.0149   3790.437728  x:  6.86144  29.26511   7.65997   5.74843  13.82504   3.31115   7.81864   3.44575   9.54120   3.04820  49.81206   0.12053   0.10896   0.08668   0.21507   0.02794   0.01367   1.32889   0.00964   0.04885   0.07839  
116  0.0083   3790.437200  x:  6.82799  29.37995   7.69383   5.78654  13.87528   3.31795   7.84291   3.45240   9.57322   3.06543  49.92308   0.12149   0.10843   0.08654   0.21498   0.02782   0.01377   1.32998   0.00962   0.04882   0.07864  
117  0.0298   3790.436847  x:  6.81773  29.45689   7.71210   5.81865  13.90325   3.32230   7.85816   3.46132   9.59199   3.06742  50.00000   0.12144   0.10834   0.08658   0.21501   0.02786   0.01374   1.32931   0.00959   0.04890   0.07854  
118  0.0818   3790.436644  x:  6.85445  29.39313   7.70206   5.79039  13.88597   3.31851   7.84293   3.46104   9.58376   3.06098  50.00000   0.12092   0.10873   0.08662   0.21504   0.02790   0.01371   1.32901   0.00960   0.04886   0.07846  
119  0.0776   3790.436527  x:  6.87990  29.43161   7.71517   5.79396  13.90845   3.32329   7.84972   3.46949   9.60058   3.06518  50.00000   0.12078   0.10883   0.08664   0.21505   0.02791   0.01370   1.32900   0.00959   0.04885   0.07844  
120  0.0705   3790.436503  x:  6.88453  29.42031   7.71268   5.78874  13.90675   3.32395   7.84961   3.46747   9.59996   3.06773  50.00000   0.12093   0.10878   0.08660   0.21503   0.02788   0.01372   1.32947   0.00959   0.04882   0.07851  
121  0.0123   3790.436492  x:  6.88577  29.41863   7.71112   5.79340  13.90912   3.32488   7.85621   3.46550   9.60275   3.06888  50.00000   0.12099   0.10874   0.08660   0.21503   0.02788   0.01373   1.32956   0.00959   0.04882   0.07852  
122  0.0032   3790.436491  x:  6.88490  29.41914   7.71093   5.79438  13.90916   3.32445   7.85613   3.46578   9.60251   3.06801  50.00000   0.12094   0.10875   0.08661   0.21503   0.02788   0.01372   1.32944   0.00959   0.04883   0.07850  
123  0.0012   3790.436491  x:  6.88506  29.41905   7.71077   5.79430  13.90941   3.32446   7.85617   3.46573   9.60254   3.06815  50.00000   0.12095   0.10875   0.08661   0.21503   0.02788   0.01372   1.32947   0.00959   0.04883   0.07851  
124  0.0004   3790.436490  x:  6.88514  29.41905   7.71043   5.79437  13.90990   3.32435   7.85612   3.46574   9.60251   3.06822  50.00000   0.12096   0.10875   0.08661   0.21503   0.02788   0.01372   1.32948   0.00959   0.04883   0.07851  
125  0.0005   3790.436490  x:  6.88505  29.41913   7.71010   5.79459  13.91037   3.32418   7.85599   3.46581   9.60244   3.06817  50.00000   0.12096   0.10874   0.08661   0.21503   0.02788   0.01372   1.32947   0.00959   0.04883   0.07851  
126  0.0005   3790.436490  x:  6.88485  29.41917   7.71028   5.79477  13.91011   3.32419   7.85593   3.46585   9.60245   3.06807  50.00000   0.12096   0.10875   0.08661   0.21503   0.02788   0.01372   1.32946   0.00959   0.04883   0.07851  