    8
BA_5030xxx  0.000000  0.063643  2.526495  1.076174  1.063853  1.020397
  0.018324  0.091515
BC_4774xxx  0.063643  0.000000  2.515460  1.084807  1.094445  1.058006
  0.059749  0.075924
BH3908xxxx  2.526495  2.515460  0.000000  2.432081  2.258676  2.297479
  2.457879  2.499901
NT03BL2355  1.076174  1.084807  2.432081  0.000000  0.996008  0.978156
  1.064583  1.071545
Bmo1973xxx  1.063853  1.094445  2.258676  0.996008  0.000000  0.113440
  1.055459  1.038203
BG13104xxx  1.020397  1.058006  2.297479  0.978156  0.113440  0.000000
  1.012370  0.992603
NT02BT4777  0.018324  0.059749  2.457879  1.064583  1.055459  1.012370
  0.000000  0.087480
KBAB4_4606  0.091515  0.075924  2.499901  1.071545  1.038203  0.992603
  0.087480  0.000000
