

TREE # 1

  0  0.0000   8744.454212  x:  0.05974   2.00634   1.60041   0.36159   1.41746   0.37517   1.51427   0.41407   1.19636   0.42038   0.28502   0.36606   1.16262   0.22781   0.00750   0.05288   0.06925   0.00891   0.00617   2.00000   0.20000   0.20000   0.20000  
  1 99.0000   8736.739560  x:  0.07296   2.00793   1.60333   0.37026   1.41706   0.37675   1.51356   0.41518   1.19417   0.41867   0.28413   0.36387   1.16588   0.22841   0.01254   0.05349   0.06893   0.00000   0.02065   1.99644   0.20885   0.19941   0.19694  
  2 531.3735   8728.519219  x:  0.11520   2.01298   1.61268   0.39812   1.41571   0.38175   1.51120   0.41871   1.18703   0.41308   0.28124   0.35672   1.17633   0.23016   0.02822   0.05532   0.06826   0.01273   0.05657   1.98501   0.23421   0.19743   0.18699  
  3 1828.7088   8637.699996  x:  0.46303   2.05269   1.69114   0.63841   1.39643   0.41920   1.48319   0.44357   1.11318   0.35385   0.25289   0.28696   1.26593   0.22889   0.12343   0.06225   0.06244   0.00395   0.00000   1.88769   0.20208   0.17644   0.09146  
  4 624.9754   8613.790034  x:  0.60032   2.06810   1.72231   0.73476   1.38770   0.43346   1.47095   0.45282   1.08195   0.32866   0.24110   0.25793   1.30179   0.22620   0.15627   0.06387   0.06029   0.00373   0.00032   1.84882   0.15602   0.16751   0.05188  
  5 7471.6250   8590.362688  x:  0.71382   2.08368   1.76437   0.85018   1.36610   0.44588   1.44779   0.47243   1.01942   0.29335   0.27557   0.25223   1.35672   0.15007   0.04856   0.05941   0.06687   0.00351   0.00039   1.76854   0.14393   0.15282   0.15505  
  6 251.0992   8585.725917  x:  0.70305   2.08485   1.77855   0.87943   1.34985   0.44387   1.43335   0.48209   0.98279   0.28215   0.29935   0.25708   1.37838   0.16045   0.00962   0.04105   0.07090   0.00342   0.00039   1.72575   0.14975   0.14201   0.13043  
  7 117.3250   8581.937354  x:  0.69167   2.08523   1.78755   0.89667   1.33874   0.44215   1.42372   0.48883   0.95845   0.27597   0.31571   0.26110   1.39260   0.17592   0.00000   0.04920   0.07347   0.00336   0.00040   1.69657   0.15004   0.13503   0.12757  
  8 311.7124   8574.706255  x:  0.64441   2.08589   1.81907   0.95402   1.29802   0.43580   1.38901   0.51334   0.87258   0.25833   0.36693   0.27039   1.44355   0.22454   0.00489   0.02627   0.06587   0.00332   0.00043   1.59104   0.14714   0.11284   0.14450  
  9 539.7738   8562.361639  x:  0.49513   2.08231   1.88736   1.05119   1.19606   0.41742   1.30502   0.56716   0.69594   0.26784   0.36288   0.20392   1.55478   0.15532   0.04908   0.03940   0.07305   0.00329   0.00044   1.35570   0.15552   0.08546   0.13005  
 10 170.4024   8559.979500  x:  0.47961   2.08346   1.92150   1.07987   1.15330   0.41051   1.26928   0.58536   0.68515   0.33716   0.34909   0.22924   1.59181   0.15309   0.04578   0.04362   0.05281   0.00345   0.00043   1.30087   0.15179   0.12659   0.12308  
 11 52.3926   8559.038656  x:  0.47441   2.08416   1.93832   1.09234   1.13284   0.40756   1.25202   0.59317   0.68244   0.36863   0.34124   0.24008   1.60892   0.15563   0.04635   0.04042   0.06970   0.00328   0.00042   1.27948   0.14963   0.14423   0.12298  
 12 166.2001   8557.772120  x:  0.47177   2.08679   1.98858   1.10741   1.07896   0.40564   1.20373   0.59912   0.68775   0.39299   0.30400   0.22293   1.64657   0.18136   0.02981   0.03728   0.06863   0.00320   0.00043   1.29156   0.15048   0.11814   0.13044  
 13 23.8459   8556.305118  x:  0.47352   2.09072   2.06240   1.12200   1.00728   0.41305   1.13917   0.60391   0.69444   0.39805   0.31154   0.24612   1.69800   0.16573   0.03883   0.03903   0.06944   0.00315   0.00040   1.32765   0.14873   0.08287   0.12043  
 14 39.2305   8555.165208  x:  0.47198   2.09431   2.13884   1.13232   0.95400   0.43948   1.09012   0.60685   0.69262   0.35812   0.31960   0.23413   1.74502   0.16499   0.03986   0.04045   0.06811   0.00315   0.00037   1.36243   0.14841   0.12932   0.11310  
 15 30.3313   8553.374962  x:  0.47827   2.09902   2.26526   1.14621   0.98843   0.56048   1.13057   0.63241   0.73454   0.34161   0.31668   0.22832   1.79465   0.16890   0.03508   0.04036   0.06778   0.00294   0.00031   1.32249   0.13670   0.11870   0.09816  
 16  9.9831   8547.772868  x:  0.50983   2.14568   2.57554   1.23620   1.09045   0.51052   1.30385   0.45495   0.71977   0.32297   0.24858   0.30185   1.85661   0.17567   0.03949   0.04425   0.06793   0.00260   0.00032   1.34380   0.13511   0.12458   0.09157  
 17  7.8079   8542.016669  x:  0.56378   2.20600   2.85100   1.32526   1.17440   0.42657   1.45367   0.41295   0.76931   0.40764   0.36476   0.20428   1.89371   0.17967   0.04814   0.04835   0.06822   0.00223   0.00034   1.40739   0.13072   0.13079   0.08240  
 18 40.1815   8532.043486  x:  0.69588   2.34907   3.16550   1.41976   1.29765   0.35788   1.57491   0.82032   0.78946   0.39802   0.33381   0.25757   1.87400   0.19255   0.06063   0.05668   0.06922   0.00158   0.00044   1.57899   0.12933   0.14831   0.08173  
 19 27.1747   8521.282012  x:  1.01917   2.58246   2.96180   1.29580   1.34236   0.45290   1.21832   0.77860   0.90871   0.34017   0.35253   0.26195   1.78044   0.21877   0.06012   0.06388   0.06793   0.00140   0.00046   1.36914   0.13214   0.13599   0.07235  
 20 14.1933   8515.741478  x:  1.24629   2.63640   2.61229   1.33301   1.28800   0.52269   1.23653   0.77071   0.67627   0.43527   0.36046   0.24471   1.79753   0.24109   0.04797   0.06503   0.06753   0.00139   0.00038   1.38242   0.12799   0.12914   0.05616  
 21 16.4410   8512.338648  x:  1.31237   2.53321   2.28650   1.53270   1.10951   0.55272   1.35058   0.75659   0.77937   0.38675   0.34705   0.25430   1.89325   0.24892   0.04694   0.06810   0.06694   0.00149   0.00035   1.36035   0.12813   0.13020   0.05053  
 22 15.2828   8510.756316  x:  1.33211   2.37382   2.23419   1.62481   1.12004   0.66446   1.30963   0.72002   0.75935   0.42276   0.35004   0.25532   1.90912   0.25367   0.04794   0.06959   0.06754   0.00173   0.00038   1.40840   0.13183   0.13095   0.06336  
 23  5.3965   8506.498380  x:  1.55793   2.01826   2.28474   1.67557   1.15975   0.49711   1.29233   0.78794   0.73742   0.38632   0.35465   0.24281   1.82458   0.25897   0.04451   0.07122   0.06603   0.00271   0.00034   1.30047   0.12441   0.12401   0.07638  
 24  6.8433   8502.841058  x:  1.57831   2.58909   2.42296   1.88051   1.14844   0.50437   1.39393   0.81438   0.77169   0.38303   0.35143   0.24294   1.78119   0.25611   0.04744   0.07316   0.06573   0.00366   0.00036   1.31484   0.10977   0.12494   0.09525  
 25  4.1241   8501.069202  x:  1.62124   2.68143   2.49506   1.92396   1.37690   0.43540   1.36128   0.85398   0.81516   0.37971   0.34780   0.24548   2.10703   0.24947   0.05081   0.07383   0.06563   0.00428   0.00038   1.35856   0.10217   0.12939   0.09302  
 26  2.6120   8494.710538  x:  2.01722   2.70179   3.16057   1.69695   1.26279   0.64836   1.67420   0.87492   0.81418   0.42218   0.36970   0.24528   2.67767   0.23402   0.05862   0.07378   0.06520   0.00725   0.00057   1.36581   0.09356   0.12883   0.10534  
 27  4.7060   8487.332520  x:  2.22097   2.57710   3.89715   2.53096   1.47976   0.74429   1.55652   0.90582   0.87436   0.45358   0.36265   0.24573   2.21952   0.18075   0.09361   0.07371   0.06424   0.01018   0.00066   1.41011   0.08883   0.12747   0.08564  
 28  5.9032   8483.891594  x:  2.66297   2.91789   4.02806   2.79398   1.56303   0.77809   1.72597   0.96928   0.92213   0.46224   0.35772   0.26170   2.52607   0.16143   0.10170   0.06925   0.06596   0.01089   0.00081   1.39439   0.07443   0.12675   0.09491  
 29  0.5680   8480.986162  x:  3.08582   3.21088   3.90640   2.95547   1.61501   0.75649   1.84313   1.01135   0.95613   0.45079   0.34545   0.27425   2.80718   0.14813   0.10517   0.06134   0.06753   0.01100   0.00100   1.39022   0.07543   0.12720   0.10016  
 30  0.8304   8479.110280  x:  3.63144   3.49724   4.18367   3.38513   1.78297   0.83313   1.99522   1.11059   1.03142   0.48336   0.35682   0.28776   2.94315   0.14827   0.11262   0.05591   0.06939   0.01088   0.00125   1.41793   0.06459   0.12187   0.09516  
 31  0.5390   8477.530102  x:  4.15348   3.67765   4.45531   3.77916   1.95252   0.91700   2.11144   1.21472   1.11029   0.52932   0.37437   0.29029   2.86372   0.17115   0.11336   0.05565   0.06920   0.00852   0.00156   1.45810   0.06269   0.11599   0.08225  
 32  0.3163   8476.862772  x:  4.54066   3.91009   4.73198   4.04360   2.08460   0.96576   2.25263   1.29632   1.17945   0.55412   0.37393   0.29398   2.95137   0.16509   0.11741   0.05547   0.06865   0.00678   0.00181   1.45710   0.05641   0.11829   0.08358  
 33  0.5322   8476.131942  x:  4.75336   4.08017   4.97225   4.13520   2.17297   0.98685   2.37643   1.35247   1.23505   0.57117   0.36197   0.29449   3.00748   0.15145   0.11709   0.05889   0.06683   0.00341   0.00206   1.43761   0.05460   0.12807   0.09204  
 34  0.2704   8475.796948  x:  4.75496   4.18342   5.23842   4.11903   2.25204   1.03523   2.45195   1.37403   1.25450   0.59030   0.35958   0.31476   3.22655   0.15755   0.10833   0.06006   0.06733   0.00374   0.00223   1.48027   0.05405   0.12771   0.08678  
 35  0.0924   8475.647315  x:  4.90712   4.33272   5.46135   4.22042   2.33589   1.07605   2.54077   1.41535   1.29274   0.60780   0.35906   0.32203   3.37509   0.16198   0.10390   0.06012   0.06724   0.00321   0.00241   1.48231   0.05112   0.12678   0.08652  
 36  0.4056   8475.470107  x:  4.88804   4.43471   5.62574   4.22650   2.36879   1.10250   2.58826   1.42813   1.31419   0.61546   0.35839   0.32014   3.55353   0.17534   0.09191   0.05979   0.06724   0.00396   0.00257   1.44790   0.04987   0.12305   0.08984  
 37  0.1325   8475.310931  x:  5.06253   4.64462   5.88887   4.53625   2.48775   1.16104   2.70563   1.50863   1.38155   0.64588   0.36641   0.31098   3.67061   0.18444   0.08557   0.05903   0.06797   0.00313   0.00293   1.46971   0.04782   0.12816   0.08837  
 38  0.1103   8475.224885  x:  5.12377   4.75018   5.99210   4.71687   2.53256   1.18701   2.75415   1.54401   1.41283   0.65786   0.36856   0.31471   3.74514   0.18134   0.08657   0.05832   0.06818   0.00408   0.00311   1.47086   0.04633   0.12680   0.08816  
 39  0.1397   8475.172889  x:  5.08371   4.73213   5.91499   4.76749   2.50996   1.17702   2.73813   1.54362   1.41179   0.65574   0.36698   0.31794   3.69449   0.17463   0.09116   0.05875   0.06777   0.00438   0.00314   1.46504   0.04698   0.12568   0.08958  
 40  0.1031   8475.117192  x:  5.16301   4.82345   5.97243   4.91426   2.54693   1.19509   2.79126   1.57911   1.44075   0.66947   0.36235   0.32930   3.72489   0.17057   0.09436   0.06002   0.06712   0.00376   0.00333   1.46394   0.04580   0.12447   0.09127  
 41  0.1183   8475.024632  x:  5.09392   4.82598   5.92497   4.90554   2.54430   1.19949   2.80480   1.58629   1.43545   0.68419   0.35348   0.34137   3.76103   0.17782   0.09427   0.06069   0.06788   0.00332   0.00352   1.48084   0.04629   0.12323   0.08831  
 42  0.0186   8474.738478  x:  4.64806   4.70718   5.64469   4.53160   2.43221   1.14563   2.75670   1.53281   1.36491   0.69601   0.33111   0.33741   3.90373   0.17323   0.09749   0.05685   0.06847   0.00440   0.00408   1.44227   0.04755   0.12460   0.08649  
 43  0.0866   8474.405800  x:  4.75678   4.60395   5.53038   4.59246   2.40727   1.12551   2.69511   1.52723   1.36418   0.67044   0.35744   0.32099   3.60688   0.15686   0.11301   0.05893   0.06633   0.00297   0.00404   1.46496   0.04866   0.12725   0.08790  
 44  0.1407   8474.014006  x:  4.31119   4.23772   5.07336   4.08425   2.21593   1.03474   2.49141   1.41636   1.25805   0.62392   0.37322   0.29316   3.35374   0.14447   0.12857   0.05800   0.06599   0.00328   0.00453   1.45307   0.05286   0.12750   0.08674  
 45  0.4229   8473.459435  x:  4.13484   4.32635   5.27164   4.13672   2.25883   1.08017   2.50821   1.44665   1.29336   0.61402   0.38799   0.28628   3.45616   0.15468   0.12353   0.05823   0.06791   0.00344   0.00638   1.44035   0.05301   0.12204   0.08793  
 46  0.1287   8472.911002  x:  3.99934   4.00422   4.96976   3.75509   2.12377   1.00887   2.29500   1.34082   1.20485   0.53138   0.38494   0.28694   3.11701   0.14243   0.13193   0.05828   0.06855   0.00268   0.00768   1.43949   0.05682   0.11866   0.08931  
 47  0.3349   8472.463234  x:  4.34662   4.15100   5.11251   4.05468   2.20168   1.04170   2.34408   1.37510   1.22867   0.52983   0.35246   0.31706   3.17206   0.14906   0.11914   0.05678   0.06955   0.00287   0.00916   1.44999   0.05540   0.11734   0.08960  
 48  0.3219   8472.214115  x:  4.22785   4.00867   4.90413   3.86225   2.11592   1.00605   2.27342   1.31722   1.16057   0.53148   0.34585   0.30237   3.15554   0.16700   0.10731   0.05569   0.06907   0.00328   0.01079   1.43607   0.05691   0.12115   0.08750  
 49  0.1905   8472.064237  x:  4.29015   4.02337   4.93915   3.98786   2.12253   1.01278   2.31475   1.33048   1.17778   0.55945   0.36588   0.28906   3.13657   0.17014   0.10319   0.05848   0.06726   0.00277   0.01221   1.43650   0.05643   0.12452   0.08765  
 50  0.0803   8472.019520  x:  4.27626   3.97373   4.92521   3.93137   2.10052   0.99700   2.30261   1.30723   1.16955   0.55628   0.36452   0.29732   3.12561   0.16878   0.09962   0.05943   0.06767   0.00299   0.01298   1.43966   0.05684   0.12250   0.08789  
 51  0.0590   8472.010234  x:  4.29201   3.99245   4.96447   3.93740   2.11326   0.99221   2.32246   1.31086   1.18485   0.55996   0.36299   0.29792   3.15043   0.17309   0.09538   0.05874   0.06833   0.00287   0.01315   1.43991   0.05651   0.12114   0.08822  
 52  0.0291   8472.007890  x:  4.29008   3.98673   4.95196   3.94729   2.11207   0.98622   2.31860   1.31067   1.18905   0.55848   0.36325   0.29773   3.13052   0.17285   0.09593   0.05845   0.06840   0.00294   0.01314   1.44079   0.05655   0.12074   0.08828  
 53  0.0233   8472.007567  x:  4.28998   3.99108   4.95729   3.94805   2.11651   0.98583   2.31997   1.31172   1.19084   0.55914   0.36251   0.29882   3.13143   0.17281   0.09599   0.05853   0.06822   0.00294   0.01309   1.44142   0.05650   0.12117   0.08824  
 54  0.0048   8472.007504  x:  4.29047   3.99080   4.95679   3.94646   2.11739   0.98516   2.31912   1.31105   1.19047   0.55938   0.36266   0.29845   3.12977   0.17296   0.09581   0.05856   0.06817   0.00295   0.01310   1.44104   0.05651   0.12135   0.08828  
 55  0.0018   8472.007483  x:  4.29072   3.99165   4.95465   3.94657   2.11818   0.98494   2.31915   1.31099   1.19023   0.55975   0.36260   0.29853   3.12939   0.17295   0.09583   0.05856   0.06820   0.00294   0.01310   1.44111   0.05651   0.12126   0.08828  
 56  0.0012   8472.007480  x:  4.29057   3.99185   4.95460   3.94592   2.11846   0.98493   2.31913   1.31092   1.19027   0.55958   0.36266   0.29850   3.12939   0.17290   0.09586   0.05855   0.06821   0.00295   0.01310   1.44114   0.05652   0.12121   0.08829  
 57  0.0005   8472.007479  x:  4.29036   3.99179   4.95411   3.94559   2.11840   0.98491   2.31926   1.31087   1.19027   0.55953   0.36267   0.29849   3.12941   0.17288   0.09588   0.05855   0.06821   0.00295   0.01310   1.44111   0.05652   0.12123   0.08829  
 58  0.0003   8472.007478  x:  4.29060   3.99184   4.95425   3.94574   2.11845   0.98497   2.31936   1.31089   1.19031   0.55953   0.36266   0.29849   3.12943   0.17289   0.09588   0.05855   0.06820   0.00295   0.01311   1.44113   0.05652   0.12124   0.08829  
 59  0.0002   8472.007478  x:  4.29072   3.99184   4.95435   3.94577   2.11847   0.98501   2.31942   1.31088   1.19033   0.55953   0.36265   0.29850   3.12940   0.17289   0.09588   0.05855   0.06821   0.00295   0.01311   1.44112   0.05651   0.12123   0.08829  
 60  0.0001   8472.007478  x:  4.29069   3.99187   4.95439   3.94578   2.11848   0.98502   2.31943   1.31089   1.19033   0.55955   0.36266   0.29849   3.12944   0.17288   0.09589   0.05855   0.06821   0.00295   0.01311   1.44112   0.05651   0.12123   0.08829  
 61  0.0000   8472.007478  x:  4.29082   3.99190   4.95447   3.94583   2.11851   0.98503   2.31946   1.31090   1.19034   0.55955   0.36265   0.29850   3.12945   0.17288   0.09589   0.05855   0.06821   0.00295   0.01311   1.44113   0.05651   0.12123   0.08829  
 62  0.0000   8472.007478  x:  4.29082   3.99190   4.95447   3.94583   2.11851   0.98503   2.31946   1.31090   1.19034   0.55955   0.36265   0.29850   3.12945   0.17288   0.09589   0.05855   0.06821   0.00295   0.01311   1.44113   0.05651   0.12123   0.08829  
 63  0.0001   8472.007478  x:  4.29081   3.99190   4.95447   3.94583   2.11851   0.98503   2.31945   1.31090   1.19034   0.55955   0.36265   0.29850   3.12945   0.17288   0.09589   0.05855   0.06821   0.00295   0.01311   1.44113   0.05651   0.12123   0.08829  
 64  0.0001   8472.007478  x:  4.29081   3.99190   4.95447   3.94583   2.11851   0.98503   2.31945   1.31090   1.19034   0.55955   0.36265   0.29850   3.12945   0.17288   0.09589   0.05855   0.06821   0.00295   0.01311   1.44113   0.05651   0.12123   0.08829  