

TREE # 1

  0  0.0000   8253.919542  x:  0.05789   0.48638   0.50341   0.16937   0.43261   0.00000   0.46126   0.14666   0.32141   0.23217   0.11097   0.13327   0.43394   0.08418   0.05172   0.10290   0.05858   0.05467   0.01518   2.00000   0.20000   0.20000   0.20000  
  1 99.0000   7869.543971  x:  0.09059   0.48903   0.50862   0.18746   0.43598   0.07625   0.46546   0.15033   0.32520   0.23404   0.12681   0.14387   0.44416   0.08697   0.05736   0.11172   0.07676   0.04165   0.00559   2.00085   0.03777   0.18145   0.19150  
  2 2557.4747   7791.759026  x:  0.22754   0.52202   0.55195   0.26888   0.46273   0.17822   0.49572   0.17339   0.35872   0.26127   0.19450   0.19065   0.51182   0.08737   0.07071   0.13722   0.12586   0.01746   0.04685   1.99147   0.07049   0.08754   0.14981  
  3 818.4564   7712.789862  x:  0.29497   0.54846   0.58479   0.31413   0.47973   0.14758   0.51618   0.18518   0.38278   0.28248   0.22354   0.20831   0.56008   0.08203   0.07260   0.13969   0.13158   0.03300   0.06284   1.98180   0.05646   0.00010   0.11495  
  4 1216.9604   7662.072203  x:  0.40760   0.59457   0.64181   0.39071   0.50898   0.08242   0.55151   0.20505   0.42435   0.31927   0.27097   0.23659   0.64345   0.07287   0.07569   0.14189   0.13838   0.06061   0.08794   1.96460   0.02875   0.00255   0.05369  
  5 1389.3899   7624.237721  x:  0.45139   0.61948   0.67269   0.42682   0.52515   0.06257   0.57159   0.21341   0.44379   0.33456   0.27580   0.23341   0.68704   0.07452   0.08336   0.13664   0.12986   0.04407   0.03474   1.95386   0.02623   0.00234   0.00010  
  6 739.5404   7613.523950  x:  0.47093   0.63306   0.68993   0.44560   0.53418   0.06500   0.58302   0.21634   0.45304   0.34068   0.27226   0.22569   0.71139   0.06949   0.08163   0.14566   0.12335   0.06729   0.00000   1.94736   0.02806   0.00283   0.00010  
  7 635.1037   7600.607807  x:  0.47977   0.67789   0.74610   0.48672   0.56622   0.08697   0.62364   0.21847   0.47318   0.34541   0.20028   0.14873   0.78523   0.07208   0.09552   0.16722   0.09043   0.08123   0.00810   1.91983   0.02637   0.00301   0.00010  
  8 222.6285   7597.045992  x:  0.44194   0.70616   0.78184   0.49464   0.58286   0.08956   0.64764   0.20774   0.47630   0.33581   0.18533   0.14120   0.82966   0.05211   0.08185   0.17838   0.13006   0.07646   0.00605   1.89415   0.02491   0.00288   0.00010  
  9 103.0979   7590.591121  x:  0.32348   0.77160   0.86703   0.50236   0.61582   0.11693   0.70144   0.17310   0.47734   0.30448   0.20256   0.17984   0.93732   0.06224   0.10739   0.16972   0.14089   0.09124   0.00642   1.82641   0.02421   0.00290   0.00010  
 10 151.7207   7589.392827  x:  0.30321   0.78279   0.88278   0.50194   0.61860   0.12600   0.70939   0.16734   0.47720   0.29872   0.21029   0.18775   0.95868   0.04760   0.09539   0.16506   0.12573   0.08739   0.00896   1.81106   0.02410   0.00301   0.00010  
 11 116.0363   7588.734356  x:  0.29858   0.78370   0.89328   0.48205   0.59275   0.12601   0.69764   0.16789   0.47380   0.29617   0.22482   0.17932   0.98358   0.05016   0.09449   0.18779   0.11938   0.07941   0.00922   1.77679   0.02370   0.00296   0.00010  
 12 20.0934   7587.685206  x:  0.29977   0.78120   0.90910   0.44687   0.54230   0.13463   0.67222   0.17038   0.46937   0.29553   0.23543   0.16031   1.02671   0.05290   0.09214   0.17260   0.12448   0.07946   0.01026   1.71289   0.02481   0.00303   0.00010  
 13 56.9699   7587.178079  x:  0.30353   0.77338   0.90987   0.43003   0.53150   0.13763   0.66203   0.17581   0.47190   0.30265   0.20848   0.18465   1.03926   0.04920   0.09589   0.17498   0.12269   0.07635   0.01047   1.66810   0.02484   0.00304   0.00010  
 14 18.2186   7586.141969  x:  0.30697   0.74054   0.88477   0.42290   0.58921   0.13816   0.67758   0.17622   0.45994   0.29332   0.21394   0.17433   1.02117   0.03592   0.11177   0.17254   0.12117   0.06950   0.00984   1.56630   0.02480   0.00307   0.00010  
 15  9.6119   7585.304007  x:  0.29148   0.74032   0.88264   0.44524   0.59572   0.14194   0.68573   0.14872   0.48397   0.30718   0.21268   0.17125   1.00108   0.06643   0.08270   0.17470   0.11964   0.06055   0.01084   1.55569   0.02542   0.00317   0.00010  
 16  5.8069   7583.382957  x:  0.26730   0.78576   0.90930   0.48040   0.57358   0.14477   0.70969   0.19804   0.48224   0.27152   0.20355   0.17416   0.96623   0.06351   0.08879   0.17654   0.11662   0.04470   0.01124   1.60532   0.02637   0.00345   0.00010  
 17  9.1226   7581.200248  x:  0.29593   0.84516   0.93655   0.42590   0.58180   0.15233   0.73235   0.15048   0.48705   0.30590   0.20507   0.16838   0.96627   0.02374   0.13122   0.17455   0.11391   0.03616   0.01001   1.65340   0.02660   0.00384   0.00010  
 18  9.1258   7575.512725  x:  0.37123   0.93375   0.97733   0.33623   0.65136   0.16757   0.77297   0.21527   0.47435   0.34086   0.21108   0.16701   1.03652   0.09317   0.06539   0.15579   0.10918   0.03439   0.00456   1.67766   0.02402   0.00487   0.00010  
 19 14.0533   7568.245732  x:  0.41286   0.93594   0.98059   0.44345   0.63456   0.16831   0.73518   0.19862   0.48341   0.31904   0.21016   0.16444   1.12481   0.08398   0.07792   0.14576   0.10448   0.03241   0.00000   1.65366   0.02279   0.00588   0.00010  
 20 19.7589   7568.245732  x:  0.41286   0.93594   0.98059   0.44345   0.63456   0.16831   0.73518   0.19862   0.48341   0.31904   0.21016   0.16444   1.12481   0.08398   0.07792   0.14576   0.10448   0.03241   0.00000   1.65366   0.02279   0.00588   0.00010  
 21 18.1917   7565.635661  x:  0.41317   0.93599   0.98068   0.44370   0.63461   0.16856   0.73525   0.19867   0.48351   0.31910   0.21035   0.16459   1.12496   0.08400   0.07807   0.14592   0.10483   0.03348   0.00477   1.65364   0.02584   0.00411   0.00010  
 22 1045.1658   7564.572917  x:  0.41357   0.93604   0.98079   0.44404   0.63466   0.16889   0.73533   0.19874   0.48364   0.31918   0.21062   0.16481   1.12516   0.08403   0.07828   0.14613   0.10524   0.03435   0.00737   1.65363   0.02386   0.00205   0.00010  
 23 631.2826   7560.496816  x:  0.44707   0.94044   0.99030   0.47175   0.63962   0.19627   0.74247   0.20436   0.49461   0.32579   0.23225   0.18197   1.14165   0.08652   0.09563   0.16165   0.13421   0.06072   0.00248   1.65205   0.02339   0.00344   0.00010  
 24 124.9491   7560.089795  x:  0.44997   0.94083   0.99114   0.47414   0.64004   0.19859   0.74308   0.20484   0.49555   0.32634   0.23389   0.18321   1.14309   0.08640   0.09676   0.16269   0.13613   0.06140   0.00132   1.65191   0.02388   0.00168   0.00010  
 25 645.5948   7553.644574  x:  0.51789   0.95031   1.01102   0.53027   0.64929   0.25138   0.75727   0.21549   0.51684   0.33875   0.26324   0.20269   1.17743   0.07179   0.11036   0.17595   0.16110   0.03010   0.00670   1.64881   0.02207   0.00187   0.00010  
 26 323.5468   7543.944436  x:  0.65159   0.97090   1.05215   0.64055   0.66457   0.34697   0.78391   0.23387   0.55519   0.35975   0.28266   0.20056   1.24816   0.01290   0.10343   0.16019   0.13071   0.04093   0.00558   1.64286   0.02015   0.00239   0.00010  
 27 270.8494   7536.798327  x:  0.76925   0.99122   1.09061   0.73733   0.67454   0.42303   0.80549   0.24723   0.58466   0.37449   0.27233   0.17044   1.31402   0.02053   0.15080   0.13970   0.08871   0.04236   0.00632   1.63759   0.01845   0.00237   0.00010  
 28 367.9119   7534.201638  x:  0.81677   1.00284   1.10962   0.77598   0.67244   0.44141   0.81070   0.24793   0.58945   0.37438   0.23995   0.13180   1.34614   0.01396   0.15516   0.14335   0.10773   0.04290   0.00581   1.63540   0.01797   0.00222   0.00010  
 29 133.2420   7531.438789  x:  0.89923   1.04880   1.16940   0.83951   0.61923   0.37944   0.79099   0.21304   0.54678   0.33429   0.21148   0.15875   1.44568   0.02419   0.14222   0.17548   0.09601   0.04303   0.00592   1.63101   0.01754   0.00231   0.00010  
 30 36.1559   7530.018434  x:  0.94097   1.07531   1.20339   0.87112   0.58715   0.33848   0.78025   0.19704   0.52441   0.31650   0.20985   0.17126   1.50321   0.03181   0.13608   0.14634   0.10902   0.04311   0.00574   1.62876   0.01730   0.00218   0.00010  
 31 112.5013   7529.305631  x:  0.95489   1.09707   1.22997   0.87930   0.56261   0.29752   0.77815   0.20972   0.52545   0.33341   0.24236   0.14574   1.55289   0.03614   0.13103   0.15026   0.10794   0.04311   0.00575   1.62854   0.01700   0.00218   0.00010  
 32 25.8164   7528.937810  x:  0.94543   1.11703   1.25374   0.86863   0.55928   0.28168   0.78315   0.23111   0.54551   0.35970   0.22752   0.15922   1.60559   0.03630   0.13084   0.14924   0.10930   0.04314   0.00571   1.63053   0.01662   0.00215   0.00010  
 33 12.9123   7528.029800  x:  0.88047   1.17828   1.32790   0.80785   0.60376   0.30770   0.81264   0.24894   0.55181   0.32949   0.23504   0.15672   1.79573   0.02313   0.14372   0.14881   0.11015   0.04286   0.00565   1.64870   0.01585   0.00212   0.00010  
 34 13.3465   7527.796410  x:  0.86913   1.17596   1.33234   0.79852   0.60623   0.31453   0.80864   0.20934   0.56195   0.34667   0.23829   0.15390   1.84089   0.01138   0.15577   0.14909   0.11021   0.04268   0.00561   1.65495   0.01591   0.00213   0.00010  
 35  6.2858   7527.393371  x:  0.87081   1.15286   1.32020   0.79997   0.59986   0.32050   0.79843   0.21585   0.55000   0.35281   0.23777   0.15442   1.87623   0.00000   0.16758   0.14918   0.11029   0.04246   0.00555   1.65507   0.01608   0.00213   0.00010  
 36  3.7832   7526.937974  x:  0.88606   1.12961   1.30934   0.81128   0.60996   0.32194   0.79516   0.21753   0.57220   0.34253   0.24083   0.15347   1.91343   0.00000   0.14763   0.14950   0.11144   0.04241   0.00537   1.63826   0.01615   0.00214   0.00010  
 37  5.5640   7525.755121  x:  0.93212   1.06921   1.28226   0.84476   0.64134   0.31575   0.78961   0.22375   0.64177   0.30619   0.24919   0.15116   2.01418   0.05582   0.10841   0.15065   0.11458   0.04210   0.00488   1.58533   0.01634   0.00214   0.00010  
 38 105.3691   7522.786650  x:  1.07584   1.17091   1.36587   0.93919   0.73930   0.29394   0.99814   0.21288   0.57161   0.37738   0.25282   0.16127   2.04789   0.06540   0.09764   0.15355   0.12193   0.04030   0.00369   1.56960   0.01624   0.00212   0.00010  
 39  6.1390   7520.779049  x:  1.14023   1.28436   1.45070   0.97995   0.71628   0.30223   0.97213   0.23696   0.63186   0.33931   0.25798   0.16093   2.01702   0.00000   0.16585   0.15489   0.12384   0.03866   0.00318   1.61831   0.01663   0.00214   0.00010  
 40 10.3093   7520.425328  x:  1.14167   1.32913   1.48407   0.98917   0.69490   0.34964   0.92236   0.24099   0.61858   0.35841   0.26102   0.15827   2.00742   0.00000   0.15071   0.15443   0.12420   0.03853   0.00316   1.60462   0.01655   0.00214   0.00010  
 41  6.0188   7520.122900  x:  1.14281   1.37617   1.51916   0.99967   0.67405   0.39797   0.87005   0.24512   0.60446   0.37830   0.26422   0.15547   1.99795   0.02578   0.13741   0.15397   0.12454   0.03838   0.00315   1.58390   0.01646   0.00213   0.00010  
 42 87.3280   7519.117123  x:  1.12508   1.38730   1.51526   1.10729   0.66852   0.40774   0.86764   0.25112   0.60467   0.37999   0.26622   0.15544   2.04859   0.00000   0.16377   0.15497   0.12501   0.03787   0.00370   1.55053   0.01590   0.00205   0.00010  
 43  1.0007   7517.697792  x:  1.22913   1.37181   1.52505   1.23136   0.64018   0.47007   0.84471   0.27123   0.60578   0.39659   0.27143   0.15593   2.17449   0.00000   0.14736   0.15628   0.12780   0.03743   0.00479   1.72263   0.01525   0.00196   0.00010  
 44  5.7673   7517.439164  x:  1.25214   1.36809   1.52775   1.25156   0.63535   0.48155   0.84030   0.27493   0.60588   0.39972   0.27242   0.15602   2.19886   0.01805   0.14544   0.15654   0.12831   0.03734   0.00500   1.75248   0.01512   0.00194   0.00010  
 45 78.7461   7516.710394  x:  1.34134   1.34858   1.54682   1.20593   0.61818   0.49634   0.84861   0.27571   0.60758   0.39897   0.27310   0.15627   2.23699   0.00000   0.16337   0.15717   0.12846   0.03709   0.00543   1.72759   0.01479   0.00189   0.00010  
 46  5.2803   7516.589506  x:  1.36856   1.33813   1.57247   1.21193   0.65576   0.48556   0.82466   0.27907   0.60137   0.40591   0.27393   0.15584   2.25329   0.00000   0.17346   0.15712   0.12844   0.03719   0.00554   1.72100   0.01462   0.00190   0.00010  
 47  1.2631   7515.768975  x:  1.44466   1.29312   1.73539   1.31336   0.53106   0.55943   0.90296   0.28580   0.62816   0.38293   0.27156   0.15557   2.38684   0.00000   0.18235   0.15731   0.12622   0.03881   0.00612   1.66813   0.01394   0.00209   0.00010  
 48  1.2370   7514.833327  x:  1.65622   1.49016   1.64201   1.39624   0.56566   0.59357   0.86763   0.30765   0.63004   0.39026   0.27265   0.15329   2.60591   0.00000   0.17399   0.15659   0.12372   0.04043   0.00699   1.60526   0.01269   0.00224   0.00010  
 49  1.7196   7514.607757  x:  1.69177   1.41624   1.77954   1.43752   0.60612   0.58917   0.84386   0.31385   0.62342   0.39802   0.27326   0.15306   2.63607   0.00000   0.16486   0.15665   0.12321   0.04050   0.00729   1.59828   0.01245   0.00221   0.00010  
 50  1.0507   7514.352771  x:  1.77470   1.44301   1.80007   1.47877   0.61898   0.59134   0.85068   0.31727   0.62557   0.39387   0.27088   0.15600   2.71895   0.00000   0.16550   0.15725   0.12218   0.03923   0.00780   1.61208   0.01275   0.00193   0.00010  
 51  0.1327   7514.281771  x:  1.83742   1.48392   1.84966   1.55014   0.62484   0.59721   0.86921   0.32242   0.63042   0.39346   0.27001   0.15789   2.80532   0.00000   0.16802   0.15718   0.12237   0.03822   0.00831   1.62974   0.01229   0.00202   0.00010  
 52  0.1094   7514.272923  x:  1.85289   1.50292   1.87222   1.56450   0.62632   0.59417   0.86919   0.32208   0.63068   0.39484   0.27024   0.15737   2.82861   0.00000   0.16674   0.15709   0.12275   0.03902   0.00817   1.62730   0.01223   0.00202   0.00010  
 53  0.0271   7514.271123  x:  1.85052   1.50807   1.87844   1.56121   0.62647   0.58848   0.87092   0.32063   0.63116   0.39512   0.27053   0.15704   2.83008   0.00000   0.16713   0.15705   0.12276   0.03870   0.00812   1.62713   0.01223   0.00201   0.00010  
 54  0.0060   7514.270934  x:  1.84904   1.50744   1.87694   1.55824   0.62632   0.58662   0.87146   0.32038   0.63128   0.39484   0.27055   0.15715   2.82973   0.00000   0.16705   0.15713   0.12272   0.03880   0.00808   1.62801   0.01223   0.00202   0.00010  
 55  0.0031   7514.270909  x:  1.84961   1.50678   1.87647   1.55772   0.62624   0.58624   0.87169   0.32041   0.63134   0.39465   0.27050   0.15719   2.83071   0.00000   0.16704   0.15710   0.12270   0.03881   0.00807   1.62791   0.01223   0.00201   0.00010  
 56  0.0012   7514.270906  x:  1.84988   1.50660   1.87645   1.55776   0.62624   0.58620   0.87166   0.32043   0.63133   0.39463   0.27049   0.15719   2.83104   0.00000   0.16705   0.15710   0.12270   0.03880   0.00808   1.62786   0.01223   0.00202   0.00010  
 57  0.0005   7514.270906  x:  1.84998   1.50652   1.87645   1.55787   0.62622   0.58618   0.87162   0.32043   0.63131   0.39464   0.27050   0.15718   2.83119   0.00000   0.16705   0.15710   0.12271   0.03880   0.00808   1.62785   0.01223   0.00202   0.00010  
 58  0.0002   7514.270906  x:  1.84996   1.50648   1.87641   1.55792   0.62620   0.58616   0.87160   0.32042   0.63130   0.39465   0.27050   0.15718   2.83116   0.00000   0.16705   0.15710   0.12271   0.03880   0.00808   1.62785   0.01223   0.00202   0.00010  
 59  0.0001   7514.270906  x:  1.84995   1.50649   1.87640   1.55792   0.62620   0.58616   0.87161   0.32041   0.63131   0.39465   0.27050   0.15718   2.83112   0.00000   0.16705   0.15710   0.12271   0.03880   0.00808   1.62785   0.01223   0.00202   0.00010  
 60  0.0000   7514.270906  x:  1.84995   1.50649   1.87640   1.55792   0.62620   0.58616   0.87161   0.32041   0.63131   0.39465   0.27050   0.15718   2.83112   0.00000   0.16705   0.15710   0.12271   0.03880   0.00808   1.62785   0.01223   0.00202   0.00010  
 61  0.0000   7514.270906  x:  1.84995   1.50649   1.87640   1.55792   0.62620   0.58616   0.87161   0.32041   0.63131   0.39465   0.27050   0.15718   2.83112   0.00000   0.16705   0.15710   0.12271   0.03880   0.00808   1.62785   0.01223   0.00202   0.00010  
 62  0.0000   7514.270906  x:  1.84995   1.50649   1.87640   1.55792   0.62620   0.58616   0.87161   0.32041   0.63131   0.39465   0.27050   0.15718   2.83112   0.00000   0.16705   0.15710   0.12271   0.03880   0.00808   1.62785   0.01223   0.00202   0.00010  
check convergence!
