

TREE # 1

  0  0.0000   8335.835561  x:  0.00000   0.33792   0.44721   0.17638   0.38047   0.08923   0.20023   0.10840   0.24623   0.22109   0.31613   0.12353   0.09972   0.07516   0.05558   0.06255   0.06076   2.00000   0.20000   0.20000   0.20000  
  1 99.0000   7846.614483  x:  1.45120   0.55198   0.64751   0.41156   0.49646   0.25377   0.44951   0.38160   0.37026   0.32968   0.50745   0.12903   0.10778   0.24466   0.16741   0.07374   0.00000   1.96035   0.14676   0.15453   0.05546  
  2 3035.8724   7816.200696  x:  1.46350   0.56192   0.66177   0.41971   0.50221   0.25772   0.45918   0.38755   0.37623   0.33407   0.51574   0.12890   0.10863   0.23941   0.16442   0.08605   0.04480   1.95593   0.10469   0.14368   0.02593  
  3 991.8878   7807.418892  x:  1.46084   0.56858   0.67209   0.42490   0.50642   0.25990   0.46525   0.39052   0.38030   0.33697   0.52141   0.12907   0.10969   0.23361   0.16035   0.08728   0.05078   1.95201   0.11119   0.13516   0.00810  
  4 600.6813   7770.496746  x:  1.41300   0.67114   0.83224   0.50449   0.57114   0.29218   0.55844   0.43503   0.44237   0.38079   0.60865   0.13715   0.13162   0.14288   0.10137   0.09745   0.11159   1.89015   0.14758   0.00010   0.03013  
  5 712.1312   7768.458662  x:  1.40890   0.67943   0.84521   0.51091   0.57637   0.29476   0.56596   0.43859   0.44737   0.38432   0.61570   0.13779   0.13339   0.13559   0.09660   0.09814   0.11613   1.88513   0.15022   0.00066   0.03180  
  6 1691.6855   7718.212836  x:  1.34108   0.78336   1.01168   0.59136   0.64124   0.32268   0.65912   0.47994   0.50719   0.42466   0.70484   0.14344   0.15400   0.06958   0.04144   0.07184   0.07033   1.81798   0.10049   0.00054   0.02163  
  7 1326.8662   7670.386536  x:  1.22964   0.91442   1.22515   0.69346   0.72268   0.35299   0.77470   0.52881   0.57774   0.46984   0.81887   0.14611   0.17682   0.12209   0.08551   0.06751   0.03832   1.72691   0.06494   0.00053   0.01541  
  8 1093.0340   7662.457850  x:  1.21702   0.93788   1.27511   0.71408   0.72887   0.33551   0.79099   0.52920   0.56685   0.45033   0.84280   0.11730   0.15311   0.17174   0.03406   0.06054   0.04325   1.69077   0.06488   0.00057   0.01818  
  9 160.8223   7651.785691  x:  1.21729   0.97617   1.39374   0.75458   0.71473   0.23694   0.80574   0.50513   0.48579   0.34266   0.89319   0.06244   0.12524   0.14944   0.05628   0.07225   0.03971   1.56899   0.06352   0.00055   0.01931  
 10 106.4651   7647.049352  x:  1.22019   0.99034   1.45517   0.77349   0.70366   0.17495   0.80883   0.48888   0.44809   0.29184   0.91714   0.08530   0.15836   0.15393   0.05456   0.05319   0.04831   1.49474   0.06458   0.00053   0.01894  
 11 205.2097   7645.440772  x:  1.22128   0.99046   1.47799   0.77900   0.69901   0.14627   0.80700   0.48153   0.44702   0.28869   0.92423   0.09567   0.17184   0.15716   0.04699   0.07802   0.04171   1.45789   0.06408   0.00053   0.01860  
 12 110.1900   7639.659203  x:  1.22423   0.96926   1.54919   0.79022   0.68898   0.04601   0.79230   0.45763   0.49951   0.34791   0.93855   0.08480   0.17225   0.15555   0.05289   0.07054   0.04755   1.30770   0.06476   0.00048   0.01979  
 13 88.0598   7631.713614  x:  1.19772   0.88892   1.64635   0.81469   0.79365   0.13955   0.80213   0.48548   0.50270   0.35484   0.95122   0.09175   0.16786   0.15398   0.05737   0.07394   0.05437   1.08749   0.06404   0.00038   0.02221  
 14 37.0718   7616.157636  x:  1.08650   0.90914   2.04491   0.98804   0.93116   0.07873   0.91973   0.60660   0.56203   0.37099   1.06758   0.11696   0.15265   0.15904   0.07371   0.08461   0.06824   1.39902   0.07016   0.00010   0.03197  
 15 21.3164   7616.157636  x:  1.08650   0.90914   2.04491   0.98804   0.93116   0.07873   0.91973   0.60660   0.56203   0.37099   1.06758   0.11696   0.15265   0.15904   0.07371   0.08461   0.06824   1.39902   0.07016   0.00010   0.03197  
 16  9.2433   7607.102156  x:  1.08649   0.90915   2.04492   0.98804   0.93116   0.07873   0.91974   0.60660   0.56203   0.37099   1.06758   0.11695   0.15264   0.15910   0.07376   0.08458   0.06815   1.39902   0.06996   0.01314   0.03178  
 17 16939.7001   7604.472440  x:  1.08606   0.90964   2.04523   0.98827   0.93125   0.07885   0.91995   0.60663   0.56211   0.37105   1.06786   0.11633   0.15237   0.16133   0.07512   0.08348   0.06482   1.39874   0.06287   0.01316   0.02326  
 18 415.4124   7601.900441  x:  1.08547   0.91051   2.04581   0.98872   0.93147   0.07913   0.92039   0.60679   0.56231   0.37120   1.06838   0.11547   0.15205   0.16469   0.07727   0.08193   0.05981   1.39815   0.06439   0.01319   0.01147  
 19 661.3030   7598.626303  x:  1.08134   0.91654   2.04976   0.99178   0.93299   0.08102   0.92336   0.60784   0.56362   0.37221   1.07197   0.11160   0.15196   0.18595   0.09249   0.07417   0.02898   1.39385   0.06464   0.01317   0.01392  
 20 170.8233   7597.203169  x:  1.07101   0.93161   2.05971   0.99946   0.93670   0.08550   0.93077   0.61045   0.56672   0.37454   1.08098   0.10329   0.15296   0.21654   0.10859   0.09246   0.03375   1.38314   0.06411   0.01316   0.01392  
 21 77.9915   7593.322352  x:  1.00617   1.02598   2.12286   1.04769   0.95881   0.10980   0.97641   0.62630   0.58390   0.38622   1.13760   0.06199   0.16678   0.25571   0.06255   0.08691   0.03613   1.31659   0.06114   0.01320   0.01562  
 22 59.1660   7588.523590  x:  0.90096   1.17850   2.22711   1.12609   0.99209   0.14106   1.04852   0.65087   0.60666   0.39878   1.22965   0.05476   0.23865   0.25902   0.07086   0.06114   0.05108   1.21571   0.05562   0.01319   0.01376  
 23 191.5032   7585.672662  x:  0.83371   1.27609   2.29622   1.17657   1.01101   0.15321   1.09300   0.66545   0.61633   0.40062   1.28892   0.04183   0.26739   0.22716   0.07725   0.09284   0.02962   1.16099   0.05221   0.01319   0.01207  
 24 223.5267   7584.178194  x:  0.79654   1.33042   2.33909   1.20512   1.01749   0.14690   1.11492   0.67151   0.61423   0.39215   1.32247   0.01535   0.24645   0.20451   0.10008   0.08706   0.03312   1.15132   0.05107   0.01319   0.01258  
 25 83.3448   7581.131294  x:  0.68671   1.49242   2.48444   1.29295   1.02382   0.08477   1.17075   0.68365   0.59125   0.34557   1.42585   0.08301   0.15915   0.19920   0.10647   0.08411   0.03496   1.20207   0.04903   0.01318   0.01307  
 26 59.0844   7580.141224  x:  0.66056   1.54284   2.55742   1.32001   1.02141   0.03236   1.17824   0.68412   0.61998   0.37765   1.45751   0.06869   0.18082   0.20107   0.10361   0.08485   0.03428   1.27852   0.04876   0.01318   0.01320  
 27 22.0872   7579.863935  x:  0.66722   1.54958   2.60515   1.32833   1.03034   0.04696   1.17682   0.69079   0.60074   0.36178   1.46403   0.05556   0.20223   0.20449   0.10000   0.08550   0.03377   1.31394   0.04864   0.01318   0.01321  
 28  9.4027   7579.458378  x:  0.70878   1.53388   2.73305   1.33841   1.05137   0.08180   1.16411   0.70878   0.60717   0.38866   1.46631   0.06444   0.18759   0.20004   0.10358   0.08518   0.03369   1.32500   0.04727   0.01318   0.01325  
 29  7.2299   7578.868091  x:  0.77072   1.49535   2.92678   1.34592   1.05836   0.04214   1.14593   0.71316   0.59777   0.38111   1.46362   0.06197   0.19285   0.20441   0.10123   0.08505   0.03374   1.28527   0.04639   0.01317   0.01313  
 30 14.1660   7578.262637  x:  0.72960   1.42063   3.03967   1.35769   1.07092   0.04656   1.22149   0.69040   0.65231   0.34283   1.45241   0.06214   0.19298   0.20455   0.10140   0.08533   0.03321   1.28772   0.04710   0.01317   0.01320  
 31  3.3132   7576.965601  x:  0.71853   1.40171   3.11441   1.44609   1.07252   0.01779   1.32649   0.79429   0.57310   0.41724   1.48300   0.06175   0.19454   0.20591   0.10133   0.08595   0.03185   1.28892   0.04768   0.01315   0.01334  
 32  3.1319   7574.841179  x:  0.93563   1.60231   3.15096   1.63105   1.09730   0.01863   1.36256   0.84963   0.67224   0.35687   1.60842   0.06468   0.19325   0.20682   0.10227   0.08696   0.02936   1.29326   0.04623   0.01314   0.01347  
 33  6.9836   7574.612448  x:  0.96043   1.64277   3.16024   1.60323   1.17473   0.00658   1.38956   0.80332   0.65395   0.37415   1.63027   0.06709   0.19049   0.20670   0.10256   0.08695   0.02921   1.29333   0.04596   0.01313   0.01348  
 34  3.2657   7574.135939  x:  0.93872   1.74280   3.24949   1.44320   1.21660   0.00000   1.41707   0.90703   0.68626   0.35319   1.73760   0.06767   0.19189   0.21108   0.09998   0.08641   0.02960   1.28262   0.04458   0.01313   0.01349  
 35  1.2652   7573.077669  x:  0.90878   1.87766   3.47552   1.52433   1.14856   0.05972   1.48325   0.84809   0.66576   0.39788   1.94503   0.06341   0.20274   0.22345   0.09207   0.08496   0.03086   1.24608   0.04151   0.01309   0.01348  
 36  2.1661   7572.458977  x:  0.90939   1.94235   3.59047   1.67820   1.24414   0.03601   1.54234   0.91391   0.69275   0.38569   1.95864   0.06157   0.20749   0.22988   0.08797   0.08393   0.03169   1.22916   0.03825   0.01307   0.01344  
 37  5.0888   7572.299036  x:  0.86165   2.00300   3.63514   1.70612   1.26117   0.04112   1.50311   0.91303   0.69189   0.38810   1.88404   0.06188   0.20755   0.23106   0.08709   0.08376   0.03193   1.22137   0.03867   0.01306   0.01345  
 38  2.2905   7572.205489  x:  0.89067   2.05645   3.67855   1.71816   1.23889   0.04229   1.57053   0.92239   0.69122   0.39060   1.84156   0.06186   0.20637   0.22921   0.08788   0.08376   0.03196   1.22559   0.03811   0.01304   0.01342  
 39  0.7749   7571.394874  x:  0.95355   2.21578   4.09402   2.02255   1.36337   0.00000   1.76284   1.03949   0.71286   0.37866   2.08292   0.04338   0.20704   0.20542   0.09764   0.08393   0.03249   1.26854   0.03471   0.01290   0.01309  
 40  0.8271   7571.394874  x:  0.95355   2.21578   4.09402   2.02255   1.36337   0.00000   1.76284   1.03949   0.71286   0.37866   2.08292   0.04338   0.20704   0.20542   0.09764   0.08393   0.03249   1.26854   0.03471   0.01290   0.01309  
 41  0.1377   7571.363959  x:  0.95355   2.21578   4.09402   2.02255   1.36337   0.00000   1.76284   1.03949   0.71286   0.37867   2.08292   0.04340   0.20706   0.20545   0.09763   0.08393   0.03248   1.26853   0.03512   0.01279   0.01314  
 42 143.4207   7571.323882  x:  0.95358   2.21579   4.09404   2.02254   1.36339   0.00009   1.76287   1.03952   0.71290   0.37874   2.08293   0.04380   0.20733   0.20593   0.09759   0.08395   0.03232   1.26840   0.03509   0.01113   0.01390  
 43 42.8319   7571.311207  x:  0.95361   2.21581   4.09405   2.02253   1.36341   0.00020   1.76290   1.03956   0.71296   0.37885   2.08294   0.04429   0.20765   0.20664   0.09747   0.08396   0.03213   1.26822   0.03509   0.01053   0.01328  
 44 24.4865   7571.226939  x:  0.95406   2.21605   4.09427   2.02231   1.36371   0.00172   1.76338   1.04010   0.71366   0.38017   2.08304   0.05040   0.21165   0.21571   0.09601   0.08433   0.03013   1.26584   0.03507   0.01079   0.01343  
 45 30.3384   7571.211626  x:  0.95428   2.21617   4.09438   2.02221   1.36385   0.00238   1.76361   1.04035   0.71395   0.38074   2.08309   0.05106   0.21174   0.21794   0.09490   0.08506   0.03208   1.26473   0.03506   0.01069   0.01343  
 46 13.6544   7571.192997  x:  0.95495   2.21654   4.09470   2.02189   1.36426   0.00420   1.76430   1.04108   0.71472   0.38227   2.08324   0.04999   0.20961   0.22108   0.09139   0.08410   0.03201   1.26150   0.03504   0.01054   0.01356  
 47  8.8170   7571.169513  x:  0.95756   2.21802   4.09599   2.02068   1.36573   0.00993   1.76690   1.04375   0.71689   0.38698   2.08387   0.05017   0.20643   0.22226   0.09486   0.08392   0.03196   1.25041   0.03495   0.01050   0.01354  
 48  4.6270   7571.154375  x:  0.95990   2.21941   4.09720   2.01963   1.36694   0.01379   1.76918   1.04600   0.71805   0.38996   2.08449   0.05261   0.20612   0.21947   0.09355   0.08518   0.03153   1.24201   0.03488   0.01055   0.01349  
 49  8.9911   7571.152389  x:  0.96055   2.21984   4.09756   2.01936   1.36720   0.01402   1.76979   1.04652   0.71789   0.39000   2.08469   0.05312   0.20635   0.21906   0.09342   0.08411   0.03198   1.24081   0.03486   0.01057   0.01348  
 50  3.3452   7571.139717  x:  0.97022   2.22660   4.10329   2.01548   1.37057   0.01056   1.77852   1.05338   0.71198   0.38456   2.08803   0.05267   0.20656   0.21956   0.09350   0.08443   0.03186   1.23286   0.03473   0.01054   0.01346  
 51  2.0102   7571.104173  x:  1.00725   2.25500   4.12872   2.00089   1.38551   0.00000   1.81392   1.08051   0.71766   0.39244   2.10315   0.05196   0.20751   0.21957   0.09344   0.08441   0.03186   1.23548   0.03425   0.01056   0.01344  
 52  2.3742   7571.088447  x:  1.02241   2.27045   4.14518   1.99721   1.39484   0.00946   1.83257   1.09370   0.71823   0.38880   2.11382   0.05395   0.20519   0.21936   0.09347   0.08438   0.03186   1.24247   0.03410   0.01057   0.01347  
 53  3.4979   7571.040546  x:  1.02980   2.33472   4.24220   2.02941   1.42159   0.00844   1.88576   1.11139   0.75041   0.36923   2.18526   0.05217   0.20737   0.21946   0.09340   0.08441   0.03184   1.23847   0.03317   0.01057   0.01343  
 54  1.4346   7570.991574  x:  1.03094   2.40186   4.35759   2.08075   1.44962   0.00307   1.93271   1.13620   0.73804   0.38507   2.26098   0.05834   0.19995   0.21926   0.09360   0.08436   0.03188   1.24012   0.03219   0.01060   0.01343  
 55  3.9658   7570.980918  x:  1.03326   2.41557   4.38470   2.09446   1.45464   0.00586   1.94168   1.14311   0.73441   0.38982   2.27438   0.05149   0.20810   0.21945   0.09335   0.08441   0.03183   1.24010   0.03199   0.01059   0.01341  
 56  3.9573   7570.963572  x:  1.05769   2.43038   4.44918   2.13929   1.44889   0.00593   1.94805   1.16386   0.73996   0.38784   2.26899   0.05229   0.20714   0.21943   0.09337   0.08440   0.03183   1.24039   0.03162   0.01060   0.01340  
 57  0.9418   7570.957150  x:  1.06308   2.42510   4.47824   2.15349   1.46351   0.00433   1.96477   1.15670   0.74003   0.38876   2.25711   0.05237   0.20704   0.21945   0.09337   0.08440   0.03183   1.24015   0.03152   0.01060   0.01339  
 58  0.4517   7570.950683  x:  1.05669   2.41128   4.50255   2.15644   1.46135   0.00235   1.97866   1.17147   0.74050   0.38901   2.26415   0.05218   0.20719   0.21953   0.09336   0.08439   0.03183   1.24028   0.03152   0.01061   0.01339  
 59  0.1285   7570.942255  x:  1.07159   2.41969   4.52396   2.16629   1.46832   0.00255   1.97571   1.16746   0.73940   0.39109   2.28226   0.05264   0.20662   0.21962   0.09336   0.08438   0.03183   1.24016   0.03152   0.01061   0.01338  
 60  0.1994   7570.939107  x:  1.06788   2.43747   4.52568   2.17907   1.48017   0.00041   1.97965   1.17775   0.74097   0.39049   2.28092   0.05265   0.20659   0.21966   0.09337   0.08437   0.03184   1.23972   0.03145   0.01060   0.01338  
 61  0.2253   7570.938270  x:  1.06833   2.44645   4.52805   2.18464   1.47609   0.00059   1.98962   1.17729   0.74069   0.39131   2.28232   0.05271   0.20653   0.21966   0.09337   0.08437   0.03184   1.23972   0.03141   0.01060   0.01338  
 62  0.1321   7570.937428  x:  1.07229   2.45048   4.53631   2.18972   1.47975   0.00000   1.99618   1.18102   0.74178   0.39112   2.28996   0.05273   0.20652   0.21964   0.09337   0.08438   0.03183   1.23956   0.03132   0.01060   0.01338  
 63  0.0773   7570.936635  x:  1.07505   2.46374   4.55935   2.18891   1.48477   0.00000   2.00327   1.18650   0.74350   0.39071   2.29805   0.05287   0.20640   0.21962   0.09338   0.08438   0.03183   1.23922   0.03119   0.01059   0.01339  
 64  0.1568   7570.936364  x:  1.08003   2.46723   4.56808   2.19544   1.48863   0.00000   2.01048   1.19055   0.74460   0.39047   2.30542   0.05284   0.20644   0.21959   0.09338   0.08438   0.03183   1.23922   0.03110   0.01059   0.01339  
 65  0.0199   7570.936361  x:  1.08021   2.46712   4.56775   2.19520   1.48824   0.00000   2.01020   1.19023   0.74460   0.39044   2.30547   0.05284   0.20644   0.21959   0.09338   0.08438   0.03183   1.23923   0.03110   0.01059   0.01339  
 66  0.0008   7570.936361  x:  1.08021   2.46712   4.56775   2.19520   1.48824   0.00000   2.01020   1.19023   0.74460   0.39044   2.30547   0.05284   0.20644   0.21959   0.09338   0.08438   0.03183   1.23923   0.03110   0.01059   0.01339  
 67  0.0001   7570.936361  x:  1.08021   2.46712   4.56775   2.19520   1.48824   0.00000   2.01020   1.19023   0.74460   0.39044   2.30547   0.05284   0.20644   0.21959   0.09338   0.08438   0.03183   1.23923   0.03110   0.01059   0.01339  
check convergence!
