

TREE # 1

  0  0.0000   3354.479096  x:  0.40850   0.91970   0.88619   0.10133   0.86274   0.27999   0.66638   0.17364   0.32537   0.57916   0.59761   0.13304   0.00000   0.17433   0.05698   0.00586   0.02071   2.00000   0.20000  
  1 99.0000   3321.369991  x:  0.42946   0.93007   0.89730   0.16113   0.87023   0.29387   0.66928   0.18486   0.33709   0.58382   0.62072   0.14215   0.04248   0.17125   0.09875   0.01207   0.00000   1.98966   0.26959  
  2 505.1671   3307.725547  x:  0.45645   0.94343   0.91161   0.23801   0.87985   0.31174   0.67299   0.19930   0.35218   0.58980   0.65048   0.15369   0.09664   0.16723   0.15226   0.02007   0.00600   1.97636   0.35830  
  3 11030.2956   3297.287302  x:  0.47414   0.95253   0.92158   0.27623   0.88493   0.32174   0.67379   0.20762   0.36218   0.59262   0.67012   0.14531   0.09691   0.15936   0.16127   0.00133   0.00608   1.96911   0.34364  
  4 262.8589   3239.497759  x:  0.63803   1.03731   1.01465   0.62262   0.93136   0.41327   0.68029   0.28410   0.45487   0.61832   0.85207   0.06019   0.08361   0.08437   0.23200   0.01534   0.00513   1.90216   0.17407  
  5 1623.5586   3230.900527  x:  0.68123   1.06655   1.04846   0.66627   0.94412   0.43304   0.68127   0.30319   0.47991   0.62706   0.89834   0.03111   0.03775   0.09369   0.18007   0.01706   0.00489   1.87517   0.19612  
  6 179.4913   3221.948367  x:  0.74188   1.11167   1.10126   0.70326   0.96154   0.45744   0.68081   0.32787   0.51380   0.63932   0.96264   0.06440   0.04114   0.12978   0.08484   0.01845   0.00481   1.83228   0.19407  
  7 253.5901   3213.346406  x:  0.82504   1.19440   1.19911   0.63783   0.98434   0.47610   0.67285   0.35153   0.55240   0.65685   1.04679   0.11116   0.00000   0.18204   0.12063   0.01871   0.00450   1.74645   0.18404  
  8 82.9676   3203.562402  x:  0.96361   1.34704   1.37114   0.46903   1.02248   0.49704   0.65333   0.37673   0.59688   0.68042   1.18977   0.11032   0.03094   0.08145   0.12918   0.01792   0.00445   1.58253   0.18230  
  9 130.5883   3200.989400  x:  1.00248   1.40097   1.42498   0.41697   1.03600   0.49903   0.64326   0.36500   0.58077   0.67652   1.23800   0.03341   0.08994   0.12085   0.13298   0.01732   0.00458   1.51894   0.17016  
 10 57.3750   3199.966181  x:  0.99733   1.43578   1.45272   0.43382   1.05487   0.49565   0.63938   0.30154   0.48968   0.64105   1.27563   0.04257   0.08130   0.11803   0.13111   0.01741   0.00454   1.46030   0.16975  
 11 13.0252   3198.370545  x:  0.84619   1.49499   1.46387   0.47452   1.12980   0.47978   0.74824   0.31779   0.51083   0.65689   1.31789   0.04270   0.08022   0.11905   0.13041   0.01740   0.00440   1.30879   0.15893  
 12  4.2708   3192.239901  x:  0.69109   1.78619   1.66228   0.61271   1.31297   0.43945   0.66309   0.17228   0.71982   0.68241   1.48691   0.04650   0.08805   0.12664   0.13742   0.01805   0.00400   1.46931   0.15070  
 13  4.9872   3180.621407  x:  0.69564   2.30460   2.08670   0.85267   1.56486   0.49565   0.63614   0.60672   0.60775   0.64016   1.75574   0.06527   0.10077   0.14336   0.15664   0.01967   0.00295   1.89115   0.12922  
 14 23.9823   3168.708369  x:  1.38555   2.25266   2.15876   1.10769   1.17647   0.62079   0.69770   0.53577   0.59788   1.13799   1.78379   0.09689   0.09699   0.15737   0.17031   0.02111   0.00178   1.68109   0.10301  
 15 11.5960   3162.679731  x:  1.77425   2.01804   2.01536   1.14552   1.01276   0.78708   0.72380   0.50615   0.82938   0.72784   1.93045   0.11281   0.10068   0.16727   0.18532   0.02200   0.00127   1.48225   0.10580  
 16 13.8088   3161.912548  x:  1.83582   1.89369   1.98231   1.13848   1.21664   0.82028   0.66005   0.51443   0.81245   0.78106   1.99207   0.11077   0.10467   0.16808   0.18915   0.02200   0.00118   1.46429   0.10582  
 17  3.2485   3160.716735  x:  1.93672   1.81196   2.12272   1.19290   1.34451   0.59573   0.80618   0.50372   0.79788   0.80856   2.09793   0.09805   0.11594   0.16602   0.19337   0.02168   0.00115   1.53569   0.10897  
 18  2.5647   3155.511609  x:  1.90181   1.98676   3.23798   1.65845   1.47534   0.68344   0.68927   0.60843   0.83025   0.76486   1.75074   0.01113   0.17012   0.13204   0.18853   0.01909   0.00101   1.42763   0.09747  
 19  2.8557   3154.475864  x:  1.88829   2.03363   3.30168   1.67724   1.46547   0.79758   0.75563   0.58582   0.81955   0.78922   1.81871   0.00000   0.17943   0.12907   0.19093   0.01877   0.00099   1.47500   0.09620  
 20  4.8571   3152.301314  x:  1.83772   2.30620   3.20387   1.79651   1.29933   0.81632   0.61701   0.70502   0.78642   0.88827   2.36318   0.00000   0.19565   0.11683   0.19941   0.01701   0.00103   1.50018   0.09605  
 21  3.7214   3149.666151  x:  2.08462   2.64680   3.11470   1.94293   1.49678   0.79990   0.71632   0.72193   0.82515   0.84799   2.62893   0.00000   0.21366   0.10023   0.20494   0.01434   0.00109   1.51052   0.07859  
 22  3.9775   3148.292142  x:  2.37436   3.21873   2.70285   2.08370   1.61066   0.84787   0.84774   0.69344   0.84156   0.87181   2.62490   0.00000   0.19997   0.10398   0.20794   0.01206   0.00143   1.51807   0.07886  
 23  1.1557   3145.508751  x:  2.59657   3.01143   3.29238   2.50806   1.61310   1.12294   1.06448   0.65813   0.91282   0.95956   3.20623   0.00000   0.21228   0.11564   0.21246   0.00479   0.00256   1.53679   0.06589  
 24  0.9022   3144.526287  x:  2.66242   2.87068   3.45031   2.68938   1.60796   1.12967   1.04503   0.68253   0.95919   0.97047   3.28665   0.00000   0.17412   0.12602   0.20506   0.00567   0.00314   1.54540   0.06920  
 25  0.2306   3143.744908  x:  2.89238   3.11039   3.63899   3.09305   1.76175   1.13855   1.04501   0.75320   1.03479   1.01567   3.42588   0.00000   0.15519   0.13034   0.20186   0.00612   0.00386   1.55204   0.06069  
 26  0.4376   3143.688341  x:  2.91778   3.13690   3.66015   3.13788   1.77882   1.13955   1.04502   0.76103   1.04316   1.02068   3.44124   0.01387   0.15315   0.13081   0.20151   0.00617   0.00394   1.55281   0.05975  
 27 41.3793   3143.108966  x:  3.01476   3.26376   3.97030   3.51613   1.90450   1.15022   1.04679   0.81594   1.09291   1.04957   3.46202   0.00000   0.17265   0.12878   0.20396   0.00733   0.00479   1.59248   0.05907  
 28  0.3036   3142.954923  x:  3.14015   3.39202   4.20282   3.85594   2.00924   1.18332   1.08836   0.84900   1.13816   1.08592   3.53936   0.00000   0.18833   0.12693   0.20748   0.00735   0.00554   1.59344   0.05511  
 29  0.4196   3142.895260  x:  3.20809   3.44268   4.21569   4.02526   2.03789   1.19310   1.12380   0.85486   1.15939   1.10633   3.58760   0.00000   0.17937   0.12664   0.20773   0.00710   0.00611   1.56985   0.05397  
 30  0.0944   3142.877557  x:  3.18765   3.43910   4.20085   4.04640   2.03600   1.19956   1.14447   0.84888   1.15552   1.10929   3.59162   0.00000   0.18431   0.12610   0.20925   0.00717   0.00630   1.57360   0.05440  
 31  0.0278   3142.853107  x:  3.15515   3.45831   4.16161   4.09573   2.04299   1.20875   1.17243   0.84779   1.15328   1.11401   3.61407   0.00000   0.18465   0.12582   0.21046   0.00744   0.00667   1.58654   0.05390  
 32  0.0375   3142.827805  x:  3.01175   3.37690   4.01480   3.97296   1.99129   1.18410   1.14618   0.83874   1.12631   1.08642   3.55752   0.00000   0.17925   0.12534   0.20887   0.00770   0.00680   1.58343   0.05581  
 33  0.0875   3142.807701  x:  2.92402   3.32221   4.00630   3.96287   1.97622   1.16240   1.10766   0.84447   1.11830   1.06816   3.49815   0.00000   0.18293   0.12491   0.20781   0.00746   0.00708   1.57021   0.05632  
 34  0.0521   3142.801801  x:  2.93902   3.33790   4.01810   4.02935   1.98572   1.16015   1.11377   0.84296   1.12343   1.07663   3.49053   0.00000   0.18222   0.12603   0.20792   0.00704   0.00739   1.57296   0.05608  
 35  0.0308   3142.797497  x:  2.91479   3.30494   3.97558   3.97909   1.96292   1.14656   1.10022   0.82895   1.11269   1.06919   3.44390   0.00000   0.18121   0.12659   0.20751   0.00705   0.00745   1.57879   0.05684  
 36  0.0326   3142.794882  x:  2.94681   3.29733   3.98223   3.98244   1.95803   1.14657   1.10097   0.81923   1.11259   1.06969   3.43032   0.00000   0.18215   0.12591   0.20803   0.00716   0.00748   1.57532   0.05686  
 37  0.0185   3142.794258  x:  2.94178   3.29040   3.97128   3.98597   1.95365   1.14802   1.09973   0.81870   1.11032   1.06678   3.43086   0.00000   0.18197   0.12540   0.20813   0.00720   0.00759   1.57308   0.05686  
 38  0.0081   3142.793704  x:  2.95548   3.29416   3.97788   3.98965   1.95318   1.15451   1.09715   0.82180   1.10896   1.06691   3.44156   0.00000   0.18195   0.12558   0.20810   0.00716   0.00763   1.57528   0.05678  
 39  0.0056   3142.793318  x:  2.94833   3.29030   3.96745   3.97763   1.94822   1.15421   1.09524   0.82198   1.10441   1.06642   3.43306   0.00000   0.18221   0.12582   0.20796   0.00720   0.00771   1.57415   0.05695  
 40  0.0053   3142.792742  x:  2.96010   3.29870   3.97795   3.97794   1.95312   1.15430   1.09952   0.82511   1.10566   1.06947   3.43347   0.00000   0.18176   0.12583   0.20771   0.00717   0.00782   1.57282   0.05676  
 41  0.0045   3142.792429  x:  2.95895   3.29206   3.98057   3.96945   1.95244   1.15252   1.10009   0.82424   1.10693   1.06728   3.43173   0.00000   0.18217   0.12563   0.20787   0.00717   0.00790   1.57466   0.05682  
 42  0.0045   3142.792279  x:  2.95850   3.29343   3.98009   3.96996   1.95355   1.15254   1.09987   0.82506   1.10958   1.06700   3.43673   0.00000   0.18194   0.12566   0.20807   0.00716   0.00795   1.57419   0.05682  
 43  0.0025   3142.792222  x:  2.95811   3.29663   3.97755   3.96728   1.95314   1.15330   1.09896   0.82425   1.10990   1.06801   3.43792   0.00000   0.18201   0.12570   0.20820   0.00716   0.00796   1.57428   0.05680  
 44  0.0021   3142.792208  x:  2.95691   3.29730   3.98001   3.96821   1.95372   1.15399   1.09929   0.82399   1.10997   1.06851   3.43979   0.00000   0.18208   0.12563   0.20815   0.00716   0.00796   1.57418   0.05679  
 45  0.0012   3142.792202  x:  2.95619   3.29713   3.97973   3.96720   1.95366   1.15365   1.09917   0.82347   1.10966   1.06824   3.43964   0.00000   0.18198   0.12566   0.20809   0.00716   0.00797   1.57426   0.05680  
 46  0.0007   3142.792200  x:  2.95636   3.29790   3.97999   3.96769   1.95420   1.15343   1.09933   0.82349   1.10970   1.06810   3.44019   0.00000   0.18201   0.12569   0.20810   0.00717   0.00797   1.57420   0.05679  
 47  0.0007   3142.792199  x:  2.95631   3.29779   3.97993   3.96751   1.95421   1.15328   1.09929   0.82350   1.10964   1.06812   3.44024   0.00000   0.18201   0.12568   0.20811   0.00716   0.00797   1.57418   0.05679  
 48  0.0001   3142.792199  x:  2.95631   3.29780   3.97997   3.96756   1.95424   1.15327   1.09931   0.82350   1.10963   1.06814   3.44029   0.00000   0.18201   0.12568   0.20812   0.00716   0.00797   1.57420   0.05679  
 49  0.0001   3142.792199  x:  2.95631   3.29779   3.97998   3.96757   1.95424   1.15327   1.09931   0.82350   1.10963   1.06814   3.44028   0.00000   0.18201   0.12568   0.20812   0.00716   0.00797   1.57420   0.05679  
 50  0.0000   3142.792199  x:  2.95631   3.29779   3.97999   3.96758   1.95425   1.15327   1.09931   0.82350   1.10963   1.06814   3.44028   0.00000   0.18201   0.12568   0.20812   0.00716   0.00797   1.57420   0.05679  
 51  0.0000   3142.792199  x:  2.95631   3.29779   3.97999   3.96757   1.95425   1.15327   1.09931   0.82350   1.10963   1.06814   3.44027   0.00000   0.18201   0.12568   0.20812   0.00716   0.00797   1.57420   0.05679  
 52  0.0000   3142.792199  x:  2.95631   3.29779   3.97999   3.96757   1.95425   1.15327   1.09931   0.82350   1.10963   1.06814   3.44027   0.00000   0.18201   0.12568   0.20812   0.00716   0.00797   1.57420   0.05679  
 53  0.0000   3142.792199  x:  2.95631   3.29779   3.97999   3.96757   1.95425   1.15327   1.09931   0.82350   1.10963   1.06814   3.44027   0.00000   0.18201   0.12568   0.20812   0.00716   0.00797   1.57420   0.05679  