

TREE # 1

  0  0.0000   6772.962609  x:  0.00000   0.24566   0.23988   0.14483   0.20978   0.11934   0.19278   0.02630   0.19128   0.16096   0.20890   0.06111   0.01745   0.07344   0.09385   0.09397   0.07275   2.00000   0.20000   0.20000   0.20000  
  1 99.0000   6087.194646  x:  2.67513   0.44355   0.45226   0.37426   0.32400   0.22544   0.34404   0.27754   0.27703   0.25349   0.40840   0.17227   0.19969   0.11617   0.13077   0.01908   0.00000   1.98015   0.25793   0.18229   0.15562  
  2 9100.8012   6014.138686  x:  2.67784   0.46366   0.47224   0.38840   0.33698   0.23535   0.35968   0.28041   0.28812   0.26452   0.42219   0.16517   0.19264   0.11634   0.13202   0.00000   0.01449   1.97768   0.18173   0.17508   0.13325  
  3 852.1417   5997.306177  x:  2.67691   0.47164   0.48029   0.39458   0.34223   0.23934   0.36587   0.28206   0.29242   0.26862   0.42818   0.16224   0.19036   0.11597   0.13255   0.00000   0.00129   1.97591   0.16251   0.17221   0.12347  
  4 1867.5408   5924.595394  x:  2.64909   0.56001   0.57180   0.47326   0.40213   0.28474   0.43420   0.31043   0.33824   0.30929   0.50397   0.12893   0.17559   0.10548   0.13947   0.00000   0.00148   1.94273   0.16333   0.14040   0.00010  
  5 785.3107   5843.289550  x:  2.56766   0.80931   0.83009   0.69580   0.57112   0.41270   0.62687   0.39075   0.46725   0.42360   0.71835   0.03523   0.13459   0.07592   0.15938   0.00000   0.00180   1.84826   0.17443   0.05090   0.00284  
  6 1546.3681   5808.687002  x:  2.49021   0.95369   0.99224   0.87457   0.64606   0.45013   0.71167   0.45048   0.48699   0.41860   0.88885   0.25111   0.30641   0.15317   0.20634   0.00000   0.00273   1.72387   0.15520   0.07829   0.00324  
  7 375.6792   5779.584460  x:  2.46579   0.98649   1.05473   1.00815   0.62878   0.39828   0.68850   0.50248   0.41259   0.30905   1.01183   0.24872   0.41781   0.07173   0.17202   0.00000   0.00420   1.57621   0.12480   0.00749   0.00337  
  8 177.6117   5771.890188  x:  2.45499   0.99980   1.08528   1.07930   0.61718   0.36756   0.67330   0.53228   0.37958   0.25769   1.07687   0.21886   0.46550   0.03469   0.16119   0.00000   0.00493   1.49370   0.10865   0.04682   0.00339  
  9 519.7030   5760.573976  x:  2.44261   0.99852   1.11299   1.17538   0.58738   0.30731   0.63586   0.57478   0.35241   0.20791   1.16357   0.13578   0.52706   0.08961   0.20399   0.00000   0.00556   1.36684   0.08914   0.05551   0.00329  
 10 294.1516   5755.202336  x:  2.43583   0.97611   1.11429   1.22437   0.55741   0.24831   0.60120   0.58484   0.40686   0.26805   1.20714   0.10775   0.58764   0.08778   0.18594   0.00000   0.00598   1.28230   0.07876   0.05460   0.00327  
 11 99.6312   5752.694339  x:  2.44041   0.97410   1.14605   1.24245   0.58956   0.20124   0.64098   0.46821   0.40228   0.27201   1.22623   0.08208   0.60982   0.12732   0.12187   0.00000   0.00590   1.24248   0.08058   0.05898   0.00317  
 12 19.9151   5750.365065  x:  2.44396   0.95749   1.17630   1.25932   0.63983   0.16464   0.68637   0.34929   0.40037   0.28211   1.24489   0.06526   0.63798   0.09733   0.17655   0.00000   0.00599   1.21858   0.07991   0.05978   0.00295  
 13 30.1560   5742.313533  x:  2.42084   0.87511   1.29192   1.32031   0.83465   0.18562   0.77646   0.39968   0.39441   0.28468   1.31771   0.05216   0.63261   0.10795   0.15368   0.00000   0.00697   1.29561   0.06671   0.06388   0.00210  
 14  9.3105   5725.298802  x:  2.39205   0.99227   1.65793   1.43960   0.91269   0.01648   0.77650   0.43310   0.42420   0.27581   1.47309   0.17458   0.32331   0.11253   0.16326   0.00000   0.00807   1.46426   0.06348   0.07268   0.00039  
 15 47.1625   5723.197957  x:  2.39247   1.01800   1.67825   1.45297   0.88192   0.09786   0.75588   0.40406   0.42772   0.27754   1.49114   0.20022   0.26286   0.11469   0.16171   0.00000   0.00826   1.42841   0.06205   0.07302   0.00018  
 16 24.4409   5717.549550  x:  2.40223   1.12923   1.64094   1.39929   0.70646   0.18948   0.92542   0.36733   0.35298   0.34561   1.43411   0.28161   0.11193   0.11978   0.15733   0.00000   0.00879   1.40634   0.05946   0.06916   0.00040  
 17  6.4598   5714.406911  x:  2.40944   1.24220   1.62149   1.35174   0.70834   0.24950   0.87632   0.30922   0.47484   0.25413   1.38904   0.29452   0.09276   0.12448   0.14934   0.00000   0.00902   1.44956   0.05899   0.06772   0.00060  
 18 15.5090   5712.860251  x:  2.41043   1.36067   1.61524   1.30550   0.77388   0.27036   0.77069   0.29272   0.41615   0.31194   1.35951   0.27981   0.11460   0.12825   0.14736   0.00000   0.00908   1.46919   0.05997   0.06850   0.00067  
 19 10.4925   5708.661882  x:  2.40383   1.66665   1.46562   1.12527   0.81915   0.22913   0.87305   0.39095   0.46137   0.30082   1.28459   0.25020   0.13770   0.12597   0.16181   0.00000   0.00940   1.38126   0.06045   0.06840   0.00058  
 20  5.0522   5702.510567  x:  2.39097   1.78950   1.25535   1.23307   0.77925   0.24178   0.94629   0.37579   0.48639   0.33605   1.45810   0.24193   0.08586   0.14455   0.16136   0.00000   0.00984   1.60828   0.06785   0.07467   0.00054  
 21  9.0497   5699.664590  x:  2.38934   1.59511   1.55219   1.23888   0.78604   0.27534   0.92680   0.39795   0.50587   0.34399   1.34514   0.26767   0.01476   0.14609   0.16888   0.00000   0.00996   1.57839   0.07062   0.07377   0.00063  
 22  6.9253   5699.122600  x:  2.38452   1.58774   1.63654   1.23389   0.72736   0.30317   0.93576   0.39837   0.50813   0.34819   1.31568   0.23778   0.06634   0.14601   0.17055   0.00000   0.00993   1.61165   0.07153   0.07450   0.00064  
 23  8.8984   5681.609563  x:  2.24059   1.89803   1.85634   1.94150   1.01463   0.31413   0.95082   0.48951   0.62911   0.45057   1.65785   0.09124   0.18913   0.10380   0.23363   0.00000   0.00748   1.45378   0.05409   0.05818   0.00105  
 24  0.4743   5679.822750  x:  2.22919   1.85883   1.99804   1.59831   1.02757   0.32805   0.96222   0.48507   0.64060   0.45946   2.09943   0.09087   0.18299   0.10611   0.22825   0.00000   0.00723   1.45709   0.05241   0.05640   0.00112  
 25  3.2846   5673.641651  x:  2.16921   2.08598   2.29253   1.86819   1.12348   0.30595   1.16115   0.44077   0.67086   0.48728   2.08197   0.14867   0.10003   0.14171   0.15680   0.00000   0.00669   1.58154   0.04616   0.04795   0.00131  
 26  0.6629   5670.241180  x:  2.12433   2.16915   2.52141   1.98076   1.19981   0.31153   1.28287   0.40866   0.69729   0.48881   2.14594   0.17172   0.09936   0.13707   0.15257   0.00000   0.00630   1.62736   0.05007   0.04910   0.00156  
 27  0.3318   5666.522701  x:  2.00888   2.53553   2.93735   2.28981   1.34557   0.30407   1.45590   0.43587   0.74365   0.48966   2.42849   0.16311   0.12921   0.09502   0.20196   0.00000   0.00578   1.63244   0.04180   0.04894   0.00203  
 28  0.4753   5664.242308  x:  1.91143   2.87220   3.28293   2.49758   1.44424   0.28970   1.58408   0.49614   0.76648   0.47629   2.68780   0.08807   0.20366   0.13015   0.17257   0.00000   0.00632   1.61810   0.03754   0.06337   0.00243  
 29  0.5069   5663.055606  x:  1.87273   3.01309   3.43090   2.56713   1.48636   0.28909   1.64062   0.52798   0.76168   0.44543   2.81223   0.10751   0.17649   0.13322   0.16985   0.00000   0.00724   1.60790   0.03871   0.06885   0.00273  
 30  0.2279   5662.413255  x:  1.80387   3.24988   3.67488   2.73759   1.56915   0.28918   1.72906   0.57590   0.76551   0.41979   3.02804   0.10648   0.17360   0.12457   0.17896   0.00000   0.00789   1.60412   0.03526   0.07583   0.00317  
 31  0.3394   5662.179277  x:  1.78488   3.32693   3.73527   2.79796   1.58294   0.29632   1.74265   0.60033   0.75383   0.40747   3.09436   0.07731   0.20056   0.12426   0.18011   0.00000   0.00819   1.61763   0.03519   0.08404   0.00338  
 32  0.1088   5661.772296  x:  1.78714   3.30609   3.72145   2.86488   1.61452   0.32427   1.72430   0.62205   0.71531   0.39439   3.15616   0.08393   0.20709   0.11987   0.16882   0.00000   0.00813   1.61848   0.03536   0.09620   0.00387  
 33  0.0376   5661.056518  x:  1.83115   3.17437   3.57279   2.89577   1.60589   0.37587   1.66132   0.61628   0.67308   0.42378   3.13936   0.04867   0.23301   0.11667   0.16881   0.00000   0.00745   1.64097   0.03512   0.11735   0.00448  
 34  0.0792   5660.605024  x:  1.89539   2.98087   3.37733   2.81536   1.56980   0.40346   1.60482   0.57602   0.66039   0.45642   3.02576   0.06325   0.20996   0.11619   0.17286   0.00000   0.00688   1.64085   0.03615   0.12459   0.00476  
 35  0.2968   5659.548664  x:  1.94556   2.94942   3.34513   2.81404   1.59153   0.44102   1.65523   0.54412   0.66087   0.47613   3.03579   0.02935   0.24046   0.12608   0.17870   0.00000   0.00737   1.60291   0.03653   0.16966   0.00626  
 36  0.0416   5658.460697  x:  1.94494   3.17608   3.59738   2.86043   1.67103   0.43452   1.85707   0.52688   0.71426   0.46198   3.15559   0.04187   0.23849   0.13279   0.18129   0.00000   0.00873   1.57233   0.03468   0.21478   0.00816  
 37  0.2582   5657.455914  x:  1.98700   3.30065   3.71504   2.93317   1.72150   0.46292   1.98286   0.53090   0.72392   0.46124   3.23993   0.01553   0.26635   0.12868   0.17838   0.00000   0.00914   1.60987   0.03287   0.28111   0.01061  
 38  0.2066   5656.342003  x:  2.12919   3.28403   3.64454   2.85852   1.67974   0.47888   2.04040   0.55374   0.72342   0.45159   3.13980   0.01937   0.26041   0.11087   0.16508   0.00000   0.00852   1.70786   0.03353   0.37108   0.01398  
 39  0.1115   5655.816659  x:  2.22079   3.29834   3.63740   2.80529   1.66330   0.47673   2.08332   0.57539   0.74090   0.44287   3.09554   0.00650   0.27238   0.11206   0.16477   0.00000   0.00826   1.68063   0.03353   0.43934   0.01641  
 40  0.1295   5655.261301  x:  2.30120   3.31545   3.64314   2.72435   1.62474   0.43360   2.07179   0.62622   0.77212   0.42241   3.03629   0.01115   0.26843   0.11841   0.16913   0.00000   0.00755   1.60140   0.03322   0.49145   0.01828  
 41  0.1567   5654.958748  x:  2.37181   3.37664   3.70286   2.76488   1.60360   0.40177   2.03431   0.69137   0.76953   0.40638   3.06341   0.00586   0.26961   0.11447   0.16961   0.00000   0.00687   1.62954   0.03258   0.55495   0.02054  
 42  0.0743   5654.739613  x:  2.39590   3.31325   3.67483   2.79709   1.57632   0.37101   1.90775   0.69813   0.74797   0.42001   3.06643   0.00871   0.26897   0.11781   0.16860   0.00000   0.00674   1.66067   0.03365   0.56256   0.02069  
 43  0.0814   5654.590282  x:  2.39779   3.32222   3.73481   2.86637   1.60288   0.35514   1.86407   0.66768   0.74823   0.44526   3.14152   0.00688   0.27594   0.12126   0.16906   0.00000   0.00741   1.64398   0.03299   0.57181   0.02104  
 44  0.0699   5654.545047  x:  2.42137   3.34639   3.74780   2.86712   1.60301   0.35890   1.87573   0.64504   0.75185   0.45020   3.15276   0.00626   0.27085   0.11638   0.16948   0.00000   0.00773   1.63938   0.03301   0.58862   0.02171  
 45  0.0253   5654.535901  x:  2.43501   3.36477   3.76057   2.87614   1.60476   0.35965   1.87627   0.64478   0.75208   0.44709   3.16235   0.00658   0.27176   0.11612   0.16681   0.00000   0.00767   1.63915   0.03284   0.60035   0.02215  
 46  0.0205   5654.529132  x:  2.45247   3.37971   3.76365   2.88069   1.60419   0.36713   1.87620   0.64238   0.75236   0.44277   3.16485   0.00580   0.27270   0.11717   0.16775   0.00000   0.00753   1.63987   0.03282   0.61334   0.02263  
 47  0.0102   5654.526504  x:  2.44909   3.38412   3.76418   2.88413   1.60759   0.37505   1.87934   0.63707   0.75226   0.44216   3.16900   0.00621   0.27176   0.11713   0.16843   0.00000   0.00753   1.64226   0.03276   0.61024   0.02253  
 48  0.0081   5654.517955  x:  2.45202   3.37367   3.75800   2.87708   1.60809   0.38569   1.86429   0.63630   0.75453   0.44081   3.16469   0.00585   0.27218   0.11743   0.16658   0.00000   0.00743   1.64184   0.03282   0.60403   0.02228  
 49  0.0031   5654.500877  x:  2.46491   3.39325   3.78940   2.86796   1.61044   0.39556   1.83946   0.64579   0.76959   0.43261   3.16413   0.00625   0.27187   0.11627   0.16781   0.00000   0.00739   1.63819   0.03270   0.59550   0.02189  
 50  0.0155   5654.466119  x:  2.49667   3.48078   3.87818   2.89426   1.63217   0.38589   1.89535   0.64928   0.78530   0.43089   3.17630   0.00667   0.27272   0.11711   0.16892   0.00000   0.00796   1.64751   0.03217   0.60524   0.02210  
 51  0.0251   5654.263983  x:  2.66687   3.54483   3.97668   3.00318   1.70042   0.40212   1.92274   0.68046   0.77372   0.45178   3.20527   0.00699   0.27410   0.11825   0.16708   0.00000   0.00834   1.66920   0.03136   0.59409   0.02078  
 52  0.0314   5654.094097  x:  2.95463   3.72617   4.19407   3.19876   1.82957   0.42525   2.04734   0.73512   0.75933   0.47574   3.35440   0.00747   0.27281   0.11800   0.16777   0.00000   0.00854   1.66174   0.02896   0.60200   0.01966  
 53  0.3315   5654.013130  x:  3.05623   3.76381   4.24039   3.23323   1.85519   0.42349   2.10509   0.74978   0.75365   0.48065   3.44578   0.00815   0.27047   0.11725   0.16961   0.00000   0.00805   1.64602   0.02880   0.61215   0.01958  
 54  0.1047   5653.932308  x:  3.20594   3.95868   4.47692   3.36003   1.93608   0.43095   2.23588   0.78312   0.77926   0.47700   3.67734   0.00804   0.27089   0.11701   0.17028   0.00000   0.00760   1.64852   0.02699   0.63275   0.01964  
 55  0.2557   5653.893503  x:  3.20309   3.99182   4.54011   3.38880   1.94445   0.43226   2.27628   0.78911   0.80243   0.47153   3.78226   0.00778   0.27234   0.11753   0.16908   0.00000   0.00724   1.66238   0.02692   0.62647   0.01934  
 56  0.0835   5653.876589  x:  3.29822   4.06436   4.63482   3.50058   1.98686   0.44537   2.33735   0.81195   0.81420   0.47667   3.88436   0.00789   0.27208   0.11760   0.16881   0.00000   0.00732   1.66653   0.02607   0.63524   0.01922  
 57  0.1000   5653.862420  x:  3.31514   4.05367   4.61564   3.55265   1.98244   0.45639   2.34273   0.82124   0.82019   0.47652   3.88091   0.00775   0.27187   0.11751   0.16882   0.00000   0.00755   1.66543   0.02611   0.64537   0.01959  
 58  0.0361   5653.860396  x:  3.32646   4.08172   4.64201   3.57481   1.99030   0.46303   2.36251   0.83229   0.82768   0.47177   3.90098   0.00762   0.27219   0.11752   0.16901   0.00000   0.00756   1.66471   0.02591   0.64701   0.01959  
 59  0.0363   5653.859904  x:  3.31703   4.08561   4.64074   3.57003   1.98952   0.46354   2.36136   0.83395   0.82615   0.47160   3.89579   0.00769   0.27195   0.11752   0.16890   0.00000   0.00759   1.66487   0.02595   0.64574   0.01958  
 60  0.0050   5653.859159  x:  3.33331   4.11321   4.66661   3.59152   2.00230   0.46730   2.37389   0.84043   0.82409   0.47660   3.92010   0.00761   0.27211   0.11750   0.16885   0.00000   0.00759   1.66560   0.02578   0.64958   0.01966  
 61  0.0155   5653.859044  x:  3.33488   4.11401   4.66834   3.59171   2.00342   0.46864   2.37414   0.84097   0.82500   0.47742   3.92214   0.00758   0.27219   0.11752   0.16893   0.00000   0.00756   1.66544   0.02577   0.64938   0.01964  
 62  0.0025   5653.859031  x:  3.33551   4.11467   4.66904   3.59132   2.00379   0.46892   2.37446   0.84125   0.82533   0.47739   3.92192   0.00759   0.27214   0.11751   0.16890   0.00000   0.00756   1.66564   0.02577   0.64977   0.01966  
 63  0.0009   5653.859027  x:  3.33423   4.11284   4.66758   3.58997   2.00371   0.46861   2.37362   0.84108   0.82513   0.47743   3.92026   0.00759   0.27216   0.11751   0.16891   0.00000   0.00756   1.66563   0.02578   0.64964   0.01966  
 64  0.0014   5653.859023  x:  3.33405   4.11254   4.66819   3.59030   2.00453   0.46839   2.37390   0.84129   0.82522   0.47740   3.92123   0.00759   0.27214   0.11752   0.16891   0.00000   0.00756   1.66563   0.02577   0.64977   0.01966  
 65  0.0005   5653.859021  x:  3.33515   4.11385   4.66961   3.59127   2.00506   0.46851   2.37451   0.84143   0.82538   0.47731   3.92245   0.00760   0.27213   0.11750   0.16891   0.00000   0.00756   1.66562   0.02577   0.64986   0.01966  
 66  0.0009   5653.859020  x:  3.33518   4.11346   4.66943   3.59108   2.00530   0.46840   2.37440   0.84142   0.82535   0.47732   3.92188   0.00759   0.27214   0.11751   0.16891   0.00000   0.00756   1.66565   0.02577   0.64994   0.01966  
 67  0.0003   5653.859017  x:  3.33679   4.11494   4.67108   3.59252   2.00633   0.46833   2.37531   0.84162   0.82554   0.47725   3.92250   0.00759   0.27214   0.11751   0.16890   0.00000   0.00756   1.66572   0.02576   0.65029   0.01966  
 68  0.0004   5653.859001  x:  3.33379   4.11339   4.66848   3.59176   2.00488   0.46797   2.37454   0.84132   0.82532   0.47742   3.92097   0.00760   0.27212   0.11750   0.16891   0.00000   0.00755   1.66559   0.02577   0.65045   0.01966  
 69  0.0006   5653.858953  x:  3.33237   4.11472   4.66785   3.59473   2.00596   0.46680   2.37476   0.84092   0.82553   0.47737   3.91814   0.00760   0.27210   0.11749   0.16891   0.00000   0.00753   1.66551   0.02577   0.65376   0.01965  
 70  0.0011   5653.858631  x:  3.33224   4.11603   4.66640   3.59387   2.00744   0.46749   2.37100   0.83984   0.82589   0.47668   3.91747   0.00755   0.27215   0.11751   0.16890   0.00000   0.00755   1.66556   0.02578   0.66514   0.01964  
 71  0.0015   5653.857750  x:  3.32477   4.11710   4.65015   3.58608   2.00787   0.46836   2.35767   0.83647   0.82641   0.47495   3.91403   0.00733   0.27238   0.11756   0.16888   0.00000   0.00759   1.66557   0.02583   0.72952   0.01963  
 72  0.0282   5653.854880  x:  3.33102   4.12732   4.63275   3.58158   2.00840   0.46198   2.37294   0.84279   0.82648   0.47684   3.92650   0.00703   0.27269   0.11752   0.16894   0.00000   0.00756   1.66602   0.02580   0.89343   0.01956  
 73  0.0240   5653.851718  x:  3.33843   4.12413   4.64006   3.57470   2.01441   0.46132   2.36532   0.83625   0.82802   0.47396   3.91363   0.00661   0.27304   0.11758   0.16898   0.00000   0.00765   1.66531   0.02583   1.14256   0.01957  
 74  0.0313   5653.844883  x:  3.33145   4.10533   4.68856   3.59497   2.00362   0.46970   2.37941   0.84002   0.82496   0.47854   3.91984   0.00626   0.27311   0.11757   0.16905   0.00000   0.00759   1.66468   0.02575   1.87529   0.01944  
 75  0.1607   5653.843917  x:  3.32806   4.10478   4.67131   3.58953   2.00140   0.46845   2.37315   0.84010   0.82450   0.47755   3.91652   0.00591   0.27356   0.11755   0.16898   0.00000   0.00755   1.66550   0.02580   2.09867   0.01948  
 76  0.1727   5653.842773  x:  3.32469   4.10256   4.64985   3.58163   1.99917   0.46617   2.36352   0.84009   0.82397   0.47594   3.91020   0.00607   0.27354   0.11756   0.16888   0.00000   0.00750   1.66657   0.02587   2.39431   0.01949  
 77  0.2341   5653.840791  x:  3.33630   4.11484   4.67409   3.59407   2.00843   0.46676   2.37381   0.84252   0.82576   0.47759   3.92225   0.00570   0.27369   0.11756   0.16906   0.00000   0.00758   1.66487   0.02575   3.63904   0.01940  
 78  0.3436   5653.839566  x:  3.32666   4.10528   4.66609   3.58485   2.00129   0.46626   2.37162   0.83900   0.82505   0.47710   3.91414   0.00587   0.27359   0.11756   0.16898   0.00000   0.00757   1.66530   0.02582   4.76252   0.01950  
 79  0.4250   5653.838682  x:  3.32552   4.10554   4.65811   3.58365   2.00127   0.46658   2.36934   0.83887   0.82480   0.47669   3.91338   0.00555   0.27393   0.11757   0.16896   0.00000   0.00755   1.66579   0.02583   6.55057   0.01947  
 80  0.9285   5653.837946  x:  3.33730   4.11650   4.67415   3.59700   2.01039   0.46866   2.37626   0.84212   0.82550   0.47768   3.92453   0.00569   0.27368   0.11758   0.16908   0.00000   0.00757   1.66518   0.02573   9.92211   0.01935  
 81  0.8732   5653.837446  x:  3.32762   4.10581   4.66298   3.58530   2.00203   0.46674   2.37066   0.83936   0.82471   0.47689   3.91423   0.00549   0.27395   0.11756   0.16898   0.00000   0.00755   1.66547   0.02582  13.11538   0.01948  
 82  1.5844   5653.837066  x:  3.33694   4.11838   4.67473   3.59618   2.00826   0.46739   2.37669   0.84299   0.82630   0.47739   3.92655   0.00559   0.27386   0.11758   0.16898   0.00000   0.00756   1.66590   0.02573  20.39935   0.01942  
 83  1.6263   5653.836832  x:  3.33157   4.11018   4.66833   3.59005   2.00505   0.46700   2.37259   0.84089   0.82512   0.47724   3.91846   0.00545   0.27396   0.11757   0.16901   0.00000   0.00756   1.66539   0.02579  27.70859   0.01944  
 84  3.3371   5653.836673  x:  3.32794   4.10613   4.66293   3.58576   2.00253   0.46678   2.37049   0.83947   0.82476   0.47688   3.91442   0.00554   0.27389   0.11756   0.16899   0.00000   0.00755   1.66544   0.02582  37.73760   0.01946  
 85  3.2611   5653.836557  x:  3.33316   4.11321   4.66968   3.59195   2.00619   0.46757   2.37460   0.84117   0.82553   0.47722   3.92152   0.00546   0.27396   0.11757   0.16900   0.00000   0.00756   1.66563   0.02577  51.53082   0.01943  
 86  6.0871   5653.836414  x:  3.32856   4.10652   4.66472   3.58692   2.00347   0.46651   2.37087   0.83984   0.82464   0.47720   3.91460   0.00548   0.27391   0.11757   0.16901   0.00000   0.00757   1.66527   0.02581  102.59915   0.01945  
 87  7.9794   5653.836374  x:  3.33185   4.11124   4.66807   3.59024   2.00511   0.46714   2.37316   0.84089   0.82537   0.47712   3.91947   0.00546   0.27396   0.11757   0.16899   0.00000   0.00756   1.66556   0.02578  122.19704   0.01944  
 88 12.8102   5653.836325  x:  3.33330   4.11313   4.67035   3.59246   2.00633   0.46764   2.37457   0.84136   0.82541   0.47729   3.92175   0.00545   0.27397   0.11758   0.16899   0.00000   0.00755   1.66565   0.02577  251.83098   0.01943  
 89 16.2042   5653.836295  x:  3.33030   4.10904   4.66603   3.58835   2.00412   0.46690   2.37211   0.84029   0.82513   0.47705   3.91710   0.00547   0.27395   0.11756   0.16900   0.00000   0.00756   1.66545   0.02580  334.32541   0.01945  
 90 36.2772   5653.836290  x:  3.33151   4.11081   4.66780   3.59002   2.00506   0.46713   2.37306   0.84075   0.82526   0.47716   3.91906   0.00546   0.27396   0.11757   0.16900   0.00000   0.00756   1.66553   0.02578  377.47179   0.01944  
 91 26.0582   5653.836281  x:  3.33263   4.11236   4.66943   3.59150   2.00585   0.46730   2.37385   0.84120   0.82540   0.47725   3.92076   0.00545   0.27397   0.11757   0.16900   0.00000   0.00756   1.66559   0.02577  641.21196   0.01943  
 92 73.0052   5653.836266  x:  3.33058   4.10941   4.66648   3.58877   2.00433   0.46696   2.37229   0.84042   0.82515   0.47708   3.91755   0.00547   0.27395   0.11756   0.16900   0.00000   0.00756   1.66548   0.02579  897.53594   0.01944  
 93 83.8091   5653.836265  x:  3.33119   4.11028   4.66735   3.58958   2.00478   0.46708   2.37278   0.84064   0.82522   0.47713   3.91851   0.00546   0.27396   0.11757   0.16900   0.00000   0.00756   1.66551   0.02579  945.89276   0.01944  
 94 52.8431   5653.836264  x:  3.33135   4.11051   4.66758   3.58979   2.00490   0.46711   2.37291   0.84070   0.82524   0.47714   3.91875   0.00546   0.27396   0.11757   0.16900   0.00000   0.00756   1.66552   0.02579  999.00000   0.01944  
 95 251.7277   5653.836264  x:  3.33135   4.11051   4.66758   3.58979   2.00490   0.46711   2.37291   0.84070   0.82524   0.47714   3.91875   0.00546   0.27396   0.11757   0.16900   0.00000   0.00756   1.66552   0.02579  999.00000   0.01944  
 96  0.0007   5653.836264  x:  3.33128   4.11050   4.66749   3.58977   2.00489   0.46711   2.37287   0.84069   0.82524   0.47714   3.91875   0.00546   0.27396   0.11757   0.16900   0.00000   0.00756   1.66552   0.02579  999.00000   0.01944  