

TREE # 1

  0  0.0000   4367.365292  x:  0.01241   0.81529   1.00447   0.35261   0.55474   0.00000   0.80707   0.15225   0.72038   0.43599   0.50932   0.18801   0.04534   0.12231   0.09685   0.04609   0.07678   2.00000   0.20000   0.20000   0.20000  
  1 99.0000   4157.736773  x:  0.19312   0.85628   1.03591   0.41515   0.60893   0.13572   0.85239   0.20728   0.75139   0.46608   0.57712   0.26257   0.11635   0.17713   0.10863   0.00000   0.03145   1.96148   0.65108   0.20133   0.20716  
  2 1228.3639   4140.863571  x:  0.29538   0.88021   1.05425   0.45132   0.64034   0.21244   0.87886   0.23890   0.76943   0.48359   0.61642   0.30514   0.15677   0.20837   0.11532   0.06695   0.00641   1.93937   0.90130   0.20196   0.21121  
  3 13175.8634   4049.268453  x:  1.18429   1.57186   1.58497   1.19887   1.34670   0.80431   1.63307   0.73756   1.24049   0.94641   1.49320   0.73130   0.48610   0.43082   0.00000   0.05906   0.98736   1.60162   0.20827   0.07474   0.03007  
  4 213.9048   4047.860611  x:  1.18856   1.57733   1.58953   1.20391   1.35153   0.80615   1.63874   0.74030   1.24388   0.94962   1.49939   0.73361   0.48752   0.43135   0.00531   0.05895   0.99271   1.59852   0.20399   0.07842   0.04150  
  5 299.6815   4043.925255  x:  1.18576   1.61074   1.62115   1.22570   1.37342   0.78789   1.67039   0.74481   1.26140   0.96475   1.52972   0.73269   0.47980   0.41566   0.07368   0.05857   0.99784   1.57726   0.19925   0.11886   0.02752  
  6 130.4787   4027.605913  x:  1.07116   1.81916   1.82891   1.33349   1.48801   0.57780   1.86043   0.73520   1.36121   1.04593   1.69735   0.67113   0.37044   0.20495   0.09131   0.05879   0.97902   1.44601   0.26410   0.14572   0.03468  
  7 111.8171   3981.335242  x:  1.06676   2.24172   2.27090   1.53793   1.68746   0.24058   2.21396   0.67036   1.51061   1.14635   2.03366   0.64149   0.23272   0.02050   0.08404   0.04917   0.34652   1.22441   0.17046   0.12946   0.05161  
  8 128.4979   3959.789315  x:  1.03659   2.46035   2.49908   1.64171   1.79116   0.04871   2.39867   0.63572   1.59040   1.20095   2.20570   0.61609   0.15103   0.00593   0.08530   0.04438   0.03933   1.11045   0.13329   0.10219   0.06072  
  9 1934.9296   3958.826379  x:  1.03825   2.47699   2.51799   1.64708   1.79541   0.03254   2.41019   0.62858   1.59320   1.20139   2.21678   0.61514   0.14603   0.01003   0.07435   0.04412   0.02235   1.10223   0.13128   0.11844   0.06001  
 10 133.9437   3957.006670  x:  1.06074   2.50469   2.55608   1.64523   1.78968   0.00000   2.41999   0.59635   1.58244   1.18310   2.22807   0.62438   0.14594   0.01023   0.07896   0.04410   0.02152   1.10701   0.13158   0.10992   0.06051  
 11 32.3941   3955.367513  x:  1.02120   2.57113   2.65175   1.62768   1.83481   0.02015   2.47088   0.56049   1.56709   1.12068   2.24339   0.66754   0.12524   0.00749   0.07745   0.04410   0.01191   1.25667   0.13937   0.11928   0.06129  
 12 13.9238   3953.424214  x:  1.00309   2.63984   2.79671   1.55575   1.88603   0.11651   2.51866   0.52441   1.54911   1.01767   2.22191   0.67613   0.01713   0.01023   0.08201   0.04451   0.01656   1.29467   0.13940   0.11840   0.06341  
 13 14.7378   3949.794950  x:  0.83958   2.77850   3.11983   1.36103   1.98380   0.26167   2.61293   0.46414   1.53513   0.82545   2.14663   0.84140   0.05386   0.01176   0.08260   0.04423   0.02451   1.26874   0.14015   0.11291   0.06140  
 14 29.7706   3942.590850  x:  0.79482   3.00212   3.69288   1.04391   1.80222   0.30753   2.54863   0.61414   1.68041   1.25277   2.08515   0.70574   0.21043   0.01801   0.09996   0.04468   0.03255   1.51010   0.15013   0.10815   0.06641  
 15  7.0786   3932.868466  x:  0.57064   3.00397   3.77427   1.62679   1.80193   0.19621   2.27228   0.75258   1.38956   1.11357   2.65275   0.58893   0.28479   0.02482   0.13334   0.04298   0.02125   1.42977   0.17905   0.09841   0.07296  
 16  4.9521   3929.576062  x:  0.68001   2.90953   3.56061   1.67814   1.93394   0.00000   2.50834   0.55594   1.64579   1.15503   2.60948   0.79525   0.14486   0.02685   0.13427   0.04267   0.02392   1.43417   0.18652   0.11661   0.07279  
 17  4.9563   3929.576062  x:  0.68001   2.90953   3.56061   1.67814   1.93394   0.00000   2.50834   0.55594   1.64579   1.15503   2.60948   0.79525   0.14486   0.02685   0.13427   0.04267   0.02392   1.43417   0.18652   0.11661   0.07279  
 18  3.0461   3918.273285  x:  0.68287   2.91035   3.56115   1.67840   1.93443   0.00061   2.50912   0.55563   1.64530   1.15424   2.60985   0.79714   0.14633   0.09656   0.15626   0.01561   0.01517   1.43447   0.15946   0.12332   0.11582  
 19 285.6376   3917.046975  x:  0.68665   2.91164   3.56210   1.67926   1.93582   0.00249   2.51069   0.55627   1.64561   1.15411   2.61080   0.79377   0.14249   0.11817   0.15916   0.01205   0.02709   1.43403   0.17499   0.12620   0.10930  
 20 94.9338   3916.103020  x:  0.69403   2.91404   3.56381   1.68062   1.93811   0.00547   2.51344   0.55689   1.64567   1.15333   2.61239   0.78584   0.13363   0.14148   0.15620   0.01764   0.02338   1.43457   0.17202   0.13045   0.08698  
 21 72.1971   3915.835532  x:  0.70229   2.91676   3.56577   1.68222   1.94075   0.00888   2.51659   0.55770   1.64587   1.15258   2.61427   0.77923   0.12616   0.14519   0.14584   0.01175   0.01958   1.43394   0.17341   0.13509   0.08546  
 22 31.9168   3914.476356  x:  0.75270   2.93330   3.57768   1.69186   1.95667   0.02933   2.53571   0.56242   1.64693   1.14784   2.62562   0.74057   0.08243   0.16598   0.08539   0.01513   0.02122   1.42994   0.17150   0.16280   0.09695  
 23 123.5255   3913.607992  x:  0.80927   2.95193   3.59126   1.70261   1.97418   0.05069   2.55724   0.56731   1.64842   1.14293   2.63855   0.69653   0.03626   0.16346   0.08715   0.00855   0.03092   1.42533   0.16076   0.16313   0.10199  
 24 39.2448   3912.671225  x:  0.85659   2.96757   3.60269   1.71170   1.98892   0.06856   2.57536   0.57154   1.64988   1.13906   2.64949   0.66121   0.00000   0.16261   0.09259   0.01090   0.02660   1.42088   0.16183   0.16216   0.11040  
 25 303.2336   3906.934224  x:  1.51425   3.18757   3.76798   1.83770   2.18610   0.27540   2.82867   0.61970   1.67818   1.10260   2.81022   0.53856   0.12818   0.17848   0.07133   0.01249   0.02482   1.35455   0.13330   0.06223   0.11448  
 26 25.7769   3904.976931  x:  1.83092   3.29485   3.85012   1.89763   2.27703   0.36272   2.95249   0.64001   1.69687   1.09307   2.88870   0.49729   0.19864   0.16512   0.10304   0.01399   0.02388   1.33073   0.11834   0.13153   0.10797  
 27 120.2231   3902.422609  x:  2.31170   3.48014   4.01997   1.95629   2.30315   0.20003   3.15503   0.57127   1.79645   1.21861   3.01419   0.57954   0.16704   0.16096   0.11097   0.01408   0.02249   1.63800   0.12024   0.13693   0.11369  
 28 13.0584   3901.300089  x:  2.51176   3.58107   4.13520   1.96189   2.29827   0.00000   3.26853   0.55018   1.88259   1.30963   3.08244   0.66681   0.10173   0.16681   0.10708   0.01399   0.02248   1.50716   0.11283   0.12882   0.10859  
 29  7.7466   3901.300089  x:  2.51176   3.58107   4.13520   1.96189   2.29827   0.00000   3.26853   0.55018   1.88259   1.30963   3.08244   0.66681   0.10173   0.16681   0.10708   0.01399   0.02248   1.50716   0.11283   0.12882   0.10859  
 30  1.8425   3900.151987  x:  2.51193   3.58119   4.13532   1.96203   2.29858   0.00046   3.26873   0.55051   1.88277   1.30972   3.08259   0.66669   0.10156   0.16854   0.10772   0.01384   0.02178   1.50655   0.12578   0.12900   0.11048  
 31 185.1261   3899.697229  x:  2.51325   3.58191   4.13620   1.96272   2.30064   0.00347   3.26990   0.55247   1.88341   1.30952   3.08342   0.66497   0.09904   0.18684   0.11393   0.01380   0.01675   1.50396   0.12493   0.13060   0.12822  
 32 35.6075   3899.573176  x:  2.51403   3.58234   4.13673   1.96312   2.30185   0.00523   3.27060   0.55361   1.88378   1.30941   3.08391   0.66288   0.09649   0.19490   0.11479   0.01593   0.02164   1.50271   0.12482   0.13038   0.13147  
 33 45.4427   3899.281504  x:  2.51681   3.58387   4.13859   1.96455   2.30613   0.01142   3.27307   0.55765   1.88513   1.30904   3.08564   0.65340   0.08544   0.21697   0.11161   0.00932   0.02492   1.49880   0.12446   0.12708   0.12934  
 34 41.3160   3898.771873  x:  2.52324   3.58743   4.14291   1.96786   2.31601   0.02564   3.27879   0.56693   1.88823   1.30820   3.08966   0.63095   0.05962   0.26174   0.09986   0.01502   0.01973   1.48991   0.12377   0.11798   0.12122  
 35 117.3925   3898.393238  x:  2.53100   3.59174   4.14816   1.97184   2.32735   0.04138   3.28553   0.57728   1.89184   1.30731   3.09457   0.61041   0.03867   0.27550   0.06970   0.01439   0.02058   1.47853   0.12273   0.10392   0.13641  
 36 26.4412   3898.221211  x:  2.54090   3.59729   4.15494   1.97691   2.34080   0.05885   3.29385   0.58893   1.89622   1.30646   3.10094   0.59338   0.02901   0.27095   0.07778   0.01420   0.02082   1.46475   0.12156   0.08632   0.14144  
 37 12.0280   3897.750941  x:  2.58986   3.62486   4.18866   2.00158   2.40422   0.13798   3.33427   0.64195   1.91714   1.30314   3.13243   0.54723   0.03393   0.25644   0.08649   0.01411   0.02093   1.40111   0.11618   0.11381   0.14271  
 38 14.5143   3897.282612  x:  2.65393   3.66155   4.23349   2.03288   2.47896   0.22412   3.38570   0.70018   1.94318   1.30126   3.17347   0.53891   0.09436   0.26637   0.07738   0.01430   0.02064   1.34815   0.11040   0.09551   0.13536  
 39 21.7939   3896.108150  x:  2.97088   3.85549   4.46905   2.17345   2.71407   0.38027   3.62022   0.81384   2.05616   1.33722   3.37325   0.53040   0.11330   0.25644   0.08301   0.01424   0.02055   1.55725   0.10246   0.10490   0.14262  
 40  7.3991   3894.018405  x:  3.62352   4.29248   4.99609   2.43610   2.99799   0.26402   4.07015   0.80263   2.26673   1.48813   3.79175   0.65118   0.02754   0.25283   0.08457   0.01418   0.02033   1.49761   0.08342   0.10333   0.13884  
 41 10.2473   3893.368401  x:  3.87204   4.46171   5.21086   2.50916   3.07369   0.13681   4.21610   0.76038   2.28938   1.49759   3.93449   0.50801   0.11780   0.26375   0.07931   0.01409   0.02043   1.49878   0.08081   0.10021   0.14666  
 42  8.2384   3892.476259  x:  4.20859   4.68521   5.54912   2.49253   3.16977   0.01456   4.33439   0.80802   2.16521   1.34196   4.03724   0.56413   0.07659   0.26106   0.08092   0.01401   0.02039   1.49173   0.08403   0.10029   0.14630  
 43  2.4243   3892.169077  x:  4.26925   4.72661   5.62061   2.48458   3.17836   0.00000   4.34663   0.82991   2.19201   1.40373   4.05321   0.56630   0.07512   0.26096   0.08098   0.01398   0.02038   1.49359   0.08381   0.10019   0.14673  
 44  3.1836   3891.277988  x:  4.66706   5.07543   6.25718   2.73068   3.27515   0.20628   4.58475   0.58355   2.58326   1.53882   4.45072   0.59222   0.05519   0.26196   0.07986   0.01380   0.02020   1.49760   0.07820   0.09858   0.14897  
 45  1.8561   3890.105285  x:  5.20226   5.60429   7.17596   3.11671   3.38611   0.17006   5.18065   0.98987   2.79587   1.78867   5.04955   0.61588   0.03524   0.26418   0.07800   0.01357   0.01993   1.51758   0.06516   0.09704   0.15254  
 46  3.8565   3889.544640  x:  5.45926   5.84058   7.64052   3.16209   3.97697   0.10636   5.64789   1.00378   2.66421   2.11089   5.23656   0.59757   0.04145   0.26570   0.07848   0.01356   0.01997   1.51907   0.06115   0.09677   0.15454  
 47  1.3796   3889.173880  x:  5.63554   5.98846   7.89783   3.21718   4.17906   0.00000   5.81638   1.15829   2.91631   2.07645   5.36663   0.56609   0.06072   0.26673   0.07903   0.01363   0.02009   1.51787   0.06004   0.09766   0.15521  
 48  1.1265   3888.822336  x:  6.18265   6.53683   8.65155   3.56403   4.44861   0.03856   6.16825   1.32862   3.15812   2.19552   5.86891   0.54299   0.07853   0.26616   0.08021   0.01375   0.02026   1.50281   0.05263   0.09852   0.15420  
 49  1.6998   3888.540084  x:  6.65710   6.99779   9.21292   3.93358   4.46654   0.21238   6.45943   1.44194   3.17820   2.33980   6.33337   0.53430   0.08976   0.26430   0.08086   0.01392   0.02040   1.48368   0.05034   0.09947   0.15084  
 50  1.3601   3888.337248  x:  7.15337   7.51504   9.87743   4.16244   4.79371   0.24533   7.04829   1.53749   3.44094   2.43911   6.72922   0.55473   0.07907   0.26305   0.08043   0.01393   0.02037   1.47740   0.04519   0.09943   0.14849  
 51  1.6007   3888.177835  x:  7.41342   7.83276  10.21285   4.22063   5.15571   0.20462   7.45212   1.54333   3.66868   2.45316   6.90689   0.58947   0.05303   0.26302   0.07907   0.01380   0.02022   1.49340   0.04425   0.09886   0.14812  
 52  0.6138   3888.097888  x:  7.86957   8.32696  10.81501   4.49579   5.50567   0.21660   7.88189   1.62748   3.85433   2.59262   7.35096   0.57487   0.06077   0.26380   0.07922   0.01378   0.02027   1.49914   0.04078   0.09882   0.14924  
 53  1.1306   3888.019534  x:  8.23960   8.75530  11.29516   4.75011   5.78318   0.22695   8.19015   1.67638   3.96452   2.75111   7.76306   0.53488   0.08755   0.26462   0.08083   0.01380   0.02039   1.50135   0.03922   0.09897   0.15212  
 54  0.6052   3887.983557  x:  8.63731   9.18671  11.81609   4.97461   6.05950   0.23291   8.57950   1.74784   4.13653   2.87586   8.14669   0.55000   0.07977   0.26447   0.08028   0.01380   0.02031   1.49367   0.03683   0.09873   0.15128  
 55  0.8505   3887.954913  x:  8.81419   9.38165  12.05378   5.05996   6.15710   0.23132   8.76031   1.78313   4.22351   2.93734   8.31825   0.57391   0.06522   0.26445   0.07908   0.01379   0.02018   1.48600   0.03630   0.09842   0.14995  
 56  0.4597   3887.934504  x:  9.25455   9.86638  12.66144   5.28553   6.41826   0.24745   9.20806   1.87794   4.42163   3.08987   8.73866   0.56678   0.06750   0.26479   0.07910   0.01377   0.02020   1.48865   0.03420   0.09845   0.15044  
 57  0.7756   3887.922033  x:  9.41758  10.04470  12.91350   5.35446   6.48843   0.25553   9.37697   1.93021   4.50466   3.15516   8.89189   0.55367   0.07485   0.26441   0.08001   0.01377   0.02031   1.49445   0.03378   0.09872   0.15092  
 58  0.3530   3887.917280  x:  9.68543  10.32543  13.29649   5.49364   6.65755   0.25657   9.63321   2.00157   4.63267   3.24702   9.14863   0.55744   0.07383   0.26412   0.07999   0.01380   0.02032   1.49221   0.03263   0.09866   0.15045  
 59  0.5592   3887.914998  x:  9.75352  10.38149  13.40615   5.53210   6.71305   0.24997   9.68799   2.03057   4.67028   3.26969   9.21445   0.56230   0.07172   0.26426   0.07955   0.01381   0.02028   1.48947   0.03244   0.09855   0.15008  
 60  0.1496   3887.913820  x:  9.91389  10.53200  13.64557   5.62242   6.83309   0.24899   9.84170   2.07829   4.74611   3.32376   9.36765   0.55909   0.07309   0.26449   0.07956   0.01379   0.02027   1.48971   0.03181   0.09859   0.15037  
 61  0.2293   3887.913258  x:  9.92109  10.51933  13.66225   5.63387   6.85414   0.25049   9.85334   2.08226   4.74685   3.32294   9.37084   0.55765   0.07370   0.26438   0.07982   0.01378   0.02029   1.49022   0.03182   0.09861   0.15057  
 62  0.0214   3887.912876  x:  9.97522  10.55474  13.73864   5.67060   6.89896   0.25684   9.91413   2.09349   4.76611   3.33560   9.41524   0.55920   0.07303   0.26438   0.07971   0.01379   0.02029   1.48944   0.03160   0.09850   0.15047  
 63  0.0741   3887.912822  x:  9.95643  10.53273  13.70669   5.66098   6.87910   0.26128   9.89760   2.08540   4.75369   3.32698   9.39288   0.55904   0.07309   0.26444   0.07964   0.01379   0.02028   1.48951   0.03168   0.09856   0.15041  
 64  0.0387   3887.912809  x:  9.96709  10.54138  13.71831   5.66657   6.88022   0.26336   9.90488   2.08708   4.75672   3.32883   9.39964   0.55887   0.07322   0.26435   0.07973   0.01379   0.02028   1.48954   0.03165   0.09859   0.15039  
 65  0.0115   3887.912804  x:  9.97426  10.54626  13.72631   5.67050   6.88335   0.26326   9.90815   2.08881   4.75945   3.32991   9.40418   0.55897   0.07313   0.26441   0.07967   0.01379   0.02028   1.48950   0.03164   0.09855   0.15041  
 66  0.0071   3887.912803  x:  9.97583  10.54645  13.72632   5.67115   6.88375   0.26316   9.90862   2.08836   4.75965   3.32958   9.40372   0.55896   0.07315   0.26438   0.07971   0.01379   0.02028   1.48953   0.03164   0.09858   0.15041  
 67  0.0008   3887.912802  x:  9.97730  10.54686  13.72648   5.67160   6.88429   0.26276   9.90892   2.08813   4.75999   3.32953   9.40352   0.55894   0.07316   0.26440   0.07968   0.01379   0.02028   1.48952   0.03164   0.09856   0.15042  
 68  0.0009   3887.912802  x:  9.97778  10.54688  13.72674   5.67175   6.88448   0.26264   9.90923   2.08818   4.75999   3.32975   9.40357   0.55897   0.07314   0.26439   0.07969   0.01379   0.02028   1.48951   0.03164   0.09856   0.15041  
 69  0.0003   3887.912802  x:  9.97926  10.54764  13.72822   5.67250   6.88507   0.26272   9.91036   2.08839   4.76026   3.33018   9.40434   0.55893   0.07316   0.26440   0.07968   0.01379   0.02028   1.48953   0.03163   0.09856   0.15041  
 70  0.0008   3887.912802  x:  9.97926  10.54764  13.72821   5.67249   6.88507   0.26272   9.91036   2.08839   4.76026   3.33018   9.40434   0.55893   0.07316   0.26440   0.07968   0.01379   0.02028   1.48953   0.03163   0.09856   0.15041  
 71  0.0018   3887.912802  x:  9.97926  10.54764  13.72821   5.67249   6.88507   0.26272   9.91036   2.08839   4.76026   3.33018   9.40434   0.55893   0.07316   0.26440   0.07968   0.01379   0.02028   1.48953   0.03163   0.09856   0.15041  
 72  0.0021   3887.912802  x:  9.97926  10.54764  13.72821   5.67249   6.88507   0.26272   9.91036   2.08839   4.76026   3.33018   9.40434   0.55893   0.07316   0.26440   0.07968   0.01379   0.02028   1.48953   0.03163   0.09856   0.15041  
 73  0.0063   3887.912802  x:  9.97926  10.54764  13.72821   5.67249   6.88507   0.26272   9.91036   2.08839   4.76026   3.33018   9.40434   0.55893   0.07316   0.26440   0.07968   0.01379   0.02028   1.48953   0.03163   0.09856   0.15041  
 74  0.0763   3887.912802  x:  9.97926  10.54764  13.72821   5.67249   6.88507   0.26272   9.91036   2.08839   4.76026   3.33018   9.40434   0.55893   0.07316   0.26440   0.07969   0.01379   0.02028   1.48953   0.03163   0.09856   0.15041  
 75  0.0061   3887.912802  x:  9.97926  10.54764  13.72821   5.67249   6.88507   0.26272   9.91036   2.08839   4.76026   3.33018   9.40434   0.55893   0.07316   0.26440   0.07969   0.01379   0.02028   1.48953   0.03163   0.09856   0.15041  
 76  0.0062   3887.912802  x:  9.97926  10.54764  13.72821   5.67249   6.88507   0.26272   9.91036   2.08839   4.76026   3.33018   9.40434   0.55893   0.07316   0.26440   0.07969   0.01379   0.02028   1.48953   0.03163   0.09856   0.15041  
 77  0.0029   3887.912802  x:  9.97926  10.54764  13.72821   5.67249   6.88507   0.26272   9.91036   2.08839   4.76026   3.33018   9.40434   0.55894   0.07316   0.26439   0.07969   0.01379   0.02028   1.48952   0.03163   0.09856   0.15041  
 78  0.0025   3887.912802  x:  9.97926  10.54764  13.72821   5.67249   6.88507   0.26272   9.91036   2.08839   4.76026   3.33018   9.40434   0.55894   0.07316   0.26439   0.07969   0.01379   0.02028   1.48952   0.03163   0.09856   0.15041  
 79  0.0019   3887.912802  x:  9.97926  10.54764  13.72821   5.67249   6.88507   0.26272   9.91036   2.08839   4.76026   3.33018   9.40434   0.55895   0.07316   0.26439   0.07969   0.01379   0.02028   1.48952   0.03163   0.09856   0.15041  
 80  0.0014   3887.912802  x:  9.97926  10.54764  13.72821   5.67249   6.88507   0.26272   9.91036   2.08839   4.76027   3.33018   9.40434   0.55896   0.07315   0.26439   0.07969   0.01379   0.02028   1.48951   0.03163   0.09856   0.15041  
 81  0.0014   3887.912802  x:  9.97926  10.54764  13.72821   5.67249   6.88507   0.26272   9.91035   2.08839   4.76027   3.33018   9.40434   0.55896   0.07315   0.26439   0.07969   0.01379   0.02028   1.48951   0.03163   0.09856   0.15041  
 82  0.0001   3887.912802  x:  9.97926  10.54764  13.72821   5.67249   6.88507   0.26271   9.91035   2.08840   4.76029   3.33018   9.40434   0.55896   0.07315   0.26439   0.07969   0.01379   0.02028   1.48952   0.03163   0.09856   0.15041  
 83  0.0032   3887.912802  x:  9.97925  10.54763  13.72821   5.67248   6.88508   0.26271   9.91032   2.08842   4.76034   3.33017   9.40433   0.55895   0.07315   0.26439   0.07969   0.01379   0.02028   1.48951   0.03163   0.09856   0.15041  