

TREE # 1

  0  0.0000   8629.011013  x:  0.00000   0.21692   0.14792   0.09459   0.13281   0.07112   0.17159   0.06827   0.12957   0.09806   0.10313   0.07256   0.17991   0.10421   0.07137   0.04192   0.08607   0.03254   0.08467   2.00000   0.20000   0.20000  
  1 99.0000   7576.558454  x:  0.82960   0.36087   0.31209   0.23162   0.27274   0.18679   0.25610   0.16881   0.22691   0.16501   0.15844   0.15223   0.32252   0.13207   0.09907   0.10213   0.11453   0.00000   0.05374   1.98530   0.36669   0.19615  
  2 7191.6605   7372.462431  x:  0.76441   0.45825   0.39460   0.28588   0.35357   0.24493   0.32474   0.22034   0.29833   0.21070   0.19624   0.19419   0.39149   0.14846   0.10946   0.12260   0.12407   0.00000   0.00000   1.96973   0.33828   0.18538  
  3 1098.7871   6957.086194  x:  0.34881   1.07939   0.92087   0.63196   0.86908   0.61576   0.76250   0.54898   0.75383   0.50208   0.43730   0.46180   0.83138   0.25299   0.17573   0.25314   0.18493   0.00881   0.00054   1.87042   0.15713   0.11666  
  4 21968.3826   6928.027751  x:  0.32907   1.09802   0.93603   0.64175   0.88309   0.62469   0.77387   0.55661   0.76489   0.50830   0.44083   0.46573   0.84574   0.25299   0.17467   0.25196   0.18374   0.00000   0.00127   1.86500   0.19497   0.11165  
  5 1194.5724   6885.864016  x:  0.31260   1.18323   1.00027   0.68192   0.91897   0.62017   0.77670   0.54070   0.75238   0.47186   0.36818   0.39249   0.94411   0.17218   0.09193   0.15116   0.09564   0.00000   0.01432   1.80735   0.20390   0.02053  
  6 247.9969   6865.101606  x:  0.29321   1.29161   1.07600   0.72592   0.94866   0.58483   0.75370   0.49005   0.70390   0.38978   0.24172   0.26255   1.08518   0.15139   0.08700   0.13361   0.16263   0.00000   0.02251   1.70513   0.20658   0.12408  
  7 199.5733   6856.523107  x:  0.28335   1.35465   1.11277   0.74352   0.95243   0.53402   0.71833   0.43582   0.65494   0.32090   0.22596   0.23949   1.18158   0.21150   0.16097   0.15472   0.14334   0.00000   0.02394   1.61689   0.20559   0.09032  
  8 131.6372   6847.708858  x:  0.27129   1.43183   1.15031   0.75747   0.95035   0.44844   0.66705   0.36303   0.59834   0.24782   0.27969   0.28191   1.31128   0.17422   0.13795   0.19388   0.16801   0.00000   0.02032   1.48200   0.20101   0.05625  
  9 120.4875   6842.418237  x:  0.26520   1.48189   1.16048   0.75430   0.95109   0.37187   0.65216   0.35270   0.61009   0.28939   0.26695   0.26704   1.41735   0.16072   0.13239   0.15276   0.12973   0.00000   0.01045   1.36233   0.19094   0.05533  
 10 53.8980   6841.633301  x:  0.26362   1.48484   1.15366   0.74824   0.95345   0.36168   0.65687   0.36286   0.61418   0.29899   0.25637   0.25857   1.43675   0.16023   0.12985   0.16024   0.14406   0.00000   0.00958   1.34774   0.18973   0.03469  
 11 30.3479   6839.112200  x:  0.25447   1.48551   1.10424   0.70954   0.97417   0.33324   0.69093   0.42290   0.62187   0.31552   0.25039   0.26588   1.52628   0.16443   0.11566   0.20893   0.12275   0.00000   0.01103   1.31029   0.18944   0.04235  
 12 26.1806   6835.222372  x:  0.24001   1.49195   1.03637   0.65604   1.01957   0.31332   0.73689   0.48881   0.63009   0.31872   0.27676   0.30375   1.66249   0.19157   0.12054   0.15980   0.15347   0.00000   0.01336   1.28765   0.18676   0.05182  
 13 58.0874   6823.129483  x:  0.16810   1.59772   1.01133   0.62133   1.22882   0.43769   0.79624   0.45786   0.68879   0.25667   0.29217   0.28519   1.98531   0.18520   0.10486   0.16144   0.12593   0.00000   0.00356   1.47672   0.17568   0.03481  
 14 29.6825   6811.881888  x:  0.08962   1.72215   1.15557   0.69196   1.30290   0.46362   0.72875   0.32820   0.82088   0.45228   0.32948   0.31650   2.14522   0.17717   0.13435   0.19675   0.14136   0.00000   0.00783   1.59598   0.17161   0.03920  
 15 38.3283   6795.093709  x:  0.00000   1.86918   1.47524   0.90439   1.28082   0.49810   0.78862   0.47809   0.82658   0.43787   0.33725   0.35145   2.06155   0.16946   0.14824   0.19036   0.13915   0.00000   0.00466   1.56994   0.15880   0.03519  
 16 36.5102   6795.093709  x:  0.00000   1.86918   1.47524   0.90439   1.28082   0.49810   0.78862   0.47809   0.82658   0.43787   0.33725   0.35145   2.06155   0.16946   0.14824   0.19036   0.13915   0.00000   0.00466   1.56994   0.15880   0.03519  
 17 16.8381   6792.394357  x:  0.00221   1.87065   1.47654   0.90547   1.28188   0.49886   0.78978   0.47892   0.82700   0.43763   0.33673   0.35096   2.06234   0.16917   0.14776   0.18955   0.13894   0.00000   0.01395   1.56882   0.17536   0.03509  
 18 336.2896   6791.518604  x:  0.00495   1.87256   1.47818   0.90679   1.28321   0.49971   0.79122   0.47989   0.82738   0.43704   0.33583   0.35012   2.06329   0.16863   0.14689   0.18844   0.13849   0.00000   0.00733   1.56761   0.18330   0.03490  
 19 163.7384   6785.522616  x:  0.10821   1.94786   1.54143   0.95662   1.33470   0.52931   0.84611   0.51419   0.83849   0.40658   0.29487   0.31190   2.09791   0.14485   0.10834   0.14544   0.11804   0.00000   0.00863   1.52648   0.17269   0.02795  
 20 68.4367   6779.618333  x:  0.25253   2.06445   1.63777   1.03032   1.41361   0.57157   0.92702   0.56374   0.85778   0.36501   0.25952   0.27964   2.15121   0.17784   0.12112   0.15159   0.15241   0.00000   0.00967   1.46737   0.15634   0.07846  
 21 195.9599   6774.159243  x:  0.35381   2.17017   1.72188   1.09041   1.48275   0.60198   0.99024   0.60015   0.88158   0.34538   0.30042   0.31938   2.19946   0.21109   0.14103   0.17479   0.15848   0.00000   0.01057   1.43085   0.14252   0.02792  
 22 125.6552   6772.488549  x:  0.38300   2.22385   1.76212   1.11599   1.51577   0.61116   1.01418   0.61169   0.89779   0.34906   0.33641   0.35339   2.22432   0.20283   0.13003   0.18984   0.13858   0.00000   0.01089   1.42636   0.13720   0.04919  
 23 91.8416   6770.493364  x:  0.35264   2.34277   1.84055   1.15210   1.57963   0.60467   1.03246   0.60723   0.94320   0.40115   0.34929   0.36197   2.28211   0.17493   0.11620   0.18299   0.18478   0.00000   0.01119   1.47682   0.13208   0.04948  
 24 33.6861   6766.609802  x:  0.25472   2.60038   2.00692   1.22462   1.71477   0.58300   1.06146   0.58985   1.03074   0.50247   0.34004   0.34539   2.41097   0.18609   0.16352   0.15281   0.15510   0.00000   0.01167   1.59415   0.12365   0.05423  
 25 112.7855   6765.478631  x:  0.20427   2.68688   2.06076   1.24723   1.75786   0.57376   1.06713   0.58468   1.04029   0.50538   0.32184   0.32729   2.45951   0.17602   0.16105   0.19853   0.13952   0.00000   0.01170   1.62094   0.12292   0.04365  
 26 59.5589   6762.844809  x:  0.00000   2.91195   2.19097   1.29906   1.85711   0.54216   1.06466   0.58111   0.97664   0.37670   0.32509   0.33902   2.61243   0.17263   0.15613   0.18067   0.14636   0.00000   0.01157   1.61885   0.12292   0.04696  
 27 33.3137   6762.844809  x:  0.00000   2.91195   2.19097   1.29906   1.85711   0.54216   1.06466   0.58111   0.97664   0.37670   0.32509   0.33902   2.61243   0.17263   0.15613   0.18067   0.14636   0.00000   0.01157   1.61885   0.12292   0.04696  
 28  8.5563   6761.975408  x:  0.00052   2.91217   2.19117   1.29929   1.85722   0.54236   1.06485   0.58142   0.97679   0.37696   0.32521   0.33909   2.61269   0.17236   0.15580   0.18015   0.14616   0.00000   0.00764   1.61835   0.13033   0.04598  
 29 203.2005   6761.824310  x:  0.00281   2.91308   2.19192   1.30017   1.85744   0.54301   1.06550   0.58272   0.97726   0.37800   0.32556   0.33920   2.61379   0.17054   0.15352   0.17731   0.14470   0.00000   0.00572   1.61635   0.12923   0.04049  
 30 34.6220   6761.620169  x:  0.00659   2.91457   2.19316   1.30163   1.85783   0.54408   1.06658   0.58485   0.97804   0.37973   0.32614   0.33938   2.61562   0.16771   0.14997   0.17293   0.14245   0.00000   0.00716   1.61303   0.12960   0.03222  
 31 223.2535   6761.154594  x:  0.03213   2.92488   2.20170   1.31160   1.86047   0.55132   1.07394   0.59922   0.98321   0.39101   0.32966   0.34033   2.62824   0.15795   0.13548   0.16118   0.13624   0.00000   0.00743   1.59035   0.12801   0.04101  
 32 27.4402   6759.549615  x:  0.15163   2.97550   2.24308   1.35934   1.87385   0.58571   1.10916   0.66590   1.00662   0.44042   0.34244   0.34253   2.68974   0.17857   0.13480   0.15814   0.16096   0.00000   0.00727   1.48626   0.11886   0.03894  
 33 55.0130   6759.217694  x:  0.17828   2.99104   2.25503   1.37194   1.87898   0.59442   1.11858   0.67946   1.01065   0.44563   0.34008   0.34063   2.70757   0.18525   0.13873   0.17178   0.14083   0.00000   0.00718   1.47164   0.11714   0.03699  
 34 33.4399   6758.856390  x:  0.21324   3.03100   2.28305   1.39721   1.89527   0.61001   1.13770   0.69161   1.01158   0.42942   0.32371   0.33589   2.74989   0.17387   0.13254   0.18742   0.14729   0.00000   0.00708   1.49123   0.11538   0.03467  
 35 13.7202   6758.162099  x:  0.27671   3.11835   2.34312   1.44949   1.93160   0.64063   1.17696   0.71163   1.01417   0.39402   0.30590   0.34052   2.84115   0.17693   0.14991   0.16760   0.14600   0.00000   0.00717   1.54441   0.11155   0.03804  
 36 50.7477   6757.812717  x:  0.29565   3.17399   2.37954   1.47778   1.95553   0.65362   1.19735   0.71716   1.02330   0.38935   0.33280   0.36581   2.89721   0.17225   0.15297   0.17337   0.14603   0.00000   0.00713   1.57687   0.10918   0.03737  
 37 27.6647   6756.970579  x:  0.24794   3.36092   2.49318   1.54704   2.04019   0.66367   1.24291   0.70723   1.09136   0.46866   0.35513   0.32573   3.07491   0.16935   0.16033   0.17190   0.14702   0.00000   0.00710   1.63461   0.10327   0.03800  
 38 15.0137   6756.064108  x:  0.10257   3.59734   2.63367   1.61539   2.14949   0.65598   1.28476   0.70377   1.11191   0.44998   0.32734   0.36282   3.29323   0.17949   0.14923   0.17008   0.14799   0.00000   0.00704   1.56990   0.09699   0.03808  
 39 14.3736   6755.962002  x:  0.08206   3.62730   2.65050   1.62011   2.15492   0.65008   1.28236   0.72836   1.09322   0.43722   0.34870   0.34083   3.32040   0.17835   0.15019   0.16968   0.14807   0.00000   0.00705   1.56384   0.09670   0.03812  
 40  4.4346   6755.871718  x:  0.06733   3.65734   2.66521   1.61836   2.14338   0.63676   1.26287   0.77223   1.07342   0.45537   0.33762   0.35254   3.34714   0.17329   0.15536   0.16997   0.14798   0.00000   0.00707   1.57552   0.09697   0.03812  
 41  2.0971   6755.609492  x:  0.07785   3.73967   2.70262   1.60788   2.10762   0.64850   1.21263   0.74584   1.09926   0.44222   0.34205   0.34923   3.41698   0.17491   0.15294   0.16949   0.14766   0.00000   0.00718   1.57131   0.09855   0.03815  
 42  0.9226   6755.351325  x:  0.04899   3.79161   2.72017   1.60231   2.13370   0.71134   1.29903   0.76193   1.11383   0.44759   0.34181   0.35234   3.45415   0.17084   0.15674   0.16887   0.14760   0.00000   0.00730   1.57624   0.09868   0.03830  
 43  2.0826   6755.255566  x:  0.06238   3.79844   2.75203   1.65627   2.20555   0.67373   1.31720   0.75222   1.08899   0.46214   0.34256   0.35293   3.45068   0.17986   0.14786   0.16850   0.14758   0.00000   0.00736   1.57944   0.09854   0.03839  
 44  1.2959   6755.212991  x:  0.06467   3.80013   2.77295   1.68641   2.24295   0.65878   1.31481   0.76872   1.11401   0.45418   0.34292   0.35334   3.44802   0.16324   0.16421   0.16844   0.14769   0.00000   0.00738   1.57782   0.09793   0.03835  
 45  1.5677   6755.189131  x:  0.06407   3.80488   2.78988   1.70165   2.25773   0.66452   1.31041   0.78498   1.13120   0.44961   0.34318   0.35367   3.45194   0.17607   0.15160   0.16819   0.14777   0.00000   0.00740   1.58310   0.09744   0.03845  
 46  1.0318   6755.060132  x:  0.08146   3.87238   2.90416   1.75612   2.28493   0.74293   1.31516   0.80235   1.12721   0.47134   0.34529   0.35538   3.52460   0.16742   0.16003   0.16707   0.14838   0.00000   0.00754   1.58320   0.09375   0.03856  
 47  0.8430   6754.947248  x:  0.11510   3.95418   2.97604   1.77365   2.27314   0.71883   1.38530   0.82184   1.15271   0.47489   0.34763   0.35623   3.61552   0.17028   0.15692   0.16615   0.14885   0.00000   0.00767   1.58522   0.09096   0.03868  
 48  1.9641   6754.907929  x:  0.13487   4.00423   2.91988   1.77176   2.31772   0.72151   1.38521   0.83257   1.15751   0.47879   0.34815   0.35663   3.67995   0.17110   0.15605   0.16596   0.14908   0.00000   0.00770   1.58431   0.09003   0.03872  
 49  0.7163   6754.896031  x:  0.12562   4.04076   2.91297   1.80913   2.31051   0.72462   1.39573   0.83456   1.16048   0.48211   0.34825   0.35657   3.68394   0.17153   0.15587   0.16612   0.14943   0.00000   0.00765   1.57981   0.08983   0.03879  
 50  0.1140   6754.883686  x:  0.12633   4.07154   2.94351   1.79158   2.33601   0.72465   1.40462   0.83967   1.16415   0.48683   0.34824   0.35664   3.69355   0.17280   0.15514   0.16640   0.14989   0.00000   0.00759   1.57502   0.08952   0.03887  
 51  0.2030   6754.881743  x:  0.12311   4.05981   2.95152   1.79588   2.33903   0.72487   1.40754   0.84061   1.16543   0.48804   0.34841   0.35660   3.71518   0.17285   0.15522   0.16640   0.14996   0.00000   0.00757   1.57446   0.08942   0.03889  
 52  0.1254   6754.880804  x:  0.12186   4.07316   2.96345   1.80356   2.34691   0.72828   1.41206   0.84438   1.16849   0.49006   0.34888   0.35684   3.72493   0.17272   0.15576   0.16626   0.14997   0.00000   0.00755   1.57547   0.08898   0.03893  
 53  0.0270   6754.880766  x:  0.12170   4.07481   2.96345   1.80388   2.34765   0.72839   1.41263   0.84484   1.16888   0.49015   0.34897   0.35689   3.72608   0.17265   0.15587   0.16625   0.14994   0.00000   0.00754   1.57616   0.08898   0.03893  
 54  0.0023   6754.880766  x:  0.12158   4.07502   2.96358   1.80393   2.34769   0.72841   1.41270   0.84484   1.16890   0.49008   0.34895   0.35691   3.72628   0.17264   0.15587   0.16626   0.14994   0.00000   0.00755   1.57617   0.08898   0.03893  
 55  0.0003   6754.880766  x:  0.12158   4.07501   2.96357   1.80393   2.34769   0.72841   1.41269   0.84483   1.16889   0.49007   0.34895   0.35691   3.72628   0.17265   0.15587   0.16625   0.14994   0.00000   0.00755   1.57617   0.08898   0.03893  
 56  0.0000   6754.880766  x:  0.12157   4.07501   2.96357   1.80393   2.34769   0.72841   1.41269   0.84483   1.16889   0.49007   0.34895   0.35690   3.72628   0.17265   0.15587   0.16625   0.14994   0.00000   0.00755   1.57617   0.08898   0.03893  
 57  0.0000   6754.880766  x:  0.12157   4.07501   2.96357   1.80393   2.34769   0.72841   1.41269   0.84483   1.16889   0.49007   0.34895   0.35690   3.72628   0.17265   0.15587   0.16625   0.14994   0.00000   0.00755   1.57617   0.08898   0.03893  
 58  0.0000   6754.880766  x:  0.12157   4.07501   2.96357   1.80393   2.34769   0.72841   1.41269   0.84483   1.16889   0.49007   0.34895   0.35690   3.72628   0.17265   0.15587   0.16625   0.14994   0.00000   0.00755   1.57617   0.08898   0.03893  
 59  0.0000   6754.880766  x:  0.12157   4.07501   2.96357   1.80393   2.34769   0.72841   1.41269   0.84483   1.16889   0.49007   0.34895   0.35690   3.72628   0.17265   0.15587   0.16625   0.14994   0.00000   0.00755   1.57617   0.08898   0.03893  