

TREE # 1

  0  0.0000   8213.806236  x:  0.06305   0.66785   0.67384   0.18792   0.52802   0.00000   0.60572   0.16715   0.40980   0.30486   0.15592   0.15348   0.59486   0.10265   0.04154   0.11902   0.09143   0.04656   0.01640   2.00000   0.20000   0.20000  
  1 99.0000   7729.865686  x:  0.07978   0.66571   0.67351   0.19713   0.52708   0.03773   0.60470   0.16657   0.40816   0.30167   0.15944   0.15648   0.59724   0.10181   0.04557   0.12112   0.09386   0.03845   0.00772   2.00131   0.03140   0.19937  
  2 2938.7258   7702.708931  x:  0.11839   0.67055   0.68110   0.21826   0.53237   0.06731   0.60966   0.17179   0.41294   0.30394   0.16970   0.16525   0.61018   0.10435   0.05463   0.12905   0.10269   0.03845   0.00000   1.99814   0.03237   0.19868  
  3 572.6488   7666.669107  x:  0.28050   0.69546   0.71881   0.31435   0.55800   0.17402   0.63421   0.19554   0.43726   0.31680   0.21532   0.20248   0.67391   0.11074   0.08826   0.16217   0.14153   0.06654   0.08509   1.98139   0.02865   0.19730  
  4 2328.3326   7651.280315  x:  0.31957   0.71567   0.74632   0.35827   0.57189   0.16447   0.65021   0.20421   0.45441   0.32848   0.22163   0.19872   0.71902   0.08206   0.06483   0.14935   0.12248   0.01685   0.10066   1.96644   0.02435   0.19041  
  5 282.5908   7646.988888  x:  0.31497   0.72760   0.76602   0.38831   0.57611   0.17897   0.65840   0.20144   0.46176   0.33003   0.21108   0.17669   0.75681   0.06564   0.05597   0.12846   0.10137   0.03595   0.09710   1.95557   0.02380   0.17383  
  6 157.2184   7641.929201  x:  0.28370   0.74319   0.79448   0.42873   0.57762   0.20819   0.66761   0.19104   0.46899   0.32794   0.19415   0.14141   0.81470   0.07206   0.07752   0.11216   0.08868   0.02527   0.10335   1.93916   0.02575   0.14355  
  7 243.3190   7636.727270  x:  0.23844   0.76744   0.83441   0.47522   0.58060   0.21084   0.68113   0.17924   0.48117   0.32953   0.19078   0.11870   0.89099   0.07551   0.09468   0.12232   0.10586   0.03018   0.09738   1.91472   0.02165   0.09907  
  8 312.2269   7627.968728  x:  0.12959   0.80093   0.89853   0.54861   0.57263   0.26528   0.69468   0.14649   0.49133   0.32026   0.21272   0.11855   1.02271   0.04525   0.08749   0.14814   0.13344   0.02161   0.09865   1.87424   0.02400   0.00010  
  9 408.3341   7626.895281  x:  0.11235   0.80821   0.91237   0.55661   0.56658   0.26809   0.69487   0.13983   0.49133   0.31776   0.22552   0.13700   1.05107   0.05123   0.09390   0.14265   0.12310   0.02344   0.09735   1.86399   0.02325   0.00010  
 10 95.9505   7625.257340  x:  0.12677   0.82013   0.94558   0.51983   0.50733   0.26960   0.66789   0.11846   0.46320   0.29173   0.20600   0.15183   1.13094   0.05996   0.08444   0.14534   0.12377   0.02282   0.09843   1.82728   0.02345   0.00010  
 11 30.4029   7624.571951  x:  0.12670   0.82165   0.95869   0.48326   0.47586   0.27830   0.65699   0.15034   0.46067   0.30255   0.21744   0.14452   1.17004   0.05969   0.08420   0.13897   0.12837   0.02248   0.09887   1.80069   0.02336   0.00010  
 12 27.5695   7624.451334  x:  0.12722   0.82118   0.95985   0.47544   0.47380   0.28014   0.65502   0.15205   0.46290   0.30774   0.21842   0.14245   1.17573   0.05842   0.08582   0.14710   0.12158   0.02286   0.09900   1.79385   0.02330   0.00010  
 13 17.3454   7624.035254  x:  0.13237   0.81604   0.95784   0.44720   0.48721   0.28520   0.64774   0.13149   0.47840   0.33256   0.21898   0.14333   1.18759   0.04770   0.09523   0.14288   0.12424   0.02293   0.09903   1.76014   0.02320   0.00010  
 14 11.5511   7622.622464  x:  0.14127   0.79316   0.94203   0.41933   0.57159   0.28182   0.64350   0.14129   0.45226   0.30281   0.22835   0.14123   1.19818   0.04586   0.09639   0.14324   0.12155   0.02422   0.09727   1.64343   0.02287   0.00010  
 15  9.3164   7620.879104  x:  0.14227   0.76619   0.92536   0.45019   0.57892   0.27323   0.64209   0.17076   0.46383   0.31851   0.18388   0.17793   1.18752   0.05956   0.08209   0.14574   0.12296   0.02589   0.09441   1.57228   0.02283   0.00010  
 16 11.3875   7614.246565  x:  0.19019   0.70190   0.88211   0.57973   0.50354   0.19967   0.63787   0.15457   0.48549   0.34163   0.24655   0.15357   1.13051   0.08397   0.06143   0.14506   0.11615   0.03542   0.08196   1.44349   0.02356   0.00010  
 17 23.7636   7604.429317  x:  0.23487   0.78517   0.93115   0.58292   0.52135   0.14024   0.71336   0.18994   0.50005   0.31273   0.24015   0.19002   1.10962   0.00000   0.13829   0.14494   0.11019   0.04260   0.07099   1.51055   0.02312   0.00010  
 18 19.3957   7594.694873  x:  0.28760   0.93336   1.03291   0.51849   0.64487   0.11721   0.82861   0.20104   0.55941   0.32824   0.25493   0.20464   1.13398   0.11432   0.03008   0.14587   0.10701   0.04816   0.06109   1.68126   0.02258   0.00010  
 19 51.4166   7591.269035  x:  0.30359   0.88068   1.02101   0.58590   0.75235   0.07991   0.69435   0.23009   0.50679   0.39625   0.25877   0.20436   1.30567   0.10352   0.04814   0.14632   0.10974   0.03882   0.06677   1.79515   0.02208   0.00010  
 20  8.1504   7586.783446  x:  0.31679   0.92647   1.09235   0.63860   0.74152   0.07774   0.81680   0.22646   0.59225   0.35052   0.26153   0.19122   1.39654   0.09954   0.06416   0.14312   0.11390   0.01581   0.08646   1.71205   0.01971   0.00010  
 21  5.6456   7586.090272  x:  0.31433   1.01005   1.12829   0.65693   0.74071   0.08541   0.80926   0.22301   0.52255   0.40701   0.26057   0.18896   1.36637   0.09948   0.06470   0.14284   0.11433   0.01449   0.08747   1.67555   0.01937   0.00010  
 22  3.8845   7583.568298  x:  0.31763   1.18892   1.19789   0.68216   0.76024   0.09067   0.65988   0.25031   0.60546   0.36336   0.26608   0.18228   1.33031   0.09488   0.06946   0.14298   0.11489   0.01775   0.08140   1.61645   0.01895   0.00010  
 23  4.0662   7561.038294  x:  0.43782   1.52880   1.23084   0.67748   0.81848   0.04732   1.00797   0.28112   0.66464   0.32073   0.25135   0.21661   1.71378   0.02460   0.13140   0.15132   0.12467   0.05947   0.00738   1.47515   0.01766   0.00010  
 24  4.7808   7559.194752  x:  0.44916   1.33327   1.58316   0.67334   0.85090   0.04982   1.00798   0.28262   0.65360   0.33262   0.25126   0.21476   1.66617   0.01091   0.14397   0.15149   0.12462   0.06162   0.00321   1.48655   0.01743   0.00010  
 25  5.4100   7552.555635  x:  0.46913   1.35886   1.65116   0.71104   0.86049   0.09179   1.01754   0.29089   0.66462   0.33725   0.24982   0.20472   1.80202   0.00000   0.15215   0.15274   0.12705   0.05642   0.00983   1.52704   0.01661   0.00010  
 26  0.6624   7552.555635  x:  0.46913   1.35886   1.65116   0.71104   0.86049   0.09179   1.01754   0.29089   0.66462   0.33725   0.24982   0.20472   1.80202   0.00000   0.15215   0.15274   0.12705   0.05642   0.00983   1.52704   0.01661   0.00010  
 27  1.1516   7552.438573  x:  0.46919   1.35886   1.65116   0.71107   0.86049   0.09188   1.01754   0.29088   0.66461   0.33724   0.24980   0.20468   1.80203   0.00002   0.15218   0.15274   0.12703   0.05620   0.00966   1.52706   0.01605   0.00010  
 28 363.0361   7551.212873  x:  0.47195   1.35884   1.65112   0.71241   0.86037   0.09547   1.01743   0.29082   0.66436   0.33698   0.24893   0.20305   1.80261   0.00083   0.15336   0.15264   0.12612   0.04731   0.00328   1.52748   0.01611   0.00010  
 29 223.3408   7549.829128  x:  0.48005   1.35877   1.65099   0.71636   0.86001   0.10585   1.01709   0.29063   0.66360   0.33620   0.24651   0.19839   1.80433   0.00283   0.15651   0.15242   0.12414   0.03086   0.00991   1.52878   0.01611   0.00010  
 30 196.3480   7543.902514  x:  0.57765   1.35790   1.64938   0.76413   0.85493   0.22455   1.01263   0.28788   0.65453   0.32728   0.22261   0.14794   1.82522   0.01149   0.17938   0.14879   0.09732   0.04047   0.00904   1.54430   0.01575   0.00010  
 31 110.9528   7540.933207  x:  0.61472   1.35762   1.64873   0.78270   0.85178   0.26282   1.01018   0.28636   0.65146   0.32508   0.22853   0.14653   1.83365   0.00000   0.17378   0.15129   0.10748   0.04095   0.00870   1.55017   0.01560   0.00010  
 32 180.7005   7537.870134  x:  0.71592   1.35717   1.64696   0.83572   0.83678   0.34042   0.99948   0.28076   0.64543   0.32643   0.26951   0.18180   1.85999   0.00000   0.19622   0.14098   0.09189   0.04149   0.00911   1.56562   0.01519   0.00010  
 33 166.8719   7535.865577  x:  0.83112   1.35806   1.64516   0.90339   0.80061   0.35685   0.97552   0.27270   0.64422   0.34807   0.25444   0.18006   1.90092   0.00000   0.23689   0.15959   0.10641   0.04142   0.00865   1.58095   0.01489   0.00010  
 34 55.8352   7532.140888  x:  1.05170   1.36037   1.64191   1.03587   0.72580   0.37081   0.92637   0.25866   0.64117   0.39109   0.21735   0.16306   1.98403   0.00000   0.22440   0.14937   0.08300   0.03433   0.01060   1.60918   0.01450   0.00010  
 35 166.0230   7531.812457  x:  1.06638   1.36180   1.64235   1.05002   0.71310   0.35385   0.91869   0.26426   0.63741   0.39172   0.22651   0.15272   1.99977   0.00000   0.22690   0.13477   0.08998   0.03460   0.01039   1.60734   0.01447   0.00010  
 36 19.8567   7531.039277  x:  1.09578   1.36640   1.64418   1.08599   0.67845   0.29824   0.89766   0.28321   0.62591   0.38947   0.25821   0.13136   2.04591   0.00000   0.22094   0.14578   0.08590   0.03504   0.01034   1.59871   0.01439   0.00010  
 37 46.8558   7530.536392  x:  1.10268   1.37153   1.64688   1.11358   0.65976   0.25389   0.88348   0.29585   0.62409   0.38609   0.23818   0.15932   2.09305   0.00000   0.21352   0.14462   0.08914   0.03651   0.00995   1.58613   0.01430   0.00010  
 38 17.9570   7529.310965  x:  1.06047   1.40526   1.66588   1.26973   0.75768   0.24342   0.91780   0.28458   0.65569   0.32741   0.23993   0.15799   2.43170   0.00000   0.21083   0.14528   0.09014   0.03622   0.01000   1.53604   0.01328   0.00010  
 39  6.8298   7528.913213  x:  1.03326   1.42069   1.67935   1.30314   0.77548   0.25437   0.93432   0.30525   0.67774   0.38323   0.24644   0.15609   2.54871   0.00000   0.20718   0.14588   0.09109   0.03671   0.00986   1.54769   0.01286   0.00010  
 40 13.0896   7528.323561  x:  0.99983   1.45626   1.72269   1.29768   0.73760   0.29285   0.93031   0.32170   0.61018   0.39066   0.24058   0.16177   2.70873   0.00000   0.20579   0.14618   0.09229   0.03654   0.00977   1.64098   0.01288   0.00010  
 41  6.6737   7527.660000  x:  1.01064   1.50218   1.79183   1.22731   0.66381   0.33864   0.87905   0.26267   0.65517   0.38446   0.24949   0.15709   2.82960   0.00000   0.20065   0.14659   0.09459   0.03683   0.00968   1.64927   0.01287   0.00010  
 42  4.8745   7526.746887  x:  1.10843   1.55770   1.88924   1.12490   0.61603   0.40484   0.86204   0.34553   0.66834   0.36226   0.24515   0.15941   2.94276   0.00000   0.19629   0.14757   0.09614   0.03596   0.00997   1.57111   0.01232   0.00010  
 43  7.4090   7525.034044  x:  1.32691   1.60728   2.01500   1.03659   0.70042   0.37872   0.96217   0.27951   0.58880   0.41166   0.25183   0.16338   2.99385   0.00000   0.17582   0.14839   0.10306   0.03621   0.00976   1.52889   0.01191   0.00010  
 44  5.4983   7523.501929  x:  1.48091   1.59619   2.06498   1.08781   0.78859   0.34728   0.97894   0.32765   0.68762   0.35395   0.25885   0.16470   2.94951   0.00000   0.15806   0.14892   0.10957   0.03619   0.00938   1.66350   0.01200   0.00010  
 45  6.6840   7521.626405  x:  1.45620   1.50685   1.98177   1.44417   0.68441   0.46919   0.89899   0.32818   0.64045   0.38041   0.26639   0.16403   2.78462   0.00000   0.14302   0.15095   0.11706   0.03617   0.00944   1.59213   0.01252   0.00010  
 46  4.8006   7521.379750  x:  1.45344   1.49669   1.97172   1.48608   0.67203   0.48353   0.88985   0.32824   0.63499   0.38346   0.26728   0.16395   2.76528   0.01738   0.14127   0.15119   0.11794   0.03617   0.00945   1.58379   0.01258   0.00010  
 47 95.3276   7521.135490  x:  1.49479   1.61471   1.87775   1.51997   0.61902   0.49661   0.96372   0.32633   0.65592   0.36819   0.26743   0.16382   2.76886   0.01716   0.14162   0.15177   0.11921   0.03641   0.00936   1.59456   0.01234   0.00010  
 48  1.0498   7520.804998  x:  1.57640   1.72991   1.79087   1.54000   0.67765   0.51671   0.86984   0.33022   0.63598   0.38728   0.27091   0.16078   2.79998   0.01578   0.14292   0.15277   0.12114   0.03695   0.00921   1.60967   0.01203   0.00010  
 49  1.6877   7520.125264  x:  1.77988   1.53516   1.91263   1.59414   0.65872   0.56014   0.89403   0.32693   0.64587   0.38634   0.27496   0.15523   2.93444   0.00927   0.14910   0.15501   0.12515   0.03814   0.00886   1.64987   0.01133   0.00010  
 50  1.1398   7519.871294  x:  1.92219   1.50863   1.88456   1.56714   0.65457   0.59128   0.89242   0.32963   0.64431   0.39606   0.27423   0.15445   3.03114   0.00000   0.15781   0.15484   0.12474   0.03830   0.00873   1.65466   0.01163   0.00010  
 51  0.1784   7519.691623  x:  2.00688   1.61892   2.04512   1.63592   0.65851   0.61640   0.89049   0.33672   0.64605   0.40367   0.27404   0.15372   3.04752   0.00000   0.16565   0.15461   0.12397   0.03835   0.00862   1.65524   0.01128   0.00010  
 52  1.2899   7519.632667  x:  2.01632   1.64864   2.06860   1.68873   0.64822   0.62808   0.88626   0.34161   0.64324   0.40629   0.27304   0.15579   3.07808   0.00000   0.16231   0.15330   0.12210   0.03794   0.00872   1.63821   0.01099   0.00010  
 53  0.0811   7519.621428  x:  2.03494   1.63814   2.05538   1.70033   0.64773   0.63092   0.88687   0.34445   0.64382   0.40545   0.27251   0.15674   3.11441   0.00000   0.16469   0.15311   0.12101   0.03781   0.00878   1.63575   0.01094   0.00010  
 54  0.0533   7519.618152  x:  2.03466   1.63883   2.05975   1.71799   0.65116   0.62728   0.88715   0.34571   0.64445   0.40391   0.27242   0.15700   3.12719   0.00000   0.16405   0.15325   0.12050   0.03787   0.00883   1.63798   0.01095   0.00010  
 55  0.0144   7519.617606  x:  2.03841   1.64277   2.06422   1.72457   0.65318   0.62505   0.88873   0.34550   0.64540   0.40421   0.27258   0.15670   3.13588   0.00000   0.16410   0.15330   0.12079   0.03787   0.00879   1.63904   0.01092   0.00010  
 56  0.0085   7519.617552  x:  2.03868   1.64255   2.06365   1.72363   0.65285   0.62400   0.88876   0.34527   0.64524   0.40415   0.27256   0.15676   3.13611   0.00000   0.16413   0.15326   0.12085   0.03787   0.00880   1.63830   0.01093   0.00010  
 57  0.0010   7519.617542  x:  2.03904   1.64245   2.06372   1.72340   0.65279   0.62339   0.88883   0.34528   0.64530   0.40399   0.27255   0.15679   3.13540   0.00000   0.16412   0.15328   0.12083   0.03787   0.00880   1.63838   0.01093   0.00010  
 58  0.0006   7519.617541  x:  2.03920   1.64242   2.06362   1.72336   0.65281   0.62338   0.88884   0.34527   0.64531   0.40401   0.27255   0.15678   3.13521   0.00000   0.16412   0.15328   0.12083   0.03787   0.00880   1.63842   0.01093   0.00010  
 59  0.0002   7519.617541  x:  2.03930   1.64242   2.06360   1.72336   0.65282   0.62338   0.88885   0.34526   0.64531   0.40402   0.27255   0.15678   3.13517   0.00000   0.16412   0.15327   0.12083   0.03787   0.00880   1.63842   0.01093   0.00010  
 60  0.0001   7519.617541  x:  2.03934   1.64242   2.06365   1.72336   0.65283   0.62339   0.88885   0.34527   0.64530   0.40401   0.27255   0.15678   3.13525   0.00000   0.16412   0.15328   0.12083   0.03787   0.00880   1.63840   0.01093   0.00010  
 61  0.0000   7519.617541  x:  2.03934   1.64242   2.06365   1.72336   0.65283   0.62339   0.88885   0.34527   0.64530   0.40401   0.27255   0.15678   3.13525   0.00000   0.16412   0.15328   0.12083   0.03787   0.00880   1.63840   0.01093   0.00010  
 62  0.0001   7519.617541  x:  2.03934   1.64242   2.06365   1.72336   0.65283   0.62339   0.88885   0.34527   0.64530   0.40401   0.27255   0.15678   3.13525   0.00000   0.16412   0.15328   0.12083   0.03787   0.00880   1.63840   0.01093   0.00010  
 63  0.0001   7519.617541  x:  2.03934   1.64242   2.06365   1.72336   0.65283   0.62339   0.88885   0.34527   0.64530   0.40401   0.27255   0.15678   3.13525   0.00000   0.16412   0.15328   0.12083   0.03787   0.00880   1.63840   0.01093   0.00010  
 64  0.0529   7519.617541  x:  2.03934   1.64242   2.06365   1.72336   0.65283   0.62339   0.88885   0.34527   0.64530   0.40401   0.27255   0.15678   3.13525   0.00000   0.16412   0.15328   0.12083   0.03787   0.00880   1.63840   0.01093   0.00010  
 65  0.0001   7519.617541  x:  2.03934   1.64242   2.06365   1.72336   0.65283   0.62339   0.88885   0.34527   0.64530   0.40401   0.27255   0.15678   3.13525   0.00000   0.16412   0.15328   0.12083   0.03787   0.00880   1.63840   0.01093   0.00010  
 66  0.0000   7519.617541  x:  2.03934   1.64242   2.06365   1.72336   0.65283   0.62339   0.88885   0.34527   0.64530   0.40401   0.27255   0.15678   3.13525   0.00000   0.16412   0.15328   0.12083   0.03787   0.00880   1.63840   0.01093   0.00010  
check convergence!
