    8
BAM_017770  0.000000  2.192271  2.267563  2.296965  0.833722  0.615594
  0.520395  2.193525
BA_3681xxx  2.192271  0.000000  0.092340  2.097967  2.140120  2.868757
  2.117133  0.007753
BC_3621xxx  2.267563  0.092340  0.000000  2.155628  2.157309  2.838718
  2.114677  0.091796
NT03BC2453  2.296965  2.097967  2.155628  0.000000  2.125649  1.538709
  1.916191  2.099155
NT03BL2146  0.833722  2.140120  2.157309  2.125649  0.000000  0.688839
  0.677775  2.141380
Bmo3184xxx  0.615594  2.868757  2.838718  1.538709  0.688839  0.000000
  0.219712  2.876996
BG11822xxx  0.520395  2.117133  2.114677  1.916191  0.677775  0.219712
  0.000000  2.118265
NT02BT3609  2.193525  0.007753  0.091796  2.099155  2.141380  2.876996
  2.118265  0.000000
