

TREE # 1

  0  0.0000   9509.529042  x:  0.00000   0.15149   0.17932   0.08106   0.15457   0.02828   0.12282   0.12729   0.14731   0.11014   0.10476   0.07816   0.16866   0.02905   0.08152   0.05074   0.09319   0.04790   0.01764   2.00000   0.20000   0.20000   0.20000  
  1 99.0000   8511.934434  x:  3.74895   0.49233   0.53522   0.43717   0.40441   0.37520   0.38632   0.29416   0.29082   0.20470   0.21128   0.21718   0.43395   0.22755   0.13154   0.20771   0.11035   0.09763   0.08812   1.97640   0.18799   0.16036   0.14631  
  2 13948.8407   8392.168322  x:  3.75578   0.50346   0.55097   0.44353   0.40974   0.37651   0.39691   0.29972   0.29826   0.20861   0.21303   0.21833   0.44049   0.22006   0.12553   0.20458   0.10506   0.08990   0.07484   1.97412   0.08471   0.14857   0.12338  
  3 1492.8358   8296.487235  x:  3.73704   0.55786   0.63019   0.47998   0.44122   0.38658   0.45115   0.33324   0.33648   0.23172   0.22475   0.22690   0.47971   0.18345   0.09896   0.19051   0.08136   0.05850   0.01618   1.95303   0.07919   0.09235   0.00997  
  4 677.4077   8234.923177  x:  3.70051   0.63876   0.74962   0.53574   0.48822   0.39968   0.53110   0.38133   0.38951   0.26158   0.23922   0.23673   0.53991   0.14886   0.08420   0.19049   0.05936   0.07453   0.03916   1.91728   0.06927   0.00010   0.02875  
  5 716.4098   8201.245351  x:  3.64778   0.75525   0.92167   0.61606   0.55588   0.41842   0.64617   0.45047   0.46569   0.30436   0.25991   0.25073   0.62664   0.09940   0.06353   0.19069   0.02896   0.09751   0.07169   1.86568   0.05485   0.00415   0.05408  
  6 2244.0648   8179.482083  x:  3.61432   0.82578   1.02785   0.66299   0.59265   0.42083   0.71268   0.48463   0.50208   0.31705   0.26209   0.24878   0.67758   0.10863   0.10085   0.20269   0.12008   0.10586   0.08460   1.83259   0.04595   0.00460   0.04985  
  7 717.8434   8169.836674  x:  3.60912   0.87447   1.10514   0.67320   0.58904   0.37538   0.74370   0.46873   0.49166   0.27236   0.22285   0.20569   0.68921   0.12988   0.14593   0.20041   0.10583   0.06709   0.05343   1.82000   0.04663   0.00488   0.07682  
  8 141.5571   8162.197074  x:  3.61117   0.92575   1.19127   0.67313   0.56996   0.29648   0.76906   0.42901   0.46426   0.19813   0.18933   0.17066   0.68948   0.11677   0.15959   0.18452   0.10253   0.10684   0.06522   1.80994   0.04802   0.00479   0.05858  
  9 168.1742   8157.308274  x:  3.61347   0.96069   1.25775   0.66644   0.54890   0.21490   0.78274   0.38590   0.44682   0.14671   0.22137   0.21144   0.68152   0.09981   0.16182   0.19328   0.10959   0.09366   0.07083   1.79907   0.04967   0.00487   0.06106  
 10 123.8990   8154.902423  x:  3.61767   0.96063   1.29200   0.65364   0.54819   0.14812   0.77798   0.35742   0.47480   0.19876   0.21017   0.21379   0.66268   0.10402   0.16218   0.20402   0.10981   0.09523   0.07588   1.77522   0.05097   0.00490   0.05763  
 11 30.8944   8137.906393  x:  3.60557   0.79141   1.47194   0.65592   0.84596   0.05125   0.73755   0.37921   0.41420   0.21700   0.24769   0.22311   0.59581   0.20442   0.15201   0.17518   0.08106   0.09974   0.11478   1.43563   0.04950   0.00460   0.02593  
 12 21.5728   8129.566677  x:  3.60242   0.70920   1.55285   0.66910   0.95283   0.03184   0.71995   0.39147   0.39884   0.20629   0.23183   0.20539   0.58334   0.17962   0.08907   0.23098   0.10959   0.10482   0.07766   1.28929   0.05086   0.00457   0.04676  
 13 146.8677   8105.306001  x:  3.57066   0.52663   1.72388   0.81627   0.91136   0.15868   0.69058   0.39159   0.52919   0.16171   0.17234   0.24896   0.73710   0.07455   0.18037   0.22771   0.11328   0.06244   0.14581   1.14322   0.05551   0.00440   0.02314  
 14 41.7820   8094.555227  x:  3.54949   0.46918   1.79698   0.88844   0.86942   0.20466   0.70067   0.41596   0.56320   0.17199   0.23195   0.25889   0.81450   0.08313   0.24335   0.22525   0.09725   0.14417   0.07144   1.13156   0.05763   0.00435   0.03581  
 15 120.9405   8086.205430  x:  3.53117   0.48960   1.82155   0.93618   0.84450   0.20769   0.74574   0.47825   0.49279   0.22041   0.29113   0.20173   0.86087   0.11463   0.22813   0.27778   0.08948   0.13095   0.10924   1.20909   0.05987   0.00427   0.01466  
 16 59.2924   8082.318108  x:  3.52491   0.52944   1.82306   0.96714   0.84320   0.19720   0.77857   0.51794   0.42952   0.26868   0.29596   0.19359   0.88762   0.11830   0.18519   0.21534   0.11940   0.10957   0.11183   1.27417   0.06273   0.00454   0.03313  
 17 80.1533   8079.827397  x:  3.51239   0.59757   1.79199   1.00196   0.86766   0.18706   0.79403   0.53209   0.38423   0.28627   0.23196   0.26283   0.91743   0.15581   0.16579   0.22996   0.11318   0.12150   0.10703   1.30998   0.06272   0.00446   0.02996  
 18 36.2770   8075.098860  x:  3.48906   0.87763   1.57195   1.12736   0.98482   0.10888   0.77670   0.46271   0.46333   0.24168   0.25159   0.24029   1.02748   0.20226   0.11792   0.23123   0.11150   0.11871   0.11069   1.29001   0.06140   0.00412   0.02969  
 19 20.4519   8072.507703  x:  3.48800   0.97241   1.47669   1.14744   0.99291   0.05238   0.84734   0.50794   0.42796   0.26268   0.25453   0.23930   1.05637   0.10291   0.20627   0.24324   0.10023   0.12352   0.10606   1.20831   0.05937   0.00364   0.02908  
 20 12.1157   8061.102289  x:  3.44131   1.18482   1.73835   0.99871   1.07233   0.16663   0.98837   0.52285   0.52869   0.24537   0.26397   0.24877   0.96783   0.01647   0.26395   0.28290   0.08064   0.12885   0.11166   1.26119   0.05684   0.00173   0.03246  
 21  5.8207   8051.693553  x:  3.40441   1.23191   1.96592   1.01223   0.95159   0.16573   1.08047   0.59634   0.57767   0.23050   0.26233   0.25706   1.06675   0.09590   0.16823   0.28291   0.06715   0.12129   0.12340   1.16968   0.05106   0.00010   0.03382  
 22 34.9364   8051.693553  x:  3.40441   1.23191   1.96592   1.01223   0.95159   0.16573   1.08047   0.59634   0.57767   0.23050   0.26233   0.25706   1.06675   0.09590   0.16823   0.28291   0.06715   0.12129   0.12340   1.16968   0.05106   0.00010   0.03382  
 23  8.0914   8047.096284  x:  3.40439   1.23191   1.96593   1.01224   0.95159   0.16573   1.08048   0.59634   0.57767   0.23050   0.26233   0.25705   1.06676   0.09589   0.16822   0.28288   0.06716   0.12123   0.12330   1.16970   0.05077   0.00692   0.03365  
 24 10924.7177   8045.302230  x:  3.40413   1.23201   1.96615   1.01241   0.95164   0.16574   1.08059   0.59644   0.57765   0.23047   0.26224   0.25690   1.06695   0.09574   0.16808   0.28236   0.06746   0.12016   0.12156   1.16989   0.04636   0.00691   0.03022  
 25 575.8772   8039.437651  x:  3.40269   1.23272   1.96751   1.01352   0.95205   0.16591   1.08132   0.59714   0.57762   0.23040   0.26180   0.25611   1.06811   0.09495   0.16736   0.27943   0.06914   0.11405   0.11155   1.17077   0.04689   0.00700   0.01122  
 26 674.9919   8027.424694  x:  3.39178   1.23806   1.97782   1.02185   0.95513   0.16717   1.08687   0.60239   0.57742   0.22989   0.25859   0.25031   1.07687   0.09352   0.16632   0.26194   0.07888   0.07022   0.03765   1.17667   0.04695   0.00703   0.01376  
 27 278.7652   8024.623852  x:  3.36570   1.25075   2.00234   1.04145   0.96230   0.16976   1.09997   0.61456   0.57731   0.22909   0.25410   0.24033   1.09747   0.09352   0.16716   0.22917   0.09962   0.10014   0.01439   1.19080   0.04679   0.00705   0.01508  
 28 80.0679   8019.837914  x:  3.29657   1.28416   2.06706   1.09270   0.98091   0.17577   1.13427   0.64608   0.57752   0.22751   0.24635   0.21953   1.15135   0.09069   0.16644   0.15594   0.14198   0.09079   0.02932   1.22634   0.04634   0.00707   0.01857  
 29 166.8419   7987.216860  x:  2.54138   1.64146   2.76355   1.62584   1.16976   0.20789   1.49417   0.96176   0.60096   0.23161   0.32527   0.22325   1.71196   0.06035   0.14161   0.20891   0.05730   0.08879   0.03292   1.55306   0.03790   0.00705   0.01857  
 30 130.2141   7981.907201  x:  2.39772   1.70718   2.89294   1.72054   1.20177   0.20529   1.55904   1.01474   0.60815   0.23358   0.32868   0.22711   1.81161   0.08961   0.17290   0.25290   0.09489   0.08465   0.03420   1.59691   0.03618   0.00706   0.01633  
 31 473.1608   7976.412974  x:  2.21335   1.77110   3.03152   1.78752   1.21025   0.13300   1.61227   1.02579   0.63267   0.23840   0.21497   0.21780   1.88278   0.09125   0.19822   0.26620   0.07173   0.08424   0.03587   1.51428   0.03463   0.00704   0.01430  
 32 70.2546   7969.408134  x:  1.94118   1.85111   3.21708   1.85751   1.20765   0.00000   1.67413   1.01508   0.66260   0.23675   0.17948   0.31254   1.95754   0.04600   0.19475   0.25810   0.09527   0.08627   0.03480   1.35262   0.03256   0.00704   0.01561  
 33 141.2088   7969.408134  x:  1.94118   1.85111   3.21708   1.85751   1.20765   0.00000   1.67413   1.01508   0.66260   0.23675   0.17948   0.31254   1.95754   0.04600   0.19475   0.25810   0.09527   0.08627   0.03480   1.35262   0.03256   0.00704   0.01561  
 34 81.8765   7965.087005  x:  1.94116   1.85113   3.21711   1.85752   1.20766   0.00002   1.67415   1.01509   0.66260   0.23676   0.17955   0.31252   1.95755   0.04604   0.19477   0.25802   0.09525   0.08625   0.03475   1.35257   0.03750   0.00708   0.01556  
 35 1855.5909   7964.821456  x:  1.93931   1.85162   3.21816   1.85757   1.20794   0.00018   1.67463   1.01498   0.66218   0.23631   0.18396   0.31086   1.95759   0.04834   0.19630   0.25295   0.09456   0.08488   0.03215   1.35148   0.03749   0.00906   0.01279  
 36 56.8580   7964.011156  x:  1.93223   1.85347   3.22216   1.85779   1.20903   0.00078   1.67648   1.01456   0.66058   0.23462   0.20051   0.30447   1.95771   0.05699   0.20210   0.23416   0.09182   0.08043   0.02382   1.34728   0.03746   0.01007   0.01582  
 37 266.8126   7963.579796  x:  1.92791   1.85461   3.22460   1.85792   1.20969   0.00114   1.67761   1.01430   0.65958   0.23358   0.20970   0.30036   1.95779   0.06115   0.20473   0.22388   0.09082   0.08031   0.02467   1.34476   0.03744   0.00599   0.01445  
 38 208.7696   7962.971667  x:  1.91928   1.85688   3.22948   1.85817   1.21102   0.00187   1.67984   1.01379   0.65758   0.23147   0.22624   0.29178   1.95794   0.06746   0.20837   0.20605   0.09036   0.08349   0.03328   1.33976   0.03741   0.00805   0.01544  
 39 239.7292   7961.925569  x:  1.88309   1.86645   3.24994   1.85923   1.21669   0.00477   1.68886   1.01164   0.64914   0.22289   0.25892   0.24967   1.95855   0.05313   0.18931   0.19405   0.10971   0.09004   0.02892   1.31993   0.03733   0.00738   0.01619  
 40 40.7735   7961.235545  x:  1.83980   1.87775   3.27420   1.86052   1.22338   0.00784   1.69892   1.00922   0.64211   0.21708   0.27625   0.21650   1.95924   0.06157   0.18993   0.21087   0.10797   0.07714   0.03479   1.29906   0.03723   0.00752   0.01587  
 41 41.9215   7960.692055  x:  1.79285   1.88989   3.30033   1.86191   1.23050   0.01064   1.70923   1.00671   0.63789   0.21536   0.28731   0.20180   1.95995   0.06763   0.18937   0.22446   0.09213   0.09043   0.03042   1.27941   0.03711   0.00777   0.01533  
 42 60.3894   7958.340332  x:  1.52011   1.95990   3.45100   1.86998   1.27051   0.02214   1.76519   0.99298   0.63547   0.23321   0.31219   0.24525   1.96401   0.06506   0.16944   0.23891   0.08593   0.08242   0.03489   1.18913   0.03632   0.00782   0.01534  
 43 52.0451   7956.645055  x:  1.30472   2.01556   3.56998   1.87687   1.30055   0.02671   1.80780   0.98291   0.63392   0.24460   0.28500   0.25411   1.96776   0.08339   0.18095   0.23307   0.11314   0.09370   0.02935   1.13862   0.03592   0.00697   0.01501  
 44 159.5448   7955.342507  x:  1.14476   2.05764   3.65887   1.88258   1.32104   0.02533   1.83803   0.97627   0.63184   0.24828   0.24642   0.24493   1.97121   0.07691   0.17678   0.20979   0.09992   0.08650   0.03138   1.12378   0.03581   0.00735   0.01529  
 45 146.2871   7953.420472  x:  0.92039   2.12191   3.78896   1.89400   1.34001   0.00000   1.87393   0.97145   0.62612   0.23212   0.25493   0.24828   1.97970   0.06222   0.19269   0.21442   0.09941   0.08662   0.03130   1.21679   0.03632   0.00750   0.01541  
 46 45.9606   7953.314547  x:  0.91680   2.13942   3.81590   1.90372   1.32520   0.00000   1.86712   0.98227   0.65147   0.24883   0.25850   0.24151   1.98890   0.05869   0.19614   0.21558   0.09897   0.08662   0.03138   1.22284   0.03614   0.00751   0.01541  
 47  4.9045   7952.962935  x:  0.94320   2.22085   3.93688   1.95527   1.25252   0.00000   1.83161   1.03737   0.67591   0.21390   0.25569   0.24588   2.03817   0.05286   0.20298   0.21466   0.09875   0.08647   0.03134   1.22279   0.03545   0.00750   0.01539  
 48  7.4877   7952.799303  x:  0.98226   2.26776   4.01687   1.99108   1.25107   0.00000   1.83269   1.06578   0.64535   0.24027   0.25377   0.24630   2.07460   0.07030   0.18335   0.21358   0.09971   0.08650   0.03136   1.23890   0.03488   0.00747   0.01549  
 49  5.2642   7952.648560  x:  1.03434   2.30952   4.09987   2.02910   1.28596   0.00000   1.86026   1.08085   0.62850   0.25448   0.25397   0.24616   2.11464   0.04689   0.20980   0.21325   0.09853   0.08615   0.03133   1.24522   0.03412   0.00750   0.01543  
 50  6.1550   7952.411733  x:  1.12937   2.37231   4.25105   2.10366   1.37976   0.00000   1.94909   1.09434   0.67263   0.22847   0.25083   0.24829   2.19222   0.05652   0.19929   0.21212   0.09885   0.08600   0.03135   1.26762   0.03269   0.00747   0.01550  
 51  7.3213   7952.245386  x:  1.14089   2.39428   4.39475   2.18718   1.37188   0.00000   2.11492   1.17764   0.67754   0.22971   0.25104   0.25096   2.28249   0.05412   0.20162   0.21281   0.09845   0.08577   0.03145   1.27218   0.03184   0.00740   0.01547  
 52  1.8427   7952.183531  x:  1.12963   2.45212   4.48018   2.22868   1.38668   0.00000   2.12383   1.14748   0.67644   0.23239   0.25321   0.25131   2.31568   0.05477   0.20058   0.21349   0.09830   0.08564   0.03154   1.26884   0.03177   0.00734   0.01545  
 53  0.9714   7952.154517  x:  1.11920   2.49418   4.52691   2.24243   1.42318   0.00000   2.11888   1.18867   0.67998   0.22937   0.25524   0.25104   2.31556   0.05434   0.20076   0.21369   0.09823   0.08549   0.03161   1.26777   0.03147   0.00729   0.01544  
 54  0.6478   7952.094803  x:  1.11919   2.57793   4.64141   2.25489   1.42649   0.00000   2.17740   1.19818   0.68062   0.23020   0.25877   0.25043   2.34540   0.05293   0.20172   0.21324   0.09815   0.08502   0.03172   1.27299   0.03063   0.00718   0.01543  
 55  0.5391   7952.086211  x:  1.11244   2.56423   4.66327   2.27740   1.43268   0.00000   2.17210   1.19975   0.68058   0.23028   0.25967   0.24998   2.37108   0.05216   0.20242   0.21319   0.09815   0.08498   0.03172   1.27328   0.03048   0.00717   0.01543  
 56  0.3872   7952.084965  x:  1.11365   2.55504   4.67995   2.27997   1.43189   0.00000   2.17273   1.19880   0.68059   0.23020   0.25968   0.24975   2.36325   0.05216   0.20250   0.21310   0.09819   0.08502   0.03169   1.27362   0.03049   0.00718   0.01543  
 57  0.0970   7952.083511  x:  1.11019   2.56532   4.69266   2.28727   1.43262   0.00000   2.18409   1.20040   0.68146   0.22997   0.25940   0.24909   2.37385   0.05237   0.20265   0.21288   0.09833   0.08524   0.03155   1.27398   0.03044   0.00723   0.01543  
 58  0.0278   7952.083465  x:  1.11162   2.56737   4.69600   2.29091   1.43364   0.00000   2.18680   1.20158   0.68171   0.23001   0.25953   0.24907   2.37472   0.05237   0.20264   0.21291   0.09831   0.08521   0.03158   1.27384   0.03041   0.00722   0.01543  
 59  0.0071   7952.083444  x:  1.11246   2.56790   4.69844   2.29035   1.43437   0.00000   2.18771   1.20238   0.68187   0.22998   0.25960   0.24906   2.37652   0.05239   0.20261   0.21292   0.09830   0.08520   0.03159   1.27375   0.03040   0.00722   0.01543  
 60  0.0165   7952.083443  x:  1.11264   2.56788   4.69844   2.29049   1.43442   0.00000   2.18763   1.20236   0.68182   0.23001   0.25956   0.24908   2.37661   0.05238   0.20261   0.21292   0.09831   0.08520   0.03158   1.27375   0.03040   0.00722   0.01543  
 61  0.0003   7952.083443  x:  1.11269   2.56796   4.69856   2.29054   1.43442   0.00000   2.18765   1.20238   0.68181   0.23001   0.25955   0.24908   2.37666   0.05238   0.20261   0.21291   0.09831   0.08520   0.03158   1.27375   0.03040   0.00722   0.01543  
 62  0.0001   7952.083443  x:  1.11269   2.56796   4.69856   2.29054   1.43442   0.00000   2.18765   1.20238   0.68181   0.23001   0.25955   0.24908   2.37666   0.05238   0.20261   0.21291   0.09831   0.08520   0.03158   1.27375   0.03040   0.00722   0.01543  