

TREE # 1

  0  0.0000   8744.454212  x:  0.05974   2.00634   1.60041   0.36159   1.41746   0.37517   1.51427   0.41407   1.19636   0.42038   0.28502   0.36606   1.16262   0.22781   0.00750   0.05288   0.06925   0.00891   0.00617   2.00000   0.20000   0.20000   0.20000  
  1 99.0000   8736.667408  x:  0.07296   2.00793   1.60333   0.37026   1.41706   0.37675   1.51356   0.41518   1.19417   0.41867   0.28413   0.36387   1.16588   0.22841   0.01254   0.05349   0.06893   0.00000   0.02065   1.99644   0.20885   0.19642   0.19992  
  2 532.5269   8728.205097  x:  0.11630   2.01311   1.61292   0.39885   1.41567   0.38188   1.51114   0.41880   1.18684   0.41293   0.28116   0.35654   1.17660   0.23021   0.02863   0.05536   0.06827   0.01315   0.05735   1.98471   0.23483   0.18441   0.19971  
  3 1829.3688   8636.257139  x:  0.47531   2.05406   1.69390   0.64696   1.39566   0.42047   1.48211   0.44439   1.11042   0.35162   0.25186   0.28440   1.26912   0.22897   0.12684   0.06183   0.06388   0.00379   0.00000   1.88414   0.19897   0.06820   0.19700  
  4 631.7984   8622.185600  x:  0.56094   2.06367   1.71334   0.70705   1.39020   0.42935   1.47447   0.45015   1.09092   0.33590   0.24450   0.26628   1.29148   0.22736   0.14741   0.06265   0.06305   0.00359   0.00025   1.85987   0.17014   0.03917   0.19630  
  5 7965.7392   8608.124484  x:  0.64660   2.07374   1.73527   0.77206   1.38272   0.43842   1.46511   0.45819   1.06610   0.31859   0.24527   0.25220   1.31781   0.21540   0.14930   0.06226   0.06875   0.00351   0.00033   1.82742   0.14469   0.09474   0.19554  
  6 625.7721   8589.766323  x:  0.70864   2.08274   1.76251   0.84587   1.36608   0.44472   1.44779   0.47063   1.02075   0.29369   0.26922   0.24834   1.35415   0.14963   0.04837   0.03887   0.07507   0.00338   0.00036   1.77226   0.14752   0.10368   0.19375  
  7 286.3492   8586.921738  x:  0.70965   2.08410   1.77156   0.86612   1.35705   0.44439   1.43957   0.47636   0.99970   0.28645   0.28456   0.25222   1.36751   0.15173   0.02491   0.07005   0.07507   0.00337   0.00037   1.74679   0.14762   0.10347   0.19284  
  8 169.0602   8577.727922  x:  0.68262   2.08525   1.79569   0.91350   1.32743   0.43990   1.41375   0.49401   0.93475   0.26937   0.33117   0.26576   1.40529   0.19895   0.00000   0.06610   0.05852   0.00343   0.00038   1.66790   0.14760   0.10440   0.19023  
  9 183.8814   8577.727922  x:  0.68262   2.08525   1.79569   0.91350   1.32743   0.43990   1.41375   0.49401   0.93475   0.26937   0.33117   0.26576   1.40529   0.19895   0.00000   0.06610   0.05852   0.00343   0.00038   1.66790   0.14760   0.10440   0.19023  
 10 293.8454   8568.764885  x:  0.68274   2.08527   1.79574   0.91359   1.32742   0.43992   1.41374   0.49405   0.93472   0.26939   0.33116   0.26575   1.40534   0.19909   0.00031   0.06608   0.05859   0.00395   0.01422   1.66780   0.14842   0.10441   0.19023  
 11 7403.9164   8562.906991  x:  0.68594   2.08590   1.79704   0.91614   1.32720   0.44059   1.41361   0.49516   0.93397   0.27008   0.33089   0.26524   1.40689   0.20303   0.00886   0.06492   0.06064   0.00066   0.01432   1.66517   0.16989   0.10479   0.19015  
 12 476.6924   8562.165521  x:  0.68698   2.08608   1.79745   0.91697   1.32708   0.44076   1.41351   0.49548   0.93366   0.27027   0.33077   0.26504   1.40737   0.20424   0.01141   0.06454   0.06131   0.00397   0.01415   1.66435   0.17415   0.10489   0.19012  
 13 858.2935   8555.912436  x:  0.71945   2.09027   1.80911   0.94250   1.32044   0.44360   1.40790   0.50341   0.92065   0.27362   0.32518   0.25639   1.42137   0.23623   0.07645   0.05237   0.07912   0.00324   0.01425   1.64153   0.16115   0.10675   0.18919  
 14 191.2377   8539.209035  x:  0.90382   2.11516   1.87740   1.08701   1.28492   0.45945   1.37775   0.54956   0.84981   0.29535   0.30558   0.22062   1.49888   0.20099   0.10483   0.04648   0.05370   0.00320   0.01425   1.51261   0.14899   0.04922   0.18363  
 15 133.9011   8514.663347  x:  1.27418   2.16536   2.01593   1.37743   1.21285   0.49048   1.31670   0.64203   0.70880   0.34038   0.28026   0.16520   1.65436   0.11599   0.12773   0.08365   0.05987   0.00305   0.01421   1.25326   0.12684   0.10194   0.17212  
 16 977.5438   8508.373211  x:  1.36911   2.17852   2.05429   1.45165   1.19294   0.49669   1.30028   0.66403   0.68180   0.35606   0.31987   0.21042   1.69310   0.10959   0.11406   0.04395   0.07941   0.00277   0.01427   1.20307   0.12162   0.10910   0.16824  
 17 222.1747   8505.472039  x:  1.42980   2.18730   2.08155   1.49896   1.17925   0.49942   1.28944   0.67635   0.67417   0.36864   0.35609   0.25353   1.71677   0.13614   0.10511   0.07174   0.07614   0.00271   0.01425   1.18981   0.11762   0.10238   0.16479  
 18 157.1074   8503.952433  x:  1.46666   2.19318   2.10169   1.52770   1.17016   0.50002   1.28277   0.68152   0.68084   0.37672   0.35900   0.25698   1.72972   0.16979   0.08777   0.06542   0.05456   0.00285   0.01427   1.20476   0.11706   0.11327   0.16149  
 19 74.2713   8499.308483  x:  1.59875   2.21507   2.17850   1.63092   1.13743   0.50175   1.25961   0.69748   0.71728   0.40385   0.34381   0.23950   1.77433   0.28652   0.00000   0.05716   0.07907   0.00248   0.01430   1.28614   0.11790   0.11164   0.14775  
 20 165.0430   8497.310723  x:  1.68677   2.23766   2.26560   1.70474   1.12976   0.52578   1.26900   0.69944   0.78005   0.36888   0.34013   0.25599   1.80108   0.23364   0.03359   0.05911   0.07608   0.00253   0.01430   1.42471   0.11492   0.11716   0.12377  
 21 24.3610   8496.421272  x:  1.70170   2.26840   2.40965   1.73281   1.19190   0.56247   1.36013   0.68217   0.82379   0.31069   0.34557   0.25378   1.77350   0.24778   0.02445   0.05825   0.07696   0.00250   0.01432   1.40379   0.11037   0.11722   0.05604  
 22  7.6005   8495.834548  x:  1.69947   2.28487   2.49744   1.74474   1.21725   0.56304   1.40096   0.67445   0.84286   0.35264   0.34174   0.25626   1.75519   0.24152   0.02899   0.05829   0.07672   0.00251   0.01433   1.39898   0.10735   0.11733   0.00010  
 23 15.2455   8494.962229  x:  1.67720   2.31382   2.69166   1.77277   1.23135   0.50564   1.43014   0.65096   0.76580   0.36603   0.33586   0.26288   1.72111   0.23674   0.03278   0.05858   0.07566   0.00271   0.01435   1.42559   0.10913   0.11737   0.00010  
 24 10.2026   8494.016141  x:  1.64324   2.31565   2.83415   1.81430   1.23264   0.48522   1.38132   0.70827   0.79361   0.36020   0.39502   0.21804   1.72184   0.22704   0.03929   0.05882   0.07468   0.00290   0.01436   1.41992   0.10904   0.11657   0.00010  
 25  6.2643   8492.334567  x:  1.59630   2.30581   3.02935   1.89330   1.25050   0.50448   1.28974   0.82065   0.85591   0.33747   0.33427   0.26942   1.75300   0.22201   0.04146   0.05989   0.07315   0.00324   0.01439   1.39154   0.10826   0.11566   0.00010  
 26 16.8057   8488.589091  x:  1.69621   2.29660   3.13177   2.07306   1.38428   0.76735   1.37415   0.75693   0.81480   0.39839   0.36174   0.25883   2.00082   0.21726   0.03867   0.06024   0.07074   0.00401   0.01445   1.44008   0.10686   0.11602   0.00010  
 27  6.2320   8485.584186  x:  1.91149   2.43074   3.09968   2.12926   1.34010   0.63889   1.64233   0.76377   0.91962   0.38035   0.35524   0.27227   2.19822   0.20028   0.04677   0.06146   0.06835   0.00463   0.01449   1.42047   0.10540   0.11543   0.00010  
 28 10.6041   8484.066334  x:  2.10614   2.71053   3.06133   2.07643   1.52012   0.61257   1.70591   0.96047   0.87702   0.39370   0.36428   0.27012   2.23110   0.19876   0.04797   0.06053   0.06782   0.00480   0.01452   1.47035   0.09925   0.11632   0.00010  
 29  7.4110   8482.925980  x:  2.25562   3.00393   3.05809   2.06218   1.65502   0.57325   1.59973   0.88334   0.92563   0.39180   0.36259   0.27379   2.25456   0.18899   0.05555   0.06065   0.06723   0.00498   0.01455   1.44665   0.09630   0.11525   0.00010  
 30  7.9751   8480.527789  x:  2.27546   3.50515   3.16673   2.36217   1.46953   0.75966   1.67387   0.92794   0.91660   0.41197   0.36284   0.27194   2.34653   0.19627   0.05503   0.05809   0.06881   0.00513   0.01462   1.41994   0.08531   0.11017   0.00010  
 31  2.5943   8477.612814  x:  2.68349   3.23394   3.35206   2.79058   1.70343   0.64013   1.74992   0.97931   0.93875   0.42732   0.36285   0.27222   2.27451   0.18481   0.07372   0.05542   0.07028   0.00533   0.01471   1.39856   0.07654   0.10403   0.00010  
 32  2.6836   8476.311746  x:  3.04274   3.05796   3.47905   2.76202   1.57051   0.75792   1.73510   0.97703   0.93712   0.43820   0.36229   0.27021   2.01065   0.17729   0.08487   0.05489   0.07082   0.00542   0.01473   1.37152   0.07835   0.10014   0.00010  
 33  4.9795   8475.372035  x:  3.17985   2.95196   3.73671   2.61097   1.55251   0.77976   1.73349   0.99673   0.93060   0.45003   0.35773   0.26566   2.41343   0.18528   0.08245   0.05475   0.07288   0.00496   0.01472   1.36466   0.07597   0.09447   0.00010  
 34  1.1305   8474.233685  x:  3.21609   2.98867   3.77039   3.01315   1.62005   0.72005   1.77266   1.00620   0.93526   0.46839   0.35320   0.26495   2.47185   0.18397   0.08831   0.05599   0.07349   0.00420   0.01467   1.38700   0.07705   0.08931   0.00010  
 35  1.0593   8473.147203  x:  3.56849   3.44436   4.08553   3.37306   1.70971   0.83616   1.91731   1.10894   0.99815   0.49678   0.36120   0.27291   2.63196   0.16714   0.10077   0.05732   0.06877   0.00352   0.01468   1.42836   0.06757   0.08986   0.00010  
 36  0.5426   8472.357093  x:  3.97477   3.66730   4.45806   3.61307   1.91225   0.89844   2.08867   1.21176   1.09428   0.51083   0.36645   0.28699   2.85066   0.16777   0.10032   0.05570   0.06631   0.00215   0.01455   1.45218   0.06341   0.09993   0.00010  
 37  0.2759   8472.152303  x:  4.13884   3.79785   4.63930   3.74392   1.99631   0.93292   2.17462   1.25563   1.13237   0.52249   0.36596   0.29159   2.95390   0.16890   0.09981   0.05681   0.06917   0.00235   0.01448   1.44252   0.05950   0.09813   0.00010  
 38  0.3894   8472.035195  x:  4.16544   3.82552   4.71467   3.76814   2.02959   0.94360   2.21493   1.26296   1.14743   0.52896   0.36277   0.29303   2.98893   0.17149   0.09622   0.05775   0.07250   0.00303   0.01436   1.42679   0.05917   0.09552   0.00010  
 39  0.1058   8471.978318  x:  4.28163   3.95870   4.90355   3.90587   2.10657   0.97697   2.30456   1.30235   1.18108   0.54872   0.36228   0.29689   3.10372   0.17079   0.09483   0.05634   0.07100   0.00316   0.01419   1.43665   0.05672   0.09643   0.00010  
 40  0.1894   8471.965109  x:  4.27995   3.97698   4.93014   3.92745   2.11264   0.98094   2.31489   1.30573   1.18387   0.55511   0.36259   0.29729   3.12016   0.17152   0.09451   0.05646   0.07032   0.00308   0.01410   1.44134   0.05682   0.09636   0.00010  
 41  0.0378   8471.961930  x:  4.30395   4.00676   4.97055   3.95998   2.12636   0.98834   2.33005   1.31408   1.19153   0.56089   0.36290   0.29849   3.14210   0.17208   0.09479   0.05688   0.07049   0.00300   0.01401   1.44151   0.05630   0.09589   0.00010  
 42  0.0498   8471.959480  x:  4.30031   4.00292   4.97102   3.95900   2.12290   0.98787   2.32256   1.31372   1.19511   0.56272   0.36262   0.29959   3.13397   0.17068   0.09644   0.05649   0.07054   0.00300   0.01380   1.43982   0.05635   0.09619   0.00010  
 43  0.0029   8471.957219  x:  4.29205   3.99235   4.96111   3.94820   2.11934   0.98542   2.31684   1.31362   1.19511   0.56175   0.36212   0.29941   3.12884   0.17004   0.09645   0.05687   0.07062   0.00306   0.01354   1.44212   0.05645   0.09620   0.00010  
 44  0.0061   8471.955650  x:  4.28442   3.98810   4.95404   3.94315   2.11707   0.98419   2.31706   1.31237   1.19207   0.56068   0.36226   0.29841   3.13052   0.17234   0.09481   0.05670   0.07046   0.00307   0.01333   1.44164   0.05654   0.09606   0.00010  
 45  0.0052   8471.955156  x:  4.28821   3.99075   4.95338   3.94497   2.11775   0.98483   2.31893   1.31128   1.19062   0.55974   0.36280   0.29841   3.13000   0.17161   0.09507   0.05671   0.07046   0.00303   0.01326   1.44042   0.05651   0.09607   0.00010  
 46  0.0028   8471.955104  x:  4.29002   3.99175   4.95363   3.94557   2.11835   0.98508   2.31935   1.31085   1.19033   0.55948   0.36265   0.29852   3.12881   0.17145   0.09532   0.05671   0.07051   0.00304   0.01325   1.44088   0.05651   0.09613   0.00010  
 47  0.0013   8471.955102  x:  4.29075   3.99227   4.95465   3.94626   2.11866   0.98518   2.31969   1.31091   1.19040   0.55958   0.36265   0.29852   3.12922   0.17144   0.09536   0.05671   0.07049   0.00304   0.01325   1.44083   0.05651   0.09611   0.00010  
 48  0.0011   8471.955102  x:  4.29071   3.99206   4.95453   3.94607   2.11858   0.98509   2.31957   1.31087   1.19036   0.55956   0.36265   0.29850   3.12914   0.17143   0.09537   0.05671   0.07049   0.00304   0.01325   1.44083   0.05651   0.09611   0.00010  
 49  0.0003   8471.955102  x:  4.29074   3.99201   4.95454   3.94603   2.11857   0.98505   2.31954   1.31087   1.19034   0.55956   0.36266   0.29850   3.12914   0.17142   0.09537   0.05671   0.07049   0.00304   0.01325   1.44083   0.05651   0.09611   0.00010  
 50  0.0001   8471.955102  x:  4.29081   3.99210   4.95464   3.94611   2.11860   0.98504   2.31957   1.31090   1.19035   0.55957   0.36266   0.29850   3.12918   0.17143   0.09536   0.05671   0.07050   0.00304   0.01325   1.44083   0.05651   0.09611   0.00010  