

TREE # 1

  0  0.0000   2114.011130  x:  1.00696   1.29681   0.97540   0.32452   1.14830   0.43297   0.98928   0.29091   0.58119   0.67869   1.31812   0.26318   0.00141   0.25989   0.12115   0.00000   0.00197   2.00000   0.20000   0.20000  
  1 99.0000   2114.010951  x:  1.00696   1.29681   0.97540   0.32452   1.14830   0.43297   0.98928   0.29091   0.58119   0.67869   1.31812   0.26318   0.00141   0.25989   0.12115   0.00000   0.00197   2.00000   0.20000   0.20000  
  2 137.7959   2113.770258  x:  1.00734   1.29710   0.97588   0.32505   1.14802   0.43285   0.98938   0.29090   0.58124   0.67849   1.31836   0.26299   0.00159   0.25945   0.12161   0.00000   0.00000   1.99986   0.19989   0.19969  
  3 1169.0309   2112.904371  x:  1.01274   1.30127   0.98293   0.33246   1.14379   0.43122   0.99109   0.29093   0.58208   0.67578   1.32193   0.25924   0.00000   0.25353   0.12294   0.00000   0.00000   1.99761   0.20325   0.19536  
  4 240.1908   2109.203776  x:  1.06385   1.34178   1.05015   0.39072   1.09379   0.40833   1.00993   0.28729   0.59118   0.64765   1.35686   0.24466   0.04568   0.21359   0.05942   0.00000   0.00000   1.97354   0.20098   0.16209  
  5 99.4693   2099.742032  x:  1.27278   1.52884   1.34470   0.46728   0.74460   0.24262   1.14056   0.23651   0.66145   0.51070   1.50724   0.29344   0.03948   0.48938   0.02760   0.00000   0.00000   1.83422   0.18270   0.06019  
  6 35.8697   2097.268363  x:  1.35773   1.60469   1.46305   0.46531   0.57392   0.21609   1.21391   0.25267   0.69814   0.48499   1.57851   0.39453   0.00000   0.46297   0.03105   0.00000   0.00000   1.77717   0.17157   0.17767  
  7 33.7139   2097.268363  x:  1.35773   1.60469   1.46305   0.46531   0.57392   0.21609   1.21391   0.25267   0.69814   0.48499   1.57851   0.39453   0.00000   0.46297   0.03105   0.00000   0.00000   1.77717   0.17157   0.17767  
  8 18.1972   2091.639189  x:  1.37139   1.61319   1.47778   0.48894   0.57493   0.22738   1.21730   0.26184   0.69806   0.48689   1.58925   0.38351   0.02308   0.42736   0.16264   0.00000   0.00000   1.77523   0.20353   0.14480  
  9 104.3252   2088.335916  x:  1.38269   1.61980   1.48996   0.50858   0.57383   0.23587   1.21878   0.26788   0.69651   0.48733   1.59801   0.36286   0.02419   0.38635   0.20925   0.00000   0.00000   1.77625   0.15897   0.11698  
 10 108.3299   2081.683092  x:  1.42188   1.64412   1.53330   0.57494   0.57139   0.26439   1.22707   0.28927   0.69520   0.48984   1.62923   0.27978   0.00416   0.24250   0.22676   0.00000   0.00000   1.77350   0.16218   0.03729  
 11 95.8900   2077.498694  x:  1.46141   1.66880   1.57725   0.64057   0.56781   0.29102   1.23535   0.30903   0.69398   0.49185   1.66074   0.20939   0.05498   0.10365   0.23135   0.00000   0.00000   1.76995   0.15994   0.02743  
 12 182.7355   2076.350451  x:  1.49592   1.69109   1.61707   0.69422   0.56017   0.30962   1.24288   0.32118   0.69394   0.49232   1.68713   0.17162   0.03289   0.09333   0.24234   0.00000   0.00000   1.76664   0.15708   0.06523  
 13 34.3096   2070.926622  x:  1.73670   1.84790   1.89591   1.05534   0.50103   0.42642   1.29664   0.39577   0.69707   0.49403   1.86984   0.06499   0.07592   0.20484   0.22547   0.00000   0.00000   1.74415   0.12937   0.05690  
 14 57.0069   2066.764673  x:  1.96824   2.00073   2.16839   1.37710   0.42853   0.51384   1.35188   0.44283   0.71023   0.49506   2.03972   0.21236   0.04915   0.19655   0.20639   0.00000   0.00000   1.73627   0.10598   0.07541  
 15 72.3360   2065.358767  x:  2.08147   2.07558   2.30693   1.40020   0.31305   0.43098   1.37190   0.32593   0.73269   0.48886   2.08950   0.20719   0.05084   0.19275   0.20785   0.00000   0.00000   1.85024   0.11024   0.07377  
 16 10.4151   2063.544031  x:  2.34586   2.23850   2.63333   1.22940   0.42777   0.46562   1.45003   0.32443   0.77594   0.63201   2.15793   0.21178   0.05248   0.19644   0.19967   0.00000   0.00000   2.19566   0.11267   0.07942  
 17  7.7986   2062.336200  x:  2.54279   2.34608   2.85559   1.04225   0.48273   0.42536   1.56309   0.42034   0.74985   0.45029   2.24397   0.20959   0.05245   0.19146   0.19684   0.00000   0.00000   2.21342   0.11146   0.07981  
 18  6.2582   2061.128345  x:  2.75805   2.42926   3.06409   0.85874   0.50903   0.34778   1.68833   0.45026   0.89819   0.50114   2.40879   0.19749   0.05227   0.18168   0.19514   0.00000   0.00000   1.98302   0.09837   0.07717  
 19  6.2986   2059.675322  x:  2.95753   2.40893   3.18291   0.82142   0.53996   0.41013   1.70850   0.33786   0.79298   0.55290   2.67441   0.20779   0.05073   0.17192   0.18551   0.00000   0.00000   1.77054   0.10075   0.07623  
 20  4.4115   2058.955859  x:  3.02464   2.34349   3.18172   0.91740   0.46689   0.39341   1.71315   0.46612   0.89738   0.54277   2.83480   0.21690   0.05190   0.16976   0.17865   0.00000   0.00000   1.81448   0.10479   0.07767  
 21  2.9852   2058.424229  x:  3.08046   2.35607   3.23833   1.06657   0.56732   0.41755   1.89921   0.39031   1.01886   0.46700   2.96025   0.21491   0.05494   0.16506   0.17901   0.00000   0.00000   1.88247   0.09985   0.07702  
 22  1.9682   2057.246243  x:  3.25386   2.55623   3.51431   1.34137   0.55139   0.33023   2.33211   0.46399   0.87774   0.58922   3.16207   0.20427   0.06316   0.14739   0.18616   0.00000   0.00000   1.98762   0.08819   0.07330  
 23  2.9543   2055.943666  x:  3.54914   2.96207   4.01990   1.50299   0.39030   0.61541   2.29328   0.48534   0.95826   0.56327   3.23886   0.18803   0.07662   0.12673   0.19942   0.00000   0.00000   2.01244   0.07687   0.06867  
 24  2.8057   2055.321731  x:  3.77100   3.12659   4.31508   1.68163   0.56558   0.45592   2.06696   0.50887   0.97896   0.54873   3.24022   0.18113   0.08040   0.12602   0.20736   0.00000   0.00000   2.00188   0.07502   0.07009  
 25  2.1181   2054.296602  x:  4.24338   3.14960   4.78513   1.84322   0.47695   0.57991   2.26480   0.54864   1.02231   0.58285   3.15968   0.16594   0.09384   0.15639   0.22250   0.00000   0.00000   2.00641   0.07658   0.08447  
 26  0.9172   2053.514250  x:  4.75709   3.31883   5.30482   1.94034   0.50604   0.60736   2.57693   0.61707   1.09214   0.62583   3.83647   0.14400   0.10498   0.17913   0.24100   0.00000   0.00000   2.04044   0.06349   0.10075  
 27  1.2382   2052.821970  x:  5.68716   3.96518   6.47152   2.19165   0.60188   0.64148   3.13123   0.76720   1.29753   0.72076   4.99012   0.10464   0.12654   0.15433   0.26968   0.00000   0.00000   2.03203   0.05276   0.13379  
 28  0.5555   2052.705051  x:  5.90481   4.13287   6.64915   2.31645   0.62726   0.65308   3.28669   0.78896   1.34775   0.74523   5.00992   0.11293   0.12844   0.15864   0.26497   0.00000   0.00000   2.00911   0.04915   0.14359  
 29  0.5015   2052.597969  x:  5.98121   4.22142   6.65719   2.38086   0.64053   0.66442   3.34351   0.79104   1.37503   0.76321   4.91294   0.12828   0.12686   0.16349   0.25357   0.00000   0.00000   2.00216   0.04979   0.15114  
 30  0.3438   2052.494624  x:  6.49338   4.58279   7.22461   2.57814   0.67662   0.73567   3.62847   0.85579   1.49974   0.84620   5.27670   0.10859   0.14097   0.16990   0.24630   0.00000   0.00000   2.05112   0.04518   0.17294  
 31  0.3963   2052.463458  x:  6.61855   4.64015   7.40606   2.62234   0.68726   0.75522   3.68336   0.87553   1.53816   0.87842   5.39467   0.10153   0.14355   0.16782   0.24377   0.00000   0.00000   2.04567   0.04487   0.18093  
 32  0.1837   2052.448236  x:  6.84822   4.77651   7.68707   2.71284   0.70978   0.77684   3.80444   0.90983   1.59878   0.92227   5.59834   0.09980   0.14534   0.16655   0.24339   0.00000   0.00000   2.03311   0.04267   0.19478  
 33  0.3228   2052.441570  x:  6.91638   4.81031   7.77073   2.73776   0.71713   0.78089   3.82849   0.92247   1.62006   0.94216   5.69990   0.10311   0.14285   0.16739   0.24628   0.00000   0.00000   2.03329   0.04234   0.20294  
 34  0.0920   2052.439067  x:  6.99395   4.86009   7.85907   2.77248   0.72276   0.78782   3.86892   0.93358   1.64189   0.95849   5.77270   0.09936   0.14383   0.16896   0.24826   0.00000   0.00000   2.03920   0.04176   0.20880  
 35  0.1187   2052.437561  x:  6.99585   4.87838   7.84143   2.80050   0.72240   0.78475   3.88378   0.93158   1.64871   0.96181   5.73829   0.09867   0.14325   0.16959   0.24969   0.00000   0.00000   2.03951   0.04180   0.21220  
 36  0.0181   2052.436826  x:  7.00230   4.89796   7.84404   2.81798   0.72240   0.78623   3.89675   0.93141   1.65422   0.96368   5.73451   0.09899   0.14342   0.16890   0.24935   0.00000   0.00000   2.03891   0.04162   0.21466  
 37  0.0154   2052.434503  x:  6.89503   4.86970   7.74109   2.80798   0.70789   0.78721   3.85523   0.91527   1.63918   0.94810   5.68808   0.09673   0.14532   0.16726   0.24786   0.00000   0.00000   2.04268   0.04219   0.21773  
 38  0.0269   2052.431450  x:  6.91199   4.88257   7.78745   2.84054   0.70729   0.79478   3.86111   0.91836   1.65283   0.95808   5.76489   0.09233   0.14880   0.16980   0.24831   0.00000   0.00000   2.03759   0.04182   0.23412  
 39  0.0297   2052.426920  x:  6.88946   4.81735   7.71998   2.84274   0.71022   0.78155   3.83627   0.90991   1.63224   0.94681   5.67083   0.09034   0.15430   0.16936   0.24655   0.00000   0.00000   2.02988   0.04219   0.25162  
 40  0.0256   2052.422392  x:  6.93687   4.80185   7.75164   2.85017   0.71523   0.78023   3.84168   0.91518   1.62909   0.94957   5.68400   0.08166   0.16178   0.16887   0.24754   0.00000   0.00000   2.03749   0.04213   0.27530  
 41  0.0345   2052.418853  x:  6.95816   4.80097   7.76861   2.80311   0.71816   0.77926   3.83825   0.92439   1.62009   0.94808   5.70608   0.08128   0.16303   0.16746   0.24991   0.00000   0.00000   2.04721   0.04224   0.29032  
 42  0.0252   2052.413718  x:  6.89902   4.83748   7.73520   2.78886   0.70861   0.78682   3.84085   0.92381   1.62177   0.94372   5.68091   0.07239   0.17030   0.16825   0.24997   0.00000   0.00000   2.03818   0.04224   0.33805  
 43  0.0322   2052.412257  x:  6.87132   4.85384   7.72033   2.77569   0.70630   0.78830   3.84119   0.92278   1.62451   0.94263   5.67075   0.07391   0.16888   0.16882   0.24929   0.00000   0.00000   2.03446   0.04226   0.34529  
 44  0.0407   2052.410669  x:  6.89319   4.86141   7.74909   2.76648   0.71199   0.78790   3.84966   0.92752   1.63147   0.94858   5.69097   0.06825   0.17409   0.16943   0.24847   0.00000   0.00000   2.03740   0.04217   0.39213  
 45  0.0244   2052.409414  x:  6.91409   4.84311   7.76089   2.77798   0.71723   0.78176   3.84994   0.92484   1.63781   0.95352   5.70023   0.06770   0.17427   0.16880   0.24806   0.00000   0.00000   2.04030   0.04213   0.41867  
 46  0.0195   2052.408965  x:  6.90894   4.83943   7.75663   2.77888   0.71559   0.78167   3.84790   0.92288   1.63898   0.95351   5.69720   0.06512   0.17629   0.16889   0.24818   0.00000   0.00000   2.03892   0.04213   0.44341  
 47  0.0250   2052.408529  x:  6.89878   4.82881   7.74605   2.77251   0.70913   0.78370   3.83948   0.91869   1.63556   0.95016   5.68605   0.06278   0.17798   0.16931   0.24883   0.00000   0.00000   2.03618   0.04218   0.47929  
 48  0.0209   2052.408205  x:  6.92239   4.83040   7.76681   2.77313   0.70861   0.78634   3.84337   0.92000   1.63381   0.95038   5.69252   0.06292   0.17809   0.16932   0.24877   0.00000   0.00000   2.03849   0.04215   0.49241  
 49  0.0157   2052.408031  x:  6.93974   4.83773   7.78611   2.77861   0.70929   0.78804   3.85010   0.92130   1.63596   0.95225   5.70270   0.06122   0.17967   0.16933   0.24855   0.00000   0.00000   2.03959   0.04207   0.51672  
 50  0.0364   2052.407900  x:  6.95131   4.85795   7.80656   2.79289   0.70988   0.79046   3.86202   0.92282   1.63990   0.95402   5.71778   0.05999   0.18070   0.16935   0.24832   0.00000   0.00000   2.03891   0.04194   0.54182  
 51  0.0263   2052.407842  x:  6.94710   4.86188   7.80398   2.79471   0.71138   0.78911   3.86385   0.92371   1.63922   0.95313   5.72040   0.06030   0.18049   0.16935   0.24850   0.00000   0.00000   2.03877   0.04193   0.54252  
 52  0.0045   2052.407807  x:  6.94552   4.86083   7.80156   2.79339   0.71248   0.78791   3.86407   0.92429   1.63818   0.95223   5.72115   0.05950   0.18129   0.16941   0.24866   0.00000   0.00000   2.03903   0.04194   0.55668  
 53  0.0093   2052.407777  x:  6.94006   4.85510   7.79230   2.79072   0.71274   0.78786   3.86203   0.92453   1.63800   0.95174   5.71616   0.05897   0.18172   0.16941   0.24850   0.00000   0.00000   2.03881   0.04197   0.57023  
 54  0.0047   2052.407767  x:  6.94645   4.85879   7.79967   2.79411   0.71215   0.78972   3.86433   0.92537   1.63934   0.95299   5.72080   0.05863   0.18197   0.16943   0.24855   0.00000   0.00000   2.03886   0.04193   0.57956  
 55  0.0079   2052.407765  x:  6.94457   4.85804   7.79749   2.79405   0.71212   0.78943   3.86325   0.92532   1.63864   0.95271   5.71896   0.05853   0.18213   0.16941   0.24859   0.00000   0.00000   2.03889   0.04194   0.58255  
 56  0.0024   2052.407764  x:  6.94450   4.85891   7.79826   2.79439   0.71213   0.78943   3.86324   0.92540   1.63887   0.95303   5.71917   0.05843   0.18224   0.16941   0.24859   0.00000   0.00000   2.03885   0.04194   0.58471  
 57  0.0012   2052.407764  x:  6.94435   4.85896   7.79827   2.79423   0.71213   0.78938   3.86316   0.92535   1.63889   0.95306   5.71913   0.05847   0.18220   0.16941   0.24858   0.00000   0.00000   2.03886   0.04194   0.58399  
 58  0.0007   2052.407764  x:  6.94434   4.85893   7.79828   2.79403   0.71215   0.78931   3.86320   0.92530   1.63888   0.95304   5.71918   0.05846   0.18221   0.16941   0.24858   0.00000   0.00000   2.03888   0.04194   0.58435  
 59  0.0002   2052.407764  x:  6.94465   4.85898   7.79853   2.79412   0.71214   0.78935   3.86335   0.92530   1.63894   0.95308   5.71939   0.05842   0.18225   0.16941   0.24858   0.00000   0.00000   2.03886   0.04194   0.58533  
 60  0.0005   2052.407764  x:  6.94463   4.85898   7.79850   2.79412   0.71214   0.78935   3.86334   0.92530   1.63894   0.95307   5.71937   0.05843   0.18224   0.16941   0.24858   0.00000   0.00000   2.03886   0.04194   0.58523  
 61  0.0003   2052.407764  x:  6.94461   4.85898   7.79848   2.79411   0.71214   0.78935   3.86333   0.92530   1.63894   0.95307   5.71936   0.05843   0.18224   0.16941   0.24858   0.00000   0.00000   2.03886   0.04194   0.58515  
 62  0.0002   2052.407764  x:  6.94460   4.85898   7.79847   2.79411   0.71214   0.78935   3.86333   0.92530   1.63894   0.95307   5.71936   0.05843   0.18224   0.16941   0.24858   0.00000   0.00000   2.03887   0.04194   0.58509  
 63  0.0001   2052.407764  x:  6.94460   4.85899   7.79847   2.79411   0.71214   0.78935   3.86333   0.92530   1.63894   0.95307   5.71936   0.05843   0.18224   0.16941   0.24858   0.00000   0.00000   2.03887   0.04194   0.58505  
 64  0.0001   2052.407764  x:  6.94461   4.85899   7.79846   2.79411   0.71214   0.78935   3.86333   0.92530   1.63895   0.95307   5.71937   0.05844   0.18224   0.16941   0.24858   0.00000   0.00000   2.03887   0.04194   0.58501  
 65  0.0000   2052.407764  x:  6.94461   4.85899   7.79847   2.79411   0.71214   0.78935   3.86333   0.92530   1.63895   0.95307   5.71937   0.05843   0.18224   0.16941   0.24858   0.00000   0.00000   2.03887   0.04194   0.58503  
 66  0.0000   2052.407764  x:  6.94461   4.85899   7.79847   2.79411   0.71214   0.78935   3.86333   0.92530   1.63894   0.95307   5.71937   0.05843   0.18224   0.16941   0.24858   0.00000   0.00000   2.03887   0.04194   0.58506  