

TREE # 1

  0  0.0000   8284.696583  x:  0.00000   1.09799   1.51854   0.41940   1.28688   0.15116   0.80361   0.32117   0.63598   0.43110   0.32069   0.20936   0.97802   0.15535   0.07060   0.19651   0.08504   0.07955   0.02491   2.00000   0.20000   0.20000  
  1 99.0000   8128.202365  x:  0.01223   1.09778   1.51848   0.42208   1.28271   0.14841   0.80154   0.32177   0.63128   0.42519   0.31647   0.20661   0.97794   0.15261   0.07090   0.19415   0.08484   0.07830   0.02829   1.99877   0.08302   0.19653  
  2 1750.9149   8097.114010  x:  0.18501   1.11592   1.53749   0.46326   1.27244   0.14780   0.80841   0.34925   0.61594   0.40163   0.29973   0.19880   0.99626   0.14581   0.08732   0.19092   0.09091   0.06485   0.05602   1.97250   0.06272   0.17236  
  3 418.2492   8087.863490  x:  0.19652   1.12063   1.54744   0.49549   1.24590   0.13312   0.80447   0.36984   0.58444   0.35822   0.27295   0.18668   1.00619   0.12229   0.08822   0.17899   0.08488   0.05893   0.01751   1.94784   0.06328   0.14025  
  4 167.2579   8066.962459  x:  0.19349   1.13213   1.57688   0.59385   1.15762   0.08354   0.78968   0.43194   0.48271   0.21827   0.19312   0.15636   1.03524   0.05586   0.09878   0.14706   0.07581   0.09399   0.02517   1.86925   0.06893   0.03015  
  5 621.8157   8062.337159  x:  0.18984   1.13457   1.58338   0.61311   1.13977   0.07443   0.78751   0.44417   0.46639   0.19541   0.18824   0.16258   1.04122   0.05742   0.11330   0.14977   0.08252   0.09480   0.02350   1.85183   0.06902   0.00424  
  6 436.9734   8056.412083  x:  0.17876   1.14269   1.60487   0.67349   1.08333   0.04736   0.78186   0.48247   0.42295   0.13411   0.18414   0.19167   1.06038   0.05818   0.15141   0.16187   0.09829   0.10034   0.02028   1.79435   0.06846   0.02286  
  7 266.8187   8050.156483  x:  0.16142   1.15470   1.63786   0.75186   1.00620   0.02207   0.77978   0.53121   0.41725   0.12691   0.21348   0.24389   1.08630   0.02045   0.14958   0.17272   0.07729   0.08697   0.02774   1.70627   0.06555   0.01869  
  8 162.0050   8042.356656  x:  0.12763   1.17272   1.69654   0.87891   0.86881   0.00337   0.77871   0.59940   0.45616   0.18356   0.19848   0.22859   1.12711   0.03692   0.16943   0.15347   0.06952   0.09649   0.02716   1.54585   0.05988   0.02075  
  9 155.8040   8040.871896  x:  0.12016   1.17436   1.70942   0.90275   0.83506   0.01186   0.77860   0.60387   0.46272   0.19219   0.19545   0.21681   1.13224   0.03037   0.15984   0.16535   0.09412   0.08904   0.02951   1.50813   0.05904   0.02160  
 10 122.4032   8038.531217  x:  0.12002   1.16591   1.73394   0.92634   0.75438   0.07033   0.77864   0.55616   0.45590   0.17766   0.21822   0.19214   1.12190   0.05246   0.14100   0.18792   0.07537   0.08923   0.03001   1.42697   0.05921   0.02072  
 11 50.8502   8037.408939  x:  0.12441   1.15893   1.74672   0.93106   0.71346   0.09059   0.77919   0.51809   0.45379   0.17371   0.22908   0.20140   1.10966   0.05523   0.13479   0.16061   0.08688   0.09337   0.02787   1.38802   0.06012   0.02010  
 12 59.6572   8036.651338  x:  0.12817   1.15170   1.76122   0.92931   0.69036   0.08843   0.78627   0.47961   0.45639   0.18182   0.20188   0.21849   1.09067   0.04456   0.14869   0.16668   0.08203   0.08892   0.02913   1.36298   0.06128   0.02064  
 13 24.0859   8036.342905  x:  0.13007   1.15033   1.77309   0.93208   0.69273   0.08828   0.79780   0.47284   0.45628   0.18602   0.20285   0.21997   1.08151   0.03680   0.15447   0.17199   0.08347   0.10247   0.02378   1.35570   0.06087   0.01954  
 14 15.2335   8034.337285  x:  0.12278   1.14349   1.85504   0.95653   0.73010   0.08491   0.87861   0.45605   0.44267   0.19651   0.22177   0.19822   1.02358   0.01137   0.19122   0.16559   0.08203   0.09234   0.02780   1.32441   0.05968   0.02108  
 15 33.1343   8030.017528  x:  0.12180   1.13353   2.05281   1.02543   0.80756   0.03328   1.01943   0.45211   0.42330   0.20435   0.21137   0.21762   0.90678   0.07225   0.11850   0.17246   0.08684   0.08873   0.03000   1.29784   0.05822   0.01960  
 16 43.2056   8015.284152  x:  0.14171   1.15665   2.51982   1.18174   0.84660   0.07756   0.95849   0.54463   0.62749   0.15438   0.24862   0.22741   0.83004   0.06170   0.15477   0.18803   0.08942   0.08992   0.03105   1.50746   0.06314   0.02031  
 17 20.7947   8000.526198  x:  0.11919   1.43481   2.85618   1.10819   1.08311   0.23454   1.01139   0.55164   0.51219   0.27797   0.19622   0.31697   1.39072   0.05981   0.17048   0.17991   0.08994   0.08826   0.03373   1.46684   0.05557   0.01940  
 18 31.4898   7996.081388  x:  0.13526   1.53705   2.87553   1.02814   1.09847   0.09618   1.03039   0.50885   0.52324   0.27958   0.26077   0.25800   1.53933   0.06604   0.16572   0.20152   0.09474   0.08604   0.03365   1.42293   0.05854   0.01909  
 19 37.6676   7994.272081  x:  0.13106   1.63943   2.82913   0.97070   1.11902   0.08931   1.12273   0.52975   0.64514   0.18754   0.24996   0.26511   1.58415   0.06852   0.16065   0.19922   0.09432   0.08559   0.03385   1.36124   0.05606   0.01808  
 20 17.8173   7993.273549  x:  0.13724   1.75821   2.69498   0.96709   1.05267   0.10601   1.20259   0.58632   0.61999   0.21137   0.24613   0.27233   1.52381   0.07013   0.16191   0.19896   0.09449   0.08628   0.03338   1.37408   0.05706   0.01790  
 21  7.3874   7992.537213  x:  0.12983   1.86727   2.62984   1.10074   1.08322   0.10412   1.21601   0.52399   0.62909   0.21226   0.24979   0.27135   1.51506   0.07234   0.16077   0.19976   0.09491   0.08601   0.03363   1.38914   0.05597   0.01740  
 22  4.4168   7988.968207  x:  0.15321   1.93836   2.69071   1.20934   1.22275   0.08695   1.09541   0.61018   0.61173   0.22420   0.25263   0.26374   1.45463   0.07112   0.16399   0.20322   0.09555   0.08982   0.02955   1.20245   0.05304   0.01242  
 23  1.7564   7979.097375  x:  0.19298   2.04997   3.14763   1.42465   1.15480   0.03445   1.29066   0.71932   0.61808   0.22055   0.26207   0.23984   1.64958   0.06664   0.17283   0.21002   0.09724   0.09342   0.02227   1.21882   0.04331   0.00174  
 24 11.8245   7976.596400  x:  0.23211   1.73443   3.06640   1.60897   1.14817   0.01116   1.45892   0.76395   0.64160   0.22189   0.26355   0.23682   1.80466   0.06697   0.17592   0.21350   0.09836   0.09207   0.02124   1.21530   0.04331   0.00451  
 25  4.3151   7974.528254  x:  0.24086   1.98174   3.34765   1.61523   1.12152   0.00289   1.46683   0.79763   0.62895   0.22835   0.26447   0.22624   1.80997   0.06349   0.18074   0.21167   0.09742   0.08839   0.02173   1.24471   0.03955   0.01074  
 26  2.1902   7973.221417  x:  0.25457   1.99893   3.39569   1.64581   1.11852   0.00000   1.49183   0.81496   0.62694   0.23135   0.26353   0.22608   1.82707   0.06218   0.18225   0.21073   0.09699   0.08797   0.02213   1.25501   0.03950   0.01070  
 27  0.5751   7973.221417  x:  0.25457   1.99893   3.39569   1.64581   1.11852   0.00000   1.49183   0.81496   0.62694   0.23135   0.26353   0.22608   1.82707   0.06218   0.18225   0.21073   0.09699   0.08797   0.02213   1.25501   0.03950   0.01070  
 28  2.0325   7972.189569  x:  0.25471   1.99895   3.39571   1.64583   1.11854   0.00003   1.49185   0.81498   0.62694   0.23135   0.26353   0.22611   1.82709   0.06215   0.18224   0.21070   0.09697   0.08799   0.02231   1.25500   0.04230   0.01062  
 29 754.4533   7971.797524  x:  0.26157   1.99963   3.39619   1.64646   1.11911   0.00114   1.49235   0.81568   0.62651   0.23099   0.26346   0.22750   1.82744   0.06051   0.18168   0.20877   0.09570   0.08937   0.03097   1.25560   0.04223   0.00671  
 30 64.3908   7971.070214  x:  0.29745   2.00322   3.39876   1.64980   1.12215   0.00688   1.49500   0.81942   0.62430   0.22916   0.26286   0.23441   1.82928   0.05273   0.17938   0.19964   0.08862   0.08812   0.04057   1.25864   0.04200   0.01838  
 31 74.3651   7968.790463  x:  0.40384   2.01393   3.40656   1.65989   1.13130   0.02343   1.50310   0.83071   0.61795   0.22394   0.25996   0.25287   1.83487   0.03655   0.17861   0.17958   0.07656   0.07296   0.03397   1.26787   0.04138   0.01006  
 32 181.5763   7964.789752  x:  0.64582   2.03869   3.42538   1.68388   1.15279   0.05822   1.52290   0.85751   0.60507   0.21383   0.24751   0.28288   1.84826   0.04065   0.21041   0.17863   0.11235   0.09392   0.02319   1.28938   0.03969   0.00755  
 33 202.4325   7963.648178  x:  0.71914   2.04732   3.43435   1.69390   1.16088   0.06117   1.53281   0.86827   0.60783   0.21799   0.23524   0.26358   1.85433   0.04160   0.21047   0.21954   0.10160   0.08587   0.02651   1.29380   0.03912   0.00846  
 34 62.2482   7963.444217  x:  0.73288   2.04972   3.43831   1.69768   1.16350   0.05702   1.53734   0.87203   0.61217   0.22268   0.23759   0.25331   1.85686   0.04404   0.20724   0.22025   0.09444   0.09488   0.02324   1.29322   0.03901   0.00711  
 35 27.8417   7963.015342  x:  0.76343   2.05705   3.45289   1.71083   1.17226   0.03698   1.55412   0.88469   0.62903   0.23978   0.25637   0.22322   1.86598   0.06010   0.19965   0.21165   0.09790   0.08965   0.02508   1.28870   0.03859   0.00781  
 36 30.6922   7962.861034  x:  0.77276   2.06104   3.46219   1.71876   1.17782   0.02518   1.56477   0.89208   0.63513   0.24402   0.26844   0.22205   1.87162   0.05791   0.18769   0.21558   0.10361   0.09079   0.02424   1.28525   0.03839   0.00752  
 37 21.8387   7962.631294  x:  0.78080   2.07089   3.48775   1.73970   1.19348   0.00000   1.59380   0.91118   0.64001   0.23979   0.27686   0.23483   1.88679   0.07187   0.18453   0.22065   0.09653   0.09015   0.02477   1.27588   0.03794   0.00757  
 38 15.9125   7962.631294  x:  0.78080   2.07089   3.48775   1.73970   1.19348   0.00000   1.59380   0.91118   0.64001   0.23979   0.27686   0.23483   1.88679   0.07187   0.18453   0.22065   0.09653   0.09015   0.02477   1.27588   0.03794   0.00757  
 39 35.4438   7962.569433  x:  0.78082   2.07090   3.48776   1.73971   1.19349   0.00001   1.59381   0.91119   0.64000   0.23978   0.27683   0.23483   1.88680   0.07182   0.18450   0.22059   0.09649   0.09015   0.02484   1.27587   0.03858   0.00762  
 40 191.6458   7962.372173  x:  0.78199   2.07130   3.48856   1.74035   1.19409   0.00101   1.59466   0.91178   0.63941   0.23891   0.27461   0.23464   1.88726   0.06745   0.18157   0.21586   0.09356   0.08965   0.03026   1.27592   0.03854   0.01198  
 41 41.2671   7962.174481  x:  0.78416   2.07204   3.49003   1.74152   1.19519   0.00279   1.59622   0.91288   0.63836   0.23735   0.27077   0.23449   1.88811   0.06095   0.17759   0.20834   0.08952   0.08639   0.03213   1.27604   0.03856   0.00845  
 42 51.3139   7962.116608  x:  0.78583   2.07261   3.49118   1.74243   1.19602   0.00406   1.59742   0.91372   0.63762   0.23626   0.26834   0.23473   1.88877   0.05892   0.17726   0.20494   0.08957   0.08488   0.02928   1.27617   0.03855   0.01000  
 43 27.7460   7961.958913  x:  0.79499   2.07575   3.49754   1.74744   1.20050   0.01053   1.60401   0.91828   0.63391   0.23072   0.25723   0.23740   1.89242   0.05610   0.18279   0.19438   0.09827   0.08728   0.02926   1.27710   0.03845   0.00937  
 44 23.5129   7961.629100  x:  0.83070   2.08827   3.52320   1.76728   1.21724   0.02975   1.62988   0.93578   0.62444   0.21588   0.23867   0.25859   1.90702   0.04658   0.19937   0.20255   0.08942   0.08897   0.02902   1.28085   0.03797   0.00932  
 45 17.7329   7961.510248  x:  0.84727   2.09447   3.53603   1.77691   1.22446   0.03420   1.64218   0.94373   0.62438   0.21472   0.23930   0.26365   1.91428   0.04083   0.20076   0.20682   0.09455   0.08271   0.03096   1.28233   0.03773   0.00969  
 46 26.0221   7961.096465  x:  0.91395   2.12061   3.59048   1.81703   1.25234   0.04140   1.69278   0.97549   0.63354   0.22223   0.25494   0.26633   1.94503   0.02803   0.20016   0.20676   0.09865   0.09256   0.02748   1.28727   0.03679   0.00907  
 47 39.4411   7960.159619  x:  1.07204   2.18430   3.72350   1.91427   1.31777   0.04997   1.81451   1.05088   0.65777   0.24223   0.28166   0.25168   2.02007   0.03747   0.21608   0.19505   0.09094   0.08473   0.03057   1.29690   0.03451   0.00957  
 48 142.3777   7959.601968  x:  1.15931   2.22324   3.80523   1.97219   1.35334   0.04205   1.88551   1.09280   0.66840   0.24684   0.27082   0.22191   2.06571   0.04127   0.20744   0.20842   0.09080   0.08573   0.03023   1.29769   0.03331   0.00948  
 49 86.4688   7958.970746  x:  1.22007   2.26291   3.89034   2.02655   1.37731   0.00000   1.94792   1.12352   0.66835   0.23234   0.26540   0.23656   2.11127   0.06251   0.18173   0.20739   0.09310   0.08675   0.02984   1.28582   0.03235   0.00938  
 50 30.5549   7958.126402  x:  1.29319   2.39303   4.18448   2.18169   1.42806   0.00000   2.12144   1.18862   0.68372   0.22762   0.24187   0.26161   2.25247   0.02549   0.22766   0.20348   0.09169   0.08562   0.03035   1.25865   0.03002   0.00939  
 51 16.8525   7957.856356  x:  1.28257   2.43846   4.29521   2.22931   1.44816   0.00000   2.17407   1.20868   0.66224   0.21136   0.25097   0.25605   2.29744   0.02185   0.23214   0.20227   0.09154   0.08544   0.03035   1.30571   0.02974   0.00948  
 52 13.0095   7957.669625  x:  1.24802   2.46820   4.37574   2.25530   1.46370   0.00000   2.20143   1.22048   0.66546   0.23687   0.23784   0.26763   2.32313   0.02818   0.22398   0.20300   0.09206   0.08556   0.03026   1.33623   0.02945   0.00952  
 53 10.9821   7957.280214  x:  1.12513   2.52241   4.54123   2.28757   1.48962   0.00000   2.22933   1.23302   0.66073   0.24302   0.25669   0.25129   2.35796   0.03403   0.21787   0.20579   0.09208   0.08573   0.03027   1.29999   0.02849   0.00939  
 54  7.3962   7957.121068  x:  1.11711   2.54471   4.62647   2.29015   1.47139   0.00000   2.21556   1.22097   0.71435   0.21142   0.25753   0.24979   2.35950   0.03543   0.21631   0.20646   0.09202   0.08569   0.03025   1.30867   0.02851   0.00938  
 55  2.1759   7956.613876  x:  1.17916   2.61032   4.91288   2.29250   1.41235   0.00000   2.16049   1.19924   0.67306   0.23981   0.25913   0.24780   2.35911   0.04117   0.21001   0.20704   0.09232   0.08582   0.03008   1.29428   0.02874   0.00924  
 56  3.3547   7956.152088  x:  1.18182   2.62890   5.07155   2.35488   1.56924   0.00000   2.24729   1.30686   0.68913   0.21774   0.25477   0.25575   2.41703   0.05317   0.19574   0.20644   0.09375   0.08639   0.02974   1.27285   0.02835   0.00904  
 57  1.9967   7955.853736  x:  1.16263   2.75759   5.04953   2.47598   1.51073   0.00000   2.39092   1.30482   0.69348   0.22290   0.25641   0.25516   2.61544   0.05741   0.19058   0.20769   0.09411   0.08649   0.02966   1.26896   0.02784   0.00896  
 58  1.5462   7955.699230  x:  1.21606   3.00017   5.14265   2.54819   1.58660   0.00000   2.42610   1.35312   0.70311   0.22379   0.25677   0.25628   2.66647   0.05899   0.18949   0.20818   0.09428   0.08641   0.02975   1.26706   0.02664   0.00897  
 59  0.9465   7955.531786  x:  1.29872   3.04469   5.41015   2.61065   1.60255   0.00000   2.61092   1.43258   0.71609   0.22861   0.25796   0.25650   2.73438   0.05868   0.19034   0.20911   0.09428   0.08625   0.02994   1.26901   0.02531   0.00903  
 60  0.8999   7955.487667  x:  1.32531   3.02836   5.49240   2.67467   1.64709   0.00000   2.61848   1.40014   0.71825   0.23264   0.25952   0.25518   2.78382   0.05729   0.19201   0.20944   0.09417   0.08618   0.03001   1.27097   0.02501   0.00906  
 61  0.9320   7955.461020  x:  1.32837   3.02118   5.54161   2.73269   1.64183   0.00000   2.60145   1.44405   0.72088   0.23405   0.26080   0.25410   2.80474   0.05507   0.19442   0.20961   0.09404   0.08611   0.03007   1.27361   0.02489   0.00909  
 62  0.4174   7955.411743  x:  1.33021   3.04955   5.62968   2.76093   1.65911   0.00000   2.66041   1.44658   0.72331   0.23885   0.26361   0.25157   2.79767   0.05237   0.19737   0.20983   0.09378   0.08606   0.03014   1.27789   0.02493   0.00913  
 63  0.2981   7955.401198  x:  1.33888   3.06914   5.66783   2.73165   1.67446   0.00000   2.66698   1.46416   0.72564   0.23813   0.26434   0.25099   2.85200   0.05188   0.19802   0.20988   0.09374   0.08606   0.03015   1.27766   0.02480   0.00912  
 64  0.2877   7955.392865  x:  1.35564   3.12712   5.73885   2.77769   1.69539   0.00000   2.71243   1.48564   0.72790   0.23660   0.26488   0.25060   2.88317   0.05213   0.19804   0.20993   0.09379   0.08607   0.03013   1.27327   0.02439   0.00908  
 65  0.1193   7955.392307  x:  1.35808   3.12856   5.74339   2.78441   1.69729   0.00000   2.71461   1.48641   0.72757   0.23592   0.26435   0.25119   2.88894   0.05221   0.19791   0.20992   0.09383   0.08607   0.03014   1.27362   0.02439   0.00909  
 66  0.0094   7955.392297  x:  1.35836   3.12944   5.74522   2.78509   1.69759   0.00000   2.71584   1.48688   0.72756   0.23598   0.26424   0.25133   2.89026   0.05220   0.19792   0.20994   0.09382   0.08607   0.03014   1.27378   0.02438   0.00909  
 67  0.0026   7955.392297  x:  1.35828   3.12935   5.74513   2.78502   1.69752   0.00000   2.71579   1.48683   0.72755   0.23598   0.26424   0.25133   2.89019   0.05220   0.19792   0.20993   0.09382   0.08607   0.03014   1.27376   0.02438   0.00909  
 68  0.0003   7955.392297  x:  1.35827   3.12933   5.74513   2.78501   1.69751   0.00000   2.71578   1.48682   0.72755   0.23598   0.26424   0.25133   2.89018   0.05220   0.19792   0.20993   0.09382   0.08607   0.03014   1.27376   0.02438   0.00909  
 69  0.0001   7955.392297  x:  1.35826   3.12933   5.74512   2.78501   1.69751   0.00000   2.71578   1.48682   0.72755   0.23598   0.26424   0.25133   2.89018   0.05220   0.19792   0.20993   0.09382   0.08607   0.03014   1.27376   0.02438   0.00909  
 70  0.0001   7955.392297  x:  1.35826   3.12933   5.74512   2.78501   1.69751   0.00000   2.71578   1.48682   0.72755   0.23598   0.26424   0.25133   2.89018   0.05220   0.19792   0.20993   0.09382   0.08607   0.03014   1.27376   0.02438   0.00909  