

TREE # 1

  0  0.0000   7059.241996  x:  0.00000   0.65124   0.67877   0.09591   0.54652   0.16790   0.44034   0.16490   0.34132   0.32487   0.54675   0.12924   0.06802   0.07972   0.07934   0.01786   0.04542   2.00000   0.20000   0.20000   0.20000  
  1 99.0000   6918.331422  x:  0.05042   0.66890   0.69177   0.13419   0.55921   0.18591   0.45085   0.17994   0.35458   0.33520   0.56607   0.13799   0.07716   0.09295   0.09300   0.00000   0.03013   1.99308   0.28098   0.19251   0.19800  
  2 1696.1073   6867.000127  x:  0.05273   0.69775   0.71183   0.17523   0.58204   0.21300   0.46948   0.20452   0.37922   0.35366   0.59896   0.15059   0.08937   0.10660   0.10703   0.00000   0.00112   1.98209   0.25771   0.17475   0.19369  
  3 743.3845   6770.740288  x:  0.05918   0.82172   0.79808   0.34542   0.67987   0.32709   0.54918   0.30833   0.48437   0.43236   0.73971   0.20257   0.13932   0.16159   0.16340   0.00000   0.03229   1.93425   0.16601   0.09741   0.17502  
  4 4330.6696   6727.896305  x:  0.00000   0.86145   0.82574   0.36545   0.71093   0.35294   0.57363   0.33376   0.51566   0.45495   0.78279   0.20814   0.14270   0.15867   0.15838   0.00000   0.03414   1.91524   0.18269   0.06632   0.16686  
  5 877.7570   6688.745931  x:  0.01895   0.99076   0.92466   0.30923   0.78825   0.36345   0.62160   0.34495   0.56619   0.48426   0.90396   0.18432   0.10967   0.09368   0.05598   0.00000   0.03212   1.83467   0.17472   0.09493   0.13583  
  6 325.6649   6648.840744  x:  0.02321   1.20022   1.09093   0.12718   0.90579   0.33122   0.68218   0.31677   0.61641   0.50288   1.09032   0.13770   0.04807   0.10262   0.14265   0.00000   0.03007   1.67755   0.17420   0.16553   0.09621  
  7 447.6361   6640.989062  x:  0.01189   1.25274   1.13873   0.09533   0.93368   0.30141   0.68620   0.28404   0.60592   0.48780   1.13296   0.18542   0.09773   0.11958   0.14023   0.00000   0.03022   1.61533   0.17725   0.19163   0.08448  
  8 217.9420   6634.866953  x:  0.00000   1.27939   1.16940   0.12485   0.94696   0.27402   0.67938   0.25104   0.58145   0.46490   1.15054   0.18769   0.09398   0.11730   0.14305   0.00000   0.03040   1.56189   0.17671   0.19910   0.08239  
  9 140.3169   6628.868181  x:  0.01724   1.28864   1.22809   0.10463   0.93786   0.26940   0.65863   0.29936   0.51394   0.43147   1.11837   0.19366   0.08058   0.14202   0.12395   0.00000   0.02931   1.35836   0.16836   0.10575   0.10985  
 10 49.8575   6627.564688  x:  0.01840   1.27943   1.23750   0.10515   0.92681   0.27673   0.65104   0.30487   0.52275   0.44725   1.09819   0.19814   0.09001   0.11165   0.13846   0.00000   0.02927   1.29184   0.16750   0.10659   0.10737  
 11 39.0623   6626.334424  x:  0.01313   1.26545   1.24326   0.11110   0.91308   0.28783   0.64430   0.30209   0.54489   0.47238   1.07425   0.19043   0.08976   0.12655   0.13283   0.00000   0.02956   1.22452   0.16814   0.12530   0.08720  
 12 50.8662   6624.412032  x:  0.02405   1.26174   1.24653   0.10640   0.91060   0.29662   0.65800   0.24913   0.57844   0.48031   1.06805   0.18016   0.09809   0.13160   0.12860   0.00000   0.02908   1.20458   0.16566   0.08256   0.08430  
 13  9.0644   6607.045499  x:  0.00899   1.26146   1.29300   0.12649   0.94734   0.46119   0.92202   0.13214   0.72167   0.37857   1.08356   0.14990   0.12103   0.18067   0.09060   0.00000   0.03068   1.10453   0.17732   0.09927   0.42137  
 14 19.6706   6561.514170  x:  0.00862   1.35042   1.39494   0.18859   0.98457   0.30848   1.01607   0.22462   0.79252   0.51417   1.16652   0.19116   0.09570   0.21897   0.06706   0.00000   0.03195   1.10969   0.18937   0.02250   0.58362  
 15 40.1983   6550.239469  x:  0.00000   1.41369   1.45740   0.18549   1.02743   0.43694   0.91524   0.21676   0.72043   0.53489   1.16184   0.16934   0.11804   0.21538   0.07090   0.00000   0.03272   1.14881   0.19332   0.01912   0.55636  
 16 46.6083   6550.239469  x:  0.00000   1.41369   1.45740   0.18549   1.02743   0.43694   0.91524   0.21676   0.72043   0.53489   1.16184   0.16934   0.11804   0.21538   0.07090   0.00000   0.03272   1.14881   0.19332   0.01912   0.55636  
 17 11.9158   6525.767350  x:  0.01284   1.41970   1.46066   0.20406   1.03188   0.44182   0.91657   0.22432   0.72297   0.53746   1.16936   0.17827   0.12594   0.21634   0.07509   0.00000   0.00812   1.14959   0.24539   0.08477   0.55508  
 18 809.8974   6520.021640  x:  0.02397   1.42548   1.46337   0.22224   1.03611   0.44626   0.91725   0.23153   0.72510   0.53962   1.17688   0.18426   0.13053   0.21454   0.08099   0.00000   0.00163   1.15286   0.25841   0.07407   0.55332  
 19 276.9441   6506.726088  x:  0.06738   1.44809   1.47393   0.29309   1.05261   0.46360   0.91991   0.25966   0.73342   0.54806   1.20626   0.20785   0.14867   0.20783   0.10325   0.00000   0.00858   1.16554   0.31069   0.03968   0.54646  
 20 3639.8999   6472.172328  x:  0.21884   1.53853   1.50872   0.56087   1.11698   0.52319   0.92117   0.36470   0.76239   0.57567   1.32678   0.29250   0.20961   0.19395   0.10864   0.00000   0.00881   1.24120   0.20326   0.06982   0.51160  
 21 307.2790   6466.151596  x:  0.23930   1.56869   1.51844   0.60702   1.13673   0.53183   0.92069   0.38426   0.77233   0.58079   1.36411   0.26924   0.18217   0.20137   0.05137   0.00000   0.00865   1.26374   0.20281   0.06790   0.49444  
 22 144.9446   6460.841352  x:  0.24679   1.62140   1.53328   0.64883   1.16916   0.53573   0.91819   0.40306   0.78888   0.58480   1.42662   0.20686   0.11750   0.24465   0.06939   0.00000   0.00874   1.30090   0.19400   0.07457   0.46713  
 23 127.8329   6448.785082  x:  0.09109   1.89872   1.60071   0.60692   1.32476   0.48299   0.89822   0.39833   0.86442   0.57112   1.73439   0.15449   0.10570   0.12575   0.10917   0.00000   0.00874   1.46673   0.19094   0.08739   0.27613  
 24 56.6804   6441.469483  x:  0.00000   2.05155   1.63987   0.57048   1.40865   0.45224   0.89047   0.39378   0.90109   0.56171   1.90146   0.16615   0.13553   0.15796   0.11135   0.00000   0.00857   1.54072   0.19275   0.08553   0.14064  
 25 247.5445   6440.144232  x:  0.00317   2.08816   1.65894   0.55621   1.42278   0.45072   0.89941   0.39765   0.89493   0.55794   1.93506   0.16759   0.12753   0.15040   0.11597   0.00000   0.00856   1.50722   0.18835   0.08688   0.08146  
 26 38.7244   6438.195886  x:  0.01149   2.21786   1.73025   0.50316   1.46984   0.44884   0.93316   0.41099   0.87177   0.55065   2.05093   0.18989   0.11163   0.15307   0.11325   0.00000   0.00836   1.37952   0.17440   0.08714   0.10874  
 27 27.7634   6437.588944  x:  0.00000   2.26244   1.80780   0.49946   1.43805   0.49487   0.95731   0.39319   0.85432   0.62688   2.04653   0.18573   0.11738   0.15394   0.11379   0.00000   0.00832   1.38438   0.17168   0.08707   0.10775  
 28  4.0498   6437.588944  x:  0.00000   2.26244   1.80780   0.49946   1.43805   0.49487   0.95731   0.39319   0.85432   0.62688   2.04653   0.18573   0.11738   0.15394   0.11379   0.00000   0.00832   1.38438   0.17168   0.08707   0.10775  
 29  6.8944   6434.917983  x:  0.00422   2.26382   1.80891   0.50538   1.43920   0.49643   0.95790   0.39559   0.85499   0.62688   2.04818   0.18851   0.11974   0.15515   0.12200   0.00000   0.00456   1.38388   0.19256   0.07317   0.10670  
 30 192.7673   6434.317289  x:  0.00618   2.26442   1.80935   0.50831   1.43969   0.49709   0.95808   0.39669   0.85521   0.62675   2.04892   0.19000   0.12098   0.15578   0.12576   0.00000   0.00990   1.38384   0.19650   0.06677   0.10614  
 31 294.4679   6432.669735  x:  0.01334   2.26648   1.81071   0.51987   1.44129   0.49927   0.95832   0.40073   0.85572   0.62581   2.05158   0.19629   0.12611   0.15834   0.13878   0.00000   0.00853   1.38434   0.19003   0.04561   0.10363  
 32 174.0162   6429.744520  x:  0.05300   2.27848   1.81880   0.58361   1.45077   0.51178   0.96038   0.42344   0.85930   0.62130   2.06692   0.23071   0.15438   0.17214   0.18485   0.00000   0.00818   1.38491   0.18188   0.05729   0.08916  
 33 95.7939   6425.173191  x:  0.13849   2.30841   1.83772   0.72920   1.47464   0.53928   0.96605   0.47514   0.86995   0.61192   2.10484   0.24463   0.15368   0.14196   0.16211   0.00000   0.00808   1.38696   0.17134   0.05516   0.04608  
 34 87.2514   6421.345921  x:  0.24194   2.34986   1.86248   0.91474   1.50748   0.57251   0.97413   0.53950   0.88637   0.60122   2.15651   0.23810   0.12935   0.12126   0.14495   0.00000   0.00772   1.39012   0.15691   0.05529   0.10248  
 35 176.5965   6420.040744  x:  0.26795   2.36770   1.87161   0.97394   1.52104   0.58065   0.97786   0.55727   0.89532   0.60002   2.17717   0.22004   0.10846   0.16072   0.13520   0.00000   0.00765   1.39349   0.15261   0.05431   0.10488  
 36 84.0501   6418.750001  x:  0.19424   2.46681   1.90508   1.05548   1.58765   0.55262   1.00126   0.53546   0.96163   0.63141   2.27158   0.20479   0.16089   0.17469   0.11023   0.00000   0.00763   1.43175   0.14902   0.04922   0.11449  
 37 14.2283   6417.405363  x:  0.10922   2.57857   1.94399   1.13780   1.66120   0.52156   1.02823   0.51249   1.02519   0.65775   2.37720   0.15387   0.17615   0.16049   0.13579   0.00000   0.00737   1.46804   0.14234   0.05452   0.10602  
 38 91.0355   6416.163701  x:  0.00000   2.74550   2.02026   1.17900   1.74986   0.49562   1.07073   0.52332   0.98247   0.58451   2.52996   0.18596   0.15166   0.16171   0.13492   0.00000   0.00726   1.43834   0.13729   0.05343   0.10588  
 39 15.9828   6415.707696  x:  0.01390   2.85206   2.08738   1.13450   1.76694   0.49999   1.07101   0.56030   0.97116   0.64936   2.62424   0.21224   0.12716   0.16120   0.13569   0.00000   0.00714   1.42885   0.13067   0.05314   0.10558  
 40  7.2398   6415.504681  x:  0.04621   2.90815   2.12805   1.10183   1.76376   0.52514   1.05728   0.55373   0.96265   0.63375   2.67473   0.19596   0.14272   0.16172   0.13544   0.00000   0.00714   1.46252   0.12940   0.05340   0.10616  
 41  5.0565   6415.274067  x:  0.03717   2.94502   2.15653   1.08630   1.73917   0.58811   1.06222   0.58081   1.02008   0.60972   2.71583   0.19063   0.14878   0.16198   0.13712   0.00000   0.00717   1.44322   0.12696   0.05323   0.10565  
 42  1.7970   6414.510586  x:  0.01126   3.02373   2.22432   1.14760   1.67207   0.62088   1.07836   0.55955   1.01808   0.63374   2.81032   0.22695   0.11346   0.16176   0.14334   0.00000   0.00758   1.47208   0.13119   0.05424   0.10491  
 43  1.8449   6414.042522  x:  0.03416   3.06538   2.26593   1.16773   1.70957   0.60726   1.12703   0.56809   0.98708   0.65701   2.85031   0.17950   0.16038   0.16396   0.14535   0.00000   0.00776   1.41820   0.12921   0.05372   0.10480  
 44  4.6462   6413.706965  x:  0.06951   3.08469   2.29287   1.15084   1.84898   0.58539   1.16662   0.60771   1.01508   0.64634   2.84819   0.19219   0.14920   0.16372   0.14844   0.00000   0.00789   1.45130   0.12816   0.05425   0.10422  
 45  3.6616   6413.634137  x:  0.08391   3.09342   2.30560   1.15497   1.88512   0.58241   1.14704   0.58501   1.03140   0.64388   2.85022   0.20097   0.14086   0.16355   0.14898   0.00000   0.00790   1.43405   0.12731   0.05411   0.10386  
 46  2.3721   6413.343407  x:  0.04423   3.14720   2.37105   1.23571   1.94923   0.61651   1.07800   0.63168   1.01353   0.66395   2.87882   0.18733   0.15705   0.16388   0.15100   0.00000   0.00789   1.44534   0.12449   0.05412   0.10220  
 47  0.6731   6412.512673  x:  0.05902   3.32674   2.53695   1.43000   1.99431   0.60198   1.18575   0.64837   1.06539   0.66815   3.00741   0.19287   0.15903   0.16360   0.15547   0.00000   0.00771   1.46654   0.11115   0.05398   0.09737  
 48  3.3490   6412.377872  x:  0.08006   3.37223   2.42752   1.45083   2.00760   0.59082   1.17792   0.66415   1.07309   0.66483   3.10789   0.19370   0.15916   0.16291   0.15630   0.00000   0.00772   1.46644   0.11050   0.05408   0.09554  
 49  1.3291   6412.353570  x:  0.08014   3.38352   2.41972   1.45840   2.01994   0.61855   1.19469   0.65332   1.06653   0.67463   3.11735   0.19585   0.15667   0.16254   0.15598   0.00000   0.00769   1.46778   0.10975   0.05413   0.09504  
 50  0.5276   6412.099710  x:  0.09238   3.53055   2.51246   1.54712   2.03921   0.63354   1.24643   0.67779   1.10027   0.68236   3.16294   0.19243   0.15233   0.15742   0.15096   0.00000   0.00755   1.46893   0.10744   0.05491   0.08802  
 51  0.4439   6412.068469  x:  0.09235   3.48728   2.55911   1.55791   2.05643   0.63626   1.25619   0.68232   1.10632   0.68569   3.23514   0.19242   0.15275   0.15706   0.15066   0.00000   0.00752   1.47049   0.10636   0.05489   0.08703  
 52  0.5242   6412.028923  x:  0.09997   3.57541   2.61141   1.59004   2.09849   0.65068   1.27072   0.70305   1.12341   0.69597   3.28748   0.19246   0.15871   0.15874   0.15070   0.00000   0.00751   1.46872   0.10278   0.05417   0.08653  
 53  0.1347   6412.018264  x:  0.10296   3.60272   2.62366   1.58931   2.11517   0.65817   1.27631   0.70973   1.12786   0.70145   3.31166   0.19256   0.15980   0.15968   0.15083   0.00000   0.00755   1.46932   0.10251   0.05400   0.08767  
 54  0.0355   6412.014962  x:  0.10348   3.62844   2.64193   1.59505   2.12885   0.66191   1.28421   0.71476   1.13294   0.70453   3.33627   0.19109   0.15879   0.15928   0.15079   0.00000   0.00756   1.47036   0.10156   0.05428   0.08813  
 55  0.0378   6412.014698  x:  0.10229   3.63102   2.64480   1.59643   2.12831   0.66149   1.28687   0.71436   1.13376   0.70448   3.34004   0.19173   0.15842   0.15927   0.15084   0.00000   0.00754   1.47073   0.10150   0.05424   0.08857  
 56  0.0046   6412.014683  x:  0.10157   3.63106   2.64414   1.59694   2.12814   0.66134   1.28661   0.71427   1.13367   0.70433   3.33971   0.19160   0.15853   0.15926   0.15078   0.00000   0.00754   1.47050   0.10151   0.05424   0.08861  
 57  0.0008   6412.014682  x:  0.10146   3.63120   2.64435   1.59711   2.12840   0.66138   1.28664   0.71432   1.13373   0.70436   3.33997   0.19161   0.15853   0.15927   0.15079   0.00000   0.00755   1.47056   0.10150   0.05424   0.08861  
 58  0.0004   6412.014682  x:  0.10145   3.63120   2.64435   1.59711   2.12840   0.66136   1.28665   0.71431   1.13373   0.70436   3.33994   0.19161   0.15852   0.15927   0.15079   0.00000   0.00755   1.47055   0.10150   0.05424   0.08861  
 59  0.0000   6412.014682  x:  0.10145   3.63121   2.64435   1.59710   2.12841   0.66136   1.28666   0.71431   1.13373   0.70436   3.33995   0.19161   0.15852   0.15927   0.15079   0.00000   0.00755   1.47055   0.10150   0.05424   0.08861  
 60  0.0000   6412.014682  x:  0.10145   3.63121   2.64435   1.59710   2.12841   0.66136   1.28666   0.71431   1.13373   0.70436   3.33995   0.19161   0.15852   0.15927   0.15079   0.00000   0.00755   1.47055   0.10150   0.05424   0.08861  
 61  0.0000   6412.014682  x:  0.10145   3.63121   2.64435   1.59710   2.12841   0.66136   1.28666   0.71431   1.13373   0.70436   3.33995   0.19161   0.15852   0.15927   0.15079   0.00000   0.00755   1.47055   0.10150   0.05424   0.08861  
 62  0.0000   6412.014682  x:  0.10145   3.63121   2.64435   1.59710   2.12841   0.66136   1.28666   0.71431   1.13373   0.70436   3.33995   0.19161   0.15852   0.15927   0.15079   0.00000   0.00755   1.47055   0.10150   0.05424   0.08861  
 63  0.0000   6412.014682  x:  0.10145   3.63121   2.64435   1.59710   2.12841   0.66136   1.28666   0.71431   1.13373   0.70436   3.33995   0.19161   0.15852   0.15927   0.15079   0.00000   0.00755   1.47055   0.10150   0.05424   0.08861  
check convergence!
