

TREE # 1

  0  0.0000   2114.200203  x:  1.00426   1.29380   0.97185   0.32281   1.14447   0.43225   0.98595   0.29056   0.58006   0.67737   1.31572   0.26269   0.00141   0.25913   0.12157   0.00000   0.00219   2.00000   0.20000  
  1 99.0000   2114.200028  x:  1.00426   1.29380   0.97185   0.32281   1.14447   0.43225   0.98595   0.29056   0.58006   0.67737   1.31572   0.26269   0.00141   0.25913   0.12157   0.00000   0.00218   2.00000   0.20000  
  2 136.1094   2113.936572  x:  1.00468   1.29412   0.97239   0.32341   1.14416   0.43213   0.98608   0.29057   0.58012   0.67716   1.31599   0.26246   0.00158   0.25865   0.12206   0.00000   0.00000   1.99982   0.19986  
  3 1643.5681   2108.225046  x:  1.11205   1.37733   1.11229   0.47038   1.06465   0.40188   1.02196   0.29357   0.59893   0.62598   1.38761   0.19145   0.00000   0.14549   0.15812   0.00000   0.00000   1.95046   0.28765  
  4 242.0264   2104.512274  x:  1.17263   1.42489   1.19216   0.53986   1.00214   0.37254   1.04323   0.28683   0.60817   0.59196   1.42853   0.17862   0.05262   0.13001   0.08433   0.00000   0.00000   1.92695   0.27497  
  5 72.1961   2099.994353  x:  1.29214   1.52219   1.35533   0.63680   0.83487   0.29268   1.09699   0.26215   0.63309   0.52185   1.51026   0.13626   0.06454   0.30000   0.06568   0.00000   0.00000   1.88542   0.27103  
  6 56.1502   2094.022938  x:  1.38689   1.60380   1.49690   0.62679   0.61546   0.21034   1.16854   0.24251   0.67114   0.48401   1.57841   0.24826   0.00000   0.28179   0.06900   0.00000   0.00000   1.87145   0.25760  
  7 30.3335   2094.022938  x:  1.38689   1.60380   1.49690   0.62679   0.61546   0.21034   1.16854   0.24251   0.67114   0.48401   1.57841   0.24826   0.00000   0.28179   0.06900   0.00000   0.00000   1.87145   0.25760  
  8 25.2779   2083.722133  x:  1.39045   1.60550   1.50061   0.63146   0.61264   0.21236   1.16797   0.24394   0.66921   0.48369   1.58074   0.24969   0.01721   0.26808   0.12239   0.00000   0.00000   1.87372   0.16859  
  9 162.2339   2081.052473  x:  1.41120   1.61979   1.52447   0.65893   0.60994   0.22913   1.17645   0.26067   0.67257   0.48776   1.59703   0.23711   0.05608   0.21727   0.20593   0.00000   0.00000   1.86483   0.19406  
 10 54.0410   2077.745919  x:  1.45841   1.65275   1.57985   0.72006   0.60098   0.26447   1.19604   0.29451   0.68098   0.49510   1.63336   0.16543   0.06059   0.10775   0.21487   0.00000   0.00000   1.84497   0.18472  
 11 51.3382   2071.524938  x:  1.66446   1.79878   1.82467   0.97535   0.54698   0.38981   1.28100   0.40855   0.71780   0.51439   1.78996   0.02941   0.22874   0.14421   0.17394   0.00000   0.00000   1.75850   0.13837  
 12 39.6890   2066.791796  x:  1.93417   1.99203   2.15461   1.27134   0.43226   0.46163   1.38628   0.44939   0.75915   0.50068   1.99269   0.17318   0.11608   0.16208   0.19699   0.00000   0.00000   1.68310   0.10529  
 13 35.5746   2065.894976  x:  1.98627   2.02806   2.21781   1.31724   0.40247   0.46301   1.40146   0.43837   0.76015   0.49465   2.02766   0.14693   0.06660   0.19284   0.22671   0.00000   0.00000   1.68901   0.10552  
 14 36.7576   2064.660210  x:  2.09692   2.09828   2.35050   1.35156   0.31767   0.40635   1.41156   0.32272   0.73377   0.47291   2.08196   0.13303   0.09202   0.18030   0.22073   0.00000   0.00000   1.80651   0.11006  
 15 12.6764   2063.326524  x:  2.29359   2.20587   2.58199   1.30454   0.42398   0.45832   1.41738   0.28710   0.70227   0.58488   2.14838   0.15068   0.08123   0.18553   0.21972   0.00000   0.00000   2.10683   0.11235  
 16  9.0739   2062.438402  x:  2.46596   2.27608   2.76275   1.14696   0.44272   0.37778   1.46715   0.44465   0.79153   0.48696   2.19973   0.15437   0.08254   0.18385   0.22052   0.00000   0.00000   2.22207   0.11221  
 17  4.7754   2060.822833  x:  2.79457   2.35226   3.04886   0.84885   0.59608   0.34957   1.65701   0.32885   0.90368   0.47518   2.39656   0.13735   0.09944   0.16986   0.22868   0.00000   0.00000   1.98958   0.10223  
 18  3.9504   2059.393942  x:  3.02495   2.32110   3.18163   0.79867   0.52778   0.36516   1.71407   0.39937   0.72295   0.53996   2.62400   0.15731   0.09465   0.16379   0.22663   0.00000   0.00000   1.83985   0.10609  
 19  4.1348   2058.526395  x:  3.13384   2.26072   3.21014   0.94617   0.47356   0.39473   1.71821   0.39689   0.90818   0.60339   2.81594   0.16859   0.09112   0.16150   0.22676   0.00000   0.00000   1.85409   0.10681  
 20  3.7313   2058.074684  x:  3.17689   2.26139   3.23834   1.07430   0.54214   0.44628   1.77424   0.37894   0.92289   0.48243   2.91710   0.17161   0.09040   0.16045   0.22631   0.00000   0.00000   1.89599   0.10646  
 21  3.5669   2056.801953  x:  3.30498   2.52294   3.50325   1.42561   0.65124   0.25081   2.19563   0.45958   0.90660   0.56364   3.14323   0.15324   0.10047   0.15089   0.23061   0.00000   0.00000   1.99088   0.09017  
 22  2.3477   2055.618849  x:  3.47790   2.93466   3.91899   1.55697   0.47068   0.49933   2.36007   0.49880   0.95460   0.57351   3.21745   0.15249   0.10158   0.14240   0.23584   0.00000   0.00000   2.02812   0.07735  
 23  3.1778   2055.042017  x:  3.67606   3.15097   4.25078   1.71193   0.55201   0.44366   2.08266   0.52477   0.96688   0.56494   3.17786   0.14383   0.10846   0.13891   0.23632   0.00000   0.00000   1.93619   0.07470  
 24  1.7105   2054.406079  x:  3.99582   3.17936   4.63446   1.81787   0.46295   0.56408   2.25202   0.55172   1.00769   0.58123   3.11430   0.14848   0.10750   0.14999   0.23793   0.00000   0.00000   1.98541   0.07726  
 25  0.8483   2053.705259  x:  4.70709   3.28018   5.27709   1.90372   0.47199   0.62317   2.54213   0.64338   1.09835   0.62316   3.93878   0.13674   0.11977   0.16690   0.23833   0.00000   0.00000   2.05065   0.06475  
 26  1.1256   2053.300364  x:  5.45218   3.74572   6.10781   2.19878   0.61422   0.61484   2.98180   0.70810   1.24903   0.68744   4.38667   0.15580   0.12109   0.14886   0.23645   0.00000   0.00000   2.00061   0.05662  
 27  0.4351   2053.263762  x:  5.58470   3.86491   6.25798   2.24052   0.61282   0.63628   3.06662   0.72869   1.27958   0.70983   4.51891   0.15310   0.11808   0.15552   0.24022   0.00000   0.00000   2.01537   0.05427  
 28  0.3232   2053.243287  x:  5.60263   3.92145   6.29189   2.23219   0.60317   0.65177   3.08015   0.73717   1.29161   0.72427   4.59490   0.15021   0.11485   0.16033   0.24275   0.00000   0.00000   2.03102   0.05457  
 29  0.1954   2053.233404  x:  5.72712   4.03210   6.44402   2.28772   0.60809   0.67178   3.17309   0.75655   1.33051   0.75645   4.68276   0.15407   0.11275   0.15750   0.24341   0.00000   0.00000   2.02537   0.05288  
 30  0.1195   2053.232149  x:  5.72090   4.02445   6.43914   2.29346   0.61214   0.67146   3.17011   0.75881   1.33480   0.75927   4.67923   0.15401   0.11399   0.15775   0.24272   0.00000   0.00000   2.02401   0.05302  
 31  0.0090   2053.231541  x:  5.72795   4.02802   6.44519   2.30580   0.61617   0.67329   3.17452   0.76378   1.34151   0.76243   4.68858   0.15308   0.11492   0.15825   0.24262   0.00000   0.00000   2.02508   0.05280  
 32  0.0107   2053.231419  x:  5.71332   4.02167   6.42447   2.30517   0.61473   0.67354   3.16654   0.76357   1.33919   0.76030   4.67678   0.15274   0.11477   0.15785   0.24276   0.00000   0.00000   2.02501   0.05293  
 33  0.0146   2053.231402  x:  5.71172   4.02466   6.42289   2.30672   0.61400   0.67435   3.16757   0.76416   1.33895   0.76034   4.67625   0.15307   0.11456   0.15789   0.24280   0.00000   0.00000   2.02442   0.05291  
 34  0.0021   2053.231399  x:  5.71102   4.02476   6.42325   2.30706   0.61407   0.67427   3.16766   0.76442   1.33867   0.76021   4.67753   0.15305   0.11460   0.15793   0.24278   0.00000   0.00000   2.02459   0.05292  
 35  0.0008   2053.231399  x:  5.71152   4.02494   6.42392   2.30754   0.61415   0.67423   3.16808   0.76453   1.33860   0.76022   4.67783   0.15303   0.11461   0.15790   0.24278   0.00000   0.00000   2.02455   0.05291  
 36  0.0006   2053.231399  x:  5.71176   4.02497   6.42396   2.30766   0.61414   0.67423   3.16812   0.76454   1.33862   0.76025   4.67773   0.15303   0.11461   0.15791   0.24279   0.00000   0.00000   2.02455   0.05291  
 37  0.0002   2053.231399  x:  5.71180   4.02497   6.42395   2.30769   0.61412   0.67424   3.16810   0.76454   1.33860   0.76025   4.67772   0.15303   0.11461   0.15791   0.24278   0.00000   0.00000   2.02456   0.05291  
 38  0.0000   2053.231399  x:  5.71179   4.02497   6.42396   2.30769   0.61412   0.67424   3.16809   0.76453   1.33861   0.76025   4.67773   0.15303   0.11462   0.15791   0.24278   0.00000   0.00000   2.02456   0.05291  
 39  0.0000   2053.231399  x:  5.71178   4.02497   6.42397   2.30771   0.61412   0.67424   3.16810   0.76453   1.33861   0.76025   4.67773   0.15303   0.11461   0.15791   0.24279   0.00000   0.00000   2.02456   0.05291  
 40  0.0000   2053.231399  x:  5.71178   4.02497   6.42397   2.30771   0.61412   0.67424   3.16810   0.76453   1.33861   0.76025   4.67773   0.15303   0.11461   0.15791   0.24279   0.00000   0.00000   2.02456   0.05291  