

TREE # 1

  0  0.0000   4596.172474  x:  0.08325   0.30176   0.21833   0.09121   0.19839   0.06184   0.25540   0.00000   0.21996   0.26228   0.27041   0.11571   0.02041   0.05846   0.08319   0.02124   0.04131   2.00000   0.20000   0.20000  
  1 99.0000   4177.553908  x:  0.26087   0.47204   0.35931   0.30751   0.39178   0.32695   0.39050   0.89885   0.36807   0.37768   0.48568   0.14101   0.11283   0.09583   0.16317   0.03074   0.00000   1.96952   0.45138   0.19479  
  2 2308.2011   4165.939918  x:  0.29089   0.50437   0.38549   0.34381   0.42559   0.36933   0.41309   1.03690   0.39445   0.39812   0.52557   0.14423   0.12621   0.10126   0.17642   0.03369   0.11107   1.96337   0.48251   0.19348  
  3 5799.7724   4078.745341  x:  0.33149   0.60923   0.46013   0.38938   0.48993   0.39000   0.43832   1.02446   0.45330   0.44135   0.63978   0.12571   0.10238   0.09368   0.17912   0.00000   0.11019   1.93740   0.32191   0.18293  
  4 415.0334   4036.321774  x:  0.36513   0.69665   0.52215   0.42712   0.54348   0.40690   0.45933   1.01245   0.50233   0.47723   0.73506   0.11040   0.08259   0.08750   0.18182   0.01646   0.10823   1.91539   0.18828   0.17403  
  5 9929.7662   3948.920554  x:  0.49303   1.10153   0.78794   0.56314   0.77290   0.42897   0.55271   0.67780   0.72109   0.62151   1.17560   0.08081   0.02483   0.06258   0.19331   0.04298   0.09652   1.76446   0.34354   0.12484  
  6 408.4484   3938.505484  x:  0.50609   1.16387   0.81648   0.57933   0.80788   0.42895   0.57282   0.61856   0.75018   0.63412   1.25230   0.14944   0.12093   0.10248   0.19886   0.04548   0.09441   1.72482   0.35020   0.11132  
  7 291.3155   3927.263362  x:  0.44392   1.20277   0.67021   0.53998   0.83127   0.41467   0.67737   0.62215   0.71406   0.52051   1.41575   0.09831   0.15278   0.11033   0.19000   0.04492   0.09433   1.49252   0.34442   0.00010  
  8 47.9870   3922.734755  x:  0.39609   1.23264   0.55782   0.50879   0.84765   0.40128   0.75305   0.62569   0.69032   0.43882   1.53929   0.06564   0.17362   0.10741   0.19302   0.04439   0.09418   1.31448   0.33918   0.04120  
  9 226.8401   3921.351120  x:  0.37785   1.23669   0.49860   0.47626   0.83077   0.35987   0.73824   0.64229   0.73892   0.49041   1.57408   0.10848   0.14050   0.10741   0.20303   0.04399   0.09424   1.24805   0.33664   0.03833  
 10 19.3224   3920.753971  x:  0.39284   1.24836   0.49774   0.46890   0.83471   0.32869   0.70390   0.65370   0.73339   0.48445   1.59229   0.11506   0.12994   0.12474   0.16808   0.04434   0.09444   1.23364   0.33679   0.04152  
 11  6.7346   3919.012783  x:  0.44147   1.28183   0.50517   0.44841   0.85898   0.24664   0.60194   0.67523   0.70029   0.45179   1.64150   0.12784   0.12273   0.11403   0.20026   0.04390   0.09415   1.21096   0.33339   0.03740  
 12 20.3680   3912.759473  x:  0.49795   1.30897   0.45974   0.36428   0.99995   0.25808   0.53199   0.65543   0.69415   0.50411   1.72934   0.10390   0.16724   0.04784   0.17058   0.04347   0.09259   1.23599   0.31552   0.03803  
 13  9.1469   3899.539095  x:  0.62578   1.36994   0.35715   0.16532   1.32686   0.30388   0.40120   0.59188   0.68606   0.63021   1.93035   0.00000   0.21193   0.10715   0.19808   0.04065   0.08833   1.30354   0.27221   0.04893  
 14 204.2743   3877.619160  x:  0.83950   1.46495   0.39107   0.00000   1.62122   0.38023   0.52522   0.48745   0.63908   0.63625   2.17768   0.19207   0.04970   0.12651   0.21619   0.03618   0.08114   1.34872   0.19283   0.05535  
 15 52.2795   3862.621570  x:  0.93430   1.52696   0.50252   0.12308   1.54462   0.27976   0.64604   0.42732   0.77403   0.68389   2.26585   0.08829   0.12515   0.11401   0.22116   0.03338   0.07643   1.27647   0.13893   0.06338  
 16 32.5430   3858.470898  x:  0.65409   1.73672   0.54063   0.15973   1.32733   0.34959   0.59095   0.44091   0.72452   0.70075   2.43653   0.08091   0.13344   0.10917   0.21534   0.03408   0.07580   1.41179   0.13930   0.06435  
 17 13.0849   3854.742400  x:  0.53713   1.65552   0.49839   0.49392   1.32890   0.39226   0.52519   0.37947   0.74068   0.69244   2.56184   0.12300   0.09663   0.11589   0.21579   0.03496   0.07372   1.42220   0.14336   0.06358  
 18  3.6083   3844.854247  x:  0.26729   1.65288   0.73133   0.62666   1.39346   0.15160   0.72863   0.36141   0.83194   0.70053   2.66286   0.09495   0.11686   0.11731   0.20936   0.03861   0.06961   1.43553   0.16383   0.06605  
 19 10.0326   3837.622712  x:  0.39831   1.87420   0.86638   0.56317   1.17602   0.37033   0.72143   0.28639   0.92645   0.67526   2.55869   0.05380   0.14916   0.11128   0.20916   0.04044   0.06640   1.19960   0.16821   0.06391  
 20 13.5532   3835.691014  x:  0.58637   2.02501   0.71454   0.57478   1.06060   0.33523   0.82620   0.25764   0.95319   0.65977   2.59327   0.03656   0.16510   0.10776   0.20742   0.04128   0.06499   1.30662   0.17130   0.06598  
 21 10.0960   3833.374450  x:  0.54661   2.31582   0.61532   0.72127   1.20749   0.27116   0.91878   0.21222   0.83032   0.74745   2.51927   0.06202   0.14397   0.11023   0.20645   0.04173   0.06111   1.22458   0.16275   0.06257  
 22  1.7382   3830.027522  x:  0.47439   2.50136   0.56728   0.77030   1.36256   0.26461   0.95898   0.14523   1.04854   0.56307   2.64253   0.09515   0.11782   0.11078   0.20074   0.04233   0.05535   1.22368   0.15081   0.05853  
 23  6.0663   3824.862392  x:  0.56601   2.38312   0.70830   0.72024   1.32386   0.29481   1.08744   0.02971   0.99696   0.63544   3.23928   0.08914   0.12100   0.10741   0.19640   0.04379   0.04605   1.17593   0.13531   0.05878  
 24  8.1504   3821.095972  x:  0.54283   2.28610   0.87002   0.46463   1.16161   0.35899   1.02668   0.12033   0.92711   0.71734   3.60023   0.10148   0.10851   0.09095   0.19281   0.04261   0.04445   1.24880   0.13802   0.05916  
 25  0.2580   3813.679704  x:  0.67099   3.11911   0.92941   0.29132   1.40492   0.33481   1.14315   0.07077   1.11651   0.73309   4.39541   0.16340   0.04800   0.06693   0.20627   0.04167   0.01525   1.29022   0.11508   0.05568  
 26  0.3316   3809.075758  x:  0.84520   3.36867   0.93179   0.35917   1.48198   0.32123   1.17307   0.10368   1.15342   0.74582   4.67801   0.12943   0.08220   0.09059   0.19915   0.03962   0.00516   1.21450   0.12078   0.05642  
 27  0.2291   3804.020857  x:  0.99526   3.29349   0.87072   0.52147   1.54243   0.34868   1.11231   0.23396   1.12485   0.71205   4.81053   0.05127   0.15335   0.11728   0.20270   0.03198   0.01479   1.12023   0.10182   0.05699  
 28  0.1976   3800.226606  x:  1.17975   3.62394   0.93163   0.53524   1.71788   0.42522   1.12556   0.34226   1.24238   0.67047   5.68042   0.04165   0.18151   0.10765   0.21971   0.02474   0.00489   1.25379   0.08898   0.05694  
 29  0.5063   3798.849345  x:  1.21384   3.62950   0.95048   0.57367   1.76115   0.45869   1.11587   0.40135   1.27953   0.63667   5.88825   0.03721   0.19479   0.10133   0.22196   0.02273   0.00947   1.29632   0.09481   0.05650  
 30  0.4015   3796.541634  x:  1.26740   3.96851   1.08115   0.71097   1.96090   0.51919   1.17295   0.55288   1.42122   0.60326   6.85098   0.03486   0.20304   0.08248   0.20443   0.01649   0.01110   1.19874   0.07713   0.05368  
 31  0.4748   3794.744062  x:  1.18021   4.46224   1.27427   0.85521   2.20135   0.54625   1.31826   0.63605   1.58123   0.65650   7.84981   0.10647   0.12375   0.07781   0.20180   0.01929   0.01017   1.16862   0.07356   0.06036  
 32  0.3917   3793.692244  x:  1.17259   4.80885   1.38481   0.99032   2.39273   0.57630   1.41016   0.70875   1.69821   0.68028   8.56241   0.13488   0.09128   0.08361   0.20926   0.01963   0.01175   1.17412   0.06264   0.06653  
 33  0.9723   3793.141700  x:  1.16202   5.09335   1.44027   1.11182   2.52556   0.59266   1.50680   0.72510   1.78193   0.70811   9.00915   0.13811   0.08514   0.09563   0.22843   0.02400   0.01412   1.24397   0.06095   0.07444  
 34  0.2799   3792.788375  x:  1.19176   5.46971   1.52670   1.24166   2.68114   0.63072   1.61193   0.77307   1.89806   0.71377   9.68857   0.12012   0.10912   0.08747   0.22679   0.02652   0.01492   1.22547   0.05488   0.07696  
 35  0.4394   3792.601727  x:  1.21633   5.56470   1.53112   1.26657   2.69710   0.64170   1.64071   0.76528   1.91893   0.71037   9.79862   0.09609   0.13748   0.08227   0.22190   0.02839   0.01475   1.21137   0.05564   0.07628  
 36  0.1980   3792.524608  x:  1.26412   5.83949   1.58444   1.34094   2.80758   0.67287   1.70894   0.77949   1.99070   0.72442  10.23269   0.08920   0.14604   0.08558   0.22287   0.03060   0.01406   1.21765   0.05273   0.07883  
 37  0.2638   3792.472058  x:  1.33287   5.99172   1.61210   1.34510   2.86352   0.70058   1.72876   0.77208   2.01715   0.73896  10.43905   0.09419   0.14112   0.08750   0.22457   0.03120   0.01205   1.22493   0.05210   0.07820  
 38  0.1032   3792.437644  x:  1.38991   6.07747   1.63841   1.33892   2.90401   0.72389   1.73076   0.77804   2.03426   0.74667  10.59297   0.10199   0.13304   0.08364   0.22432   0.03034   0.01171   1.21933   0.05085   0.07611  
 39  0.0819   3792.409783  x:  1.43395   6.03412   1.63210   1.30603   2.89517   0.73190   1.70438   0.77106   2.01652   0.74912  10.51822   0.10483   0.12842   0.08383   0.22349   0.02893   0.01305   1.21966   0.05151   0.07380  
 40  0.0497   3792.395801  x:  1.48330   6.14855   1.65406   1.32332   2.94475   0.74896   1.72741   0.77107   2.04316   0.75737  10.68712   0.09910   0.13420   0.08613   0.22359   0.02933   0.01366   1.22336   0.05041   0.07381  
 41  0.1266   3792.386826  x:  1.51742   6.19064   1.66097   1.30036   2.95377   0.74932   1.73799   0.75453   2.04888   0.76170  10.71543   0.09216   0.14163   0.08478   0.22342   0.02925   0.01365   1.22101   0.05041   0.07222  
 42  0.0162   3792.374876  x:  1.51514   6.17718   1.66306   1.25842   2.94215   0.73016   1.74598   0.73321   2.04519   0.76462  10.66243   0.09287   0.14058   0.08551   0.22407   0.02872   0.01358   1.22398   0.05053   0.07159  
 43  0.0235   3792.373703  x:  1.50344   6.14782   1.65864   1.25165   2.92966   0.72457   1.74188   0.73152   2.03913   0.76167  10.62401   0.09350   0.13995   0.08603   0.22310   0.02851   0.01377   1.22305   0.05083   0.07189  
 44  0.0306   3792.372177  x:  1.51061   6.18683   1.67173   1.25866   2.94375   0.73180   1.75102   0.73535   2.05032   0.75980  10.72378   0.09388   0.14016   0.08575   0.22291   0.02831   0.01392   1.22157   0.05044   0.07258  
 45  0.0227   3792.371672  x:  1.50617   6.18851   1.67328   1.25824   2.94210   0.73099   1.75283   0.73460   2.05020   0.75969  10.73919   0.09441   0.13958   0.08572   0.22372   0.02825   0.01378   1.22306   0.05047   0.07303  
 46  0.0096   3792.371313  x:  1.50452   6.18481   1.67133   1.26153   2.93902   0.73121   1.75072   0.73416   2.04565   0.76235  10.74709   0.09343   0.14008   0.08554   0.22357   0.02820   0.01381   1.22325   0.05048   0.07345  
 47  0.0023   3792.371167  x:  1.50247   6.17822   1.66828   1.25940   2.93576   0.72879   1.74892   0.73079   2.04238   0.76326  10.73555   0.09376   0.13994   0.08574   0.22339   0.02819   0.01379   1.22273   0.05055   0.07343  
 48  0.0048   3792.371041  x:  1.50078   6.17667   1.66558   1.26368   2.93580   0.72936   1.74669   0.73044   2.04158   0.76260  10.73854   0.09436   0.13967   0.08564   0.22357   0.02825   0.01379   1.22240   0.05056   0.07342  
 49  0.0025   3792.370989  x:  1.49929   6.17322   1.66397   1.26337   2.93468   0.72830   1.74579   0.72922   2.04151   0.76150  10.73443   0.09427   0.13956   0.08558   0.22359   0.02826   0.01383   1.22273   0.05060   0.07334  
 50  0.0022   3792.370980  x:  1.49921   6.17321   1.66373   1.26386   2.93485   0.72838   1.74554   0.72922   2.04175   0.76128  10.73484   0.09428   0.13944   0.08565   0.22351   0.02827   0.01381   1.22265   0.05060   0.07332  
 51  0.0005   3792.370979  x:  1.49937   6.17321   1.66391   1.26377   2.93489   0.72839   1.74552   0.72927   2.04193   0.76125  10.73618   0.09424   0.13949   0.08564   0.22352   0.02826   0.01380   1.22258   0.05059   0.07329  
 52  0.0004   3792.370977  x:  1.49925   6.17241   1.66382   1.26382   2.93476   0.72827   1.74536   0.72934   2.04196   0.76130  10.73569   0.09420   0.13954   0.08566   0.22352   0.02826   0.01381   1.22264   0.05060   0.07326  
 53  0.0004   3792.370977  x:  1.49929   6.17272   1.66404   1.26390   2.93496   0.72829   1.74548   0.72937   2.04216   0.76142  10.73699   0.09425   0.13949   0.08566   0.22351   0.02827   0.01381   1.22265   0.05059   0.07324  
 54  0.0005   3792.370977  x:  1.49926   6.17273   1.66403   1.26391   2.93495   0.72829   1.74549   0.72937   2.04215   0.76142  10.73692   0.09424   0.13949   0.08566   0.22351   0.02827   0.01381   1.22264   0.05059   0.07324  
 55  0.0001   3792.370977  x:  1.49928   6.17270   1.66401   1.26390   2.93496   0.72829   1.74551   0.72936   2.04216   0.76142  10.73694   0.09424   0.13949   0.08566   0.22352   0.02827   0.01381   1.22263   0.05059   0.07324  
 56  0.0000   3792.370977  x:  1.49933   6.17268   1.66398   1.26387   2.93497   0.72830   1.74553   0.72936   2.04216   0.76142  10.73698   0.09424   0.13949   0.08566   0.22352   0.02827   0.01381   1.22264   0.05059   0.07324  
 57  0.0000   3792.370977  x:  1.49932   6.17268   1.66398   1.26387   2.93497   0.72830   1.74553   0.72936   2.04216   0.76142  10.73697   0.09424   0.13949   0.08566   0.22352   0.02827   0.01381   1.22264   0.05059   0.07325  