

TREE # 1

  0  0.0000   7554.651128  x:  0.00000   0.62013   0.54691   0.09119   0.44536   0.13662   0.36204   0.09385   0.36184   0.19225   0.12274   0.17552   0.53886   0.10493   0.07722   0.07136   0.03994   0.06810   0.02866   2.00000   0.20000   0.20000  
  1 99.0000   7271.523375  x:  0.13927   0.66302   0.58592   0.18772   0.48421   0.19026   0.39594   0.15430   0.38995   0.21880   0.15934   0.20415   0.58300   0.13140   0.09949   0.11383   0.12415   0.02915   0.00000   1.98466   0.36549   0.19343  
  2 1930.3356   7216.813928  x:  0.16949   0.69207   0.61084   0.22889   0.51148   0.21990   0.41935   0.18584   0.41009   0.23509   0.18038   0.22134   0.61235   0.14706   0.10503   0.12156   0.13445   0.00000   0.08329   1.97528   0.36180   0.18587  
  3 1248.9147   7087.259735  x:  0.20955   0.81845   0.71614   0.35572   0.62691   0.32518   0.51580   0.29131   0.49516   0.29684   0.25175   0.28238   0.73646   0.19672   0.10566   0.12222   0.10347   0.00000   0.04194   1.93398   0.19425   0.14523  
  4 888.5151   7035.198300  x:  0.12278   0.90848   0.78797   0.38172   0.70205   0.36873   0.57469   0.32588   0.54956   0.32791   0.27256   0.30338   0.82059   0.20692   0.08569   0.09458   0.02697   0.00000   0.03070   1.89474   0.22980   0.10488  
  5 611.9613   6983.318057  x:  0.00000   1.00079   0.86057   0.38685   0.77545   0.40047   0.62956   0.34514   0.60107   0.35274   0.28126   0.31507   0.90583   0.21405   0.06191   0.08989   0.06472   0.00000   0.02046   1.85114   0.24786   0.05641  
  6 1149.1531   6983.318057  x:  0.00000   1.00079   0.86057   0.38685   0.77545   0.40047   0.62956   0.34514   0.60107   0.35274   0.28126   0.31507   0.90583   0.21405   0.06191   0.08989   0.06472   0.00000   0.02046   1.85114   0.24786   0.05641  
  7 245.8006   6971.355166  x:  0.02514   1.01385   0.87181   0.39994   0.78397   0.40621   0.63493   0.35021   0.60558   0.35472   0.28238   0.31601   0.91851   0.21953   0.06766   0.10809   0.09604   0.00000   0.00000   1.84417   0.27444   0.05159  
  8 535.1231   6971.355166  x:  0.02514   1.01385   0.87181   0.39994   0.78397   0.40621   0.63493   0.35021   0.60558   0.35472   0.28238   0.31601   0.91851   0.21953   0.06766   0.10809   0.09604   0.00000   0.00000   1.84417   0.27444   0.05159  
  9 4820.9716   6958.646768  x:  0.02514   1.01385   0.87181   0.39994   0.78397   0.40621   0.63493   0.35021   0.60558   0.35472   0.28238   0.31601   0.91851   0.21953   0.06766   0.10810   0.09605   0.00063   0.00674   1.84417   0.27445   0.05159  
 10 416076.9341   6958.237031  x:  0.02554   1.01411   0.87203   0.40019   0.78414   0.40632   0.63503   0.35031   0.60567   0.35475   0.28240   0.31602   0.91876   0.21963   0.06773   0.10828   0.09633   0.00000   0.00680   1.84404   0.27458   0.05148  
 11 400.0987   6934.543676  x:  0.09696   1.09426   0.93736   0.47163   0.83794   0.43762   0.66677   0.37894   0.63296   0.36264   0.28633   0.31899   0.99572   0.23800   0.06833   0.10441   0.06495   0.00000   0.01670   1.80314   0.20673   0.02593  
 12 412.3251   6926.832569  x:  0.10070   1.13062   0.96593   0.49986   0.86311   0.45106   0.68173   0.39211   0.64627   0.36631   0.28836   0.32035   1.03028   0.24014   0.06405   0.08963   0.03742   0.00000   0.01916   1.78217   0.22277   0.03338  
 13 391.7655   6904.760343  x:  0.00000   1.26816   1.06886   0.58851   0.95996   0.49572   0.73758   0.43856   0.69755   0.37631   0.29411   0.32312   1.15955   0.22831   0.02444   0.04048   0.07130   0.00000   0.02349   1.69782   0.21018   0.09155  
 14 374.3232   6904.760343  x:  0.00000   1.26816   1.06886   0.58851   0.95996   0.49572   0.73758   0.43856   0.69755   0.37631   0.29411   0.32312   1.15955   0.22831   0.02444   0.04048   0.07130   0.00000   0.02349   1.69782   0.21018   0.09155  
 15 891.5303   6883.755586  x:  0.01491   1.27670   1.07604   0.59516   0.96494   0.49832   0.74048   0.44065   0.70001   0.37702   0.29470   0.32361   1.16778   0.23621   0.03958   0.10494   0.10942   0.00000   0.00000   1.69257   0.24600   0.08407  
 16 714.9087   6873.926474  x:  0.02674   1.28347   1.08174   0.60044   0.96889   0.50038   0.74277   0.44231   0.70196   0.37758   0.29516   0.32399   1.17431   0.24247   0.05159   0.15605   0.13964   0.00007   0.00009   1.68841   0.27441   0.07814  
 17 10326.8638   6873.899608  x:  0.02677   1.28349   1.08176   0.60045   0.96890   0.50038   0.74277   0.44231   0.70196   0.37758   0.29516   0.32399   1.17433   0.24248   0.05160   0.15606   0.13965   0.00000   0.00010   1.68840   0.27438   0.07812  
 18 300.9627   6868.565338  x:  0.04157   1.29393   1.09017   0.60808   0.97474   0.50255   0.74545   0.44384   0.70424   0.37726   0.29509   0.32391   1.18431   0.24522   0.05614   0.16504   0.13968   0.00097   0.00000   1.68359   0.25867   0.06793  
 19 307.7953   6868.565338  x:  0.04157   1.29393   1.09017   0.60808   0.97474   0.50255   0.74545   0.44384   0.70424   0.37726   0.29509   0.32391   1.18431   0.24522   0.05614   0.16504   0.13968   0.00097   0.00000   1.68359   0.25867   0.06793  
 20 322.8932   6862.068636  x:  0.04159   1.29394   1.09018   0.60810   0.97475   0.50256   0.74546   0.44384   0.70425   0.37726   0.29509   0.32391   1.18433   0.24523   0.05614   0.16502   0.13968   0.00155   0.00676   1.68358   0.25864   0.06791  
 21 19986.5043   6861.511543  x:  0.04204   1.29429   1.09046   0.60835   0.97495   0.50263   0.74555   0.44389   0.70433   0.37725   0.29509   0.32391   1.18466   0.24536   0.05625   0.16483   0.13969   0.00000   0.00691   1.68341   0.25810   0.06755  
 22 295.5551   6850.015775  x:  0.14356   1.37934   1.15857   0.67019   1.02469   0.52303   0.77081   0.46082   0.72649   0.37890   0.29783   0.32576   1.26437   0.26591   0.07798   0.13474   0.13093   0.00000   0.03147   1.63674   0.27471   0.00010  
 23 402.0136   6841.825157  x:  0.24041   1.46289   1.22515   0.73052   1.07346   0.54266   0.79528   0.47715   0.74807   0.38008   0.30027   0.32734   1.34269   0.28386   0.10507   0.10864   0.12475   0.00000   0.05151   1.59132   0.27802   0.02009  
 24 725.3106   6833.102538  x:  0.29656   1.55967   1.29701   0.79117   1.13120   0.55973   0.82231   0.49452   0.77356   0.37919   0.30301   0.32846   1.42969   0.25566   0.05818   0.20845   0.15354   0.00000   0.05885   1.54327   0.26095   0.02777  
 25 156.8034   6828.274883  x:  0.27301   1.61938   1.33570   0.81783   1.16783   0.56357   0.83792   0.50320   0.78970   0.37730   0.30559   0.32907   1.47961   0.22571   0.04044   0.22043   0.09469   0.00000   0.05186   1.52161   0.24857   0.02840  
 26 83.1088   6812.023977  x:  0.09630   1.85466   1.48031   0.90719   1.31299   0.56814   0.89743   0.53388   0.85291   0.36870   0.31649   0.33114   1.67202   0.18000   0.15092   0.25456   0.06068   0.00000   0.00768   1.44954   0.22820   0.01061  
 27 155.3077   6809.819065  x:  0.07043   1.88489   1.49867   0.91827   1.33125   0.56787   0.90442   0.53754   0.86041   0.36770   0.31749   0.33129   1.69708   0.17111   0.14378   0.23881   0.07197   0.00000   0.00253   1.44334   0.22783   0.01023  
 28 190.4367   6806.242616  x:  0.00000   1.93939   1.52949   0.93392   1.36414   0.56418   0.91594   0.54291   0.87341   0.36511   0.31910   0.33125   1.74102   0.15981   0.14269   0.22596   0.08188   0.00000   0.00385   1.43672   0.22414   0.00961  
 29 107.9433   6806.242616  x:  0.00000   1.93939   1.52949   0.93392   1.36414   0.56418   0.91594   0.54291   0.87341   0.36511   0.31910   0.33125   1.74102   0.15981   0.14269   0.22596   0.08188   0.00000   0.00385   1.43672   0.22414   0.00961  
 30 58.0907   6798.095064  x:  0.00164   1.94057   1.53023   0.93442   1.36421   0.56335   0.91520   0.54198   0.87266   0.36415   0.31822   0.33063   1.74227   0.16495   0.14267   0.21915   0.09311   0.00000   0.03112   1.43846   0.18511   0.01333  
 31 453.5865   6794.318188  x:  0.00499   1.94277   1.53191   0.93577   1.36490   0.56300   0.91495   0.54154   0.87231   0.36360   0.31757   0.33023   1.74453   0.17061   0.14292   0.21088   0.10469   0.00000   0.01752   1.43948   0.16233   0.01854  
 32 291.7365   6788.901791  x:  0.03446   1.96147   1.54709   0.94840   1.37247   0.56321   0.91600   0.54122   0.87231   0.36233   0.31472   0.32895   1.76358   0.20756   0.14334   0.15341   0.17548   0.00000   0.01798   1.44198   0.16969   0.04782  
 33 140.6596   6786.061450  x:  0.06668   1.98416   1.56521   0.96305   1.38204   0.56348   0.91795   0.54114   0.87285   0.36157   0.31271   0.32850   1.78609   0.22695   0.11918   0.11021   0.18032   0.00000   0.01744   1.44535   0.16800   0.02037  
 34 89.9726   6779.601480  x:  0.22939   2.11431   1.66718   1.04430   1.43792   0.56380   0.93008   0.54204   0.87749   0.35922   0.30626   0.32961   1.91379   0.33829   0.03151   0.12682   0.13896   0.00000   0.02067   1.46546   0.15481   0.05347  
 35 74.9244   6778.231115  x:  0.26272   2.15037   1.69404   1.06407   1.45427   0.56362   0.93522   0.54320   0.88036   0.36072   0.30797   0.33179   1.94871   0.35245   0.03362   0.15050   0.15353   0.00000   0.02071   1.47172   0.15202   0.03493  
 36 90.6870   6776.006778  x:  0.32559   2.24967   1.76456   1.11219   1.50170   0.56295   0.95406   0.54961   0.89250   0.37025   0.31921   0.34041   2.04299   0.33352   0.10549   0.15409   0.14228   0.00000   0.02308   1.48946   0.14171   0.02527  
 37 78.5169   6772.983930  x:  0.36576   2.37963   1.85218   1.16801   1.56663   0.56145   0.98289   0.56345   0.91231   0.38562   0.32898   0.34398   2.16356   0.22743   0.10779   0.16091   0.16278   0.00000   0.02587   1.51493   0.13106   0.03966  
 38 84.1350   6770.286176  x:  0.20120   2.56556   1.95166   1.20831   1.66916   0.55170   1.03384   0.60036   0.94472   0.39363   0.28111   0.28716   2.32443   0.24080   0.10663   0.15746   0.16228   0.00000   0.02644   1.56744   0.12769   0.03860  
 39 24.8805   6767.876945  x:  0.00000   2.76187   2.05319   1.24601   1.77480   0.53828   1.08081   0.63323   0.97375   0.39550   0.32974   0.33104   2.49439   0.27582   0.08955   0.14916   0.16129   0.00000   0.02704   1.61566   0.12381   0.03950  
 40 89.5204   6767.876945  x:  0.00000   2.76187   2.05319   1.24601   1.77480   0.53828   1.08081   0.63323   0.97375   0.39550   0.32974   0.33104   2.49439   0.27582   0.08955   0.14916   0.16129   0.00000   0.02704   1.61566   0.12381   0.03950  
 41  7.2326   6764.547018  x:  0.00097   2.76233   2.05366   1.24645   1.77506   0.53861   1.08101   0.63342   0.97392   0.39568   0.32986   0.33123   2.49487   0.27538   0.08948   0.14862   0.16071   0.00000   0.01564   1.61481   0.14066   0.03930  
 42 342.6201   6763.708875  x:  0.00158   2.76259   2.05391   1.24668   1.77513   0.53871   1.08098   0.63338   0.97389   0.39566   0.32984   0.33129   2.49516   0.27498   0.08926   0.14803   0.16009   0.00000   0.00710   1.61437   0.13947   0.03883  
 43 191.0407   6763.379649  x:  0.01381   2.76807   2.05911   1.25152   1.77689   0.54099   1.08083   0.63301   0.97370   0.39543   0.32966   0.33268   2.50109   0.26745   0.08588   0.13756   0.14889   0.00000   0.00732   1.60523   0.13902   0.03161  
 44 24.4321   6762.909815  x:  0.04610   2.78297   2.07316   1.26456   1.78167   0.54705   1.08039   0.63210   0.97325   0.39487   0.32899   0.33607   2.51714   0.25422   0.09117   0.12989   0.13882   0.00000   0.00728   1.58084   0.13691   0.04587  
 45 42.2128   6761.251108  x:  0.17470   2.84461   2.13069   1.31742   1.80186   0.57179   1.07965   0.62926   0.97237   0.39375   0.32611   0.34848   2.58327   0.20954   0.10773   0.15122   0.15025   0.00000   0.00716   1.48495   0.12903   0.03907  
 46 85.7784   6760.858846  x:  0.20743   2.86562   2.14900   1.33330   1.80974   0.57956   1.08202   0.63127   0.97483   0.39648   0.32520   0.34883   2.60494   0.22471   0.12906   0.14476   0.15332   0.00000   0.00712   1.46757   0.12686   0.03137  
 47 37.6809   6759.840882  x:  0.28624   2.97165   2.23138   1.39715   1.85718   0.61324   1.11399   0.66446   1.00707   0.43052   0.32779   0.33045   2.70760   0.27581   0.07857   0.13392   0.17155   0.00000   0.00702   1.50158   0.12019   0.04280  
 48 16.1607   6759.391025  x:  0.31336   3.02579   2.27187   1.42647   1.88252   0.62852   1.13247   0.68098   1.02235   0.44333   0.33624   0.33153   2.75897   0.29428   0.07005   0.15396   0.15131   0.00000   0.00698   1.52651   0.11711   0.04444  
 49 48.9160   6758.422130  x:  0.32436   3.17833   2.37820   1.49250   1.95917   0.66087   1.19345   0.72196   1.05581   0.45077   0.36713   0.36435   2.89914   0.25637   0.10256   0.14727   0.16112   0.00000   0.00688   1.61312   0.11015   0.04002  
 50 26.2217   6757.791973  x:  0.30399   3.28533   2.45015   1.53281   2.01423   0.67702   1.23544   0.74604   1.07426   0.44582   0.33323   0.33735   2.99569   0.22631   0.12829   0.14988   0.15841   0.00000   0.00685   1.64950   0.10649   0.03611  
 51 36.0765   6756.551599  x:  0.12716   3.54950   2.61617   1.60679   2.14697   0.67545   1.31165   0.77343   1.10038   0.42222   0.33621   0.35779   3.22839   0.24203   0.11348   0.14967   0.15726   0.00000   0.00677   1.56713   0.09766   0.04024  
 52 16.2128   6756.386739  x:  0.09876   3.59758   2.64332   1.61718   2.15045   0.65101   1.28341   0.74771   1.09741   0.46162   0.35136   0.34141   3.27326   0.23444   0.11930   0.14957   0.15670   0.00000   0.00681   1.56485   0.09741   0.03936  
 53  4.9433   6756.313493  x:  0.09122   3.62375   2.65599   1.62243   2.14278   0.63668   1.25644   0.73179   1.08072   0.45342   0.33945   0.35284   3.30023   0.23871   0.11581   0.14944   0.15681   0.00000   0.00687   1.57628   0.09840   0.03994  
 54  3.1753   6756.242664  x:  0.08227   3.64814   2.65673   1.62072   2.12093   0.64208   1.24099   0.75884   1.07459   0.43739   0.35347   0.33913   3.33104   0.23727   0.11685   0.14927   0.15662   0.00000   0.00700   1.57643   0.09887   0.03975  
 55  1.0888   6756.131480  x:  0.06476   3.68284   2.65190   1.61474   2.09093   0.66141   1.23673   0.79457   1.09393   0.45417   0.33763   0.35461   3.37636   0.23263   0.12017   0.14914   0.15604   0.00000   0.00722   1.57015   0.09879   0.03936  
 56  2.7087   6755.954221  x:  0.05160   3.72884   2.65151   1.61458   2.10200   0.70472   1.29786   0.74768   1.10753   0.45197   0.34396   0.34873   3.42826   0.23204   0.11958   0.14872   0.15562   0.00000   0.00764   1.57035   0.09935   0.04015  
 57  1.5815   6755.833512  x:  0.05655   3.74788   2.69771   1.64885   2.18762   0.65649   1.32934   0.77996   1.08697   0.46697   0.34179   0.35181   3.42113   0.22916   0.12144   0.14841   0.15549   0.00000   0.00790   1.57088   0.09901   0.04029  
 58  1.1720   6755.788791  x:  0.05642   3.75714   2.73086   1.67105   2.22473   0.65379   1.31161   0.78340   1.12479   0.45463   0.34352   0.35071   3.41578   0.22725   0.12287   0.14824   0.15547   0.00000   0.00797   1.57274   0.09863   0.04024  
 59  1.3046   6755.725331  x:  0.05203   3.79060   2.80251   1.70862   2.24520   0.71062   1.30461   0.79377   1.11154   0.46870   0.34334   0.35261   3.43219   0.22461   0.12479   0.14802   0.15544   0.00000   0.00794   1.57668   0.09702   0.04055  
 60  0.6456   6755.584407  x:  0.08389   3.89941   2.94111   1.76033   2.22217   0.71062   1.37252   0.81005   1.14069   0.47325   0.34587   0.35414   3.52464   0.22119   0.12712   0.14771   0.15565   0.00000   0.00777   1.58509   0.09336   0.04194  
 61  1.4291   6755.493755  x:  0.12227   3.98816   2.91189   1.76834   2.30291   0.72004   1.37965   0.82921   1.15247   0.48078   0.34707   0.35563   3.65286   0.21955   0.12818   0.14773   0.15577   0.00000   0.00759   1.58980   0.09075   0.04315  
 62  1.0393   6755.481644  x:  0.11651   4.01714   2.90006   1.80954   2.30606   0.71862   1.38867   0.83131   1.15621   0.48231   0.34765   0.35579   3.65997   0.21880   0.12898   0.14794   0.15590   0.00000   0.00744   1.58385   0.09048   0.04326  
 63  0.1122   6755.469940  x:  0.11865   4.04510   2.92283   1.78881   2.32276   0.72105   1.39458   0.83536   1.15995   0.48500   0.34820   0.35597   3.67241   0.21878   0.12920   0.14827   0.15614   0.00000   0.00733   1.57636   0.09024   0.04368  
 64  0.1833   6755.467784  x:  0.11609   4.03354   2.93465   1.79438   2.32790   0.72107   1.39826   0.83679   1.16168   0.48586   0.34839   0.35607   3.69367   0.21833   0.12966   0.14842   0.15619   0.00000   0.00742   1.57519   0.09005   0.04375  
 65  0.1082   6755.466723  x:  0.11622   4.04858   2.94200   1.79931   2.33306   0.72324   1.40209   0.83920   1.16370   0.48696   0.34848   0.35636   3.69749   0.21760   0.13034   0.14858   0.15631   0.00000   0.00760   1.57521   0.08973   0.04384  
 66  0.0367   6755.466495  x:  0.11574   4.05413   2.94767   1.80224   2.33626   0.72482   1.40454   0.84091   1.16499   0.48759   0.34848   0.35658   3.70273   0.21690   0.13096   0.14865   0.15633   0.00000   0.00754   1.57640   0.08957   0.04385  
 67  0.0116   6755.466483  x:  0.11569   4.05425   2.94717   1.80218   2.33636   0.72485   1.40458   0.84101   1.16504   0.48760   0.34849   0.35659   3.70281   0.21688   0.13104   0.14864   0.15633   0.00000   0.00755   1.57664   0.08959   0.04386  
 68  0.0006   6755.466482  x:  0.11560   4.05428   2.94716   1.80217   2.33635   0.72485   1.40459   0.84104   1.16506   0.48760   0.34850   0.35658   3.70284   0.21689   0.13105   0.14864   0.15634   0.00000   0.00754   1.57662   0.08959   0.04386  
 69  0.0001   6755.466482  x:  0.11559   4.05426   2.94714   1.80216   2.33634   0.72484   1.40459   0.84103   1.16505   0.48760   0.34850   0.35658   3.70282   0.21689   0.13105   0.14864   0.15634   0.00000   0.00755   1.57663   0.08959   0.04386  
 70  0.0000   6755.466482  x:  0.11559   4.05425   2.94714   1.80215   2.33633   0.72484   1.40458   0.84103   1.16505   0.48760   0.34850   0.35658   3.70282   0.21688   0.13106   0.14864   0.15633   0.00000   0.00755   1.57663   0.08959   0.04386  
 71  0.0000   6755.466482  x:  0.11559   4.05425   2.94714   1.80215   2.33633   0.72484   1.40458   0.84103   1.16505   0.48760   0.34850   0.35658   3.70282   0.21688   0.13106   0.14864   0.15634   0.00000   0.00754   1.57662   0.08959   0.04386  