

TREE # 1

  0  0.0000   6981.996840  x:  0.32202   1.41859   1.64835   0.36014   1.32878   0.06546   1.55814   0.49227   0.66376   0.77353   1.27573   0.23630   0.00798   0.24630   0.04808   0.00000   0.00000   2.00000   0.20000   0.20000  
  1 99.0000   6981.995765  x:  0.32202   1.41859   1.64835   0.36014   1.32878   0.06546   1.55814   0.49227   0.66376   0.77353   1.27573   0.23630   0.00798   0.24630   0.04808   0.00000   0.00000   2.00000   0.20000   0.20000  
  2 617.3037   6971.378067  x:  0.34546   1.42230   1.65566   0.41300   1.33354   0.10206   1.55601   0.49506   0.65563   0.76630   1.29431   0.22305   0.01618   0.21002   0.03121   0.00000   0.00000   1.98153   0.16191   0.17190  
  3 233.6835   6942.745085  x:  0.42892   1.43772   1.68393   0.59489   1.35268   0.22744   1.55163   0.50782   0.63156   0.74474   1.36061   0.18134   0.04391   0.09788   0.04629   0.00000   0.00000   1.91341   0.17111   0.07566  
  4 775.7045   6926.475964  x:  0.50451   1.45270   1.71421   0.75008   1.36945   0.32478   1.54663   0.51506   0.61070   0.72595   1.42360   0.13799   0.03575   0.17569   0.04972   0.00000   0.00000   1.84261   0.16499   0.02630  
  5 285.1436   6916.055367  x:  0.59563   1.47164   1.75431   0.93224   1.38906   0.43327   1.54025   0.52141   0.58754   0.70509   1.50151   0.13088   0.06101   0.23406   0.05118   0.00000   0.00000   1.75157   0.15893   0.10594  
  6 419.0307   6913.042766  x:  0.62881   1.48401   1.78885   0.97229   1.39359   0.42576   1.53804   0.51352   0.59388   0.71119   1.53924   0.21566   0.05619   0.24738   0.04737   0.00000   0.00000   1.69673   0.15435   0.09312  
  7 70.4771   6909.743479  x:  0.65757   1.49689   1.82635   0.99867   1.39741   0.40429   1.53707   0.50480   0.60436   0.72096   1.57564   0.25174   0.00000   0.24021   0.05064   0.00000   0.00000   1.64373   0.14845   0.09845  
  8 113.2850   6903.970551  x:  0.74964   1.55512   2.01276   1.02059   1.41523   0.22068   1.54553   0.47164   0.66604   0.77612   1.73844   0.20650   0.03501   0.23029   0.05243   0.00000   0.00000   1.44779   0.13167   0.09466  
  9 49.7890   6899.875011  x:  0.79383   1.62319   2.32229   0.98795   1.57138   0.13574   1.64492   0.61524   0.62851   0.70701   1.98756   0.21477   0.02967   0.22675   0.05532   0.00000   0.00000   1.53367   0.11395   0.09506  
 10 19.2413   6898.997474  x:  0.75856   1.63203   2.40708   0.97767   1.62347   0.18102   1.67685   0.61046   0.68760   0.76569   2.05111   0.21673   0.02959   0.22889   0.05695   0.00000   0.00000   1.56154   0.10682   0.09631  
 11 13.7339   6898.251032  x:  0.67195   1.63186   2.48714   0.98734   1.63599   0.21201   1.68786   0.50347   0.65417   0.75860   2.10438   0.21613   0.02886   0.22746   0.05803   0.00000   0.00000   1.57757   0.10907   0.09584  
 12  7.7030   6896.479871  x:  0.48169   1.61523   2.55836   1.07663   1.52146   0.24348   1.66493   0.59559   0.62254   0.74999   2.06647   0.21396   0.03006   0.22368   0.06413   0.00000   0.00000   1.50014   0.10852   0.09373  
 13  2.6560   6892.253847  x:  0.55006   1.62384   2.58071   1.30377   1.31282   0.23312   1.50062   0.56682   0.65935   0.75356   1.93640   0.21129   0.03103   0.21596   0.07966   0.00000   0.00000   1.64367   0.11237   0.09188  
 14  6.0518   6886.329971  x:  0.78206   1.57301   2.40348   1.29381   1.42626   0.38381   1.44890   0.48715   0.58039   0.67783   1.73763   0.19580   0.04021   0.19319   0.10327   0.00000   0.00000   1.50576   0.10626   0.08236  
 15  9.7293   6884.819699  x:  0.79923   1.44803   2.20413   1.35976   1.44296   0.33679   1.55494   0.48311   0.55047   0.71782   1.88158   0.19642   0.03732   0.18679   0.10954   0.00000   0.00000   1.51400   0.10600   0.08046  
 16  7.7248   6884.376066  x:  0.77472   1.47447   2.14827   1.36018   1.46391   0.33862   1.52181   0.48925   0.61551   0.65526   1.96167   0.19575   0.03647   0.18380   0.11170   0.00000   0.00000   1.51278   0.10649   0.07932  
 17  3.2305   6883.371584  x:  0.75198   1.64386   2.10845   1.34531   1.51065   0.35743   1.44925   0.53321   0.56766   0.73475   2.09051   0.19381   0.03564   0.17727   0.11752   0.00000   0.00000   1.53210   0.10585   0.07677  
 18  3.3538   6880.733559  x:  0.80916   1.87475   2.33291   1.40378   1.52254   0.39680   1.82125   0.56218   0.65256   0.74714   2.10375   0.18664   0.03937   0.16232   0.13577   0.00000   0.00000   1.58460   0.09811   0.07004  
 19  3.4063   6879.818036  x:  0.82832   1.70729   2.48669   1.44850   1.63116   0.38030   1.77210   0.59234   0.66699   0.77259   2.08433   0.18303   0.04093   0.15670   0.14134   0.00000   0.00000   1.60213   0.10037   0.06735  
 20  4.4184   6879.110514  x:  0.89884   1.66748   2.64058   1.46337   1.56090   0.45003   1.76528   0.61029   0.65773   0.77953   2.25587   0.19230   0.03891   0.15941   0.15150   0.00000   0.00000   1.57636   0.09504   0.06513  
 21  0.2862   6878.772310  x:  0.87228   1.71522   2.68278   1.57675   1.65989   0.40324   1.78340   0.60941   0.66644   0.78781   2.26600   0.19743   0.03875   0.16157   0.15654   0.00000   0.00000   1.57320   0.09092   0.06450  
 22  2.2569   6878.448577  x:  0.87917   1.75674   2.66559   1.66638   1.66817   0.40836   1.80799   0.59646   0.65946   0.78976   2.26574   0.19876   0.04085   0.16739   0.16445   0.00000   0.00000   1.56448   0.09220   0.06645  
 23  0.0974   6878.402055  x:  0.90807   1.77745   2.69827   1.69435   1.67493   0.41806   1.83305   0.60990   0.66836   0.79729   2.29025   0.19430   0.04133   0.16668   0.16893   0.00000   0.00000   1.56971   0.09024   0.06924  
 24  0.0505   6878.397887  x:  0.91427   1.78260   2.70715   1.69978   1.68589   0.41758   1.84027   0.61499   0.67148   0.79876   2.29177   0.19555   0.04129   0.16576   0.16909   0.00000   0.00000   1.57433   0.09010   0.06962  
 25  0.0098   6878.395491  x:  0.91805   1.78889   2.71491   1.70260   1.68890   0.41875   1.84541   0.61520   0.67194   0.79981   2.29991   0.19629   0.04129   0.16475   0.16842   0.00000   0.00000   1.57149   0.08967   0.07020  
 26  0.0054   6878.394445  x:  0.91736   1.78670   2.71429   1.70667   1.68761   0.41981   1.84486   0.61387   0.67131   0.80020   2.30080   0.19578   0.04177   0.16497   0.16757   0.00000   0.00000   1.57270   0.08978   0.07054  
 27  0.0023   6878.394056  x:  0.91816   1.78734   2.71479   1.71125   1.68765   0.42096   1.84582   0.61535   0.67182   0.80040   2.30058   0.19546   0.04182   0.16495   0.16748   0.00000   0.00000   1.57285   0.08966   0.07020  
 28  0.0022   6878.393970  x:  0.91833   1.78813   2.71545   1.71098   1.68771   0.42138   1.84601   0.61529   0.67180   0.80037   2.30082   0.19572   0.04160   0.16514   0.16733   0.00000   0.00000   1.57263   0.08966   0.07000  
 29  0.0007   6878.393960  x:  0.91866   1.78833   2.71605   1.71100   1.68820   0.42129   1.84634   0.61525   0.67188   0.80051   2.30128   0.19565   0.04157   0.16518   0.16733   0.00000   0.00000   1.57274   0.08964   0.07001  
 30  0.0007   6878.393960  x:  0.91871   1.78828   2.71598   1.71099   1.68829   0.42120   1.84640   0.61525   0.67186   0.80051   2.30132   0.19563   0.04159   0.16518   0.16733   0.00000   0.00000   1.57271   0.08964   0.07000  
 31  0.0001   6878.393960  x:  0.91872   1.78829   2.71599   1.71099   1.68827   0.42120   1.84641   0.61525   0.67187   0.80051   2.30133   0.19564   0.04159   0.16518   0.16733   0.00000   0.00000   1.57272   0.08964   0.06999  
 32  0.0000   6878.393960  x:  0.91872   1.78829   2.71599   1.71099   1.68827   0.42120   1.84641   0.61525   0.67187   0.80051   2.30133   0.19563   0.04159   0.16518   0.16733   0.00000   0.00000   1.57272   0.08964   0.06999  
 33  0.0000   6878.393960  x:  0.91872   1.78829   2.71599   1.71099   1.68827   0.42120   1.84641   0.61525   0.67187   0.80051   2.30133   0.19563   0.04159   0.16518   0.16733   0.00000   0.00000   1.57272   0.08964   0.06999  
 34  0.0000   6878.393960  x:  0.91872   1.78829   2.71599   1.71099   1.68827   0.42120   1.84640   0.61525   0.67187   0.80051   2.30133   0.19563   0.04159   0.16518   0.16733   0.00000   0.00000   1.57272   0.08964   0.06999  