

TREE # 1

  0  0.0000   6504.447848  x:  0.00000   0.41374   0.33711   0.18738   0.28100   0.08453   0.21878   0.04522   0.22517   0.25842   0.24120   0.10057   0.08745   0.07217   0.05722   0.06677   0.05558   2.00000   0.20000   0.20000  
  1 99.0000   6027.958697  x:  1.05674   0.49520   0.44699   0.31699   0.34379   0.17582   0.31544   0.16961   0.27147   0.28969   0.36172   0.12229   0.09938   0.11032   0.12578   0.00677   0.00000   1.98522   0.19248   0.18626  
  2 4608.6523   6000.638084  x:  1.06481   0.52068   0.47538   0.34588   0.36430   0.19675   0.34464   0.18662   0.28784   0.30202   0.38951   0.12371   0.10096   0.11221   0.12972   0.00909   0.08635   1.97864   0.13182   0.17726  
  3 872.2269   5987.730696  x:  1.06035   0.52971   0.48529   0.35563   0.37136   0.20344   0.35432   0.19186   0.29346   0.30633   0.39896   0.12380   0.10217   0.11243   0.13068   0.00000   0.08837   1.97582   0.13186   0.17395  
  4 705.2665   5982.863473  x:  1.05599   0.54106   0.49735   0.36444   0.37617   0.20463   0.35977   0.19201   0.29642   0.30848   0.40814   0.12350   0.10160   0.11131   0.13151   0.00000   0.07445   1.97055   0.11165   0.16585  
  5 404.4523   5953.623901  x:  1.05325   0.67448   0.63307   0.41183   0.36698   0.10087   0.31429   0.09338   0.26447   0.28035   0.47296   0.11518   0.06247   0.08471   0.14150   0.00000   0.01834   1.87320   0.11430   0.00010  
  6 164.2289   5950.281778  x:  1.05234   0.68564   0.64240   0.40836   0.36534   0.09355   0.30968   0.09758   0.26089   0.27642   0.47345   0.13179   0.07092   0.09003   0.14130   0.00000   0.00502   1.85404   0.11415   0.00297  
  7 104.7441   5949.908218  x:  1.05219   0.68736   0.64342   0.40625   0.36537   0.09349   0.30903   0.10040   0.26048   0.27577   0.47246   0.13536   0.07034   0.09055   0.14054   0.00000   0.00482   1.84805   0.11409   0.00010  
  8 73.3036   5946.193908  x:  1.05039   0.73543   0.67851   0.37571   0.36560   0.08394   0.29208   0.12660   0.25013   0.26186   0.46441   0.17742   0.04727   0.08650   0.12736   0.00000   0.00980   1.72459   0.11335   0.00907  
  9 185.9107   5942.475856  x:  1.05151   0.75571   0.68125   0.34050   0.37676   0.11173   0.29648   0.10128   0.25787   0.26605   0.44827   0.18223   0.03309   0.10999   0.13959   0.00000   0.00886   1.56276   0.11172   0.00998  
 10 103.3149   5939.531512  x:  1.05414   0.76111   0.67125   0.32609   0.37643   0.11565   0.30423   0.09122   0.26603   0.27492   0.44255   0.16903   0.06724   0.09199   0.13614   0.00000   0.01062   1.41154   0.10977   0.00468  
 11 170.8877   5937.632788  x:  1.05411   0.75178   0.65260   0.33102   0.36939   0.11039   0.31039   0.10965   0.26857   0.28013   0.44542   0.14392   0.05764   0.08411   0.13466   0.00000   0.00703   1.32111   0.10881   0.00558  
 12 133.8463   5936.748903  x:  1.05214   0.74370   0.64171   0.35185   0.36437   0.10018   0.30712   0.11365   0.26277   0.27714   0.45856   0.14406   0.06100   0.10121   0.13911   0.00000   0.00893   1.28019   0.10814   0.00512  
 13 56.4568   5935.804829  x:  1.05155   0.72790   0.62679   0.37814   0.37018   0.10773   0.30302   0.10431   0.25649   0.27109   0.47253   0.16458   0.05181   0.09163   0.13175   0.00000   0.00844   1.25371   0.10823   0.00640  
 14 31.5563   5930.098306  x:  1.04735   0.69614   0.64200   0.41090   0.41015   0.05626   0.31592   0.09921   0.31239   0.30502   0.46058   0.21181   0.03346   0.07175   0.17516   0.00000   0.00970   1.24474   0.10848   0.01176  
 15  9.2660   5861.819373  x:  0.99993   0.49520   1.03398   0.66412   0.88121   0.01390   0.40076   0.18539   0.38491   0.26897   0.31949   0.18824   0.06519   0.14703   0.06349   0.00000   0.01031   1.32035   0.11114   0.02142  
 16 47.4670   5834.099218  x:  0.95780   0.49114   1.16324   0.71025   0.93984   0.12490   0.42675   0.26724   0.31187   0.24492   0.39071   0.19120   0.10165   0.08197   0.26032   0.00000   0.01267   1.38624   0.11239   0.01873  
 17 135.7348   5768.531393  x:  0.90337   0.77573   1.16510   0.61975   0.59913   0.33703   0.52465   0.28827   0.42545   0.64445   0.89917   0.30472   0.09198   0.13829   0.14222   0.00000   0.01699   1.60130   0.11928   0.01672  
 18 120.2864   5758.927150  x:  0.90191   0.96089   1.00858   0.61560   0.55295   0.27330   0.79416   0.25052   0.46221   0.45886   0.91108   0.34134   0.07657   0.14300   0.12409   0.00000   0.01814   1.64252   0.12152   0.01856  
 19 45.9773   5756.693750  x:  0.90090   1.08108   0.90278   0.64271   0.59727   0.28389   0.72984   0.26627   0.55519   0.38582   0.90382   0.32062   0.08755   0.14264   0.13158   0.00000   0.01762   1.65750   0.12093   0.01652  
 20 21.9111   5755.666706  x:  0.90082   1.15975   0.85402   0.68820   0.63723   0.27733   0.72798   0.26963   0.48863   0.45406   0.84659   0.31854   0.08816   0.14063   0.13642   0.00000   0.01742   1.65893   0.11993   0.01685  
 21  4.7439   5737.316493  x:  0.85918   1.31173   1.19926   1.06526   0.40899   0.41356   0.75121   0.27464   0.58450   0.43001   0.59916   0.28558   0.09325   0.12296   0.15216   0.00000   0.01198   1.52732   0.09682   0.01098  
 22  2.1638   5716.183945  x:  0.82192   1.37281   1.43374   1.03178   0.68948   0.33438   0.79414   0.30139   0.54589   0.39777   0.86105   0.21075   0.10215   0.11220   0.16202   0.00000   0.00464   1.39885   0.07023   0.00866  
 23 23.1359   5701.426821  x:  0.78927   1.45335   1.63834   1.01188   0.88939   0.26513   0.89410   0.31450   0.52088   0.35858   1.13191   0.15129   0.10612   0.10672   0.15180   0.00000   0.00568   1.39523   0.08387   0.00211  
 24  0.4156   5694.442879  x:  0.76166   1.57828   1.76907   1.10249   0.92820   0.27255   0.95787   0.32912   0.53832   0.37036   1.24925   0.13846   0.11221   0.10702   0.14512   0.00000   0.00865   1.45357   0.07630   0.00010  
 25  0.3160   5685.463746  x:  0.68665   1.94914   2.15271   1.37701   1.03798   0.29168   1.12482   0.37331   0.59575   0.39086   1.56157   0.12011   0.13224   0.11164   0.14473   0.00000   0.00552   1.55038   0.05744   0.00117  
 26  0.7655   5680.893179  x:  0.64412   2.20453   2.39711   1.55843   1.12055   0.29482   1.24431   0.40255   0.63155   0.40825   1.80632   0.12786   0.15013   0.11556   0.14944   0.00000   0.00837   1.63937   0.06004   0.00280  
 27  0.3134   5678.694310  x:  0.60246   2.49521   2.68929   1.77304   1.21183   0.29594   1.36605   0.43347   0.66844   0.40746   2.05787   0.10625   0.17035   0.11328   0.15976   0.00000   0.00868   1.63348   0.05004   0.00376  
 28  0.3664   5677.024984  x:  0.58690   2.79192   2.96343   1.99732   1.29082   0.28601   1.46538   0.45618   0.69348   0.40022   2.31682   0.06874   0.19093   0.11040   0.16184   0.00000   0.00472   1.58169   0.04770   0.00502  
 29  0.2137   5675.913077  x:  0.58531   3.07665   3.21188   2.21527   1.35873   0.27648   1.56677   0.47842   0.71418   0.40113   2.58146   0.05114   0.21688   0.11070   0.16250   0.00000   0.01052   1.54163   0.04250   0.00612  
 30  0.3034   5674.371911  x:  0.66195   3.18552   3.23662   2.33004   1.33271   0.26427   1.55379   0.47536   0.69544   0.41245   2.69776   0.04771   0.23588   0.11738   0.15206   0.00000   0.01161   1.56207   0.04486   0.00875  
 31  0.0679   5670.480947  x:  0.80053   3.62995   3.52696   2.74490   1.35793   0.24509   1.59653   0.49709   0.68363   0.43914   3.12681   0.00000   0.29026   0.12518   0.14574   0.00000   0.00766   1.62212   0.03745   0.01550  
 32  0.4428   5668.438912  x:  1.02144   3.54675   3.33841   2.80096   1.23982   0.23545   1.42161   0.47553   0.62008   0.45765   3.11662   0.00000   0.30788   0.11960   0.15891   0.00000   0.00493   1.67557   0.04018   0.02179  
 33  0.2065   5666.807703  x:  1.16292   3.21138   3.06080   2.63876   1.15423   0.24110   1.26066   0.45146   0.59701   0.44968   2.91975   0.00000   0.28298   0.10636   0.17595   0.00000   0.01077   1.61608   0.04144   0.02651  
 34  0.2297   5665.628411  x:  1.21179   3.12577   3.10170   2.62765   1.20206   0.24557   1.29152   0.45604   0.64754   0.43308   2.96883   0.00000   0.26250   0.11697   0.15975   0.00000   0.00824   1.56153   0.03858   0.03250  
 35  0.0484   5665.619206  x:  1.21315   3.12349   3.10275   2.62738   1.20332   0.24569   1.29232   0.45616   0.64886   0.43265   2.97015   0.00548   0.26196   0.11725   0.15933   0.00000   0.00817   1.56014   0.03851   0.03266  
 36  3.7772   5663.633398  x:  1.41940   2.83730   3.03738   2.57337   1.25636   0.24501   1.29924   0.45230   0.70109   0.40897   3.01091   0.03011   0.22888   0.12766   0.14282   0.00000   0.00476   1.56498   0.04090   0.04602  
 37  0.1243   5661.035815  x:  1.68604   3.07865   3.40425   2.96249   1.43693   0.22859   1.47875   0.49477   0.74625   0.40769   3.52459   0.00000   0.25834   0.11787   0.16579   0.00000   0.00952   1.60781   0.03664   0.06163  
 38  0.4437   5661.035815  x:  1.68604   3.07865   3.40425   2.96249   1.43693   0.22859   1.47875   0.49477   0.74625   0.40769   3.52459   0.00000   0.25834   0.11787   0.16579   0.00000   0.00952   1.60781   0.03664   0.06163  
 39  0.7934   5660.947157  x:  1.68605   3.07866   3.40425   2.96248   1.43694   0.22861   1.47877   0.49479   0.74624   0.40770   3.52458   0.00001   0.25836   0.11786   0.16578   0.00000   0.00932   1.60782   0.03587   0.06163  
 40 218.9863   5660.888505  x:  1.68625   3.07869   3.40428   2.96242   1.43702   0.22882   1.47895   0.49498   0.74622   0.40776   3.52449   0.00019   0.25864   0.11772   0.16570   0.00000   0.00744   1.60783   0.03590   0.06163  
 41 57.3817   5660.662820  x:  1.69722   3.08053   3.40586   2.95895   1.44174   0.24012   1.48909   0.50569   0.74519   0.41130   3.51909   0.00961   0.27344   0.11058   0.16146   0.00000   0.00760   1.60857   0.03566   0.06163  
 42 16.5568   5660.088519  x:  1.72185   3.08473   3.40958   2.95129   1.45217   0.26433   1.51155   0.52871   0.74285   0.41885   3.50703   0.00000   0.28319   0.11069   0.16168   0.00000   0.00762   1.61039   0.03554   0.06014  
 43 29.6768   5659.735788  x:  1.77442   3.09864   3.42093   2.93844   1.45776   0.27387   1.54101   0.52512   0.73541   0.41360   3.48744   0.00000   0.27150   0.13049   0.17039   0.00000   0.00759   1.61329   0.03510   0.09015  
 44 11.6540   5658.937546  x:  1.91014   3.13458   3.45046   2.90524   1.47243   0.29821   1.61673   0.51761   0.71904   0.40334   3.43655   0.00000   0.23530   0.12039   0.16228   0.00000   0.00752   1.62070   0.03456   0.16556  
 45 62.1291   5656.903734  x:  2.36268   3.25601   3.55076   2.79500   1.51710   0.36664   1.86081   0.48978   0.68384   0.38600   3.26653   0.00000   0.28024   0.10673   0.17569   0.00000   0.00752   1.64306   0.03384   0.42267  
 46 83.9790   5656.559058  x:  2.43695   3.27736   3.56900   2.77845   1.52241   0.37133   1.89429   0.49097   0.70021   0.40363   3.23926   0.00000   0.28610   0.11921   0.15274   0.00000   0.00751   1.64432   0.03363   0.47049  
 47 38.9562   5656.059983  x:  2.54915   3.31282   3.60053   2.75747   1.52685   0.36577   1.93104   0.50527   0.75812   0.45724   3.20009   0.00000   0.28179   0.11225   0.16693   0.00000   0.00749   1.64144   0.03304   0.55517  
 48 32.0478   5655.586363  x:  2.67074   3.37252   3.66438   2.77221   1.54030   0.33880   1.89611   0.65629   0.78706   0.41642   3.17687   0.00000   0.28264   0.11298   0.16627   0.00000   0.00746   1.61979   0.03231   0.70418  
 49  6.3879   5655.347842  x:  2.72260   3.43148   3.74733   2.86030   1.62775   0.42553   1.83383   0.67823   0.77235   0.44379   3.21176   0.00000   0.28336   0.11321   0.16665   0.00000   0.00744   1.66603   0.03172   0.83095  
 50  2.7970   5655.242438  x:  2.74115   3.47113   3.80848   2.93271   1.66489   0.44856   1.85356   0.68538   0.74957   0.46936   3.25300   0.00000   0.28367   0.11338   0.16662   0.00000   0.00744   1.61536   0.03085   0.88350  
 51  2.8283   5655.241308  x:  2.74132   3.47152   3.80908   2.93341   1.66522   0.44872   1.85381   0.68547   0.74938   0.46958   3.25341   0.00040   0.28367   0.11338   0.16662   0.00000   0.00744   1.61499   0.03084   0.88398  
 52 18.0604   5654.980814  x:  2.78322   3.59814   4.01626   3.17574   1.72431   0.42406   2.02398   0.74010   0.72828   0.50777   3.41613   0.00127   0.28503   0.11397   0.16654   0.00000   0.00745   1.65927   0.02915   0.99588  
 53  3.8909   5654.884965  x:  2.81074   3.65491   4.10286   3.25538   1.76149   0.44744   2.08665   0.74009   0.79119   0.46394   3.48736   0.00161   0.28551   0.11421   0.16634   0.00000   0.00747   1.65549   0.02831   1.02508  
 54  2.7486   5654.435858  x:  3.14559   4.03176   4.58856   3.35077   1.89775   0.42184   2.17952   0.76997   0.81026   0.47286   3.87635   0.00287   0.27544   0.11744   0.16535   0.00000   0.00767   1.66663   0.02643   1.12365  
 55  0.8154   5654.217332  x:  3.22021   4.07086   4.63368   3.48279   1.94241   0.47203   2.33966   0.81440   0.83311   0.46973   3.98401   0.00303   0.27006   0.11860   0.16556   0.00000   0.00767   1.66894   0.02625   1.36956  
 56  1.0488   5654.117365  x:  3.41796   4.19815   4.69174   3.71668   2.08260   0.45419   2.43685   0.85392   0.84382   0.47811   4.07717   0.00375   0.27011   0.11795   0.16628   0.00000   0.00759   1.66966   0.02498   1.51456  
 57  0.7113   5654.072925  x:  3.49023   4.32252   4.83174   3.81354   2.06760   0.50948   2.50547   0.88385   0.84475   0.48779   4.12570   0.00389   0.27082   0.11731   0.16698   0.00000   0.00753   1.67132   0.02422   1.63912  
 58  0.7380   5654.048661  x:  3.51279   4.36792   4.96056   3.82968   2.14409   0.50333   2.55694   0.90302   0.84669   0.49059   4.13514   0.00414   0.27211   0.11668   0.16751   0.00000   0.00750   1.67263   0.02394   1.72783  
 59  0.3596   5654.023988  x:  3.62959   4.38686   5.05873   3.87566   2.15418   0.52826   2.58734   0.92577   0.84745   0.49576   4.24296   0.00386   0.27505   0.11598   0.16789   0.00000   0.00752   1.67395   0.02364   1.81651  
 60  0.2629   5654.017041  x:  3.66833   4.49089   5.07730   3.91027   2.18634   0.53329   2.62164   0.94118   0.85235   0.49710   4.30354   0.00393   0.27528   0.11642   0.16792   0.00000   0.00755   1.67638   0.02336   1.87179  
 61  0.1853   5654.015078  x:  3.70007   4.51610   5.12846   3.95975   2.20462   0.53292   2.64011   0.94861   0.85807   0.49633   4.32719   0.00419   0.27461   0.11689   0.16779   0.00000   0.00756   1.67681   0.02316   1.89926  
 62  0.0924   5654.014671  x:  3.70133   4.51845   5.14220   3.96223   2.21217   0.53323   2.64756   0.95213   0.85898   0.49739   4.34799   0.00421   0.27434   0.11690   0.16775   0.00000   0.00755   1.67663   0.02310   1.91067  
 63  0.0308   5654.014570  x:  3.69799   4.51950   5.14273   3.96385   2.21115   0.53308   2.64682   0.95202   0.85901   0.49752   4.34693   0.00420   0.27428   0.11686   0.16774   0.00000   0.00754   1.67654   0.02312   1.90982  
 64  0.0085   5654.014549  x:  3.69766   4.52205   5.14430   3.96717   2.21138   0.53342   2.64746   0.95258   0.85899   0.49793   4.34855   0.00419   0.27436   0.11681   0.16778   0.00000   0.00755   1.67658   0.02311   1.91129  
 65  0.0040   5654.014547  x:  3.69682   4.52122   5.14347   3.96662   2.21116   0.53329   2.64683   0.95245   0.85893   0.49793   4.34809   0.00419   0.27438   0.11683   0.16778   0.00000   0.00755   1.67657   0.02311   1.91085  
 66  0.0013   5654.014545  x:  3.69586   4.52026   5.14258   3.96592   2.21099   0.53312   2.64581   0.95238   0.85894   0.49786   4.34744   0.00419   0.27440   0.11684   0.16776   0.00000   0.00755   1.67655   0.02312   1.91160  
 67  0.0005   5654.014530  x:  3.69589   4.52061   5.14275   3.96558   2.21118   0.53326   2.64444   0.95305   0.85921   0.49764   4.34705   0.00418   0.27437   0.11682   0.16775   0.00000   0.00755   1.67652   0.02312   1.92498  
 68  0.0017   5654.014433  x:  3.70061   4.52456   5.14661   3.96751   2.21212   0.53427   2.64631   0.95576   0.85947   0.49776   4.34871   0.00417   0.27416   0.11680   0.16783   0.00000   0.00756   1.67658   0.02310   2.01190  
 69  0.0109   5654.013820  x:  3.70605   4.52604   5.14783   3.97212   2.21180   0.53324   2.65352   0.95954   0.85875   0.49875   4.34927   0.00405   0.27422   0.11683   0.16789   0.00000   0.00752   1.67673   0.02308   2.57162  
 70  0.0700   5654.012673  x:  3.68750   4.51074   5.13336   3.96188   2.20793   0.52714   2.64512   0.95137   0.85886   0.49720   4.34208   0.00388   0.27513   0.11690   0.16759   0.00000   0.00759   1.67610   0.02315   3.82689  
 71  0.3024   5654.011894  x:  3.69874   4.52623   5.14774   3.96659   2.21125   0.53334   2.64595   0.95256   0.85981   0.49726   4.35053   0.00384   0.27453   0.11676   0.16783   0.00000   0.00750   1.67644   0.02310   5.01275  
 72  0.4355   5654.011444  x:  3.69758   4.52076   5.14499   3.96733   2.21228   0.53435   2.64739   0.95113   0.85834   0.49859   4.34948   0.00379   0.27464   0.11688   0.16781   0.00000   0.00761   1.67681   0.02311   6.83762  
 73  0.6003   5654.011066  x:  3.69646   4.52133   5.14308   3.96960   2.21299   0.53368   2.64647   0.95195   0.85905   0.49799   4.34790   0.00375   0.27483   0.11681   0.16769   0.00000   0.00749   1.67672   0.02311   9.50101  
 74  0.8463   5654.010744  x:  3.69961   4.52390   5.14709   3.96797   2.21210   0.53369   2.64871   0.95373   0.85939   0.49768   4.35036   0.00375   0.27463   0.11685   0.16785   0.00000   0.00759   1.67653   0.02310  13.86092  
 75  1.2653   5654.010579  x:  3.70135   4.52672   5.15075   3.97245   2.21416   0.53294   2.65079   0.95400   0.85949   0.49809   4.35444   0.00368   0.27485   0.11683   0.16777   0.00000   0.00753   1.67659   0.02308  18.88292  
 76  2.1101   5654.010485  x:  3.70082   4.52625   5.14993   3.97201   2.21424   0.53297   2.64990   0.95334   0.85936   0.49817   4.35360   0.00376   0.27479   0.11682   0.16775   0.00000   0.00752   1.67664   0.02308  23.21371  
 77  2.7067   5654.010350  x:  3.69955   4.52380   5.14679   3.96833   2.21279   0.53375   2.64782   0.95319   0.85914   0.49802   4.35012   0.00367   0.27475   0.11685   0.16781   0.00000   0.00756   1.67663   0.02310  34.09774  
 78  4.5423   5654.010271  x:  3.70036   4.52572   5.14964   3.97261   2.21411   0.53332   2.65061   0.95340   0.85949   0.49813   4.35370   0.00370   0.27483   0.11682   0.16776   0.00000   0.00753   1.67664   0.02308  49.71789  
 79  4.7548   5654.010207  x:  3.69973   4.52416   5.14702   3.96853   2.21278   0.53361   2.64801   0.95336   0.85927   0.49785   4.35032   0.00367   0.27476   0.11685   0.16780   0.00000   0.00756   1.67660   0.02310  73.83734  
 80  7.3690   5654.010176  x:  3.70025   4.52538   5.14914   3.97144   2.21378   0.53328   2.64986   0.95344   0.85932   0.49812   4.35296   0.00369   0.27481   0.11683   0.16777   0.00000   0.00754   1.67663   0.02308  95.74016  
 81  8.5574   5654.010126  x:  3.69968   4.52423   5.14724   3.96896   2.21295   0.53349   2.64814   0.95322   0.85923   0.49792   4.35055   0.00365   0.27478   0.11686   0.16779   0.00000   0.00755   1.67662   0.02310  242.27812  
 82 18.3172   5654.010115  x:  3.70011   4.52499   5.14842   3.97045   2.21347   0.53343   2.64922   0.95340   0.85932   0.49803   4.35203   0.00368   0.27480   0.11684   0.16778   0.00000   0.00755   1.67663   0.02309  261.02249  
 83 14.9353   5654.010109  x:  3.70019   4.52521   5.14890   3.97134   2.21371   0.53334   2.64985   0.95343   0.85939   0.49809   4.35276   0.00368   0.27483   0.11683   0.16777   0.00000   0.00754   1.67663   0.02308  389.38560  
 84 23.3382   5654.010099  x:  3.70012   4.52488   5.14816   3.96996   2.21333   0.53350   2.64890   0.95340   0.85932   0.49799   4.35159   0.00367   0.27478   0.11685   0.16779   0.00000   0.00755   1.67662   0.02309  544.02259  
 85 49.9851   5654.010096  x:  3.70010   4.52500   5.14849   3.97065   2.21351   0.53340   2.64935   0.95339   0.85933   0.49805   4.35218   0.00368   0.27481   0.11683   0.16778   0.00000   0.00755   1.67663   0.02309  643.02271  
 86 49.0856   5654.010093  x:  3.70008   4.52509   5.14870   3.97106   2.21362   0.53333   2.64961   0.95338   0.85933   0.49808   4.35253   0.00368   0.27482   0.11683   0.16777   0.00000   0.00754   1.67663   0.02309  999.00000  
 87 209.8570   5654.010091  x:  3.70011   4.52498   5.14841   3.97045   2.21346   0.53343   2.64922   0.95340   0.85932   0.49803   4.35201   0.00367   0.27480   0.11684   0.16778   0.00000   0.00755   1.67663   0.02309  935.09130  
 88 42.4088   5654.010091  x:  3.70011   4.52498   5.14842   3.97046   2.21347   0.53343   2.64923   0.95340   0.85932   0.49803   4.35202   0.00367   0.27480   0.11684   0.16778   0.00000   0.00755   1.67663   0.02309  999.00000  
 89 82.2621   5654.010091  x:  3.70011   4.52498   5.14842   3.97046   2.21347   0.53343   2.64923   0.95340   0.85932   0.49803   4.35202   0.00367   0.27480   0.11684   0.16778   0.00000   0.00755   1.67663   0.02309  999.00000  
 90  0.0001   5654.010091  x:  3.70007   4.52495   5.14839   3.97048   2.21346   0.53342   2.64924   0.95338   0.85932   0.49803   4.35203   0.00367   0.27480   0.11684   0.16778   0.00000   0.00755   1.67663   0.02309  999.00000  