   11
BAM_020350  0.000000  0.995637  0.995637  1.246926  1.777351  1.098948
  0.552606  0.173407  0.235434  0.995637  1.009787
BA_1581xxx  0.995637  0.000000  0.015366  1.617436  1.615968  1.525729
  0.933019  0.848743  0.804832  0.000010  0.107606
BC_1560xxx  0.995637  0.015366  0.000000  1.617436  1.615968  1.525729
  0.933019  0.848743  0.804832  0.015233  0.065005
NT03BC2311  1.246926  1.617436  1.617436  0.000000  1.338475  1.104349
  1.238651  1.257973  1.182461  1.617436  1.747908
NT03BC3633  1.777351  1.615968  1.615968  1.338475  0.000000  1.313548
  1.468720  1.543518  1.548126  1.615968  1.566895
BH1767xxxx  1.098948  1.525729  1.525729  1.104349  1.313548  0.000000
  1.034157  1.109644  1.058564  1.525729  1.647644
NT03BL2496  0.552606  0.933019  0.933019  1.238651  1.468720  1.034157
  0.000000  0.382745  0.383820  0.933019  0.944255
Bmo2896xxx  0.173407  0.848743  0.848743  1.257973  1.543518  1.109644
  0.382745  0.000000  0.014446  0.848743  0.861597
BG10493xxx  0.235434  0.804832  0.804832  1.182461  1.548126  1.058564
  0.383820  0.014446  0.000000  0.804832  0.815627
NT02BT1591  0.995637  0.000010  0.015233  1.617436  1.615968  1.525729
  0.933019  0.848743  0.804832  0.000000  0.107606
KBAB4_1481  1.009787  0.107606  0.065005  1.747908  1.566895  1.647644
  0.944255  0.861597  0.815627  0.107606  0.000000
