Supplemental results for CODEML (seqf: cds11.phylip  treef: tree.H2C2a.nwk)

Number of codon sites with 0,1,2,3 position differences
   2 vs.    1     49    72    47    12  -1.0000 (0.3113 -1.0000)
   3 vs.    1     50    71    45    14  -1.0000 (0.3170 -1.0000)
   3 vs.    2    160    20     0     0   0.0280 (0.0048 0.1700)
   4 vs.    1     46    71    38    26   0.1927 (0.4342 2.2532)
   4 vs.    2     38    69    37    36  -1.0000 (0.5092 -1.0000)
   4 vs.    3     37    71    37    35  -1.0000 (0.5145 -1.0000)
   5 vs.    1     52    69    35    24  -1.0000 (0.3682 -1.0000)
   5 vs.    2     44    63    46    26  -1.0000 (0.4424 -1.0000)
   5 vs.    3     43    64    45    27  -1.0000 (0.4559 -1.0000)
   5 vs.    4     70    73    32    12   0.1189 (0.2293 1.9274)
   6 vs.    1     90    78     9     4   0.0331 (0.0633 1.9119)
   6 vs.    2     50    76    40    14  -1.0000 (0.3153 -1.0000)
   6 vs.    3     48    77    40    15  -1.0000 (0.3266 -1.0000)
   6 vs.    4     38    74    44    26  -1.0000 (0.4345 -1.0000)
   6 vs.    5     38    88    40    15  -1.0000 (0.3398 -1.0000)
   7 vs.    1     53    43     2     0   0.0102 (0.0196 1.9215)
   7 vs.    2     26    35    28     8   0.1648 (0.3960 2.4030)
   7 vs.    3     23    37    28     9  -1.0000 (0.4154 -1.0000)
   7 vs.    4     22    33    25    18   0.1953 (0.5540 2.8374)
   7 vs.    5     24    34    25    15   0.2248 (0.4958 2.2055)
   7 vs.    6     47    45     5     1  -1.0000 (0.0445 -1.0000)
   8 vs.    1     81    80    18     2   0.0192 (0.0857 4.4593)
   8 vs.    2     53    67    41    19  -1.0000 (0.3419 -1.0000)
   8 vs.    3     52    68    42    18  -1.0000 (0.3441 -1.0000)
   8 vs.    4     49    67    38    27   0.1895 (0.4291 2.2649)
   8 vs.    5     38    83    40    19  -1.0000 (0.3696 -1.0000)
   8 vs.    6     75    86    18     2  -1.0000 (0.0822 -1.0000)
   8 vs.    7     43    43    12     0   0.0572 (0.1133 1.9809)
   9 vs.    1    104    72     4     1   0.0168 (0.0232 1.3796)
   9 vs.    2     50    72    45    13  -1.0000 (0.3085 -1.0000)
   9 vs.    3     47    73    47    13  -1.0000 (0.3196 -1.0000)
   9 vs.    4     38    76    40    27  -1.0000 (0.4315 -1.0000)
   9 vs.    5     42    75    41    22  -1.0000 (0.3700 -1.0000)
   9 vs.    6     97    75     6     3   0.0359 (0.0505 1.4067)
   9 vs.    7     68    30     0     0   0.0000 (0.0000 0.7977)
   9 vs.    8     82    80    17     2   0.0367 (0.0895 2.4391)
  10 vs.    1     49    73    46    12  -1.0000 (0.3125 -1.0000)
  10 vs.    2    169    11     0     0   0.0000 (0.0000 0.0995)
  10 vs.    3    158    22     0     0   0.0248 (0.0048 0.1915)
  10 vs.    4     36    72    36    36  -1.0000 (0.5084 -1.0000)
  10 vs.    5     43    66    43    27  -1.0000 (0.4438 -1.0000)
  10 vs.    6     50    76    40    14   0.0509 (0.3165 6.2203)
  10 vs.    7     25    36    27     9   0.1177 (0.4008 3.4058)
  10 vs.    8     51    72    40    17   0.0964 (0.3412 3.5405)
  10 vs.    9     51    72    45    12  -1.0000 (0.3097 -1.0000)
  11 vs.    1     47    77    44    12  -1.0000 (0.3070 -1.0000)
  11 vs.    2    155    24     1     0   0.0256 (0.0059 0.2319)
  11 vs.    3    158    20     2     0   0.0576 (0.0107 0.1865)
  11 vs.    4     40    69    34    37  -1.0000 (0.5103 -1.0000)
  11 vs.    5     43    64    45    27  -1.0000 (0.4500 -1.0000)
  11 vs.    6     48    80    40    12   0.0899 (0.3127 3.4799)
  11 vs.    7     25    38    25     9   0.1478 (0.3929 2.6576)
  11 vs.    8     51    70    42    17  -1.0000 (0.3373 -1.0000)
  11 vs.    9     51    72    45    12  -1.0000 (0.3060 -1.0000)
  11 vs.   10    154    25     1     0   0.0244 (0.0059 0.2437)

