

TREE # 1

  0  0.0000   3657.236811  x:  0.27486   0.34406   0.37146   0.08318   0.41492   0.17883   0.36856   0.06784   0.27455   0.14857   0.16333   0.07742   0.56972   0.04362   0.07601   0.04431   0.09602   0.00000   0.09402   2.00000   0.20000   0.20000   0.20000  
  1 99.0000   3647.022899  x:  0.27695   0.34521   0.37312   0.08613   0.41528   0.17941   0.36882   0.06907   0.27487   0.14889   0.16372   0.07783   0.57098   0.04335   0.07583   0.04459   0.09566   0.04023   0.09350   1.99959   0.19853   0.19913   0.20000  
  2 3977.2634   3551.173009  x:  0.42637   0.42797   0.49255   0.29471   0.44118   0.22082   0.38720   0.15652   0.29806   0.17191   0.19187   0.10724   0.66257   0.02371   0.06389   0.05770   0.04227   0.04052   0.02501   1.96999   0.09434   0.14695   0.19296  
  3 497.2494   3509.267159  x:  0.51627   0.47982   0.56781   0.40996   0.45887   0.24527   0.39928   0.20439   0.31323   0.18535   0.20870   0.12282   0.72153   0.01796   0.06241   0.06388   0.01873   0.04050   0.00510   1.94818   0.15133   0.11148   0.18794  
  4 1346.8533   3488.641328  x:  0.61469   0.53712   0.65147   0.53232   0.47828   0.27105   0.41193   0.25395   0.32958   0.19883   0.22671   0.13788   0.78768   0.01704   0.06527   0.07041   0.01200   0.03938   0.06880   1.92289   0.19192   0.06967   0.18177  
  5 2480.0447   3480.045119  x:  0.65983   0.56555   0.69555   0.57051   0.48750   0.27810   0.41497   0.26298   0.33553   0.19882   0.23263   0.13480   0.82550   0.03856   0.08466   0.06925   0.09129   0.03841   0.06826   1.90421   0.20057   0.03614   0.17629  
  6 450.3280   3475.501871  x:  0.67585   0.57852   0.72011   0.55532   0.49118   0.27270   0.41158   0.24401   0.33533   0.18911   0.23121   0.11794   0.85109   0.04153   0.09064   0.05429   0.08716   0.03843   0.06777   1.88568   0.19827   0.01118   0.17020  
  7 130.3414   3464.621118  x:  0.73337   0.62402   0.80618   0.50651   0.50452   0.25505   0.40079   0.18129   0.33617   0.15780   0.22802   0.06279   0.94072   0.05214   0.11148   0.01498   0.07906   0.03879   0.06611   1.82067   0.19122   0.02354   0.14883  
  8 456.0901   3456.050279  x:  0.78985   0.66891   0.89407   0.44492   0.51848   0.23464   0.38996   0.11391   0.33939   0.12918   0.22735   0.01156   1.03496   0.05791   0.12897   0.04699   0.06876   0.03899   0.06392   1.74955   0.18350   0.02716   0.12483  
  9 675.1857   3443.555588  x:  0.86791   0.72895   1.03244   0.28312   0.54643   0.19359   0.38744   0.04049   0.37402   0.16053   0.26627   0.08095   1.20237   0.02988   0.11973   0.05553   0.07074   0.03932   0.05999   1.60565   0.16789   0.02981   0.07103  
 10 213.5136   3433.721489  x:  0.91994   0.76460   1.14125   0.10247   0.57733   0.16249   0.40684   0.12181   0.39608   0.17487   0.27983   0.07980   1.35783   0.01089   0.10800   0.06182   0.07190   0.03965   0.05651   1.45895   0.15372   0.03177   0.00763  
 11 235.6294   3433.234549  x:  0.91885   0.76073   1.14007   0.10193   0.57965   0.16379   0.40810   0.12181   0.39549   0.17625   0.27947   0.08014   1.36471   0.01262   0.10975   0.06194   0.07105   0.03968   0.05641   1.45048   0.15334   0.03176   0.00010  
 12 46.6351   3431.061473  x:  0.90919   0.72650   1.12774   0.10411   0.59760   0.17257   0.41676   0.11805   0.38853   0.18197   0.27471   0.07508   1.42138   0.00000   0.10421   0.06141   0.07463   0.03978   0.05614   1.37985   0.15191   0.03166   0.00010  
 13 201.3172   3430.142518  x:  0.91765   0.69149   1.10639   0.11845   0.57950   0.12088   0.39717   0.12636   0.38823   0.16037   0.29037   0.08182   1.46276   0.01299   0.08940   0.06152   0.07425   0.03984   0.05632   1.32751   0.15260   0.03153   0.00010  
 14 22.1156   3429.625873  x:  0.94306   0.67318   1.09200   0.11496   0.56401   0.12508   0.38581   0.12919   0.40197   0.15556   0.29165   0.08221   1.47040   0.00000   0.10697   0.06123   0.07418   0.03986   0.05626   1.31718   0.15234   0.03139   0.00010  
 15  6.9574   3428.379753  x:  1.05397   0.61974   1.04178   0.09053   0.53166   0.16983   0.38111   0.12372   0.41723   0.15375   0.28525   0.07838   1.49102   0.02304   0.07322   0.06060   0.07434   0.03989   0.05598   1.29734   0.15034   0.03110   0.00010  
 16 15.2503   3424.780195  x:  1.22704   0.56985   0.96462   0.07587   0.54494   0.11903   0.49600   0.11291   0.31645   0.19332   0.26738   0.07744   1.54068   0.00253   0.10353   0.06178   0.07189   0.03999   0.05465   1.28356   0.14276   0.03093   0.00010  
 17 11.2792   3396.776900  x:  1.41720   0.62246   0.79820   0.17080   1.06931   0.08354   0.47368   0.14356   0.44882   0.20402   0.26132   0.05989   1.89907   0.01841   0.11662   0.06421   0.04938   0.04050   0.04286   1.12536   0.07877   0.02789   0.00010  
 18 10.7724   3391.120095  x:  1.36638   0.61781   0.90284   0.20153   0.96754   0.18614   0.44881   0.16333   0.32402   0.18666   0.32332   0.08168   1.94487   0.02001   0.12333   0.06733   0.04459   0.04056   0.04092   1.03652   0.06802   0.02786   0.00010  
 19 23.8045   3388.438565  x:  1.31668   0.60413   0.98854   0.23902   0.84125   0.18928   0.46725   0.16051   0.34141   0.27199   0.25407   0.05924   1.96521   0.03365   0.11060   0.06787   0.04252   0.04053   0.04024   0.99084   0.06351   0.02773   0.00010  
 20 28.1801   3387.351346  x:  1.27553   0.57171   1.02454   0.26040   0.78345   0.20778   0.56664   0.15179   0.39649   0.21824   0.26799   0.06777   2.00610   0.04076   0.10493   0.06734   0.04223   0.04026   0.04032   1.03353   0.06275   0.02748   0.00010  
 21  6.3819   3383.596215  x:  1.21691   0.56199   1.05488   0.33076   0.68955   0.26008   0.53120   0.16909   0.34150   0.19394   0.16313   0.12419   2.09685   0.05373   0.09320   0.07130   0.04491   0.03877   0.04326   1.16505   0.07029   0.02809   0.00010  
 22  4.5348   3379.899640  x:  1.17439   0.58491   1.05549   0.41652   0.60220   0.29910   0.51619   0.16712   0.33354   0.32017   0.31045   0.02571   2.06894   0.07169   0.07544   0.06680   0.04869   0.03709   0.04618   1.20755   0.07668   0.02651   0.00010  
 23 13.3347   3377.232044  x:  1.20111   0.63417   1.09588   0.47581   0.60264   0.30760   0.56977   0.16422   0.36118   0.26680   0.29050   0.04541   1.84346   0.08244   0.07003   0.06604   0.04968   0.03616   0.04783   1.04049   0.07905   0.02527   0.00010  
 24 10.6607   3375.238263  x:  1.26632   0.44176   1.30188   0.49631   0.72988   0.27234   0.52782   0.17426   0.36062   0.27136   0.30230   0.04105   1.75349   0.08320   0.06690   0.06590   0.05101   0.03598   0.04869   1.06486   0.07965   0.02495   0.00010  
 25  4.0488   3348.105696  x:  1.90988   1.08724   1.81093   0.64827   1.10812   0.19886   0.35234   0.35117   0.44135   0.15882   0.33649   0.12235   2.35671   0.00785   0.06338   0.07852   0.06353   0.03774   0.05190   1.40578   0.05737   0.02531   0.00010  
 26  2.1379   3333.902911  x:  2.40007   1.25302   2.22435   1.03663   1.06933   0.26137   0.50036   0.41525   0.52735   0.16635   0.34279   0.08223   2.68999   0.11026   0.06065   0.06947   0.04293   0.03331   0.05592   1.23245   0.03977   0.01698   0.00010  
 27  0.4325   3328.728132  x:  2.57899   1.25290   2.41300   1.15479   1.00315   0.27417   0.53193   0.43935   0.54718   0.17619   0.34907   0.05840   2.84233   0.11823   0.06358   0.06536   0.04119   0.03211   0.05816   1.13861   0.04598   0.01844   0.00010  
 28  0.5485   3318.746178  x:  3.42098   1.41985   3.13817   1.49503   1.09405   0.23907   0.56009   0.56389   0.60261   0.19667   0.37694   0.00000   3.71521   0.08623   0.04573   0.05911   0.05259   0.03057   0.05821   0.99159   0.03007   0.02781   0.00010  
 29  0.7881   3318.746178  x:  3.42098   1.41985   3.13817   1.49503   1.09405   0.23907   0.56009   0.56389   0.60261   0.19667   0.37694   0.00000   3.71521   0.08623   0.04573   0.05911   0.05259   0.03057   0.05821   0.99159   0.03007   0.02781   0.00010  
 30  0.6829   3317.769955  x:  3.42100   1.41986   3.13819   1.49506   1.09408   0.23909   0.56009   0.56386   0.60261   0.19666   0.37696   0.00002   3.71523   0.08610   0.04569   0.05912   0.05252   0.03053   0.05801   0.99161   0.03324   0.02768   0.00010  
 31 640.8653   3317.130911  x:  3.42199   1.42011   3.13864   1.49646   1.09533   0.23970   0.55949   0.56126   0.60188   0.19587   0.37785   0.00216   3.71604   0.07777   0.04269   0.05957   0.04785   0.02772   0.04453   0.99468   0.03325   0.01942   0.00010  
 32 60.1184   3316.916011  x:  3.42310   1.42039   3.13916   1.49802   1.09674   0.24038   0.55883   0.55836   0.60105   0.19497   0.37873   0.00430   3.71695   0.07120   0.04237   0.06065   0.04573   0.02837   0.03753   0.99800   0.03328   0.02490   0.00010  
 33 51.6352   3316.422332  x:  3.42998   1.42212   3.14234   1.50770   1.10534   0.24451   0.55483   0.54058   0.59585   0.18926   0.38327   0.01568   3.72258   0.04325   0.05344   0.06509   0.04494   0.03666   0.04167   1.01829   0.03347   0.02390   0.00010  
 34 32.2304   3315.735996  x:  3.44113   1.42494   3.14751   1.52330   1.11910   0.25102   0.54853   0.51221   0.58734   0.17999   0.38874   0.03049   3.73167   0.01643   0.08425   0.06629   0.04733   0.02680   0.04241   1.04990   0.03375   0.02482   0.00010  
 35 93.7936   3315.506945  x:  3.44700   1.42641   3.15023   1.53132   1.12604   0.25416   0.54550   0.49806   0.58298   0.17540   0.38945   0.03436   3.73640   0.01474   0.09850   0.06271   0.04606   0.03304   0.03800   1.06466   0.03386   0.02367   0.00010  
 36 56.8547   3315.060375  x:  3.46528   1.43097   3.15871   1.55537   1.14610   0.26239   0.53767   0.45828   0.57073   0.16386   0.38253   0.03061   3.75100   0.01967   0.09164   0.05367   0.03707   0.03102   0.04182   1.10106   0.03409   0.02512   0.00010  
 37 27.2057   3314.439641  x:  3.49457   1.43828   3.17233   1.59370   1.17761   0.27490   0.52592   0.39665   0.55276   0.14852   0.37049   0.02426   3.77438   0.03166   0.07708   0.05798   0.04826   0.03043   0.03994   1.15582   0.03442   0.02494   0.00010  
 38 133.1215   3314.306074  x:  3.50513   1.44093   3.17741   1.60708   1.18703   0.27722   0.52501   0.38299   0.55326   0.15673   0.36751   0.03077   3.78281   0.03835   0.07513   0.06639   0.04324   0.02968   0.04072   1.16519   0.03443   0.02480   0.00010  
 39 21.1944   3314.057351  x:  3.53030   1.44733   3.18974   1.63853   1.20740   0.28047   0.52641   0.35988   0.55839   0.18406   0.36065   0.04692   3.80299   0.04390   0.06793   0.05925   0.04800   0.02915   0.04069   1.17681   0.03435   0.02511   0.00010  
 40 30.6180   3313.532740  x:  3.60568   1.46718   3.22806   1.73029   1.25863   0.28025   0.54565   0.33600   0.55578   0.22921   0.33074   0.01705   3.86380   0.03148   0.07806   0.06082   0.04661   0.03049   0.04002   1.16859   0.03345   0.02494   0.00010  
 41 16.6171   3311.207381  x:  4.01833   1.57969   3.44364   2.21616   1.50695   0.24898   0.65468   0.32195   0.47079   0.26591   0.41741   0.00000   4.19702   0.03860   0.07264   0.06122   0.04703   0.02988   0.04060   1.06381   0.02893   0.02438   0.00010  
 42 27.3028   3308.520684  x:  4.62310   1.76268   3.78649   2.85479   1.76464   0.13109   0.66292   0.51426   0.65232   0.16916   0.39331   0.01363   4.68823   0.04957   0.06342   0.06160   0.04885   0.02882   0.04099   1.10535   0.02414   0.02466   0.00010  
 43 26.5927   3308.009906  x:  4.77766   1.81816   3.90441   2.92904   1.73060   0.15449   0.57562   0.54156   0.60409   0.15354   0.32765   0.05760   4.81867   0.04797   0.06510   0.06116   0.04890   0.02892   0.04105   1.06616   0.02347   0.02443   0.00010  
 44  6.8178   3307.380909  x:  5.02586   1.90247   4.11690   2.95273   1.59341   0.21104   0.52537   0.57637   0.56870   0.21525   0.37975   0.02015   5.03294   0.04873   0.06424   0.06156   0.04910   0.02884   0.04101   1.12256   0.02272   0.02477   0.00010  
 45  7.0974   3306.561213  x:  5.38356   1.99523   4.42804   2.90681   1.40500   0.28085   0.66138   0.50153   0.61671   0.17656   0.36518   0.03507   5.34605   0.04658   0.06657   0.06118   0.04865   0.02896   0.04114   1.12336   0.02162   0.02479   0.00010  
 46  9.1182   3305.056688  x:  6.07583   1.90534   4.93700   2.50144   1.70016   0.19237   0.70975   0.55485   0.57114   0.18521   0.33430   0.05731   5.97500   0.04362   0.06940   0.06116   0.04887   0.02900   0.04122   1.19747   0.02194   0.02521   0.00010  
 47  3.1953   3304.537020  x:  6.31001   1.88590   5.10843   2.38232   1.82684   0.23121   0.63949   0.51439   0.65399   0.17099   0.38505   0.02630   6.19404   0.03703   0.07536   0.06106   0.04741   0.02961   0.04131   1.14606   0.02119   0.02492   0.00010  
 48 11.4279   3303.967682  x:  6.63619   2.10621   5.27395   2.78532   1.90133   0.46112   0.67835   0.62178   0.67989   0.15035   0.36697   0.04087   6.60797   0.04260   0.06923   0.06125   0.04791   0.02909   0.04166   1.18453   0.01994   0.02524   0.00010  
 49  1.1297   3303.090138  x:  7.13421   2.49313   5.56252   3.40737   1.89845   0.32430   0.62798   0.58564   0.71859   0.14619   0.39245   0.02706   7.23184   0.03983   0.07015   0.06068   0.04601   0.02937   0.04210   1.17692   0.01915   0.02537   0.00010  
 50  6.9016   3302.598940  x:  7.52256   2.83146   5.93772   3.64029   2.08297   0.28260   0.65092   0.60449   0.71657   0.15639   0.39391   0.02625   7.66498   0.03987   0.06980   0.06052   0.04592   0.02931   0.04215   1.17276   0.01696   0.02540   0.00010  
 51  3.7446   3302.013461  x:  8.68875   2.69956   6.83883   4.07514   2.30874   0.31032   0.75431   0.65078   0.67904   0.19874   0.38638   0.02582   8.55968   0.04136   0.07298   0.06041   0.04827   0.02876   0.04115   1.14158   0.01496   0.02515   0.00010  
 52  0.9289   3301.852187  x:  8.85394   2.79001   6.98052   4.07115   2.36773   0.31079   0.78388   0.65305   0.66882   0.20501   0.38590   0.02575   8.59877   0.04114   0.07198   0.06086   0.04825   0.02914   0.04121   1.13982   0.01526   0.02504   0.00010  
 53  0.3009   3301.714947  x:  9.53975   3.19772   7.48066   4.34454   2.57715   0.32242   0.82472   0.68694   0.69193   0.19475   0.39166   0.02605   9.22978   0.04085   0.06889   0.06134   0.04705   0.02973   0.04171   1.14386   0.01391   0.02497   0.00010  
 54  0.7963   3301.648159  x: 10.09789   3.27649   7.84040   4.60062   2.68903   0.34373   0.84054   0.72655   0.71632   0.17993   0.39135   0.02891   9.88691   0.04210   0.07085   0.06031   0.04704   0.02880   0.04155   1.14668   0.01335   0.02515   0.00010  
 55  0.4545   3301.642132  x: 10.24485   3.33787   7.96784   4.67522   2.72259   0.34770   0.84703   0.74123   0.71505   0.18177   0.38886   0.03027  10.03685   0.04161   0.07002   0.06083   0.04733   0.02943   0.04154   1.14611   0.01310   0.02508   0.00010  
 56  0.2114   3301.640527  x: 10.24987   3.34990   7.98774   4.68530   2.72028   0.34854   0.84693   0.74690   0.71250   0.18362   0.38763   0.03070  10.04663   0.04146   0.06995   0.06094   0.04745   0.02942   0.04151   1.14585   0.01312   0.02507   0.00010  
 57  0.0266   3301.639982  x: 10.28357   3.36911   8.02309   4.70658   2.72432   0.35047   0.84881   0.75286   0.71290   0.18407   0.38778   0.03073  10.08337   0.04156   0.07026   0.06080   0.04741   0.02919   0.04151   1.14548   0.01306   0.02508   0.00010  
 58  0.0535   3301.639836  x: 10.27938   3.36602   8.02209   4.70699   2.71835   0.35128   0.84951   0.75459   0.71386   0.18353   0.38834   0.03076  10.07925   0.04150   0.07025   0.06078   0.04731   0.02930   0.04155   1.14541   0.01307   0.02508   0.00010  
 59  0.0047   3301.639812  x: 10.27489   3.36439   8.01827   4.70345   2.71589   0.35094   0.85008   0.75480   0.71398   0.18339   0.38819   0.03081  10.07352   0.04151   0.07022   0.06081   0.04734   0.02926   0.04152   1.14524   0.01307   0.02508   0.00010  
 60  0.0058   3301.639809  x: 10.27531   3.36438   8.01774   4.70209   2.71596   0.35068   0.85031   0.75493   0.71396   0.18337   0.38808   0.03084  10.07378   0.04150   0.07024   0.06080   0.04736   0.02927   0.04153   1.14526   0.01307   0.02508   0.00010  
 61  0.0011   3301.639808  x: 10.27713   3.36468   8.01855   4.70167   2.71657   0.35060   0.85041   0.75513   0.71398   0.18335   0.38808   0.03086  10.07585   0.04150   0.07023   0.06080   0.04735   0.02927   0.04153   1.14530   0.01307   0.02508   0.00010  
 62  0.0014   3301.639808  x: 10.27689   3.36462   8.01848   4.70168   2.71651   0.35062   0.85039   0.75511   0.71398   0.18335   0.38809   0.03085  10.07560   0.04150   0.07024   0.06080   0.04735   0.02927   0.04153   1.14529   0.01307   0.02508   0.00010  
 63  0.0006   3301.639808  x: 10.27689   3.36462   8.01848   4.70168   2.71651   0.35062   0.85039   0.75511   0.71398   0.18335   0.38809   0.03085  10.07560   0.04150   0.07024   0.06080   0.04735   0.02927   0.04153   1.14529   0.01307   0.02508   0.00010  