

TREE # 1

  0  0.0000   8288.602249  x:  0.14634   1.87507   1.45714   0.25992   1.41242   0.45306   1.36942   0.71170   0.75947   0.46188   0.99452   0.23003   0.00000   0.05508   0.06899   0.00932   0.00737   2.00000   0.20000   0.20000   0.20000  
  1 99.0000   8273.441347  x:  0.15825   1.87673   1.46027   0.27075   1.41218   0.45425   1.36892   0.71160   0.75917   0.46189   0.99895   0.23108   0.00822   0.05529   0.06862   0.00000   0.01708   1.99590   0.22368   0.19856   0.19778  
  2 670.7184   8261.957742  x:  0.18478   1.88038   1.46726   0.29494   1.41154   0.45683   1.36768   0.71125   0.75841   0.46183   1.00883   0.23321   0.02573   0.05571   0.06803   0.01092   0.03502   1.98679   0.27247   0.19530   0.19271  
  3 3285.2887   8240.948282  x:  0.23606   1.88649   1.48070   0.34317   1.40729   0.45939   1.36222   0.70739   0.75403   0.45916   1.02836   0.23195   0.04368   0.05538   0.06723   0.00990   0.00412   1.96932   0.27874   0.18742   0.18008  
  4 448.6175   8154.300538  x:  0.60521   1.92865   1.57781   0.69282   1.36978   0.47232   1.31621   0.67291   0.71673   0.43542   1.17105   0.20846   0.13754   0.05366   0.06429   0.00863   0.02929   1.84155   0.16542   0.12656   0.08308  
  5 1275.0132   8133.767343  x:  0.68944   1.94018   1.61081   0.77695   1.34749   0.46699   1.29660   0.65815   0.70617   0.43557   1.21741   0.14984   0.03399   0.05400   0.09273   0.00787   0.03098   1.78195   0.17094   0.09156   0.10839  
  6 277.7791   8126.150881  x:  0.70757   1.94508   1.63337   0.80065   1.32151   0.45389   1.27931   0.64614   0.70219   0.44605   1.24643   0.18679   0.00000   0.06290   0.05799   0.00785   0.03202   1.72413   0.16873   0.04899   0.15970  
  7 136.7485   8126.150881  x:  0.70757   1.94508   1.63337   0.80065   1.32151   0.45389   1.27931   0.64614   0.70219   0.44605   1.24643   0.18679   0.00000   0.06290   0.05799   0.00785   0.03202   1.72413   0.16873   0.04899   0.15970  
  8 199.7822   8118.609301  x:  0.71008   1.94562   1.63453   0.80297   1.32114   0.45416   1.27920   0.64631   0.70242   0.44668   1.24792   0.19045   0.00794   0.06314   0.05925   0.00000   0.02449   1.72185   0.18451   0.04747   0.15880  
  9 533.3736   8114.043976  x:  0.71386   1.94641   1.63625   0.80645   1.32053   0.45451   1.27898   0.64651   0.70273   0.44759   1.25014   0.19576   0.01934   0.06352   0.06126   0.00506   0.01394   1.71846   0.20559   0.04514   0.15741  
 10 1653.0187   8111.011343  x:  0.72517   1.94785   1.64079   0.81683   1.31670   0.45371   1.27651   0.64527   0.70217   0.44915   1.25617   0.20563   0.03953   0.06414   0.06483   0.00495   0.00591   1.70941   0.19585   0.03705   0.15217  
 11 175.5658   8106.485083  x:  0.75381   1.95167   1.65242   0.84311   1.30738   0.45197   1.27061   0.64250   0.70105   0.45332   1.27152   0.22787   0.08662   0.06550   0.07255   0.00484   0.01761   1.68626   0.18355   0.01696   0.13893  
 12 887.5143   8101.608950  x:  0.78624   1.95624   1.66601   0.87264   1.29729   0.45026   1.26445   0.63995   0.70020   0.45824   1.28855   0.22096   0.08916   0.06366   0.06578   0.00486   0.01734   1.65964   0.18111   0.00010   0.12186  
 13 184.9547   8087.697910  x:  0.93290   1.97689   1.72767   1.00593   1.25145   0.44240   1.23661   0.62851   0.69630   0.48038   1.36542   0.19395   0.10392   0.05696   0.05116   0.00485   0.01721   1.53876   0.16872   0.01850   0.05685  
 14 797.8119   8059.495479  x:  1.32959   2.03294   1.89654   1.36598   1.12615   0.42154   1.16217   0.59988   0.68532   0.53916   1.57249   0.11228   0.10915   0.07681   0.09762   0.00389   0.01512   1.20878   0.13908   0.02292   0.11436  
 15 702.0650   8056.918581  x:  1.36577   2.03799   1.91405   1.39786   1.11471   0.42176   1.15771   0.60144   0.68362   0.54187   1.58953   0.12776   0.10710   0.05840   0.06706   0.00421   0.01508   1.18887   0.13637   0.02633   0.13563  
 16 142.4208   8055.515457  x:  1.40027   2.04260   1.93527   1.42626   1.10426   0.42703   1.15881   0.61211   0.68070   0.53875   1.60151   0.16880   0.08273   0.08230   0.05333   0.00419   0.01472   1.19690   0.13612   0.02774   0.13878  
 17 60.2766   8052.407004  x:  1.49547   2.05529   1.99795   1.50312   1.07645   0.44636   1.16666   0.64893   0.67290   0.52703   1.63102   0.28539   0.00000   0.06653   0.07920   0.00343   0.01361   1.24026   0.13738   0.02440   0.13235  
 18 138.3320   8050.138485  x:  1.60311   2.07215   2.10087   1.58184   1.06199   0.51497   1.21380   0.73083   0.69282   0.52565   1.64934   0.25433   0.01857   0.06521   0.07485   0.00340   0.01354   1.39388   0.13039   0.02653   0.14254  
 19 24.8010   8049.182213  x:  1.63535   2.10261   2.31406   1.57020   1.11568   0.53777   1.29463   0.68188   0.73890   0.51808   1.56479   0.25545   0.01947   0.06558   0.07497   0.00323   0.01343   1.37950   0.12523   0.02618   0.14226  
 20  5.5794   8048.743417  x:  1.63711   2.10359   2.40260   1.57477   1.11735   0.50849   1.29423   0.68092   0.68629   0.50150   1.54157   0.24434   0.02689   0.06543   0.07358   0.00328   0.01354   1.38783   0.12713   0.02634   0.14297  
 21  6.3832   8048.014091  x:  1.62381   2.08538   2.52160   1.59359   1.11494   0.45503   1.26757   0.71893   0.67552   0.57481   1.52350   0.23872   0.03093   0.06525   0.07225   0.00324   0.01358   1.39933   0.12831   0.02636   0.14333  
 22  9.3060   8045.872522  x:  1.57712   1.99192   2.70654   1.71332   1.20559   0.51040   1.21098   0.86373   0.74232   0.51357   1.59505   0.22083   0.04195   0.06478   0.06949   0.00297   0.01367   1.35110   0.12574   0.02651   0.14272  
 23  6.4020   8043.619986  x:  1.64985   2.01414   2.72410   1.81111   1.24606   0.55343   1.30361   0.71974   0.76733   0.53942   1.76402   0.20400   0.04971   0.06290   0.06480   0.00279   0.01373   1.42232   0.12976   0.02774   0.14767  
 24  6.1306   8042.212956  x:  1.76271   2.15788   2.67723   1.79234   1.27016   0.57989   1.49097   0.80113   0.71643   0.58805   1.84053   0.19664   0.05443   0.06292   0.06406   0.00248   0.01368   1.37390   0.12297   0.02759   0.14623  
 25  9.0415   8041.207373  x:  1.89804   2.39951   2.64662   1.74760   1.28576   0.51283   1.46663   0.85349   0.78976   0.53882   1.86704   0.18354   0.06347   0.06282   0.06247   0.00237   0.01372   1.38219   0.12139   0.02756   0.14663  
 26  7.2444   8040.616104  x:  1.96569   2.55932   2.64536   1.75462   1.38282   0.56811   1.38787   0.86238   0.75894   0.57387   1.87752   0.18282   0.06413   0.06298   0.06236   0.00223   0.01363   1.38608   0.11741   0.02755   0.14674  
 27  6.4886   8038.410119  x:  1.91619   2.87312   2.78591   2.14010   1.44371   0.53629   1.48337   0.88433   0.77413   0.59197   1.99807   0.17747   0.07051   0.06503   0.06429   0.00186   0.01339   1.37627   0.10186   0.02697   0.14150  
 28  1.9839   8036.020204  x:  2.22215   2.81993   2.92670   2.27595   1.16674   0.74562   1.45048   0.85952   0.78850   0.60537   1.90081   0.16335   0.08430   0.06752   0.06690   0.00184   0.01351   1.31455   0.09833   0.02456   0.13102  
 29  3.3314   8034.590948  x:  2.59973   2.58278   2.97968   2.33021   1.34093   0.64133   1.48664   0.87262   0.80305   0.60619   1.89385   0.15471   0.09376   0.06890   0.06782   0.00181   0.01345   1.31433   0.09347   0.02320   0.12765  
 30  5.2594   8033.484334  x:  2.72409   2.55000   3.01111   2.57242   1.37848   0.60163   1.52070   0.85800   0.81778   0.60391   1.80161   0.16721   0.09106   0.06684   0.06810   0.00213   0.01349   1.33697   0.09724   0.02022   0.12063  
 31  0.3932   8032.583226  x:  2.78437   2.58672   3.28459   2.49896   1.38755   0.62382   1.54012   0.87304   0.83292   0.61322   2.19564   0.18874   0.08033   0.06412   0.07019   0.00229   0.01346   1.34869   0.09296   0.01633   0.11108  
 32  2.2133   8031.687682  x:  2.97630   2.89369   3.51348   2.82623   1.49293   0.68516   1.65420   0.94990   0.86914   0.63918   2.26802   0.18454   0.08378   0.06281   0.06482   0.00265   0.01314   1.37185   0.08222   0.01245   0.10728  
 33  0.5167   8031.118305  x:  3.19351   3.02716   3.69482   2.97868   1.60117   0.74349   1.75421   1.02909   0.90534   0.65698   2.31317   0.16653   0.09049   0.06902   0.06096   0.00305   0.01299   1.39198   0.07945   0.00933   0.11206  
 34  0.2014   8030.850895  x:  3.37219   3.16755   3.89288   3.09517   1.69001   0.78574   1.84664   1.08507   0.94455   0.67487   2.44792   0.17068   0.09013   0.06720   0.06387   0.00306   0.01322   1.39055   0.07325   0.00860   0.11462  
 35  0.3001   8030.700459  x:  3.44826   3.20971   3.98432   3.11833   1.72324   0.80228   1.88908   1.10192   0.96655   0.68317   2.52091   0.17691   0.08730   0.06384   0.06704   0.00293   0.01342   1.38534   0.07240   0.01101   0.11869  
 36  0.1353   8030.615329  x:  3.61090   3.34848   4.18447   3.27192   1.79409   0.83412   1.97096   1.13937   1.00202   0.70279   2.63949   0.17242   0.08813   0.06629   0.06633   0.00292   0.01325   1.39584   0.06838   0.01194   0.11885  
 37  0.2152   8030.586371  x:  3.64851   3.38164   4.23089   3.32435   1.80552   0.83822   1.98574   1.14253   1.00893   0.70901   2.65877   0.17178   0.08823   0.06651   0.06543   0.00289   0.01317   1.39968   0.06823   0.01219   0.11705  
 38  0.0787   8030.579022  x:  3.70383   3.43205   4.29109   3.37983   1.83101   0.84923   2.01106   1.15693   1.01949   0.71668   2.69121   0.17294   0.08833   0.06549   0.06538   0.00287   0.01322   1.40092   0.06699   0.01227   0.11653  
 39  0.1080   8030.578019  x:  3.71518   3.44571   4.30026   3.38918   1.83908   0.85199   2.01633   1.16251   1.02140   0.71894   2.69785   0.17284   0.08879   0.06570   0.06570   0.00285   0.01328   1.40072   0.06679   0.01231   0.11635  
 40  0.0172   8030.577812  x:  3.71786   3.45000   4.30152   3.39067   1.84187   0.85293   2.01792   1.16519   1.02183   0.71953   2.70067   0.17243   0.08897   0.06565   0.06552   0.00285   0.01327   1.40114   0.06673   0.01232   0.11653  
 41  0.0053   8030.577780  x:  3.71675   3.44986   4.29958   3.38944   1.84169   0.85284   2.01782   1.16562   1.02181   0.71937   2.70195   0.17245   0.08896   0.06567   0.06555   0.00285   0.01325   1.40114   0.06673   0.01227   0.11646  
 42  0.0015   8030.577776  x:  3.71621   3.44968   4.29874   3.38935   1.84133   0.85279   2.01771   1.16544   1.02182   0.71932   2.70225   0.17248   0.08897   0.06566   0.06554   0.00285   0.01325   1.40112   0.06674   0.01227   0.11646  
 43  0.0007   8030.577775  x:  3.71656   3.45009   4.29894   3.38989   1.84144   0.85290   2.01791   1.16547   1.02193   0.71938   2.70262   0.17245   0.08899   0.06566   0.06554   0.00285   0.01325   1.40113   0.06673   0.01228   0.11647  
 44  0.0006   8030.577774  x:  3.71648   3.44999   4.29878   3.38981   1.84141   0.85289   2.01784   1.16545   1.02190   0.71937   2.70251   0.17245   0.08899   0.06566   0.06554   0.00285   0.01325   1.40113   0.06673   0.01228   0.11647  
 45  0.0002   8030.577774  x:  3.71649   3.44997   4.29873   3.38982   1.84140   0.85290   2.01782   1.16544   1.02190   0.71937   2.70249   0.17245   0.08899   0.06566   0.06554   0.00285   0.01325   1.40113   0.06673   0.01228   0.11647  
 46  0.0001   8030.577774  x:  3.71650   3.44997   4.29872   3.38983   1.84141   0.85290   2.01781   1.16544   1.02189   0.71938   2.70248   0.17245   0.08899   0.06566   0.06554   0.00285   0.01325   1.40113   0.06673   0.01228   0.11647  
 47  0.0000   8030.577774  x:  3.71654   3.44998   4.29875   3.38985   1.84142   0.85290   2.01781   1.16544   1.02190   0.71938   2.70251   0.17245   0.08898   0.06566   0.06554   0.00285   0.01325   1.40113   0.06673   0.01228   0.11647  