

TREE # 1

  0  0.0000   2114.243004  x:  1.00427   1.29405   0.97196   0.32366   1.14602   0.43180   0.98663   0.29085   0.58013   0.67706   1.31600   0.26330   0.00203   0.26026   0.12102   0.00000   0.00267   2.00000   0.20000   0.20000   0.20000  
  1 99.0000   2114.242790  x:  1.00427   1.29405   0.97196   0.32366   1.14602   0.43180   0.98663   0.29085   0.58013   0.67706   1.31600   0.26330   0.00203   0.26026   0.12102   0.00000   0.00267   2.00000   0.20000   0.20000   0.20000  
  2 150.9837   2113.878491  x:  1.00477   1.29442   0.97260   0.32437   1.14562   0.43162   0.98674   0.29082   0.58017   0.67678   1.31632   0.26307   0.00228   0.25969   0.12166   0.00000   0.00000   1.99983   0.19989   0.19882   0.19974  
  3 465.5287   2112.746114  x:  1.00944   1.29802   0.97870   0.33079   1.14151   0.42989   0.98804   0.29057   0.58070   0.67416   1.31935   0.26016   0.00000   0.25537   0.12128   0.00000   0.00000   1.99799   0.20123   0.18679   0.19721  
  4 319.6298   2103.283847  x:  1.05951   1.33725   1.04435   0.39330   1.09199   0.40699   1.00356   0.28632   0.58741   0.64498   1.35269   0.25646   0.03113   0.23585   0.07856   0.00000   0.00000   1.97508   0.20160   0.03968   0.17173  
  5 373.0550   2088.151293  x:  1.35518   1.57852   1.44141   0.73049   0.75435   0.25730   1.11034   0.25823   0.63910   0.46762   1.54830   0.38691   0.03343   0.45590   0.01986   0.00000   0.00000   1.80631   0.19572   0.04643   0.15226  
  6 52.8866   2085.993625  x:  1.38783   1.60672   1.48698   0.75657   0.70738   0.23913   1.12681   0.25694   0.64881   0.45160   1.57040   0.41628   0.01674   0.51300   0.03413   0.00000   0.00000   1.78369   0.19814   0.02191   0.16468  
  7 138.5847   2082.439596  x:  1.51477   1.71925   1.67330   0.64980   0.45090   0.26034   1.27393   0.38120   0.76015   0.60797   1.67231   0.43213   0.02407   0.45298   0.02406   0.00000   0.00000   1.72148   0.18194   0.01982   0.40425  
  8 15.7122   2079.916377  x:  1.61800   1.81121   1.82956   0.44300   0.31893   0.39958   1.42052   0.36465   0.73251   0.56481   1.82140   0.37563   0.03585   0.46158   0.04232   0.00000   0.00000   1.71084   0.16948   0.03491   0.39829  
  9 11.2404   2077.535170  x:  1.76944   1.89440   1.98585   0.46116   0.45217   0.63070   1.50583   0.33006   0.66611   0.51947   2.07698   0.42551   0.02321   0.45297   0.03673   0.00000   0.00000   1.78184   0.14325   0.02869   0.61190  
 10 11.2951   2075.850594  x:  1.84666   1.89375   1.99381   0.50734   0.48013   0.54984   1.45545   0.17100   0.73921   0.50263   2.25061   0.44687   0.01709   0.42027   0.03960   0.00000   0.00000   1.90559   0.14579   0.03341   0.76343  
 11  6.8960   2073.955216  x:  1.95967   1.86809   1.96230   0.63100   0.55428   0.37233   1.32853   0.35451   0.75613   0.45009   2.45150   0.41243   0.02567   0.44549   0.05131   0.00000   0.00000   2.05234   0.14796   0.04191   0.90222  
 12  7.9429   2073.016201  x:  2.03055   1.88161   1.98332   0.69447   0.59299   0.32936   1.29717   0.33459   0.62431   0.49719   2.38946   0.46243   0.02116   0.39491   0.05530   0.00000   0.00000   1.91986   0.15479   0.04452   0.99294  
 13  2.9020   2072.077278  x:  2.11408   1.90464   2.04738   0.80662   0.66273   0.34902   1.29052   0.30273   0.67589   0.54194   2.24567   0.35054   0.05712   0.43322   0.06009   0.00000   0.00000   1.76095   0.14384   0.04542   1.08948  
 14  5.2046   2070.650057  x:  2.20580   1.94151   2.18005   0.93829   0.65273   0.38390   1.36160   0.32432   0.77892   0.37860   1.93979   0.36285   0.07300   0.36471   0.06058   0.00000   0.00000   1.71220   0.13513   0.04537   1.26454  
 15  5.8049   2068.957768  x:  2.32216   2.03649   2.43484   1.17455   0.53609   0.45771   1.50721   0.31566   0.73365   0.48740   1.65542   0.32675   0.10694   0.37292   0.06473   0.00000   0.00000   1.97260   0.12898   0.04415   1.38473  
 16  6.1270   2066.709164  x:  2.35304   2.20693   2.70304   1.22766   0.34107   0.69081   1.56610   0.31226   0.79418   0.43781   2.05952   0.19609   0.18788   0.33632   0.06344   0.00000   0.00000   2.09811   0.13436   0.03706   1.70956  
 17  2.6276   2065.538277  x:  2.38789   2.30272   2.86093   1.23622   0.32980   0.71559   1.60626   0.35402   0.90144   0.51567   2.34864   0.26650   0.18295   0.26824   0.07166   0.00000   0.00000   2.06447   0.11953   0.03754   1.72667  
 18  7.0380   2064.936363  x:  2.44544   2.35815   2.95349   1.20447   0.35175   0.59449   1.67147   0.36556   0.85036   0.51581   2.50580   0.21619   0.19653   0.25473   0.07206   0.00000   0.00000   2.02844   0.10898   0.03622   1.81265  
 19  4.8593   2064.226058  x:  2.73418   2.46464   3.21496   1.04579   0.57926   0.41719   1.82718   0.38048   0.90174   0.52465   2.65124   0.20362   0.20867   0.26216   0.07541   0.00000   0.00000   2.10355   0.10619   0.03571   1.90098  
 20  2.7518   2062.985619  x:  3.47434   2.41510   3.45396   1.09523   0.46963   0.50516   1.84798   0.42557   0.91953   0.56011   2.97603   0.23904   0.21511   0.34501   0.07824   0.00000   0.00000   2.08888   0.09417   0.02932   2.05862  
 21  1.3776   2062.040784  x:  3.57079   2.50838   3.84951   1.39251   0.43225   0.49416   2.17576   0.46611   0.91992   0.56346   3.16633   0.21045   0.25956   0.34923   0.07800   0.00000   0.00000   2.00927   0.09187   0.03204   2.39111  
 22  0.5812   2061.355390  x:  3.83265   3.04202   4.40936   1.47811   0.44816   0.52863   1.99035   0.52921   0.94481   0.56288   3.30207   0.17144   0.30595   0.33070   0.07322   0.00000   0.00000   2.01752   0.08372   0.03207   2.77829  
 23  1.4918   2061.062322  x:  4.00334   3.21751   4.57264   1.58584   0.47743   0.55127   2.19514   0.55617   1.00165   0.56380   3.44346   0.15890   0.32724   0.32553   0.07189   0.00000   0.00000   2.01663   0.07420   0.03281   2.95495  
 24  1.5002   2060.570034  x:  4.73652   3.24499   4.88001   1.72491   0.50554   0.63381   2.55482   0.59374   1.08776   0.57895   3.72155   0.15345   0.35597   0.30296   0.05604   0.00000   0.00000   2.09515   0.06953   0.03067   3.33453  
 25  0.5665   2060.303522  x:  4.89448   3.38508   5.36227   1.88973   0.56253   0.61562   2.73664   0.64373   1.14202   0.62527   3.99952   0.16211   0.36144   0.34261   0.04885   0.00000   0.00000   2.09185   0.06282   0.03082   3.59486  
 26  0.4846   2060.166374  x:  4.84570   3.41514   5.44564   1.93280   0.58057   0.58194   2.73528   0.65482   1.14895   0.66018   4.05335   0.17095   0.34321   0.35223   0.04948   0.00000   0.00000   2.08197   0.06461   0.03148   3.61652  
 27  0.1281   2059.731085  x:  5.37263   3.98978   6.09285   2.26503   0.64414   0.55248   3.01914   0.75791   1.27815   0.79614   4.57733   0.16695   0.32098   0.32991   0.05104   0.00000   0.00000   2.06741   0.05341   0.03146   4.17286  
 28  0.5333   2059.301975  x:  6.03158   4.59920   6.60612   2.64582   0.68240   0.63749   3.36576   0.86032   1.48324   0.93817   5.14451   0.22702   0.21452   0.30787   0.05437   0.00000   0.00000   2.13786   0.04903   0.03147   4.71757  
 29  0.4617   2059.188627  x:  6.34352   4.83255   6.93982   2.81882   0.70992   0.67298   3.55545   0.90817   1.56762   0.98771   5.41221   0.24486   0.19186   0.31175   0.05265   0.00000   0.00000   2.15328   0.04470   0.03171   4.99509  
 30  1.8161   2059.068621  x:  6.54513   4.81924   7.22474   2.91054   0.71740   0.74766   3.69490   0.92625   1.62280   0.97930   5.54372   0.27257   0.17518   0.34054   0.04808   0.00000   0.00000   2.15376   0.04362   0.03289   5.14766  
 31  0.3340   2058.970607  x:  7.01763   4.91644   7.85097   3.08355   0.72872   0.83854   3.92340   0.97029   1.72154   0.99446   5.82671   0.27641   0.15388   0.32595   0.05095   0.00000   0.00000   2.11469   0.04044   0.03348   5.54211  
 32  0.3096   2058.943971  x:  7.06818   4.87381   7.93903   3.05165   0.72091   0.85015   3.93177   0.96239   1.71204   0.97078   5.80469   0.26984   0.16664   0.32457   0.05124   0.00000   0.00000   2.11681   0.04115   0.03304   5.56107  
 33  0.1344   2058.902191  x:  7.46866   5.08034   8.42819   3.14421   0.73636   0.88449   4.12990   0.99280   1.76681   0.98136   6.02329   0.27174   0.17391   0.32898   0.05004   0.00000   0.00000   2.15245   0.03895   0.03227   5.86092  
 34  0.5067   2058.871662  x:  7.72118   5.36609   8.75246   3.20276   0.76255   0.86033   4.27478   1.01636   1.79864   1.02382   6.20010   0.26096   0.17533   0.33255   0.05248   0.00000   0.00000   2.16903   0.03785   0.03355   6.05592  
 35  0.2157   2058.845713  x:  8.03057   5.64124   9.07444   3.28466   0.78866   0.86803   4.45832   1.04648   1.85544   1.09300   6.44186   0.27243   0.16770   0.32769   0.04966   0.00000   0.00000   2.14908   0.03591   0.03318   6.26273  
 36  0.1854   2058.833845  x:  8.04689   5.70169   9.08073   3.27931   0.79494   0.86795   4.49042   1.04857   1.86943   1.12288   6.48804   0.27522   0.16802   0.32811   0.04918   0.00000   0.00000   2.13922   0.03600   0.03290   6.24893  
 37  0.0773   2058.804151  x:  8.54736   6.09756   9.69566   3.43431   0.83611   0.93187   4.82791   1.10368   2.01277   1.23949   6.92633   0.27955   0.16415   0.33361   0.05044   0.00000   0.00000   2.14490   0.03312   0.03285   6.58762  
 38  0.4775   2058.777528  x:  8.79983   6.23286  10.01642   3.51398   0.85321   1.01188   5.01674   1.13711   2.13418   1.32293   7.20087   0.26225   0.18022   0.33252   0.05151   0.00000   0.00000   2.17084   0.03223   0.03302   6.73185  
 39  0.2542   2058.772551  x:  8.99046   6.35847  10.23947   3.57558   0.86601   1.03672   5.12887   1.15997   2.18919   1.36581   7.36780   0.26146   0.18155   0.33120   0.05068   0.00000   0.00000   2.17172   0.03126   0.03303   6.86127  
 40  0.5437   2058.765102  x:  9.05369   6.36809  10.30146   3.61827   0.86606   1.03968   5.13076   1.17679   2.21394   1.38276   7.44497   0.26245   0.18217   0.32814   0.04849   0.00000   0.00000   2.16478   0.03111   0.03308   6.91029  
 41  0.0726   2058.748522  x:  9.49748   6.63360  10.85687   3.83514   0.88772   1.06634   5.30596   1.25486   2.35414   1.46999   7.87839   0.26285   0.18153   0.33192   0.04965   0.00000   0.00000   2.17641   0.02938   0.03323   7.25424  
 42  0.2737   2058.745015  x:  9.47411   6.60511  10.82140   3.84525   0.88355   1.05204   5.26298   1.25621   2.34317   1.45301   7.85300   0.26306   0.18170   0.33231   0.05011   0.00000   0.00000   2.17843   0.02969   0.03310   7.25026  
 43  0.0946   2058.740779  x:  9.76299   6.78109  11.10738   3.97221   0.90137   1.06590   5.38311   1.29243   2.40885   1.48278   8.06862   0.26120   0.18605   0.33086   0.04971   0.00000   0.00000   2.18495   0.02880   0.03271   7.46599  
 44  0.2202   2058.734603  x:  9.94136   6.94693  11.16977   4.07433   0.93206   1.08284   5.51265   1.29828   2.43832   1.48300   8.15048   0.25958   0.18690   0.33122   0.04957   0.00000   0.00000   2.18203   0.02837   0.03299   7.59410  
 45  0.0891   2058.733594  x: 10.02365   7.02306  11.25437   4.12523   0.94266   1.09500   5.56941   1.31031   2.46934   1.50813   8.24030   0.26112   0.18479   0.33209   0.04976   0.00000   0.00000   2.18407   0.02800   0.03297   7.65509  
 46  0.1493   2058.733010  x:  9.98572   7.01732  11.21670   4.12874   0.94435   1.09563   5.56090   1.30719   2.46614   1.51410   8.23226   0.26264   0.18303   0.33218   0.04983   0.00000   0.00000   2.18509   0.02809   0.03290   7.63263  
 47  0.0384   2058.732294  x: 10.06281   7.08672  11.31735   4.19216   0.95539   1.10227   5.60424   1.31614   2.48341   1.53538   8.31355   0.26110   0.18581   0.33112   0.04955   0.00000   0.00000   2.18814   0.02780   0.03288   7.70623  
 48  0.0604   2058.731816  x: 10.01714   7.05899  11.30904   4.18807   0.95342   1.09978   5.58376   1.30764   2.46344   1.53111   8.28170   0.25998   0.18653   0.33204   0.04981   0.00000   0.00000   2.18635   0.02791   0.03295   7.68826  
 49  0.0286   2058.731668  x: 10.01008   7.04711  11.31018   4.18707   0.95148   1.10338   5.58044   1.30443   2.45806   1.53003   8.27342   0.26111   0.18527   0.33184   0.04972   0.00000   0.00000   2.18606   0.02791   0.03289   7.68329  
 50  0.0087   2058.731576  x: 10.01020   7.03478  11.30132   4.18628   0.94846   1.10566   5.57341   1.30282   2.45570   1.52596   8.26458   0.26168   0.18467   0.33152   0.04971   0.00000   0.00000   2.18792   0.02797   0.03294   7.67574  
 51  0.0057   2058.731181  x: 10.09434   7.07268  11.36557   4.22216   0.94763   1.11772   5.60172   1.30792   2.47397   1.53784   8.32065   0.26083   0.18516   0.33227   0.04981   0.00000   0.00000   2.18886   0.02776   0.03300   7.69677  
 52  0.0172   2058.730431  x: 10.14867   7.08447  11.36965   4.21969   0.93705   1.12816   5.60518   1.30006   2.47917   1.55144   8.33683   0.25993   0.18623   0.33223   0.04975   0.00000   0.00000   2.18513   0.02771   0.03291   7.61380  
 53  0.0271   2058.729105  x: 10.08421   7.07813  11.28750   4.16149   0.93935   1.10725   5.58316   1.28337   2.46077   1.54858   8.27322   0.26241   0.18451   0.33079   0.04990   0.00000   0.00000   2.18859   0.02793   0.03293   7.45273  
 54  0.0408   2058.722421  x: 10.23525   7.12128  11.42201   4.21647   0.95520   1.09763   5.61322   1.26298   2.49499   1.56301   8.33965   0.26279   0.18071   0.33249   0.05013   0.00000   0.00000   2.19602   0.02768   0.03327   7.00049  
 55  0.0635   2058.595411  x: 10.61219   6.87198  11.96507   4.29635   1.08599   1.00193   5.61904   1.04185   2.74119   1.60145   8.42621   0.26547   0.16454   0.33097   0.05205   0.00000   0.00000   2.19400   0.02729   0.03392   2.12794  
 56  0.6174   2058.595411  x: 10.61219   6.87198  11.96507   4.29635   1.08599   1.00193   5.61904   1.04185   2.74119   1.60145   8.42621   0.26547   0.16454   0.33097   0.05205   0.00000   0.00000   2.19400   0.02729   0.03392   2.12794  
 57  5.4196   2058.594326  x: 10.61219   6.87198  11.96507   4.29635   1.08599   1.00193   5.61904   1.04186   2.74119   1.60145   8.42621   0.26547   0.16454   0.33095   0.05216   0.00000   0.00000   2.19400   0.02719   0.03394   2.12794  
 58 14.7797   2058.549399  x: 10.61215   6.87202  11.96503   4.29634   1.08594   1.00224   5.61911   1.04262   2.74091   1.60147   8.42622   0.26536   0.16481   0.32955   0.06076   0.00000   0.00000   2.19397   0.02726   0.03483   2.12778  
 59 22.6412   2058.546805  x: 10.61213   6.87204  11.96501   4.29633   1.08591   1.00243   5.61916   1.04311   2.74073   1.60148   8.42623   0.26508   0.16478   0.32850   0.06113   0.00000   0.00000   2.19397   0.02726   0.03380   2.12765  
 60  3.4027   2058.520750  x: 10.61173   6.87246  11.96454   4.29615   1.08532   1.00620   5.62010   1.05253   2.73724   1.60166   8.42638   0.26018   0.16465   0.30928   0.06153   0.00000   0.00000   2.19396   0.02725   0.03498   2.12501  
 61  4.6065   2058.420478  x: 10.60560   6.87918  11.95739   4.29357   1.07509   1.06268   5.63460   1.19413   2.68380   1.60414   8.42886   0.21358   0.18499   0.31430   0.06249   0.00000   0.00000   2.19195   0.02710   0.03565   2.07974  
 62  1.4892   2058.366820  x: 10.60189   6.88347  11.95308   4.29218   1.06768   1.09564   5.64353   1.27711   2.65146   1.60519   8.43055   0.21346   0.21407   0.31321   0.06179   0.00000   0.00000   2.19079   0.02701   0.03479   2.05119  
 63 11.0881   2058.309733  x: 10.59602   6.89323  11.94659   4.29247   1.04003   1.13050   5.65960   1.37123   2.60165   1.60112   8.43566   0.25857   0.16615   0.31320   0.06221   0.00000   0.00000   2.19221   0.02697   0.03495   1.99538  
 64  1.7033   2058.197992  x: 10.57162   6.96680  11.91948   4.31319   0.80432   1.11432   5.74477   1.41492   2.41685   1.53569   8.48357   0.24270   0.17445   0.30767   0.06520   0.00000   0.00000   2.19054   0.02725   0.03553   1.61958  
 65  0.6273   2056.740243  x: 10.47593   7.17307  11.81376   4.36030   0.63569   1.25795   5.94634   1.42619   2.06022   1.44447   8.61495   0.21310   0.17621   0.28701   0.07721   0.00000   0.00000   2.22160   0.02756   0.03795   0.22463  
 66  1.9389   2056.737294  x: 10.47502   7.17499  11.81275   4.36072   0.63440   1.25887   5.94806   1.42641   2.05788   1.44388   8.61615   0.21280   0.17613   0.28671   0.07738   0.00000   0.00000   2.22097   0.02755   0.03798   0.21153  
 67  9.6976   2055.582668  x: 10.36985   7.32345  11.69664   4.38029   1.21787   1.42644   5.99677   1.13593   2.31639   1.55569   8.70374   0.18884   0.15546   0.24871   0.09745   0.00000   0.00000   2.02644   0.02588   0.04118   0.11918  
 68  0.2562   2055.102151  x: 10.32806   7.38253  11.65052   4.37910   1.36938   1.38659   5.98353   1.10843   2.53642   1.64292   8.72787   0.17626   0.14819   0.22928   0.10936   0.00000   0.00000   2.29621   0.02682   0.04479   0.10760  
 69  1.7507   2054.265218  x: 10.27948   7.49450  11.59674   4.37957   1.45899   1.15275   5.90331   1.24165   2.95837   1.78592   8.75488   0.18058   0.11311   0.19743   0.12753   0.00000   0.00000   2.19301   0.02585   0.04876   0.17353  
 70  0.9942   2053.319027  x: 10.25810   7.66006  11.57635   4.42062   1.36055   0.98360   5.85857   1.39094   3.00380   1.73508   8.81262   0.16345   0.09004   0.15879   0.15788   0.00000   0.00000   2.06674   0.02528   0.05511   0.08766  
 71  0.5189   2052.532022  x: 10.32300   7.78187  11.65998   4.50043   1.06988   1.13090   5.83664   1.37109   2.54583   1.48000   8.85562   0.12076   0.14181   0.16388   0.19799   0.00000   0.00000   2.07765   0.02601   0.06200   0.09206  
 72  0.5810   2052.387040  x: 10.34005   7.78995  11.68107   4.49507   0.95517   1.16923   5.84013   1.36652   2.48148   1.64341   8.84194   0.15768   0.10916   0.16496   0.21063   0.00000   0.00000   2.08927   0.02598   0.06426   0.08305  
 73  0.4012   2052.341886  x: 10.35094   7.77477  11.69500   4.48041   0.97443   1.17627   5.86468   1.36488   2.58679   1.62410   8.81925   0.15889   0.10072   0.15581   0.22091   0.00000   0.00000   2.11480   0.02594   0.06651   0.08541  
 74  0.1350   2052.328628  x: 10.36705   7.73763  11.71315   4.46758   0.98223   1.14562   5.87266   1.37798   2.63510   1.64014   8.79416   0.15195   0.10990   0.15751   0.22553   0.00000   0.00000   2.11645   0.02591   0.06718   0.08136  
 75  0.1310   2052.321160  x: 10.40203   7.66390  11.75086   4.45585   1.01609   1.13568   5.88017   1.36831   2.60095   1.63324   8.75983   0.15316   0.10963   0.15964   0.22928   0.00000   0.00000   2.11537   0.02598   0.06756   0.08334  
 76  0.0943   2052.318045  x: 10.42850   7.60265  11.77902   4.44706   1.01249   1.15466   5.87577   1.35847   2.58492   1.62029   8.73667   0.15288   0.10908   0.15797   0.23132   0.00000   0.00000   2.11083   0.02602   0.06775   0.08043  
 77  0.0957   2052.313610  x: 10.48534   7.44998  11.83789   4.42376   0.98293   1.15977   5.84476   1.35749   2.58951   1.62185   8.68624   0.15392   0.10957   0.15744   0.23097   0.00000   0.00000   2.10171   0.02607   0.06720   0.08182  
 78  0.1119   2052.311817  x: 10.50833   7.37410  11.86063   4.41156   0.99317   1.13919   5.82742   1.35982   2.57867   1.61824   8.66864   0.15367   0.10843   0.15807   0.22967   0.00000   0.00000   2.10917   0.02616   0.06683   0.08160  
 79  0.0852   2052.311658  x: 10.50430   7.36293  11.85569   4.40371   0.99356   1.14537   5.82557   1.35658   2.57903   1.61601   8.67075   0.15332   0.10913   0.15819   0.22904   0.00000   0.00000   2.11074   0.02618   0.06677   0.08184  
 80  0.0134   2052.311393  x: 10.48100   7.33400  11.82813   4.37303   0.99150   1.13920   5.81437   1.35427   2.57227   1.60840   8.68041   0.15330   0.10881   0.15825   0.22880   0.00000   0.00000   2.10862   0.02625   0.06704   0.08183  
 81  0.0121   2052.311307  x: 10.47103   7.32285  11.81607   4.36378   0.99082   1.13843   5.80701   1.35255   2.56719   1.61189   8.67669   0.15307   0.10904   0.15793   0.22906   0.00000   0.00000   2.10899   0.02628   0.06716   0.08181  
 82  0.0190   2052.311160  x: 10.45040   7.30407  11.79096   4.35130   0.98820   1.13792   5.79098   1.35195   2.56381   1.60595   8.66008   0.15415   0.10841   0.15810   0.22943   0.00000   0.00000   2.11001   0.02633   0.06726   0.08162  
 83  0.0279   2052.309998  x: 10.27297   7.20361  11.57802   4.28936   0.97370   1.12556   5.68067   1.33027   2.52273   1.57522   8.50048   0.15311   0.10834   0.15855   0.22950   0.00000   0.00000   2.10675   0.02682   0.06717   0.08172  
 84  0.0454   2052.309511  x: 10.16617   7.13515  11.45264   4.24955   0.96980   1.10818   5.63211   1.31875   2.49237   1.55165   8.40124   0.15335   0.10909   0.15787   0.22917   0.00000   0.00000   2.10394   0.02712   0.06700   0.08172  
 85  0.1948   2052.309415  x: 10.14757   7.11998  11.43460   4.24077   0.96722   1.10770   5.63550   1.31576   2.48874   1.55044   8.38362   0.15325   0.10894   0.15812   0.22912   0.00000   0.00000   2.10285   0.02716   0.06695   0.08168  
 86  0.0329   2052.309409  x: 10.14576   7.12098  11.43783   4.24148   0.96728   1.10767   5.63790   1.31688   2.48929   1.55087   8.38603   0.15338   0.10885   0.15807   0.22918   0.00000   0.00000   2.10346   0.02716   0.06695   0.08168  
 87  0.0030   2052.309403  x: 10.13742   7.11753  11.43766   4.24109   0.96698   1.10752   5.63527   1.31631   2.48831   1.55016   8.38394   0.15332   0.10889   0.15810   0.22920   0.00000   0.00000   2.10320   0.02717   0.06693   0.08168  
 88  0.0035   2052.309402  x: 10.13851   7.11946  11.44081   4.24217   0.96723   1.10762   5.63634   1.31642   2.48893   1.55060   8.38566   0.15332   0.10891   0.15809   0.22919   0.00000   0.00000   2.10316   0.02716   0.06692   0.08168  
 89  0.0042   2052.309402  x: 10.13814   7.11917  11.44040   4.24188   0.96719   1.10758   5.63611   1.31636   2.48882   1.55052   8.38531   0.15332   0.10891   0.15809   0.22919   0.00000   0.00000   2.10316   0.02716   0.06692   0.08168  
 90  0.0016   2052.309402  x: 10.13788   7.11901  11.44019   4.24166   0.96716   1.10755   5.63594   1.31633   2.48875   1.55047   8.38504   0.15332   0.10891   0.15809   0.22919   0.00000   0.00000   2.10317   0.02717   0.06693   0.08168  
 91  0.0015   2052.309402  x: 10.13776   7.11894  11.44011   4.24155   0.96715   1.10754   5.63587   1.31632   2.48872   1.55044   8.38489   0.15332   0.10890   0.15809   0.22919   0.00000   0.00000   2.10317   0.02717   0.06693   0.08168  
 92  0.0008   2052.309402  x: 10.13770   7.11891  11.44009   4.24150   0.96715   1.10753   5.63583   1.31631   2.48870   1.55043   8.38481   0.15332   0.10890   0.15809   0.22918   0.00000   0.00000   2.10317   0.02717   0.06693   0.08168  
 93  0.0005   2052.309402  x: 10.13766   7.11890  11.44008   4.24147   0.96714   1.10753   5.63581   1.31631   2.48869   1.55042   8.38477   0.15332   0.10890   0.15809   0.22918   0.00000   0.00000   2.10317   0.02717   0.06693   0.08168  
 94  0.0003   2052.309402  x: 10.13764   7.11889  11.44008   4.24146   0.96714   1.10753   5.63580   1.31631   2.48868   1.55042   8.38473   0.15332   0.10890   0.15809   0.22918   0.00000   0.00000   2.10317   0.02717   0.06693   0.08168  
 95  0.0003   2052.309402  x: 10.13762   7.11888  11.44008   4.24145   0.96714   1.10753   5.63579   1.31631   2.48868   1.55042   8.38471   0.15332   0.10890   0.15809   0.22918   0.00000   0.00000   2.10317   0.02717   0.06693   0.08168  
 96  0.0002   2052.309402  x: 10.13760   7.11888  11.44008   4.24144   0.96714   1.10753   5.63579   1.31630   2.48868   1.55041   8.38469   0.15332   0.10890   0.15809   0.22918   0.00000   0.00000   2.10317   0.02717   0.06693   0.08168  
 97  0.0002   2052.309402  x: 10.13760   7.11887  11.44008   4.24144   0.96714   1.10753   5.63578   1.31630   2.48867   1.55041   8.38468   0.15332   0.10890   0.15809   0.22918   0.00000   0.00000   2.10317   0.02717   0.06693   0.08168  
 98  0.0001   2052.309402  x: 10.13759   7.11887  11.44008   4.24144   0.96714   1.10753   5.63578   1.31630   2.48867   1.55041   8.38467   0.15332   0.10890   0.15809   0.22918   0.00000   0.00000   2.10317   0.02717   0.06693   0.08168  
 99  0.0001   2052.309402  x: 10.13759   7.11887  11.44008   4.24143   0.96714   1.10753   5.63578   1.31630   2.48867   1.55041   8.38466   0.15332   0.10890   0.15809   0.22918   0.00000   0.00000   2.10317   0.02717   0.06693   0.08168  
100  0.0001   2052.309402  x: 10.13759   7.11887  11.44008   4.24143   0.96714   1.10753   5.63578   1.31630   2.48867   1.55041   8.38466   0.15332   0.10890   0.15809   0.22918   0.00000   0.00000   2.10317   0.02717   0.06693   0.08168  
101  0.0001   2052.309402  x: 10.13758   7.11887  11.44008   4.24143   0.96714   1.10753   5.63578   1.31630   2.48867   1.55041   8.38465   0.15332   0.10890   0.15809   0.22918   0.00000   0.00000   2.10317   0.02717   0.06693   0.08168  
102  0.0001   2052.309402  x: 10.13758   7.11887  11.44008   4.24143   0.96714   1.10753   5.63578   1.31630   2.48867   1.55041   8.38465   0.15332   0.10890   0.15809   0.22918   0.00000   0.00000   2.10317   0.02717   0.06693   0.08168  
103  0.0001   2052.309402  x: 10.13758   7.11887  11.44009   4.24143   0.96714   1.10753   5.63578   1.31630   2.48867   1.55041   8.38465   0.15332   0.10890   0.15809   0.22918   0.00000   0.00000   2.10317   0.02717   0.06693   0.08168  