

TREE # 1

  0  0.0000  10821.656043  x:  0.00000   0.37527   0.30245   0.13411   0.25291   0.06650   0.20892   0.10323   0.15552   0.11374   0.11590   0.07783   0.23029   0.11760   0.06838   0.03869   0.08390   0.05969   0.05475   2.00000   0.20000   0.20000   0.20000  
  1 99.0000   9245.457519  x:  3.74360   0.56620   0.53522   0.52748   0.43873   0.32191   0.41424   0.32840   0.36450   0.25810   0.22145   0.28116   0.53324   0.18595   0.17154   0.21911   0.10716   0.02923   0.04498   1.94907   0.76107   0.14879   0.18298  
  2 13488.1759   9054.295908  x:  3.75104   0.65339   0.61865   0.59540   0.50248   0.38513   0.52008   0.39336   0.44321   0.29521   0.22552   0.28749   0.59368   0.17919   0.19200   0.18589   0.07520   0.04669   0.08914   1.94839   0.52696   0.01093   0.14705  
  3 639.6475   8885.069245  x:  3.76237   0.76238   0.72289   0.68241   0.58085   0.46248   0.64905   0.47209   0.53843   0.33897   0.23015   0.29576   0.67099   0.17309   0.22202   0.15407   0.04831   0.05304   0.12397   1.94420   0.21305   0.04038   0.10550  
  4 2872.1669   8840.071525  x:  3.72816   0.83429   0.79264   0.75080   0.63107   0.50838   0.72121   0.51835   0.58872   0.36067   0.23453   0.30799   0.73276   0.17157   0.24376   0.17070   0.10297   0.00426   0.07124   1.91181   0.21014   0.04228   0.08160  
  5 444.2107   8811.497281  x:  3.68571   0.91796   0.87400   0.83276   0.68867   0.56031   0.80235   0.57047   0.64433   0.38362   0.23915   0.32277   0.80680   0.16972   0.26791   0.19230   0.16314   0.04561   0.01680   1.86914   0.22712   0.05310   0.05530  
  6 1754.8272   8805.649425  x:  3.67316   0.94041   0.89626   0.85981   0.70206   0.57098   0.81828   0.58057   0.65298   0.38442   0.23883   0.32728   0.83110   0.17010   0.27317   0.20070   0.17890   0.04764   0.04980   1.84879   0.24037   0.05955   0.05183  
  7 425.7765   8775.052092  x:  3.63998   1.05208   1.01773   1.12426   0.70953   0.53696   0.74834   0.52699   0.53521   0.24512   0.19168   0.35447   1.06330   0.18328   0.24809   0.26815   0.15830   0.05100   0.04918   1.53656   0.18713   0.04813   0.10952  
  8 145.1636   8769.235333  x:  3.62873   1.06924   1.03872   1.18548   0.70643   0.52412   0.73234   0.51944   0.53604   0.25462   0.20854   0.35745   1.11493   0.16273   0.23314   0.23945   0.09463   0.04469   0.04612   1.45508   0.20107   0.05455   0.10172  
  9 152.3110   8765.154331  x:  3.62606   1.05320   1.03132   1.24298   0.68257   0.48985   0.69337   0.50656   0.55677   0.31059   0.24511   0.35012   1.15826   0.14489   0.23328   0.21220   0.11949   0.04727   0.04756   1.36029   0.18523   0.05257   0.07082  
 10 85.2415   8764.152521  x:  3.62419   1.03477   1.02003   1.26592   0.67559   0.48010   0.69327   0.51378   0.56822   0.32838   0.22855   0.33130   1.17162   0.17320   0.25615   0.20063   0.11455   0.04712   0.04705   1.33302   0.18532   0.05254   0.06628  
 11 38.1237   8763.533405  x:  3.62255   1.00968   1.00544   1.28706   0.67385   0.47707   0.70553   0.52676   0.56982   0.32635   0.21857   0.32981   1.17957   0.18081   0.24798   0.20789   0.10998   0.04689   0.04733   1.32510   0.18435   0.05290   0.04049  
 12 20.7970   8762.347384  x:  3.61581   0.94445   0.97258   1.34406   0.67445   0.47434   0.74311   0.56133   0.57985   0.32579   0.23142   0.34843   1.19702   0.21596   0.20861   0.21039   0.10716   0.04678   0.04736   1.31712   0.18081   0.05338   0.04650  
 13 34.9469   8761.112948  x:  3.61274   0.91857   0.98618   1.39835   0.68071   0.47560   0.75092   0.56023   0.58289   0.32321   0.23298   0.33459   1.20215   0.26078   0.15557   0.17688   0.11826   0.04697   0.04750   1.34137   0.18234   0.05532   0.03080  
 14 18.8538   8759.455735  x:  3.60512   0.89602   1.02771   1.47100   0.68469   0.47336   0.74509   0.54760   0.60743   0.35740   0.23374   0.30771   1.19187   0.30095   0.10080   0.21064   0.10454   0.04625   0.04775   1.38029   0.18035   0.05556   0.02919  
 15 28.3444   8749.600055  x:  3.56831   0.78477   1.30008   1.83913   0.69799   0.47857   0.76105   0.52862   0.63377   0.41037   0.20005   0.42018   1.01803   0.26777   0.18951   0.18709   0.07214   0.04548   0.04746   1.54218   0.16981   0.05560   0.02640  
 16 21.2037   8745.533254  x:  3.56080   0.74569   1.40548   1.97110   0.70807   0.49734   0.80379   0.55769   0.64595   0.41145   0.17164   0.36548   0.92410   0.18860   0.19467   0.16460   0.07790   0.04579   0.04763   1.56381   0.16395   0.05621   0.06715  
 17 78.7143   8741.052842  x:  3.55379   0.74396   1.49602   2.04958   0.71972   0.52918   0.85549   0.59281   0.64201   0.36615   0.25876   0.28599   0.82098   0.18247   0.23320   0.16828   0.06519   0.04582   0.04787   1.54534   0.15563   0.05540   0.06118  
 18 62.3279   8736.064929  x:  3.55233   0.87469   1.51980   1.97160   0.70595   0.56520   0.91162   0.62369   0.72412   0.34774   0.22698   0.34109   0.73212   0.24821   0.16725   0.15997   0.06044   0.04577   0.04858   1.41904   0.14209   0.05641   0.04113  
 19 20.5990   8727.104791  x:  3.53754   1.31799   1.18231   1.72667   0.72726   0.58907   1.02647   0.60096   0.71201   0.40367   0.23327   0.32941   1.21780   0.23653   0.18114   0.14657   0.04820   0.04532   0.04886   1.52698   0.13159   0.05653   0.04751  
 20 16.3275   8725.624491  x:  3.53451   1.33176   1.19139   1.67290   0.78971   0.51831   0.97546   0.65140   0.81433   0.32899   0.23936   0.32560   1.30738   0.22622   0.19077   0.14562   0.05092   0.04524   0.04896   1.55485   0.13178   0.05655   0.05001  
 21  7.9089   8721.609220  x:  3.52527   1.25882   1.33768   1.47584   1.04952   0.46942   0.95346   0.73983   0.74442   0.39644   0.23133   0.34183   1.48297   0.24736   0.18063   0.14831   0.06284   0.04520   0.04961   1.52848   0.12456   0.05653   0.04130  
 22  8.3371   8715.611870  x:  3.51461   1.20297   1.57342   1.31383   0.96572   0.40856   1.19932   0.63659   0.77260   0.39284   0.23987   0.34229   1.69417   0.25569   0.18529   0.15733   0.09284   0.04503   0.05078   1.53569   0.12879   0.05628   0.03726  
 23 12.5041   8710.937518  x:  3.48635   1.20902   1.59616   1.34017   0.84702   0.76653   1.14155   0.63070   0.85307   0.35849   0.24093   0.34654   1.78901   0.25032   0.20279   0.16355   0.11190   0.04475   0.05184   1.55650   0.12892   0.05560   0.03790  
 24 12.6777   8708.306170  x:  3.47170   1.40625   1.52788   1.49507   0.76712   0.74865   1.10857   0.80584   0.79562   0.39256   0.24411   0.35159   1.69385   0.26652   0.19045   0.16507   0.12259   0.04425   0.05248   1.61326   0.13263   0.05587   0.03669  
 25 10.1152   8705.913046  x:  3.46197   1.59779   1.33045   1.71929   0.93721   0.70314   1.15621   0.72567   0.81801   0.39239   0.24358   0.35080   1.51217   0.26184   0.20067   0.17071   0.13026   0.04369   0.05301   1.62091   0.13495   0.05517   0.03955  
 26 12.1524   8695.222290  x:  3.33813   1.48098   2.04473   2.05548   1.17779   0.66005   1.35066   0.87546   0.90140   0.37327   0.22459   0.38605   2.00201   0.29518   0.16351   0.18295   0.07930   0.03165   0.05765   1.53813   0.11546   0.04807   0.02881  
 27  0.5284   8693.079955  x:  3.30583   1.59355   2.07297   2.27689   1.18798   0.66957   1.39760   0.89273   0.92292   0.37281   0.22809   0.38376   2.04861   0.27274   0.17813   0.18698   0.09219   0.03177   0.05883   1.55897   0.10426   0.04282   0.04176  
 28  0.5944   8691.901974  x:  3.27980   1.82949   1.97473   2.43533   1.22825   0.70048   1.43336   0.90032   0.93018   0.38912   0.23359   0.37662   2.10407   0.24261   0.19859   0.16785   0.10275   0.03209   0.06008   1.58420   0.10522   0.04065   0.05070  
 29  0.2417   8691.521390  x:  3.25646   1.94938   1.96683   2.53088   1.26215   0.71928   1.46389   0.91794   0.94244   0.39960   0.23176   0.38081   2.20780   0.22431   0.21588   0.17736   0.09775   0.03255   0.06081   1.57720   0.09998   0.03989   0.04735  
 30  0.1629   8691.411898  x:  3.25081   1.95082   1.99956   2.52507   1.27347   0.72742   1.46535   0.92307   0.94646   0.40822   0.23381   0.38441   2.29315   0.22136   0.21847   0.17910   0.09157   0.03351   0.06033   1.57310   0.09983   0.04083   0.04899  
 31  0.0621   8691.362409  x:  3.24901   1.95510   2.01825   2.54517   1.27275   0.73360   1.46776   0.92458   0.94942   0.41085   0.23546   0.38731   2.34002   0.23123   0.21501   0.17286   0.09490   0.03507   0.05938   1.57247   0.09876   0.04144   0.04642  
 32  0.0325   8691.305718  x:  3.25789   1.94968   2.02521   2.55973   1.26837   0.72776   1.46111   0.92412   0.95096   0.40957   0.23255   0.38540   2.36411   0.24228   0.20534   0.17879   0.09697   0.03694   0.05741   1.57470   0.09905   0.04155   0.04482  
 33  0.0125   8691.195711  x:  3.28407   1.94334   2.04039   2.60515   1.29043   0.70461   1.45559   0.92593   0.95032   0.40449   0.23111   0.38140   2.37698   0.26107   0.17738   0.17456   0.09311   0.03754   0.05528   1.57498   0.09816   0.04259   0.04270  
 34  0.0159   8690.831178  x:  3.39642   2.03311   1.95367   2.70441   1.34364   0.69307   1.46006   0.91899   0.94372   0.40609   0.24176   0.38087   2.30635   0.29785   0.15103   0.17202   0.09061   0.03521   0.05692   1.60578   0.09947   0.04589   0.03722  
 35  0.0278   8689.838493  x:  3.64178   2.11981   2.04372   2.79993   1.40606   0.76227   1.52350   0.95074   0.97184   0.43013   0.24046   0.38718   2.44466   0.29290   0.16792   0.18706   0.08853   0.03050   0.06399   1.61304   0.09148   0.04633   0.05073  
 36  0.0667   8688.132920  x:  4.23653   2.09055   2.24569   2.88949   1.42356   0.82836   1.57336   0.99638   1.00393   0.42352   0.21847   0.39702   2.62560   0.32153   0.14157   0.17492   0.10398   0.03340   0.06250   1.60834   0.08517   0.05036   0.03437  
 37  0.2032   8687.381826  x:  4.57104   2.12543   2.27323   2.88992   1.43111   0.85938   1.60578   1.02249   1.01398   0.42648   0.22662   0.40014   2.57701   0.26753   0.17852   0.17123   0.09958   0.03032   0.06459   1.62941   0.08646   0.04681   0.04631  
 38  0.2490   8686.885446  x:  4.87358   2.24372   2.32862   3.00879   1.46975   0.89008   1.66478   1.07169   1.04129   0.44204   0.23681   0.40958   2.63997   0.24555   0.19454   0.17551   0.09275   0.03072   0.06365   1.63933   0.08035   0.04284   0.04749  
 39  0.3017   8686.742044  x:  4.97132   2.27227   2.31556   3.03350   1.45549   0.89017   1.67501   1.08331   1.05156   0.44943   0.23787   0.41040   2.61099   0.23923   0.20393   0.17834   0.09441   0.03415   0.05992   1.64136   0.08081   0.04116   0.04486  
 40  0.0870   8686.693824  x:  5.03134   2.29910   2.31168   3.08226   1.46673   0.89124   1.69271   1.09414   1.06568   0.45924   0.23598   0.41015   2.59367   0.24673   0.20045   0.17558   0.09544   0.03541   0.05830   1.64171   0.07963   0.04277   0.04445  
 41  0.0490   8686.682827  x:  5.01971   2.29338   2.30597   3.08568   1.47046   0.88776   1.69701   1.09631   1.07014   0.45964   0.23585   0.40982   2.56303   0.24759   0.19804   0.17555   0.09399   0.03506   0.05824   1.64161   0.08001   0.04286   0.04506  
 42  0.0206   8686.678109  x:  5.01794   2.28979   2.31856   3.09462   1.47447   0.89412   1.70646   1.10257   1.07589   0.45989   0.23616   0.41094   2.56451   0.24604   0.19914   0.17627   0.09436   0.03497   0.05854   1.64241   0.07961   0.04246   0.04532  
 43  0.0098   8686.676588  x:  5.01174   2.28314   2.32513   3.09752   1.47650   0.89612   1.70866   1.10418   1.07645   0.45968   0.23613   0.41078   2.57360   0.24762   0.19784   0.17582   0.09473   0.03516   0.05849   1.64305   0.07963   0.04268   0.04484  
 44  0.0085   8686.676257  x:  5.02164   2.28549   2.32689   3.10306   1.47972   0.89689   1.71132   1.10595   1.07669   0.46025   0.23632   0.41061   2.57872   0.24833   0.19706   0.17587   0.09441   0.03515   0.05843   1.64350   0.07948   0.04271   0.04472  
 45  0.0079   8686.676184  x:  5.02332   2.28636   2.32514   3.10324   1.48011   0.89707   1.71216   1.10603   1.07637   0.46035   0.23630   0.41061   2.57899   0.24853   0.19700   0.17594   0.09451   0.03508   0.05849   1.64335   0.07948   0.04270   0.04475  
 46  0.0014   8686.676159  x:  5.02257   2.28644   2.32396   3.10268   1.47981   0.89678   1.71242   1.10609   1.07635   0.46030   0.23626   0.41072   2.57983   0.24830   0.19712   0.17586   0.09453   0.03509   0.05847   1.64311   0.07948   0.04268   0.04477  
 47  0.0007   8686.676153  x:  5.02170   2.28594   2.32345   3.10220   1.47964   0.89649   1.71224   1.10605   1.07634   0.46021   0.23625   0.41070   2.57993   0.24832   0.19713   0.17591   0.09450   0.03510   0.05847   1.64318   0.07949   0.04269   0.04478  
 48  0.0007   8686.676152  x:  5.02200   2.28566   2.32339   3.10212   1.47957   0.89647   1.71218   1.10606   1.07635   0.46019   0.23627   0.41067   2.57973   0.24830   0.19716   0.17589   0.09451   0.03509   0.05847   1.64323   0.07950   0.04269   0.04477  
 49  0.0002   8686.676151  x:  5.02197   2.28554   2.32336   3.10217   1.47954   0.89647   1.71212   1.10603   1.07633   0.46021   0.23627   0.41066   2.57963   0.24828   0.19716   0.17590   0.09451   0.03510   0.05847   1.64319   0.07950   0.04269   0.04478  
 50  0.0001   8686.676151  x:  5.02193   2.28553   2.32335   3.10223   1.47954   0.89648   1.71210   1.10602   1.07632   0.46022   0.23627   0.41066   2.57964   0.24828   0.19717   0.17590   0.09451   0.03509   0.05847   1.64320   0.07950   0.04269   0.04478  
 51  0.0000   8686.676151  x:  5.02195   2.28554   2.32335   3.10226   1.47954   0.89648   1.71210   1.10602   1.07633   0.46022   0.23627   0.41067   2.57963   0.24828   0.19717   0.17590   0.09451   0.03509   0.05847   1.64320   0.07950   0.04269   0.04478  
 52  0.0000   8686.676151  x:  5.02195   2.28554   2.32336   3.10226   1.47954   0.89648   1.71210   1.10602   1.07633   0.46022   0.23627   0.41066   2.57964   0.24828   0.19717   0.17590   0.09451   0.03509   0.05847   1.64320   0.07950   0.04269   0.04478  
 53  0.0000   8686.676151  x:  5.02195   2.28554   2.32336   3.10226   1.47954   0.89648   1.71210   1.10602   1.07633   0.46022   0.23627   0.41066   2.57963   0.24828   0.19717   0.17590   0.09451   0.03509   0.05847   1.64320   0.07950   0.04269   0.04478  
 54  0.0000   8686.676151  x:  5.02195   2.28554   2.32336   3.10226   1.47954   0.89648   1.71210   1.10602   1.07633   0.46022   0.23627   0.41066   2.57964   0.24828   0.19717   0.17590   0.09451   0.03509   0.05847   1.64320   0.07950   0.04269   0.04478  