

TREE # 1

  0  0.0000   3446.719521  x:  0.46350   1.20369   1.10255   0.28751   0.97557   0.13906   0.88704   0.20145   0.55404   0.37288   0.08511   0.23277   0.78875   0.17939   0.00216   0.24699   0.02460   0.00000   0.03752   2.00000   0.20000  
  1 99.0000   3443.777820  x:  0.46383   1.20382   1.10271   0.28811   0.97567   0.13945   0.88703   0.20165   0.55410   0.37299   0.08530   0.23288   0.78908   0.17952   0.00251   0.24685   0.02679   0.01590   0.03706   1.99982   0.20089  
  2 2917.5643   3419.600495  x:  0.48426   1.21196   1.11261   0.32554   0.98194   0.16389   0.88635   0.21398   0.55795   0.37977   0.09733   0.23998   0.80988   0.18574   0.02285   0.23693   0.14633   0.01400   0.00000   1.98830   0.25529  
  3 446.4121   3415.875862  x:  0.49322   1.21553   1.11696   0.34195   0.98468   0.17459   0.88603   0.21937   0.55962   0.38273   0.10257   0.24307   0.81902   0.18829   0.03154   0.23247   0.19760   0.01302   0.00471   1.98326   0.27837  
  4 4109.0487   3389.153605  x:  0.57284   1.24566   1.15491   0.48527   1.00441   0.26035   0.87381   0.26006   0.56933   0.40270   0.13631   0.26100   0.90328   0.14255   0.02255   0.15285   0.26160   0.01217   0.00508   1.94470   0.17221  
  5 196.1328   3364.736557  x:  0.68360   1.29136   1.21183   0.67203   1.03303   0.36966   0.85845   0.31545   0.58662   0.43128   0.16779   0.27772   1.02027   0.07823   0.01644   0.05126   0.22217   0.01305   0.00445   1.88372   0.20186  
  6 391.6106   3338.849339  x:  0.90533   1.38819   1.33180   1.02728   1.08651   0.56901   0.82167   0.41756   0.62160   0.48401   0.19791   0.29040   1.25435   0.09276   0.19969   0.10015   0.11404   0.01465   0.00333   1.75488   0.19939  
  7 379.9498   3331.912418  x:  0.98012   1.43599   1.39191   1.10545   1.09484   0.59002   0.79577   0.43042   0.63623   0.48910   0.12310   0.24177   1.33174   0.00000   0.16659   0.20635   0.11617   0.01470   0.00325   1.69774   0.20138  
  8 94.4920   3329.414866  x:  1.02003   1.48035   1.45167   1.09545   1.08584   0.54025   0.76345   0.40960   0.64649   0.47604   0.06672   0.21712   1.37317   0.00000   0.17742   0.17152   0.12088   0.01462   0.00332   1.65193   0.19444  
  9 34.2541   3323.620676  x:  1.13232   1.61836   1.63803   1.03342   1.05542   0.36481   0.66623   0.34205   0.67915   0.43655   0.09603   0.24415   1.49109   0.00000   0.11973   0.13567   0.12898   0.01444   0.00340   1.51249   0.18305  
 10 79.2277   3322.626987  x:  1.16280   1.65698   1.69069   1.01513   1.05091   0.32253   0.64401   0.33132   0.68874   0.42770   0.10498   0.24764   1.52457   0.04415   0.11556   0.13191   0.13128   0.01440   0.00341   1.47603   0.17974  
 11 103.3996   3320.611475  x:  1.20847   1.77800   1.85843   0.85473   1.12945   0.32892   0.70252   0.47755   0.72442   0.43947   0.13253   0.20789   1.60488   0.04236   0.12131   0.12380   0.13752   0.01432   0.00342   1.44671   0.16355  
 12 14.2545   3319.674732  x:  1.22968   1.84858   1.95422   0.78814   1.18198   0.36257   0.72479   0.49494   0.72766   0.43326   0.09715   0.28104   1.66165   0.03395   0.13510   0.13503   0.14060   0.01428   0.00341   1.46892   0.15746  
 13 17.8787   3318.151343  x:  1.23728   1.96951   2.11080   0.73983   1.26783   0.43589   0.75486   0.38572   0.70190   0.44464   0.12768   0.23935   1.77793   0.01404   0.16278   0.14647   0.14574   0.01418   0.00340   1.59632   0.15278  
 14 12.0650   3316.153287  x:  1.09952   2.05854   2.20966   0.83273   1.29356   0.40066   0.85558   0.36965   0.73601   0.59757   0.10800   0.26870   1.87168   0.05091   0.11638   0.12110   0.15346   0.01392   0.00338   1.69987   0.14099  
 15  5.0690   3312.198283  x:  0.91819   2.18316   2.32942   1.08181   1.28121   0.33103   0.90927   0.44145   0.71762   0.53841   0.11725   0.26760   1.98429   0.00000   0.17432   0.15280   0.16795   0.01366   0.00329   1.66766   0.12578  
 16  9.8830   3310.358311  x:  0.86817   2.18844   2.34407   1.12393   1.28942   0.45245   0.82862   0.45985   0.71573   0.45240   0.12372   0.26304   1.94955   0.00000   0.13329   0.12838   0.17377   0.01344   0.00327   1.61610   0.11938  
 17  7.4464   3309.713039  x:  0.85267   2.18900   2.35072   1.14207   1.29025   0.50692   0.78676   0.46708   0.71988   0.42512   0.12680   0.26085   1.93290   0.04419   0.11947   0.11980   0.17658   0.01334   0.00325   1.59036   0.11626  
 18 60.9381   3308.297952  x:  0.95836   2.16141   2.35019   1.16183   1.24019   0.58349   0.65081   0.47957   0.76502   0.52407   0.13288   0.25756   1.88972   0.01907   0.15041   0.13476   0.18396   0.01319   0.00321   1.54068   0.10932  
 19  8.4673   3306.372698  x:  1.32514   2.02664   2.30771   1.20182   1.08262   0.59670   0.65267   0.55785   0.64757   0.52043   0.13224   0.26639   1.85486   0.02985   0.13635   0.12813   0.19344   0.01290   0.00318   1.64622   0.11003  
 20  6.8753   3304.861691  x:  1.54497   1.86392   2.23627   1.25431   1.08295   0.61569   0.81012   0.48322   0.80538   0.45205   0.13953   0.26407   1.90115   0.02364   0.14446   0.12952   0.20247   0.01262   0.00311   1.59726   0.10427  
 21  5.0880   3300.535084  x:  1.63664   1.53764   2.11108   1.48061   1.31465   0.62516   0.72487   0.48264   0.68356   0.49849   0.15384   0.26113   2.17099   0.00855   0.15861   0.13382   0.22768   0.01182   0.00292   1.45737   0.11058  
 22  3.1962   3298.553970  x:  1.62898   1.70414   2.15077   1.69146   1.22225   0.67315   0.63170   0.55315   0.84943   0.43125   0.16296   0.25943   2.10656   0.00227   0.16561   0.13727   0.23236   0.01152   0.00278   1.59834   0.11837  
 23  4.6531   3297.700544  x:  1.62902   1.79127   2.17297   1.74312   1.18371   0.70968   0.66924   0.53786   0.83197   0.44638   0.16439   0.26045   2.05386   0.00000   0.16900   0.13778   0.23244   0.01145   0.00273   1.57033   0.11759  
 24  7.0362   3294.555672  x:  1.86006   2.32847   2.27007   2.20613   1.68093   0.61896   0.70766   0.57692   0.76896   0.52000   0.16998   0.27355   2.02215   0.00000   0.16618   0.12264   0.22111   0.01090   0.00256   1.61257   0.09739  
 25  1.3474   3294.488715  x:  1.86303   2.33939   2.27780   2.21811   1.68484   0.62095   0.70935   0.57860   0.76761   0.52226   0.17021   0.27385   2.02937   0.01376   0.16638   0.12240   0.22070   0.01088   0.00255   1.61305   0.09687  
 26  6.5596   3291.637627  x:  1.81751   2.40838   2.53105   2.38214   1.47615   0.77607   0.75304   0.62128   0.75711   0.56364   0.17593   0.27699   2.36720   0.00000   0.17501   0.12308   0.21155   0.01060   0.00246   1.60112   0.08936  
 27  8.7490   3289.644587  x:  1.89025   2.21692   3.29563   2.87538   1.27631   0.97756   0.83767   0.66692   0.83617   0.60524   0.18354   0.27289   2.49357   0.00000   0.19537   0.12716   0.19355   0.00986   0.00249   1.60206   0.08590  
 28  0.9423   3288.557662  x:  2.07494   2.60277   3.05106   3.03449   1.16455   1.11031   0.86488   0.70995   0.90446   0.61559   0.18807   0.27328   2.92027   0.00000   0.16920   0.11219   0.19200   0.00905   0.00269   1.58012   0.08008  
 29  1.1411   3288.112875  x:  2.21755   2.68553   3.22362   3.26016   1.30329   1.12181   0.89332   0.73835   0.94343   0.62526   0.19012   0.27225   3.02473   0.00000   0.17732   0.11835   0.19388   0.00842   0.00289   1.59139   0.07250  
 30  0.5027   3287.629980  x:  2.41881   2.73517   3.39879   3.51570   1.50883   1.11322   0.91600   0.76825   0.98528   0.62996   0.18751   0.26834   3.10821   0.00000   0.17415   0.12857   0.20377   0.00739   0.00344   1.63117   0.07205  
 31  0.3222   3287.503286  x:  2.55260   2.84533   3.50872   3.67896   1.52383   1.16542   0.94897   0.79763   1.01666   0.64217   0.18441   0.26784   3.26029   0.00000   0.18257   0.12648   0.20466   0.00677   0.00394   1.61161   0.06762  
 32  0.1961   3287.445102  x:  2.60482   2.85687   3.61152   3.71894   1.52647   1.17993   0.96961   0.80836   1.02573   0.65260   0.18019   0.27027   3.27019   0.00000   0.17250   0.12315   0.20270   0.00666   0.00440   1.60771   0.06704  
 33  0.0847   3287.404382  x:  2.62237   2.88844   3.61490   3.68641   1.50568   1.18510   0.97658   0.81604   1.02346   0.65687   0.17721   0.27236   3.29760   0.00000   0.17976   0.12317   0.20236   0.00675   0.00484   1.60937   0.06771  
 34  0.0547   3287.335027  x:  2.66132   2.93537   3.68195   3.61418   1.52756   1.17257   0.98866   0.83113   1.02432   0.66665   0.17674   0.27659   3.29888   0.00000   0.18043   0.12626   0.20384   0.00706   0.00590   1.62573   0.06651  
 35  0.0429   3287.308534  x:  2.62527   2.91413   3.61343   3.50421   1.52466   1.15567   0.96733   0.81898   1.01469   0.65674   0.18165   0.27297   3.24369   0.00000   0.17738   0.12505   0.20498   0.00744   0.00632   1.61275   0.06793  
 36  0.0748   3287.292827  x:  2.64107   2.91454   3.58964   3.52806   1.53125   1.17151   0.95934   0.81591   1.02491   0.65033   0.18648   0.26709   3.27332   0.00000   0.17937   0.12335   0.20466   0.00740   0.00679   1.60696   0.06731  
 37  0.0166   3287.277738  x:  2.63363   2.87267   3.60384   3.55849   1.52191   1.18375   0.96237   0.81220   1.02603   0.65229   0.18624   0.26848   3.27215   0.00000   0.17817   0.12482   0.20297   0.00739   0.00743   1.62280   0.06781  
 38  0.0176   3287.270885  x:  2.59999   2.85340   3.57608   3.55637   1.50337   1.18438   0.95991   0.80633   1.01498   0.65190   0.18414   0.27161   3.24474   0.00000   0.17838   0.12462   0.20398   0.00739   0.00776   1.61039   0.06803  
 39  0.0226   3287.268880  x:  2.58868   2.86428   3.56828   3.57286   1.50974   1.17499   0.96077   0.80821   1.01167   0.65183   0.18192   0.27201   3.23732   0.00000   0.17834   0.12451   0.20415   0.00730   0.00782   1.61515   0.06812  
 40  0.0109   3287.268468  x:  2.58474   2.86885   3.56305   3.56907   1.50955   1.17113   0.95835   0.80827   1.01274   0.65007   0.18244   0.27073   3.23611   0.00000   0.17819   0.12445   0.20378   0.00729   0.00787   1.61304   0.06817  
 41  0.0052   3287.268291  x:  2.58293   2.86678   3.56862   3.57050   1.50764   1.16889   0.95870   0.80834   1.01393   0.65045   0.18252   0.27091   3.23723   0.00000   0.17822   0.12472   0.20368   0.00724   0.00791   1.61356   0.06816  
 42  0.0027   3287.268221  x:  2.58279   2.86556   3.56714   3.56986   1.50901   1.16680   0.95841   0.80751   1.01389   0.65048   0.18271   0.27099   3.23784   0.00000   0.17824   0.12450   0.20390   0.00720   0.00789   1.61348   0.06818  
 43  0.0014   3287.268201  x:  2.58378   2.86550   3.56647   3.56845   1.50934   1.16653   0.95870   0.80719   1.01315   0.65064   0.18269   0.27106   3.23799   0.00000   0.17823   0.12455   0.20372   0.00718   0.00789   1.61338   0.06819  
 44  0.0007   3287.268193  x:  2.58399   2.86511   3.56592   3.56777   1.50907   1.16689   0.95851   0.80713   1.01300   0.65053   0.18269   0.27098   3.23739   0.00000   0.17822   0.12457   0.20375   0.00717   0.00790   1.61337   0.06819  
 45  0.0004   3287.268190  x:  2.58407   2.86496   3.56601   3.56726   1.50861   1.16723   0.95841   0.80723   1.01308   0.65048   0.18265   0.27098   3.23702   0.00000   0.17822   0.12455   0.20376   0.00716   0.00790   1.61340   0.06820  
 46  0.0004   3287.268190  x:  2.58378   2.86492   3.56586   3.56722   1.50865   1.16722   0.95836   0.80725   1.01311   0.65045   0.18263   0.27101   3.23683   0.00000   0.17823   0.12455   0.20374   0.00716   0.00790   1.61339   0.06820  
 47  0.0002   3287.268190  x:  2.58385   2.86507   3.56598   3.56729   1.50874   1.16729   0.95840   0.80730   1.01317   0.65046   0.18265   0.27101   3.23703   0.00000   0.17823   0.12455   0.20374   0.00716   0.00790   1.61340   0.06819  
 48  0.0001   3287.268190  x:  2.58375   2.86506   3.56594   3.56726   1.50873   1.16728   0.95841   0.80729   1.01315   0.65047   0.18265   0.27101   3.23700   0.00000   0.17823   0.12455   0.20375   0.00716   0.00790   1.61340   0.06820  
 49  0.0001   3287.268190  x:  2.58371   2.86506   3.56595   3.56725   1.50872   1.16728   0.95841   0.80729   1.01314   0.65047   0.18265   0.27101   3.23701   0.00000   0.17823   0.12455   0.20375   0.00716   0.00790   1.61340   0.06820  
 50  0.0000   3287.268190  x:  2.58373   2.86505   3.56596   3.56726   1.50873   1.16728   0.95841   0.80729   1.01315   0.65047   0.18265   0.27101   3.23701   0.00000   0.17823   0.12455   0.20375   0.00716   0.00790   1.61340   0.06820  
 51  0.0000   3287.268190  x:  2.58373   2.86505   3.56596   3.56726   1.50873   1.16728   0.95841   0.80729   1.01315   0.65047   0.18265   0.27101   3.23701   0.00000   0.17823   0.12455   0.20375   0.00716   0.00790   1.61340   0.06820  
 52  0.0000   3287.268190  x:  2.58373   2.86505   3.56596   3.56726   1.50873   1.16728   0.95841   0.80729   1.01315   0.65047   0.18265   0.27101   3.23701   0.00000   0.17823   0.12455   0.20375   0.00716   0.00790   1.61340   0.06820  
 53  0.0000   3287.268190  x:  2.58373   2.86505   3.56596   3.56726   1.50873   1.16728   0.95841   0.80729   1.01315   0.65047   0.18265   0.27101   3.23701   0.00000   0.17823   0.12455   0.20375   0.00716   0.00790   1.61340   0.06820  
 54  0.0000   3287.268190  x:  2.58373   2.86505   3.56596   3.56726   1.50873   1.16728   0.95841   0.80729   1.01315   0.65047   0.18265   0.27101   3.23701   0.00000   0.17823   0.12455   0.20375   0.00716   0.00790   1.61340   0.06820  
 55  0.0000   3287.268190  x:  2.58373   2.86505   3.56596   3.56726   1.50873   1.16728   0.95841   0.80729   1.01315   0.65047   0.18265   0.27101   3.23701   0.00000   0.17823   0.12455   0.20375   0.00716   0.00790   1.61340   0.06820  
check convergence!
