Supplemental results for CODEML (seqf: cds11.phylip  treef: tree.H1c.nwk)

Number of codon sites with 0,1,2,3 position differences
   2 vs.    1     62    97    86    48  -1.0000 (0.5231 -1.0000)
   3 vs.    1     65    93    88    47  -1.0000 (0.5256 -1.0000)
   3 vs.    2    226    62     7     0   0.1450 (0.0441 0.3040)
   4 vs.    1     58    93    86    56  -1.0000 (0.5987 -1.0000)
   4 vs.    2     54   103    88    47   0.2048 (0.5930 2.8962)
   4 vs.    3     57    90    95    50  -1.0000 (0.6035 -1.0000)
   5 vs.    1     59   103    90    43   0.1826 (0.5467 2.9938)
   5 vs.    2     66    96    85    45  -1.0000 (0.5108 -1.0000)
   5 vs.    3     59   104    91    38  -1.0000 (0.5138 -1.0000)
   5 vs.    4     65   114    73    42  -1.0000 (0.4549 -1.0000)
   6 vs.    1    100   119    53    28   0.1211 (0.2875 2.3750)
   6 vs.    2     47   101    88    55  -1.0000 (0.5997 -1.0000)
   6 vs.    3     49    96    90    56  -1.0000 (0.6178 -1.0000)
   6 vs.    4     53   104    87    47   0.1681 (0.5849 3.4787)
   6 vs.    5     51   110    88    44  -1.0000 (0.5582 -1.0000)
   7 vs.    1    124   138    29    12   0.0717 (0.1459 2.0342)
   7 vs.    2     64    94    91    46  -1.0000 (0.5436 -1.0000)
   7 vs.    3     63    93    92    47  -1.0000 (0.5457 -1.0000)
   7 vs.    4     47   117    72    57  -1.0000 (0.5936 -1.0000)
   7 vs.    5     62    95    84    54  -1.0000 (0.5773 -1.0000)
   7 vs.    6    101   107    67    25   0.1747 (0.3173 1.8157)
   8 vs.    1     88   113    66    32  -1.0000 (0.3162 -1.0000)
   8 vs.    2     63    94    94    41   0.2372 (0.5583 2.3536)
   8 vs.    3     63    91    88    50  -1.0000 (0.5630 -1.0000)
   8 vs.    4     57    88    87    59  -1.0000 (0.6484 -1.0000)
   8 vs.    5     54    99    88    52  -1.0000 (0.5712 -1.0000)
   8 vs.    6     83   109    67    39  -1.0000 (0.3788 -1.0000)
   8 vs.    7     85   124    62    29  -1.0000 (0.3162 -1.0000)
   9 vs.    1    134   120    38    11   0.0889 (0.1505 1.6926)
   9 vs.    2     60    93   105    37  -1.0000 (0.5423 -1.0000)
   9 vs.    3     64    86   104    41  -1.0000 (0.5466 -1.0000)
   9 vs.    4     42   121    74    56  -1.0000 (0.5803 -1.0000)
   9 vs.    5     59   104    77    55  -1.0000 (0.5533 -1.0000)
   9 vs.    6     83   133    56    28   0.0958 (0.3205 3.3453)
   9 vs.    7    189   105    13     2   0.0823 (0.0609 0.7406)
   9 vs.    8     80   126    61    33  -1.0000 (0.3183 -1.0000)
  10 vs.    1     62    97    86    48  -1.0000 (0.5231 -1.0000)
  10 vs.    2    295     0     0     0  -1.0000 (0.0000 0.0000)
  10 vs.    3    226    62     7     0   0.1450 (0.0441 0.3040)
  10 vs.    4     54   103    88    47   0.2048 (0.5930 2.8962)
  10 vs.    5     66    96    85    45  -1.0000 (0.5108 -1.0000)
  10 vs.    6     47   101    88    55  -1.0000 (0.5997 -1.0000)
  10 vs.    7     64    94    91    46  -1.0000 (0.5436 -1.0000)
  10 vs.    8     63    94    94    41   0.2372 (0.5583 2.3536)
  10 vs.    9     60    93   105    37  -1.0000 (0.5423 -1.0000)
  11 vs.    1     64    93    89    47  -1.0000 (0.5241 -1.0000)
  11 vs.    2    216    71     6     2   0.1521 (0.0542 0.3561)
  11 vs.    3    215    72     7     1   0.0906 (0.0401 0.4422)
  11 vs.    4     57    95    92    48   0.2043 (0.6015 2.9445)
  11 vs.    5     63   104    82    43  -1.0000 (0.5049 -1.0000)
  11 vs.    6     45   103    88    55  -1.0000 (0.6102 -1.0000)
  11 vs.    7     60    97   100    38  -1.0000 (0.5330 -1.0000)
  11 vs.    8     65    89    96    42   0.1945 (0.5549 2.8534)
  11 vs.    9     64    90   102    39  -1.0000 (0.5402 -1.0000)
  11 vs.   10    216    71     6     2   0.1521 (0.0542 0.3561)

