

TREE # 1

  0  0.0000   7398.618781  x:  0.17789   1.46711   1.59982   0.25524   1.29668   0.29323   1.26757   0.31181   0.75370   0.49015   0.27112   0.35335   1.34428   0.19257   0.03087   0.18379   0.11059   0.00000   0.00000   2.00000   0.20000   0.20000  
  1 99.0000   7398.618019  x:  0.17789   1.46711   1.59982   0.25524   1.29668   0.29323   1.26757   0.31181   0.75370   0.49015   0.27112   0.35335   1.34428   0.19257   0.03087   0.18379   0.11059   0.00000   0.00000   2.00000   0.20000   0.20000  
  2 519.8609   7353.221242  x:  0.42063   1.49872   1.66158   0.62604   1.34370   0.41280   1.28876   0.39601   0.68520   0.46507   0.26219   0.29464   1.45250   0.17592   0.11542   0.10396   0.26148   0.00000   0.00000   1.86125   0.19168   0.07269  
  3 286.1627   7325.502150  x:  0.58060   1.52073   1.71823   0.85886   1.38320   0.48298   1.31278   0.45790   0.63740   0.45510   0.29128   0.28701   1.54175   0.09634   0.06016   0.21399   0.14391   0.00000   0.00000   1.73393   0.16665   0.04414  
  4 231.4543   7321.203250  x:  0.61296   1.52604   1.73662   0.90276   1.39412   0.49310   1.32161   0.47210   0.62938   0.45784   0.30325   0.29411   1.56638   0.13066   0.08207   0.23029   0.10421   0.00000   0.00000   1.69599   0.15920   0.07207  
  5 172.2654   7316.648214  x:  0.63383   1.53746   1.80242   0.90616   1.42519   0.47009   1.35881   0.49577   0.63756   0.49500   0.34535   0.35023   1.63297   0.18899   0.01457   0.21556   0.11596   0.00000   0.00000   1.58607   0.14588   0.07742  
  6 54.1216   7314.185801  x:  0.63405   1.54773   1.86293   0.87911   1.45340   0.43981   1.39353   0.51011   0.64679   0.52143   0.33409   0.35057   1.69161   0.19939   0.02529   0.21793   0.10563   0.00000   0.00000   1.50944   0.13830   0.04312  
  7 61.6936   7310.558274  x:  0.63542   1.56903   1.98285   0.82957   1.51039   0.38335   1.46120   0.53698   0.66033   0.56377   0.29290   0.32702   1.80857   0.17965   0.04056   0.23264   0.12708   0.00000   0.00000   1.37403   0.12727   0.06303  
  8 172.0595   7309.578097  x:  0.63580   1.57815   2.02836   0.81803   1.53407   0.36938   1.48410   0.54360   0.65692   0.56256   0.29129   0.32015   1.85360   0.16477   0.03964   0.19929   0.11178   0.00000   0.00000   1.36452   0.12337   0.07231  
  9 46.1544   7306.494499  x:  0.62803   1.61906   2.23190   0.77617   1.64494   0.32475   1.57706   0.55910   0.61805   0.51366   0.35782   0.33219   2.05744   0.14396   0.06554   0.20009   0.12434   0.00000   0.00000   1.43087   0.11366   0.07464  
 10 48.0137   7305.250794  x:  0.61934   1.63627   2.32086   0.77480   1.69385   0.32035   1.60928   0.55666   0.61239   0.50033   0.33028   0.30394   2.14663   0.18274   0.03411   0.21026   0.12483   0.00000   0.00000   1.48166   0.11075   0.06950  
 11 41.0469   7304.793562  x:  0.59634   1.64055   2.36381   0.79969   1.71183   0.33989   1.60264   0.52843   0.64559   0.53287   0.30816   0.33331   2.18985   0.17807   0.03804   0.21190   0.12437   0.00000   0.00000   1.50954   0.10797   0.07090  
 12 11.1828   7304.485102  x:  0.54903   1.63695   2.39518   0.82628   1.70818   0.35664   1.56906   0.47867   0.64052   0.53423   0.32167   0.31804   2.21518   0.17828   0.03785   0.21014   0.12474   0.00000   0.00000   1.49678   0.10952   0.07070  
 13  6.0451   7304.136639  x:  0.50021   1.63283   2.42535   0.84724   1.68198   0.38255   1.52091   0.51052   0.61615   0.50943   0.30128   0.33870   2.21691   0.17718   0.03950   0.20690   0.12604   0.00000   0.00000   1.48341   0.11017   0.07047  
 14  3.2444   7303.553712  x:  0.47289   1.63115   2.46260   0.87879   1.62973   0.40008   1.45115   0.57904   0.63100   0.52852   0.32661   0.30833   2.20066   0.17617   0.04209   0.20302   0.12867   0.00000   0.00000   1.48874   0.10794   0.07110  
 15  6.7555   7302.158739  x:  0.56228   1.62559   2.49238   0.94556   1.52230   0.32255   1.35487   0.55023   0.59486   0.53733   0.30854   0.31548   2.13745   0.17504   0.04562   0.19342   0.13385   0.00000   0.00000   1.50165   0.11048   0.07135  
 16  5.4473   7299.697340  x:  0.66437   1.53718   2.39137   1.01949   1.53447   0.43173   1.43619   0.46305   0.58825   0.49304   0.30741   0.30222   1.98753   0.17192   0.05560   0.17089   0.14677   0.00000   0.00000   1.46834   0.10531   0.07161  
 17  6.3656   7299.158492  x:  0.62330   1.48345   2.29476   1.09501   1.56638   0.37397   1.47588   0.48217   0.55260   0.52484   0.30578   0.29834   2.01252   0.16998   0.05847   0.16602   0.14939   0.00000   0.00000   1.48118   0.10644   0.07208  
 18  5.1802   7298.912928  x:  0.62085   1.50147   2.23816   1.11796   1.59774   0.34379   1.45583   0.49105   0.59970   0.48299   0.30529   0.29840   2.05403   0.17040   0.05874   0.16436   0.15083   0.00000   0.00000   1.47747   0.10617   0.07182  
 19  3.0269   7298.392604  x:  0.64984   1.61898   2.16780   1.10155   1.65560   0.38149   1.41305   0.50305   0.56889   0.51957   0.30402   0.29617   2.13531   0.16934   0.06128   0.16074   0.15456   0.00000   0.00000   1.49191   0.10494   0.07203  
 20  2.2776   7296.605492  x:  0.67867   1.76982   2.30010   1.21186   1.55760   0.43853   1.61321   0.52547   0.63358   0.51137   0.29944   0.29337   2.21610   0.16238   0.07121   0.15777   0.16455   0.00000   0.00000   1.56806   0.10350   0.07296  
 21  1.9428   7295.791007  x:  0.73050   1.69120   2.44833   1.25770   1.71868   0.42753   1.57904   0.55323   0.64949   0.52060   0.29736   0.29228   2.15058   0.15783   0.07711   0.15734   0.16881   0.00000   0.00000   1.59812   0.10396   0.07308  
 22  4.0252   7294.571818  x:  0.76895   1.80702   2.59565   1.42601   1.82141   0.39918   1.65820   0.58225   0.64545   0.53710   0.31116   0.30661   2.23570   0.16091   0.07821   0.17679   0.17148   0.00000   0.00000   1.55057   0.09347   0.06904  
 23  0.3358   7294.289686  x:  0.83278   1.71013   2.60921   1.41772   1.78774   0.43435   1.64815   0.58869   0.64453   0.54107   0.31337   0.30905   2.35263   0.16257   0.07726   0.17864   0.17266   0.00000   0.00000   1.54182   0.09289   0.06824  
 24  2.4864   7293.910657  x:  0.86490   1.76076   2.67827   1.52214   1.82127   0.42960   1.68268   0.59506   0.64284   0.54975   0.31375   0.30945   2.38189   0.16440   0.07337   0.15978   0.17061   0.00000   0.00000   1.51838   0.09118   0.07119  
 25  0.1253   7293.849488  x:  0.88857   1.77677   2.69154   1.56729   1.83752   0.43797   1.70338   0.60214   0.64963   0.55621   0.31098   0.30694   2.39093   0.16706   0.07046   0.16615   0.16797   0.00000   0.00000   1.52975   0.09047   0.07104  
 26  0.0515   7293.844755  x:  0.89431   1.78033   2.69986   1.57381   1.84195   0.44074   1.70880   0.60552   0.65204   0.55742   0.31172   0.30800   2.39694   0.16723   0.07005   0.16486   0.16725   0.00000   0.00000   1.53302   0.08993   0.07131  
 27  0.0200   7293.844281  x:  0.89500   1.78033   2.69905   1.57345   1.84151   0.44175   1.70878   0.60577   0.65206   0.55696   0.31225   0.30843   2.39654   0.16720   0.06997   0.16472   0.16690   0.00000   0.00000   1.53339   0.09002   0.07119  
 28  0.0020   7293.844222  x:  0.89501   1.78058   2.69885   1.57248   1.84138   0.44214   1.70866   0.60578   0.65201   0.55678   0.31221   0.30830   2.39654   0.16717   0.06993   0.16483   0.16676   0.00000   0.00000   1.53305   0.09001   0.07098  
 29  0.0008   7293.844221  x:  0.89495   1.78049   2.69880   1.57239   1.84138   0.44207   1.70862   0.60570   0.65200   0.55683   0.31217   0.30833   2.39644   0.16712   0.06997   0.16483   0.16676   0.00000   0.00000   1.53312   0.09002   0.07096  
 30  0.0002   7293.844221  x:  0.89497   1.78049   2.69881   1.57245   1.84139   0.44205   1.70863   0.60570   0.65199   0.55684   0.31219   0.30832   2.39645   0.16711   0.06998   0.16483   0.16676   0.00000   0.00000   1.53311   0.09001   0.07096  
 31  0.0001   7293.844221  x:  0.89497   1.78048   2.69881   1.57246   1.84138   0.44204   1.70862   0.60570   0.65200   0.55683   0.31218   0.30832   2.39645   0.16711   0.06998   0.16483   0.16676   0.00000   0.00000   1.53311   0.09001   0.07096  
 32  0.0000   7293.844221  x:  0.89497   1.78048   2.69881   1.57246   1.84138   0.44204   1.70862   0.60570   0.65200   0.55683   0.31218   0.30832   2.39645   0.16711   0.06998   0.16483   0.16676   0.00000   0.00000   1.53311   0.09001   0.07096  
 33  0.0000   7293.844221  x:  0.89497   1.78048   2.69881   1.57246   1.84138   0.44204   1.70862   0.60570   0.65200   0.55683   0.31218   0.30832   2.39645   0.16711   0.06998   0.16483   0.16676   0.00000   0.00000   1.53311   0.09001   0.07096  
 34  0.0009   7293.844221  x:  0.89497   1.78048   2.69881   1.57246   1.84138   0.44204   1.70862   0.60570   0.65200   0.55683   0.31218   0.30832   2.39645   0.16711   0.06998   0.16483   0.16676   0.00000   0.00000   1.53311   0.09001   0.07096  
 35  0.0004   7293.844221  x:  0.89497   1.78048   2.69881   1.57246   1.84138   0.44204   1.70862   0.60570   0.65200   0.55683   0.31218   0.30832   2.39645   0.16711   0.06998   0.16483   0.16676   0.00000   0.00000   1.53311   0.09001   0.07096  