

TREE # 1

  0  0.0000   6830.773363  x:  0.07135   1.24424   1.48370   0.31391   1.02044   0.11794   0.90297   0.24875   0.54419   0.41457   0.30836   0.22416   1.09611   0.18258   0.08156   0.10411   0.11538   0.08834   0.00000   2.00000   0.20000   0.20000   0.20000  
  1 99.0000   6822.126027  x:  0.07853   1.24583   1.48597   0.31933   1.02050   0.11926   0.90179   0.25061   0.54368   0.41337   0.30694   0.22430   1.09812   0.18377   0.08388   0.10503   0.11725   0.08654   0.04357   1.99844   0.19197   0.19225   0.20000  
  2 1149.7874   6793.184206  x:  0.14476   1.26088   1.50751   0.36991   1.02151   0.13191   0.89118   0.26855   0.53942   0.40248   0.29401   0.22603   1.11714   0.19438   0.10447   0.10875   0.12031   0.04831   0.04143   1.98316   0.13452   0.12637   0.19537  
  3 401.5495   6763.745661  x:  0.22258   1.27974   1.53445   0.43044   1.02386   0.14805   0.87968   0.29157   0.53577   0.39059   0.27952   0.22935   1.14102   0.20606   0.12693   0.11275   0.12432   0.01484   0.04179   1.96321   0.14598   0.04746   0.18964  
  4 1281.4634   6755.882498  x:  0.25423   1.28769   1.54607   0.45562   1.02480   0.15454   0.87459   0.30123   0.53421   0.38541   0.27342   0.23099   1.15126   0.21123   0.13614   0.11458   0.12659   0.03001   0.04040   1.95439   0.14581   0.02580   0.18689  
  5 1001.6893   6702.932766  x:  0.63090   1.38448   1.68918   0.75858   1.03639   0.23161   0.81199   0.41853   0.51605   0.32219   0.20048   0.25322   1.27681   0.27648   0.24676   0.13746   0.15709   0.07314   0.03687   1.84370   0.15910   0.08397   0.15372  
  6 844.0198   6689.403556  x:  0.68348   1.42049   1.76677   0.82848   1.03674   0.22815   0.77592   0.45124   0.52606   0.30502   0.21924   0.30045   1.33036   0.20682   0.15844   0.06888   0.11358   0.07855   0.03947   1.78165   0.15400   0.09235   0.12768  
  7 136.3935   6684.089539  x:  0.69153   1.44232   1.82072   0.85844   1.03635   0.21810   0.75198   0.46751   0.53697   0.29754   0.22794   0.32103   1.36424   0.16579   0.09811   0.10103   0.12981   0.07896   0.03890   1.73940   0.15054   0.09405   0.10565  
  8 183.2096   6669.516610  x:  0.59077   1.51274   2.03167   0.88863   1.03404   0.14786   0.66790   0.50113   0.59394   0.28833   0.23612   0.33964   1.48111   0.21611   0.08832   0.11790   0.11233   0.07484   0.04090   1.58102   0.14320   0.08970   0.00010  
  9 86.1779   6665.363279  x:  0.52095   1.55485   2.16310   0.89988   1.04527   0.13531   0.64116   0.52019   0.60649   0.27526   0.20154   0.30271   1.55029   0.20417   0.09351   0.07726   0.17065   0.07178   0.04017   1.50663   0.13894   0.08695   0.00010  
 10 119.9957   6661.597973  x:  0.43252   1.60998   2.33885   0.90783   1.08935   0.19548   0.67234   0.54271   0.57535   0.25587   0.19035   0.25961   1.63434   0.13745   0.14148   0.09688   0.13452   0.07060   0.04188   1.48099   0.13334   0.08631   0.00010  
 11 56.1373   6659.338556  x:  0.37671   1.65512   2.47593   0.91230   1.12537   0.24664   0.71580   0.55386   0.55152   0.26135   0.24172   0.28723   1.69575   0.11999   0.17753   0.09136   0.15827   0.06899   0.04155   1.49583   0.12779   0.08480   0.00010  
 12 75.5029   6655.897337  x:  0.33421   1.75811   2.74041   0.91375   1.17838   0.30068   0.83093   0.53562   0.54863   0.33874   0.21436   0.28736   1.80111   0.18752   0.11124   0.08740   0.15662   0.06792   0.04216   1.62235   0.11901   0.08436   0.00010  
 13 39.5918   6654.616931  x:  0.36152   1.82743   2.85917   0.88047   1.17584   0.23827   0.86632   0.47460   0.56476   0.30837   0.19667   0.30908   1.82477   0.16372   0.13382   0.08861   0.15658   0.06851   0.04207   1.69459   0.11963   0.08505   0.00010  
 14 17.4599   6654.023590  x:  0.39017   1.86913   2.90380   0.85373   1.18614   0.21475   0.88224   0.49909   0.59480   0.30118   0.23434   0.26794   1.81070   0.15994   0.13460   0.08778   0.15577   0.06907   0.04206   1.70551   0.11795   0.08573   0.00010  
 15  7.4673   6652.325540  x:  0.41781   1.97161   2.98723   0.78783   1.24025   0.21106   0.91011   0.59113   0.60610   0.24261   0.20802   0.30226   1.74232   0.18289   0.11896   0.09004   0.15432   0.06780   0.04208   1.67700   0.11166   0.08425   0.00010  
 16  8.5787   6649.066029  x:  0.43649   2.13343   3.10904   0.81621   1.30330   0.22263   0.89372   0.59523   0.65909   0.35367   0.17229   0.34561   1.65831   0.14689   0.15455   0.09543   0.14914   0.06672   0.04202   1.59431   0.09963   0.08308   0.00010  
 17 12.5795   6643.313597  x:  0.41787   2.33793   3.28470   0.97523   1.34685   0.23544   0.81895   0.48345   0.57124   0.33150   0.22553   0.30187   1.61440   0.19738   0.11700   0.10122   0.14112   0.06372   0.04169   1.50655   0.08893   0.07953   0.00010  
 18 24.2296   6640.467294  x:  0.37437   2.29502   3.36490   1.07723   1.23287   0.18982   0.76369   0.61016   0.57990   0.31918   0.21831   0.31054   1.73248   0.18231   0.13744   0.10671   0.13686   0.06193   0.04127   1.59529   0.08455   0.07772   0.00010  
 19 11.9817   6638.186534  x:  0.46752   2.08177   3.49172   0.98548   1.11694   0.29467   0.74056   0.58423   0.65679   0.28721   0.21945   0.31664   1.88750   0.19377   0.13343   0.10972   0.13477   0.06138   0.04041   1.54688   0.08152   0.07627   0.00010  
 20  9.3013   6636.642226  x:  0.55191   1.91249   3.60245   0.93014   1.09659   0.24110   0.73956   0.60031   0.55429   0.34497   0.22308   0.31212   1.94345   0.19479   0.13550   0.11308   0.13132   0.06135   0.03957   1.49164   0.08251   0.07530   0.00010  
 21 11.6538   6633.579954  x:  0.59850   1.60730   3.78949   1.05123   1.31775   0.15005   0.68573   0.59758   0.62155   0.30528   0.21996   0.31649   1.91652   0.20098   0.14176   0.11857   0.12876   0.06050   0.03718   1.50682   0.08405   0.07245   0.00010  
 22  7.2007   6626.124263  x:  0.58856   1.71919   3.96927   1.35841   1.05477   0.13377   0.84853   0.61648   0.70751   0.24260   0.21275   0.32270   1.83223   0.23000   0.14873   0.13092   0.12626   0.05648   0.03035   1.38665   0.08695   0.06228   0.00010  
 23  3.8284   6622.005107  x:  0.62779   1.93482   3.99227   1.35768   1.03977   0.19587   0.62223   0.64302   0.68475   0.26273   0.21284   0.32165   1.93772   0.24298   0.15598   0.13749   0.12549   0.05469   0.02645   1.44533   0.09159   0.05723   0.00010  
 24 11.9415   6618.632924  x:  0.67974   2.18558   3.80619   1.35323   1.25830   0.10582   0.71552   0.64293   0.71997   0.26165   0.20561   0.33290   2.37814   0.25230   0.16225   0.14288   0.12498   0.05160   0.02351   1.37897   0.08480   0.05113   0.00010  
 25 11.0355   6607.196564  x:  0.94376   2.53843   4.96804   1.74723   1.46131   0.24489   0.86579   0.78154   0.74958   0.30608   0.18170   0.37502   2.53250   0.25533   0.13059   0.12210   0.11596   0.04377   0.02346   1.47505   0.06249   0.04017   0.00010  
 26  0.8832   6601.767284  x:  1.21303   2.62238   5.50808   1.99177   1.48466   0.30758   0.91636   0.85169   0.75513   0.31016   0.18287   0.37117   2.73078   0.21536   0.14378   0.10207   0.13332   0.05353   0.02041   1.59131   0.06529   0.04995   0.00010  
 27  0.4626   6597.836851  x:  1.51320   2.89350   6.18588   2.29774   1.58342   0.32881   0.97893   0.95474   0.80480   0.31275   0.18225   0.37779   3.14453   0.18216   0.16696   0.09611   0.14398   0.05642   0.02069   1.56414   0.05195   0.05296   0.00010  
 28  0.9441   6594.963338  x:  1.92253   3.18277   7.00202   2.71730   1.67091   0.33727   1.01171   1.08586   0.87899   0.30076   0.17987   0.38330   3.70495   0.16817   0.19626   0.12009   0.12910   0.05007   0.02965   1.43766   0.04579   0.04695   0.00010  
 29  0.5819   6594.032859  x:  2.14395   3.34499   7.46367   2.92362   1.76632   0.35209   1.09084   1.15345   0.91089   0.31485   0.16883   0.38237   3.93235   0.17658   0.20224   0.12166   0.13876   0.05726   0.02019   1.51481   0.04369   0.04933   0.00010  
 30  0.4037   6593.519478  x:  2.35690   3.53857   7.96201   3.13627   1.87658   0.36231   1.16837   1.22862   0.94749   0.32742   0.16423   0.40035   4.17787   0.17351   0.18768   0.11288   0.13099   0.05679   0.02589   1.54687   0.04059   0.05256   0.00010  
 31  0.5534   6593.338947  x:  2.42976   3.60339   8.12908   3.20640   1.92107   0.36472   1.19848   1.25582   0.95923   0.33423   0.16174   0.40699   4.25146   0.18072   0.18140   0.11144   0.13148   0.05570   0.02612   1.53661   0.04064   0.05174   0.00010  
 32  0.2899   6593.086858  x:  2.62508   3.79352   8.59777   3.40473   2.02993   0.37806   1.27190   1.33137   0.99438   0.34822   0.15515   0.41944   4.47747   0.19096   0.17863   0.11197   0.13554   0.05453   0.02405   1.50739   0.03739   0.04939   0.00010  
 33  0.8978   6592.988882  x:  2.78652   4.00967   9.03586   3.56491   2.15727   0.38773   1.36305   1.41374   1.03243   0.36123   0.14919   0.43083   4.68159   0.18401   0.18063   0.11463   0.13220   0.05435   0.02320   1.51156   0.03564   0.05097   0.00010  
 34  0.1775   6592.959118  x:  2.78696   4.07947   9.12030   3.57591   2.18320   0.39164   1.38221   1.43873   1.04135   0.35931   0.14825   0.42978   4.72866   0.17912   0.18637   0.11371   0.13536   0.05285   0.02449   1.51386   0.03516   0.05042   0.00010  
 35  0.0511   6592.938411  x:  2.71121   4.08142   9.03171   3.51032   2.16789   0.39248   1.37387   1.43709   1.03528   0.35410   0.15023   0.42431   4.69300   0.17711   0.18979   0.11387   0.13427   0.05292   0.02431   1.51388   0.03573   0.05035   0.00010  
 36  0.0717   6592.918392  x:  2.68464   4.13481   9.07227   3.49649   2.17756   0.39749   1.38336   1.45560   1.03720   0.35350   0.15121   0.42333   4.72417   0.17845   0.18889   0.11384   0.13213   0.05363   0.02355   1.51144   0.03534   0.05056   0.00010  
 37  0.0578   6592.904234  x:  2.64823   4.15417   9.08552   3.47654   2.17031   0.39852   1.38013   1.46142   1.03419   0.35555   0.15207   0.42640   4.74326   0.18260   0.18264   0.11331   0.13458   0.05386   0.02389   1.50910   0.03536   0.05059   0.00010  
 38  0.0195   6592.894520  x:  2.65463   4.19748   9.21065   3.51049   2.18084   0.39766   1.38752   1.47599   1.04256   0.36008   0.14759   0.43131   4.82040   0.18186   0.18371   0.11509   0.13310   0.05409   0.02379   1.51346   0.03503   0.05044   0.00010  
 39  0.0390   6592.890467  x:  2.64736   4.19959   9.25376   3.52275   2.18079   0.39822   1.38667   1.47554   1.04562   0.35959   0.14735   0.43075   4.84236   0.18026   0.18594   0.11346   0.13410   0.05408   0.02390   1.51045   0.03492   0.05046   0.00010  
 40  0.0199   6592.888796  x:  2.63628   4.18509   9.25958   3.52702   2.18077   0.39820   1.38524   1.46817   1.04564   0.35841   0.14933   0.42922   4.83689   0.18110   0.18491   0.11361   0.13353   0.05413   0.02370   1.51048   0.03499   0.05058   0.00010  
 41  0.0069   6592.888146  x:  2.63177   4.18796   9.27252   3.53185   2.18628   0.39872   1.38832   1.46808   1.04611   0.35836   0.14953   0.42874   4.83758   0.18097   0.18493   0.11388   0.13377   0.05388   0.02382   1.51107   0.03494   0.05056   0.00010  
 42  0.0087   6592.887951  x:  2.62438   4.18278   9.26240   3.52966   2.18517   0.39831   1.38719   1.46582   1.04422   0.35899   0.14883   0.42908   4.82974   0.18087   0.18499   0.11386   0.13378   0.05391   0.02383   1.51084   0.03499   0.05058   0.00010  
 43  0.0064   6592.887884  x:  2.62521   4.18374   9.26497   3.53349   2.18639   0.39811   1.38793   1.46628   1.04408   0.35929   0.14862   0.42959   4.83028   0.18093   0.18498   0.11384   0.13371   0.05395   0.02380   1.51078   0.03497   0.05057   0.00010  
 44  0.0025   6592.887826  x:  2.62300   4.18516   9.26249   3.53575   2.18659   0.39772   1.38817   1.46698   1.04416   0.35883   0.14888   0.42958   4.82990   0.18084   0.18519   0.11382   0.13376   0.05396   0.02382   1.51094   0.03497   0.05054   0.00010  
 45  0.0014   6592.887798  x:  2.62329   4.18723   9.26355   3.53886   2.18704   0.39766   1.38861   1.46792   1.04453   0.35885   0.14882   0.42941   4.83146   0.18086   0.18506   0.11385   0.13375   0.05398   0.02382   1.51078   0.03496   0.05056   0.00010  
 46  0.0015   6592.887795  x:  2.62283   4.18688   9.26214   3.53857   2.18667   0.39779   1.38834   1.46772   1.04449   0.35893   0.14886   0.42932   4.83089   0.18091   0.18503   0.11383   0.13375   0.05396   0.02381   1.51083   0.03496   0.05055   0.00010  
 47  0.0007   6592.887793  x:  2.62278   4.18727   9.26209   3.53892   2.18662   0.39790   1.38830   1.46783   1.04453   0.35903   0.14884   0.42938   4.83113   0.18089   0.18504   0.11383   0.13375   0.05396   0.02381   1.51087   0.03496   0.05056   0.00010  
 48  0.0003   6592.887793  x:  2.62277   4.18726   9.26209   3.53884   2.18662   0.39794   1.38829   1.46779   1.04454   0.35900   0.14884   0.42938   4.83111   0.18088   0.18505   0.11384   0.13375   0.05396   0.02381   1.51084   0.03496   0.05056   0.00010  
 49  0.0001   6592.887793  x:  2.62277   4.18730   9.26202   3.53887   2.18660   0.39798   1.38827   1.46778   1.04454   0.35898   0.14883   0.42940   4.83112   0.18089   0.18504   0.11384   0.13375   0.05396   0.02381   1.51085   0.03496   0.05056   0.00010  
 50  0.0000   6592.887793  x:  2.62280   4.18738   9.26215   3.53892   2.18662   0.39799   1.38829   1.46778   1.04453   0.35899   0.14883   0.42939   4.83117   0.18089   0.18504   0.11384   0.13375   0.05396   0.02381   1.51085   0.03496   0.05056   0.00010  
 51  0.0000   6592.887793  x:  2.62279   4.18737   9.26213   3.53891   2.18662   0.39799   1.38828   1.46778   1.04453   0.35899   0.14884   0.42939   4.83116   0.18089   0.18505   0.11384   0.13375   0.05396   0.02381   1.51085   0.03496   0.05056   0.00010  
 52  0.0001   6592.887793  x:  2.62279   4.18737   9.26212   3.53890   2.18662   0.39799   1.38828   1.46778   1.04453   0.35899   0.14884   0.42939   4.83116   0.18089   0.18505   0.11384   0.13375   0.05396   0.02381   1.51085   0.03496   0.05056   0.00010  
 53  0.0000   6592.887793  x:  2.62279   4.18737   9.26212   3.53890   2.18662   0.39799   1.38828   1.46778   1.04453   0.35899   0.14884   0.42939   4.83116   0.18089   0.18505   0.11384   0.13375   0.05396   0.02381   1.51085   0.03496   0.05056   0.00010  
 54  0.0000   6592.887793  x:  2.62279   4.18737   9.26212   3.53890   2.18662   0.39799   1.38828   1.46778   1.04453   0.35899   0.14884   0.42939   4.83116   0.18089   0.18505   0.11384   0.13375   0.05396   0.02381   1.51085   0.03496   0.05056   0.00010  
 55  0.0016   6592.887793  x:  2.62279   4.18737   9.26212   3.53890   2.18662   0.39799   1.38828   1.46778   1.04453   0.35899   0.14884   0.42939   4.83116   0.18089   0.18505   0.11384   0.13375   0.05396   0.02381   1.51085   0.03496   0.05056   0.00010  
 56  0.0229   6592.887793  x:  2.62279   4.18737   9.26212   3.53890   2.18662   0.39799   1.38828   1.46778   1.04453   0.35899   0.14884   0.42939   4.83116   0.18089   0.18505   0.11384   0.13375   0.05396   0.02381   1.51085   0.03496   0.05056   0.00010  
 57  0.0009   6592.887793  x:  2.62279   4.18737   9.26212   3.53890   2.18662   0.39799   1.38828   1.46778   1.04453   0.35899   0.14884   0.42939   4.83116   0.18089   0.18505   0.11384   0.13375   0.05396   0.02381   1.51085   0.03496   0.05056   0.00010  
 58  0.0011   6592.887793  x:  2.62279   4.18737   9.26212   3.53890   2.18662   0.39799   1.38828   1.46778   1.04453   0.35899   0.14884   0.42939   4.83116   0.18089   0.18505   0.11384   0.13375   0.05396   0.02381   1.51085   0.03496   0.05056   0.00010  
 59  0.0005   6592.887793  x:  2.62279   4.18737   9.26212   3.53890   2.18662   0.39799   1.38828   1.46778   1.04453   0.35899   0.14884   0.42939   4.83116   0.18089   0.18505   0.11384   0.13375   0.05396   0.02381   1.51085   0.03496   0.05056   0.00010  
 60  0.0008   6592.887793  x:  2.62279   4.18737   9.26212   3.53890   2.18662   0.39799   1.38828   1.46778   1.04453   0.35899   0.14884   0.42939   4.83116   0.18089   0.18505   0.11384   0.13375   0.05396   0.02381   1.51085   0.03496   0.05056   0.00010  
 61  0.0011   6592.887793  x:  2.62279   4.18737   9.26212   3.53890   2.18662   0.39799   1.38828   1.46778   1.04454   0.35899   0.14884   0.42939   4.83116   0.18089   0.18505   0.11384   0.13375   0.05396   0.02381   1.51085   0.03496   0.05056   0.00010  
 62  0.0005   6592.887793  x:  2.62279   4.18737   9.26212   3.53890   2.18662   0.39799   1.38828   1.46778   1.04454   0.35899   0.14884   0.42939   4.83116   0.18089   0.18505   0.11384   0.13375   0.05396   0.02381   1.51085   0.03496   0.05056   0.00010  