

TREE # 1

  0  0.0000   8633.401694  x:  0.00000   0.42402   0.54699   0.19872   0.46624   0.05663   0.25426   0.16326   0.21673   0.19419   0.15875   0.12286   0.31648   0.09061   0.05223   0.07387   0.06764   0.04522   0.02442   2.00000   0.20000   0.20000   0.20000  
  1 99.0000   8293.984643  x:  0.71086   0.52712   0.64654   0.33323   0.51941   0.17554   0.37041   0.27929   0.30097   0.22967   0.21020   0.19304   0.44012   0.13812   0.12831   0.19464   0.12081   0.11091   0.07550   1.97441   0.08923   0.10792   0.17167  
  2 2303.8237   8248.937533  x:  0.75482   0.53969   0.66131   0.34830   0.52701   0.18701   0.38564   0.29259   0.31126   0.23420   0.21537   0.19967   0.45486   0.13769   0.13150   0.20074   0.12107   0.10947   0.07100   1.96911   0.15030   0.08373   0.16650  
  3 1881.2008   8194.633199  x:  0.75300   0.56028   0.69136   0.37011   0.54026   0.19934   0.41299   0.31204   0.32792   0.24005   0.22044   0.20587   0.47836   0.12446   0.12660   0.19583   0.11014   0.08924   0.04236   1.95717   0.14733   0.00640   0.15289  
  4 728.0788   8165.959684  x:  0.73167   0.59881   0.74934   0.40987   0.56488   0.21919   0.46285   0.34599   0.35720   0.24951   0.22816   0.21495   0.52206   0.09974   0.12509   0.19278   0.09795   0.06431   0.00418   1.93196   0.14049   0.02292   0.12871  
  5 555.8565   8098.026252  x:  0.59686   0.76254   1.00022   0.57574   0.66843   0.29428   0.67017   0.48336   0.47579   0.28496   0.25568   0.24680   0.70653   0.00000   0.13167   0.18217   0.06498   0.03767   0.08879   1.81857   0.11532   0.04867   0.02307  
  6 1510.4288   8072.194767  x:  0.55111   0.80536   1.06819   0.61808   0.69353   0.30714   0.71959   0.51394   0.50048   0.28871   0.25788   0.24917   0.75489   0.03463   0.16369   0.18580   0.07855   0.06218   0.08896   1.78482   0.10976   0.04885   0.00010  
  7 880.3172   8046.761881  x:  0.48417   0.93482   1.29540   0.72918   0.72899   0.23933   0.77879   0.51775   0.46315   0.20285   0.18990   0.17131   0.88720   0.00000   0.18182   0.29397   0.16537   0.09631   0.07632   1.62472   0.10187   0.03547   0.23687  
  8 193.6848   8042.427230  x:  0.47002   0.97073   1.36062   0.75931   0.73706   0.21327   0.79051   0.51408   0.45276   0.18245   0.19020   0.17075   0.92325   0.03124   0.17387   0.31106   0.15801   0.07246   0.08713   1.57472   0.09907   0.03594   0.31697  
  9 453.8146   8024.905257  x:  0.43758   1.05433   1.52908   0.82293   0.74484   0.10164   0.78329   0.47037   0.43045   0.16438   0.29322   0.28289   1.00396   0.02109   0.25421   0.29481   0.09592   0.11028   0.08320   1.41950   0.09198   0.03204   0.54115  
 10 254.5499   8019.384515  x:  0.44329   1.07172   1.58078   0.83671   0.75851   0.06879   0.76685   0.45221   0.45703   0.22046   0.27031   0.26158   1.02115   0.01526   0.32957   0.22607   0.07274   0.09347   0.09060   1.35909   0.08994   0.03281   0.62337  
 11 97.4055   8018.795360  x:  0.43995   1.06595   1.58843   0.83491   0.77596   0.07948   0.76062   0.45240   0.46410   0.24221   0.27843   0.26886   1.01695   0.01586   0.32568   0.21835   0.09573   0.08969   0.09121   1.34794   0.08909   0.03233   0.64297  
 12 26.0981   8018.349049  x:  0.43841   1.05640   1.59726   0.83278   0.80149   0.09788   0.75557   0.45657   0.46407   0.25580   0.27926   0.26658   1.01070   0.01823   0.31403   0.21279   0.08893   0.10505   0.08820   1.33829   0.08828   0.03237   0.66053  
 13 25.4355   8017.611409  x:  0.43506   1.02872   1.62039   0.82649   0.85612   0.12003   0.74413   0.46664   0.44337   0.25417   0.28541   0.26417   0.99406   0.01518   0.33946   0.22960   0.07819   0.09312   0.09050   1.32396   0.08759   0.03067   0.66739  
 14 14.5905   8014.447577  x:  0.45548   0.93627   1.75373   0.82328   0.97489   0.01980   0.71500   0.50246   0.43371   0.22676   0.27778   0.26056   0.95839   0.01573   0.31381   0.20461   0.09333   0.09471   0.08586   1.30449   0.08605   0.02773   0.62470  
 15 11.4074   8012.531952  x:  0.45111   0.91086   1.80106   0.82849   0.98234   0.00000   0.70576   0.49451   0.46456   0.24381   0.27040   0.26266   0.95469   0.01624   0.31028   0.24072   0.08300   0.09620   0.08343   1.31005   0.08497   0.02424   0.62109  
 16 18.5717   8002.387660  x:  0.43111   0.83795   2.04197   0.89508   0.90432   0.09244   0.70637   0.41756   0.52538   0.19148   0.25274   0.27165   0.98167   0.01266   0.31732   0.22875   0.08580   0.09100   0.07568   1.36227   0.07758   0.00960   0.64809  
 17 30.3195   8000.002870  x:  0.42482   0.87137   2.04540   0.89213   0.87551   0.08104   0.74586   0.45825   0.48094   0.23175   0.27916   0.24415   0.97977   0.01250   0.31685   0.23366   0.08539   0.09212   0.07329   1.34479   0.07507   0.00567   0.65869  
 18 21.3328   7999.470722  x:  0.42267   0.91232   2.01883   0.88706   0.89422   0.07545   0.75003   0.45983   0.47439   0.23182   0.24551   0.27420   0.98144   0.01249   0.31578   0.23405   0.08591   0.09182   0.07272   1.32993   0.07431   0.00495   0.65753  
 19 10.9965   7998.743959  x:  0.42025   0.99031   1.96508   0.88640   0.94918   0.06158   0.73836   0.43714   0.50267   0.20804   0.26508   0.25439   0.99889   0.01234   0.31346   0.23118   0.08712   0.09131   0.07209   1.32357   0.07312   0.00455   0.65440  
 20  9.5614   7996.647763  x:  0.40000   1.04469   1.89911   0.92630   0.98244   0.03470   0.73382   0.50804   0.49342   0.21434   0.25858   0.26162   1.09340   0.01135   0.32101   0.21874   0.08797   0.09174   0.07339   1.39176   0.06895   0.00632   0.69107  
 21  3.4669   7993.253534  x:  0.40240   1.08586   1.86895   0.88867   0.93864   0.04170   0.83217   0.45926   0.47558   0.22379   0.25091   0.24387   1.12769   0.01190   0.28853   0.22019   0.09330   0.09241   0.07025   1.24185   0.06502   0.00861   0.63715  
 22  8.3873   7992.393744  x:  0.40222   1.17136   1.92360   0.85882   0.89973   0.06059   0.80779   0.50043   0.49307   0.21249   0.25039   0.23937   1.03998   0.01227   0.28446   0.22105   0.09307   0.09238   0.06937   1.23567   0.06462   0.00931   0.62737  
 23  7.9061   7991.951567  x:  0.40402   1.21029   1.95626   0.86585   0.90860   0.05804   0.83209   0.46536   0.46519   0.23616   0.24863   0.23790   1.01218   0.01257   0.28055   0.21869   0.09391   0.09273   0.06865   1.27637   0.06491   0.00974   0.62139  
 24  3.9181   7983.770561  x:  0.37284   1.31370   1.91367   1.23275   0.86225   0.03009   0.98337   0.53041   0.49847   0.21872   0.23147   0.20906   0.98471   0.00786   0.24648   0.19725   0.10384   0.09312   0.05639   1.28509   0.06888   0.01097   0.60934  
 25  1.6469   7981.216843  x:  0.37428   1.37361   1.98611   1.02548   0.84877   0.04655   0.98191   0.56699   0.49710   0.22235   0.22654   0.20014   1.19355   0.00621   0.23128   0.19261   0.10552   0.09168   0.05211   1.32311   0.07099   0.01132   0.59416  
 26  9.5897   7980.956955  x:  0.37224   1.36813   1.99035   0.99752   0.85682   0.04047   1.03487   0.57741   0.52427   0.20407   0.22656   0.20487   1.18751   0.00582   0.24093   0.18975   0.10496   0.09200   0.05254   1.33987   0.07083   0.01131   0.62161  
 27  2.9660   7973.811246  x:  0.32099   1.45662   2.30316   1.18451   0.88956   0.06196   1.10455   0.61953   0.54059   0.22548   0.23952   0.22504   1.29704   0.00000   0.24084   0.20592   0.09817   0.08404   0.04017   1.35638   0.06016   0.01131   0.71030  
 28  0.9050   7970.841592  x:  0.29555   1.50314   2.47846   1.26963   0.91920   0.07181   1.15158   0.64629   0.55766   0.23445   0.24565   0.23597   1.36068   0.00565   0.22575   0.21465   0.09521   0.08184   0.03313   1.36837   0.05459   0.01096   0.76563  
 29  1.6854   7967.390941  x:  0.29016   1.61763   2.72942   1.33032   1.02615   0.05259   1.20075   0.68509   0.55822   0.24406   0.25444   0.25086   1.46107   0.00604   0.24519   0.22071   0.08631   0.07361   0.02459   1.30060   0.05529   0.01175   0.86585  
 30  0.2476   7964.690159  x:  0.28632   1.76067   3.11772   1.45609   1.12625   0.00882   1.31614   0.73727   0.58233   0.22548   0.25700   0.24042   1.58553   0.00533   0.25178   0.19054   0.09292   0.08776   0.01993   1.25212   0.04731   0.01194   1.01991  
 31  0.2982   7963.429195  x:  0.29268   1.80520   3.21415   1.48272   1.14297   0.00000   1.34632   0.75153   0.58768   0.22088   0.25571   0.23786   1.62183   0.00536   0.25517   0.19817   0.09513   0.08854   0.02372   1.25503   0.04665   0.01194   1.05867  
 32  0.2474   7963.429195  x:  0.29268   1.80520   3.21415   1.48272   1.14297   0.00000   1.34632   0.75153   0.58768   0.22088   0.25571   0.23786   1.62183   0.00536   0.25517   0.19817   0.09513   0.08854   0.02372   1.25503   0.04665   0.01194   1.05867  
 33  0.7260   7963.314300  x:  0.29288   1.80523   3.21416   1.48275   1.14297   0.00002   1.34634   0.75155   0.58769   0.22089   0.25571   0.23787   1.62186   0.00524   0.25515   0.19829   0.09518   0.08854   0.02402   1.25505   0.04774   0.01154   1.05867  
 34 190.2957   7963.222480  x:  0.29390   1.80534   3.21419   1.48287   1.14294   0.00019   1.34641   0.75166   0.58773   0.22093   0.25568   0.23791   1.62195   0.00483   0.25507   0.19891   0.09543   0.08855   0.02554   1.25516   0.04753   0.01017   1.05867  
 35 84.6068   7962.858090  x:  0.30175   1.80620   3.21443   1.48379   1.14273   0.00157   1.34700   0.75247   0.58806   0.22127   0.25542   0.23819   1.62271   0.00516   0.25452   0.20372   0.09727   0.08844   0.03599   1.25602   0.04751   0.01127   1.05867  
 36 128.2323   7961.523845  x:  0.36323   1.81297   3.21632   1.49113   1.14111   0.01243   1.35172   0.75891   0.59060   0.22384   0.25346   0.24036   1.62870   0.00774   0.24897   0.23438   0.10119   0.06905   0.03621   1.26254   0.04716   0.01027   1.05869  
 37 61.8760   7961.247567  x:  0.37602   1.81439   3.21673   1.49269   1.14076   0.01455   1.35274   0.76027   0.59111   0.22433   0.25308   0.24077   1.62998   0.00414   0.24780   0.23902   0.10084   0.06862   0.03563   1.26387   0.04707   0.01127   1.05868  
 38 218.0814   7959.360282  x:  0.49532   1.82781   3.22077   1.50762   1.13746   0.03313   1.36274   0.77325   0.59580   0.22859   0.24995   0.24428   1.64226   0.00613   0.23835   0.26632   0.08776   0.09544   0.02726   1.27625   0.04635   0.01027   1.05868  
 39 215.7773   7956.917680  x:  0.66675   1.84839   3.22854   1.53226   1.13222   0.04892   1.38129   0.79398   0.60119   0.23100   0.24892   0.24580   1.66294   0.00614   0.25586   0.21135   0.07507   0.08521   0.03341   1.29139   0.04511   0.01068   1.05864  
 40 77.0537   7956.494605  x:  0.70030   1.85300   3.23118   1.53865   1.13123   0.04808   1.38704   0.79903   0.60181   0.23007   0.25007   0.24489   1.66845   0.00612   0.26080   0.20002   0.09581   0.08932   0.03032   1.29314   0.04480   0.01055   1.05862  
 41 61.7003   7956.282499  x:  0.71474   1.85916   3.24045   1.55256   1.13166   0.02310   1.40460   0.80834   0.60005   0.22153   0.25829   0.23760   1.68115   0.00646   0.24440   0.19592   0.09809   0.08824   0.03074   1.28442   0.04415   0.01072   1.05865  
 42 10.3879   7956.095329  x:  0.72283   1.86705   3.25442   1.57223   1.13503   0.00000   1.43054   0.82215   0.60212   0.21714   0.26250   0.23446   1.69897   0.00631   0.25749   0.20134   0.09514   0.08908   0.03023   1.27332   0.04337   0.01071   1.05862  
 43 14.7520   7956.095329  x:  0.72283   1.86705   3.25442   1.57223   1.13503   0.00000   1.43054   0.82215   0.60212   0.21714   0.26250   0.23446   1.69897   0.00631   0.25749   0.20134   0.09514   0.08908   0.03023   1.27332   0.04337   0.01071   1.05862  
 44 14.8583   7956.048483  x:  0.72285   1.86706   3.25443   1.57224   1.13504   0.00003   1.43055   0.82216   0.60213   0.21716   0.26249   0.23448   1.69898   0.00622   0.25747   0.20142   0.09516   0.08903   0.03024   1.27332   0.04402   0.01070   1.05862  
 45 142.4031   7956.021971  x:  0.72310   1.86714   3.25455   1.57240   1.13513   0.00039   1.43074   0.82230   0.60225   0.21734   0.26231   0.23465   1.69911   0.00509   0.25711   0.20246   0.09540   0.08835   0.03036   1.27339   0.04398   0.01062   1.05862  
 46 28.2035   7955.974319  x:  0.72388   1.86738   3.25491   1.57288   1.13541   0.00150   1.43133   0.82274   0.60263   0.21789   0.26176   0.23517   1.69950   0.00485   0.25608   0.20561   0.09611   0.08638   0.03074   1.27358   0.04396   0.01170   1.05863  
 47 58.1966   7955.837990  x:  0.72630   1.86814   3.25602   1.57439   1.13629   0.00493   1.43317   0.82408   0.60379   0.21961   0.26005   0.23679   1.70074   0.00585   0.25290   0.21509   0.09809   0.08065   0.03194   1.27418   0.04390   0.01069   1.05863  
 48 182.7736   7955.760597  x:  0.72989   1.86929   3.25771   1.57662   1.13750   0.00932   1.43586   0.82598   0.60524   0.22168   0.25789   0.23876   1.70259   0.00595   0.24931   0.22169   0.09610   0.08462   0.03433   1.27502   0.04381   0.01061   1.05864  
 49 20.6087   7955.703400  x:  0.73383   1.87058   3.25960   1.57907   1.13876   0.01357   1.43882   0.82801   0.60659   0.22358   0.25586   0.24059   1.70464   0.00600   0.24668   0.22505   0.09313   0.08643   0.03050   1.27587   0.04372   0.01061   1.05864  
 50 28.4929   7955.498548  x:  0.76185   1.88014   3.27353   1.59655   1.14680   0.03670   1.45973   0.84156   0.61328   0.23228   0.24587   0.24936   1.71948   0.00593   0.24735   0.21673   0.08781   0.08186   0.03359   1.28122   0.04314   0.01078   1.05867  
 51 14.8677   7955.341338  x:  0.78730   1.88930   3.28694   1.61272   1.15329   0.05176   1.47884   0.85321   0.61698   0.23616   0.24144   0.25391   1.73338   0.00591   0.25195   0.21343   0.09865   0.08555   0.03102   1.28550   0.04264   0.01068   1.05870  
 52 38.7292   7954.651618  x:  0.92585   1.94638   3.37176   1.70564   1.17835   0.05995   1.58564   0.90859   0.60969   0.20970   0.27348   0.23521   1.81557   0.00600   0.25587   0.21816   0.09392   0.08496   0.03149   1.29695   0.04044   0.01062   1.05887  
 53 20.7965   7954.257758  x:  0.99761   1.98448   3.43197   1.76203   1.18949   0.02621   1.64770   0.93614   0.62344   0.21607   0.25907   0.22183   1.86660   0.00627   0.24133   0.21441   0.09768   0.08459   0.03174   1.28979   0.03919   0.01066   1.05903  
 54 28.1554   7953.963187  x:  1.03477   2.00805   3.47081   1.79528   1.19618   0.00000   1.68380   0.95118   0.63450   0.22423   0.26002   0.23521   1.89689   0.00629   0.24299   0.21576   0.09663   0.08456   0.03180   1.28312   0.03840   0.01062   1.05911  
 55 51.0212   7953.963187  x:  1.03477   2.00805   3.47081   1.79528   1.19618   0.00000   1.68380   0.95118   0.63450   0.22423   0.26002   0.23521   1.89689   0.00629   0.24299   0.21576   0.09663   0.08456   0.03180   1.28312   0.03840   0.01062   1.05911  
 56 10.8390   7953.915655  x:  1.03476   2.00806   3.47082   1.79528   1.19618   0.00001   1.68381   0.95118   0.63450   0.22423   0.26002   0.23522   1.89689   0.00628   0.24300   0.21577   0.09663   0.08456   0.03179   1.28311   0.03897   0.01061   1.05911  
 57 167.2995   7953.903924  x:  1.03391   2.00847   3.47185   1.79557   1.19659   0.00040   1.68412   0.95131   0.63447   0.22439   0.26004   0.23687   1.89716   0.00575   0.24462   0.21648   0.09619   0.08458   0.03151   1.28290   0.03896   0.01031   1.05911  
 58  7.6314   7953.873725  x:  1.03152   2.00964   3.47473   1.79638   1.19773   0.00150   1.68500   0.95165   0.63437   0.22480   0.26008   0.24141   1.89791   0.00537   0.24911   0.21845   0.09498   0.08465   0.03081   1.28230   0.03893   0.01094   1.05911  
 59 151.5499   7953.854394  x:  1.02988   2.01045   3.47671   1.79695   1.19851   0.00224   1.68561   0.95188   0.63430   0.22508   0.26002   0.24440   1.89843   0.00617   0.25205   0.21972   0.09419   0.08475   0.03056   1.28189   0.03891   0.01056   1.05911  
 60 123.3590   7953.844421  x:  1.02840   2.01119   3.47852   1.79746   1.19920   0.00278   1.68616   0.95209   0.63418   0.22521   0.25922   0.24564   1.89892   0.00610   0.25301   0.22010   0.09387   0.08522   0.03226   1.28154   0.03889   0.01057   1.05912  
 61 12.1584   7953.751149  x:  1.00794   2.02174   3.50407   1.80478   1.20860   0.00915   1.69395   0.95490   0.63214   0.22624   0.24346   0.25196   1.90576   0.00607   0.25294   0.21939   0.09103   0.08142   0.03313   1.27689   0.03872   0.01061   1.05918  
 62 12.0341   7953.682021  x:  0.99062   2.03098   3.52627   1.81114   1.21633   0.01296   1.70065   0.95720   0.63064   0.22698   0.23653   0.25639   1.91175   0.00609   0.25062   0.21910   0.09391   0.08723   0.03069   1.27366   0.03857   0.01058   1.05923  
 63 30.9858   7953.548416  x:  0.95430   2.05151   3.57502   1.82511   1.23184   0.01609   1.71511   0.96187   0.62854   0.22839   0.24136   0.26311   1.92507   0.00613   0.24441   0.21768   0.10283   0.08357   0.03173   1.26898   0.03825   0.01058   1.05936  
 64 28.4997   7953.370255  x:  0.90644   2.08029   3.64255   1.84454   1.25179   0.01564   1.73487   0.96809   0.62683   0.22986   0.25293   0.26158   1.94373   0.00613   0.23966   0.21312   0.09405   0.08506   0.03176   1.26473   0.03785   0.01070   1.05953  
 65 52.1746   7953.149090  x:  0.84906   2.11872   3.73115   1.87032   1.27539   0.00853   1.76030   0.97612   0.62670   0.23093   0.26032   0.24065   1.96869   0.00590   0.25072   0.21890   0.09472   0.08501   0.03153   1.26285   0.03741   0.01063   1.05974  
 66 51.9144   7953.081419  x:  0.84745   2.12869   3.75147   1.87693   1.27660   0.00000   1.76524   0.97843   0.63142   0.23167   0.25853   0.24247   1.97526   0.00590   0.25037   0.21901   0.09468   0.08496   0.03155   1.26744   0.03733   0.01064   1.05980  
 67  7.8632   7952.923507  x:  0.86206   2.18374   3.86241   1.91629   1.28543   0.00000   1.79752   1.00053   0.62897   0.20889   0.25197   0.25162   2.01320   0.00582   0.25448   0.21041   0.09639   0.08501   0.03143   1.27469   0.03673   0.01070   1.06016  
 68 17.1829   7952.808802  x:  0.88150   2.22379   3.94360   1.94641   1.29419   0.00000   1.82401   1.02101   0.62651   0.20117   0.24927   0.25613   2.04187   0.00597   0.24797   0.22338   0.09338   0.08463   0.03181   1.26930   0.03612   0.01061   1.06045  
 69 30.9732   7952.409380  x:  0.97310   2.35677   4.21629   2.05189   1.33386   0.00000   1.92406   1.10371   0.63362   0.23130   0.24561   0.26117   2.14143   0.00602   0.25023   0.21854   0.09478   0.08491   0.03172   1.22064   0.03340   0.01050   1.06148  
 70 33.7947   7952.208047  x:  1.03889   2.39947   4.31849   2.10221   1.38375   0.00000   1.99543   1.15262   0.62579   0.24504   0.25155   0.25503   2.18817   0.00604   0.25013   0.21926   0.09444   0.08489   0.03164   1.25726   0.03219   0.01057   1.06208  
 71  7.7340   7952.160310  x:  1.05576   2.40064   4.33629   2.11606   1.39706   0.00000   2.02340   1.15408   0.65324   0.22796   0.25476   0.25187   2.20273   0.00605   0.25028   0.21945   0.09446   0.08497   0.03159   1.25303   0.03180   0.01055   1.06237  
 72  2.5962   7952.098210  x:  1.06532   2.38409   4.37492   2.14864   1.39323   0.00000   2.09539   1.11912   0.64972   0.23508   0.25248   0.25436   2.24763   0.00605   0.25001   0.21935   0.09446   0.08490   0.03162   1.25639   0.03167   0.01056   1.06374  
 73  0.8523   7951.995549  x:  1.06114   2.38319   4.43129   2.20262   1.37218   0.00000   2.12179   1.18229   0.66826   0.23244   0.25323   0.25319   2.28564   0.00597   0.24957   0.21907   0.09453   0.08479   0.03162   1.27021   0.03166   0.01061   1.06751  
 74  0.5767   7951.903586  x:  1.09306   2.45262   4.48638   2.21845   1.39251   0.00000   2.09276   1.15030   0.67497   0.23229   0.26031   0.24554   2.29213   0.00601   0.24976   0.21877   0.09464   0.08482   0.03155   1.27754   0.03173   0.01060   1.07179  
 75  0.8812   7951.889870  x:  1.09354   2.49583   4.51140   2.20039   1.40433   0.00000   2.12664   1.16470   0.67915   0.23194   0.25856   0.24777   2.29953   0.00604   0.24945   0.21868   0.09466   0.08476   0.03159   1.27826   0.03153   0.01059   1.07383  
 76  0.4042   7951.874824  x:  1.09802   2.54087   4.55179   2.21456   1.39511   0.00000   2.14600   1.17787   0.67873   0.23231   0.26016   0.24699   2.34751   0.00605   0.24947   0.21853   0.09474   0.08475   0.03159   1.27671   0.03110   0.01058   1.07792  
 77  0.3606   7951.859949  x:  1.10556   2.56921   4.62622   2.25700   1.43037   0.00000   2.16220   1.19409   0.68235   0.23240   0.25796   0.25044   2.38315   0.00604   0.24916   0.21836   0.09478   0.08465   0.03166   1.27519   0.03058   0.01059   1.08336  
 78  0.6736   7951.851706  x:  1.11531   2.57175   4.68558   2.27589   1.42684   0.00000   2.18014   1.19984   0.68224   0.23223   0.25880   0.25006   2.36952   0.00603   0.24923   0.21828   0.09481   0.08465   0.03166   1.27418   0.03039   0.01059   1.08767  
 79  0.4167   7951.850015  x:  1.11963   2.56709   4.70040   2.26902   1.43027   0.00000   2.18124   1.20246   0.68253   0.23112   0.25920   0.24962   2.37975   0.00603   0.24933   0.21837   0.09479   0.08468   0.03165   1.27361   0.03039   0.01058   1.09255  
 80  0.0421   7951.847848  x:  1.12250   2.57926   4.70577   2.28675   1.43297   0.00000   2.19292   1.20507   0.68257   0.23014   0.25947   0.24931   2.38302   0.00602   0.24947   0.21854   0.09474   0.08473   0.03163   1.27271   0.03034   0.01058   1.10186  
 81  0.0707   7951.847581  x:  1.12575   2.58428   4.71232   2.28935   1.43603   0.00000   2.19874   1.20892   0.68229   0.23038   0.25974   0.24902   2.38828   0.00601   0.24947   0.21851   0.09475   0.08472   0.03163   1.27246   0.03026   0.01058   1.11297  
 82  0.0133   7951.847307  x:  1.12658   2.57929   4.70607   2.28705   1.43609   0.00000   2.19626   1.20897   0.68130   0.23109   0.26002   0.24890   2.38267   0.00593   0.24948   0.21840   0.09479   0.08470   0.03165   1.27208   0.03030   0.01058   1.18230  
 83  0.0088   7951.845513  x:  1.12599   2.58234   4.70749   2.28818   1.43516   0.00000   2.19613   1.20823   0.68271   0.23020   0.25984   0.24904   2.38707   0.00550   0.24998   0.21858   0.09474   0.08475   0.03163   1.27185   0.03027   0.01057   1.59346  
 84  0.0514   7951.843638  x:  1.12315   2.58796   4.72076   2.29063   1.43471   0.00000   2.20105   1.20721   0.68257   0.23014   0.25899   0.24938   2.39120   0.00532   0.25015   0.21855   0.09475   0.08469   0.03161   1.27429   0.03025   0.01057   2.52351  
 85  0.1744   7951.842947  x:  1.12442   2.58494   4.71507   2.28940   1.43542   0.00000   2.19927   1.20807   0.68214   0.23046   0.25944   0.24919   2.38830   0.00513   0.25030   0.21850   0.09476   0.08471   0.03163   1.27333   0.03027   0.01057   2.88144  
 86  0.3912   7951.842495  x:  1.12577   2.58158   4.70786   2.28791   1.43602   0.00000   2.19678   1.20883   0.68191   0.23064   0.25996   0.24897   2.38540   0.00519   0.25022   0.21849   0.09477   0.08473   0.03164   1.27207   0.03028   0.01056   3.03258  
 87  0.1840   7951.841831  x:  1.12533   2.58233   4.70825   2.28825   1.43489   0.00000   2.19623   1.20800   0.68267   0.23019   0.25979   0.24899   2.38705   0.00498   0.25048   0.21858   0.09476   0.08474   0.03163   1.27203   0.03028   0.01056   4.24193  
 88  0.3126   7951.841206  x:  1.12527   2.58424   4.71367   2.28928   1.43519   0.00000   2.19873   1.20813   0.68229   0.23046   0.25947   0.24916   2.38804   0.00504   0.25039   0.21852   0.09476   0.08471   0.03163   1.27304   0.03027   0.01056   5.52692  
 89  0.4559   7951.840817  x:  1.12563   2.58339   4.71196   2.28889   1.43564   0.00000   2.19833   1.20854   0.68205   0.23060   0.25963   0.24912   2.38704   0.00490   0.25050   0.21850   0.09476   0.08472   0.03163   1.27277   0.03027   0.01056   6.98875  
 90  1.1778   7951.840545  x:  1.12611   2.58339   4.70994   2.28925   1.43640   0.00000   2.19761   1.20937   0.68242   0.23036   0.26000   0.24897   2.38749   0.00483   0.25059   0.21854   0.09476   0.08474   0.03163   1.27177   0.03026   0.01056   9.76283  
 91  1.0190   7951.840265  x:  1.12505   2.58283   4.71037   2.28849   1.43526   0.00000   2.19727   1.20818   0.68230   0.23043   0.25972   0.24903   2.38688   0.00489   0.25054   0.21853   0.09476   0.08472   0.03163   1.27248   0.03028   0.01056  11.88626  
 92  0.8129   7951.840098  x:  1.12498   2.58295   4.71112   2.28847   1.43515   0.00000   2.19766   1.20804   0.68215   0.23051   0.25962   0.24908   2.38683   0.00481   0.25061   0.21852   0.09476   0.08471   0.03163   1.27278   0.03028   0.01056  15.27193  
 93  2.2997   7951.839940  x:  1.12648   2.58408   4.71176   2.28970   1.43658   0.00000   2.19869   1.20955   0.68225   0.23047   0.25987   0.24906   2.38794   0.00477   0.25063   0.21852   0.09476   0.08474   0.03163   1.27210   0.03025   0.01056  22.60961  
 94  2.3496   7951.839811  x:  1.12534   2.58292   4.71049   2.28856   1.43530   0.00000   2.19736   1.20826   0.68230   0.23043   0.25970   0.24907   2.38693   0.00481   0.25061   0.21853   0.09477   0.08472   0.03163   1.27250   0.03028   0.01056  27.97757  
 95  2.2523   7951.839734  x:  1.12551   2.58369   4.71218   2.28918   1.43557   0.00000   2.19823   1.20856   0.68229   0.23048   0.25967   0.24907   2.38758   0.00476   0.25066   0.21852   0.09476   0.08472   0.03163   1.27260   0.03027   0.01056  37.49486  
 96  4.7718   7951.839649  x:  1.12608   2.58349   4.71078   2.28920   1.43636   0.00000   2.19822   1.20926   0.68218   0.23051   0.25989   0.24903   2.38738   0.00476   0.25064   0.21852   0.09476   0.08474   0.03164   1.27214   0.03026   0.01056  60.95014  
 97  5.7233   7951.839598  x:  1.12532   2.58348   4.71172   2.28898   1.43544   0.00000   2.19792   1.20839   0.68231   0.23043   0.25967   0.24907   2.38742   0.00475   0.25067   0.21853   0.09477   0.08472   0.03163   1.27259   0.03027   0.01056  77.73649  
 98  7.8999   7951.839560  x:  1.12604   2.58351   4.71120   2.28919   1.43611   0.00000   2.19823   1.20909   0.68219   0.23053   0.25981   0.24905   2.38737   0.00475   0.25065   0.21852   0.09476   0.08473   0.03163   1.27229   0.03026   0.01056  122.44520  
 99  9.4487   7951.839533  x:  1.12538   2.58352   4.71170   2.28900   1.43544   0.00000   2.19792   1.20839   0.68233   0.23042   0.25967   0.24908   2.38749   0.00475   0.25067   0.21853   0.09477   0.08472   0.03163   1.27257   0.03027   0.01056  177.67104  
100 19.1344   7951.839517  x:  1.12579   2.58348   4.71133   2.28912   1.43593   0.00000   2.19814   1.20889   0.68222   0.23050   0.25978   0.24905   2.38736   0.00474   0.25066   0.21852   0.09476   0.08473   0.03163   1.27237   0.03027   0.01056  252.09967  
101 24.5488   7951.839498  x:  1.12536   2.58352   4.71162   2.28900   1.43551   0.00000   2.19793   1.20845   0.68232   0.23042   0.25969   0.24907   2.38748   0.00475   0.25067   0.21853   0.09477   0.08472   0.03163   1.27254   0.03027   0.01056  513.50122  
102 47.3651   7951.839495  x:  1.12561   2.58350   4.71147   2.28907   1.43573   0.00000   2.19804   1.20868   0.68226   0.23047   0.25973   0.24906   2.38741   0.00474   0.25067   0.21852   0.09476   0.08472   0.03163   1.27245   0.03027   0.01056  538.83001  
103 20.8503   7951.839494  x:  1.12578   2.58349   4.71138   2.28911   1.43587   0.00000   2.19812   1.20883   0.68223   0.23050   0.25976   0.24905   2.38738   0.00474   0.25067   0.21852   0.09476   0.08473   0.03163   1.27240   0.03027   0.01056  665.10746  
104 77.4941   7951.839489  x:  1.12555   2.58351   4.71152   2.28904   1.43565   0.00000   2.19800   1.20860   0.68229   0.23045   0.25971   0.24907   2.38745   0.00474   0.25067   0.21853   0.09477   0.08472   0.03163   1.27249   0.03027   0.01056  850.17327  
105 49.7690   7951.839488  x:  1.12563   2.58350   4.71147   2.28907   1.43573   0.00000   2.19805   1.20869   0.68227   0.23047   0.25973   0.24906   2.38742   0.00474   0.25067   0.21852   0.09476   0.08472   0.03163   1.27245   0.03027   0.01056  999.00000  
106 79.3869   7951.839487  x:  1.12564   2.58350   4.71147   2.28907   1.43574   0.00000   2.19805   1.20870   0.68226   0.23047   0.25974   0.24906   2.38742   0.00474   0.25067   0.21852   0.09476   0.08472   0.03163   1.27245   0.03027   0.01056  999.00000  
107  0.0000   7951.839487  x:  1.12563   2.58349   4.71145   2.28907   1.43574   0.00000   2.19805   1.20870   0.68226   0.23047   0.25974   0.24906   2.38741   0.00474   0.25067   0.21852   0.09476   0.08472   0.03163   1.27245   0.03027   0.01056  999.00000  
108  0.0020   7951.839487  x:  1.12560   2.58343   4.71133   2.28901   1.43571   0.00000   2.19799   1.20867   0.68226   0.23047   0.25974   0.24906   2.38735   0.00474   0.25067   0.21852   0.09476   0.08472   0.03163   1.27245   0.03027   0.01056  999.00000  
109  0.0001   7951.839487  x:  1.12549   2.58319   4.71088   2.28880   1.43561   0.00000   2.19776   1.20854   0.68223   0.23047   0.25974   0.24906   2.38714   0.00474   0.25067   0.21852   0.09476   0.08472   0.03163   1.27246   0.03027   0.01056  999.00000  
110  0.0003   7951.839487  x:  1.12539   2.58297   4.71048   2.28861   1.43550   0.00000   2.19755   1.20843   0.68222   0.23046   0.25973   0.24906   2.38694   0.00474   0.25067   0.21852   0.09476   0.08472   0.03163   1.27247   0.03027   0.01056  999.00000  
111  0.0005   7951.839487  x:  1.12538   2.58293   4.71041   2.28858   1.43548   0.00000   2.19751   1.20841   0.68221   0.23046   0.25973   0.24906   2.38690   0.00474   0.25067   0.21852   0.09476   0.08472   0.03163   1.27247   0.03027   0.01056  999.00000  
112  0.0001   7951.839487  x:  1.12543   2.58303   4.71060   2.28866   1.43552   0.00000   2.19761   1.20846   0.68222   0.23046   0.25973   0.24906   2.38700   0.00474   0.25067   0.21852   0.09476   0.08472   0.03163   1.27247   0.03027   0.01056  999.00000  