

TREE # 1

  0  0.0000   3433.463016  x:  0.50868   1.33949   1.21253   0.31231   1.09368   0.13939   0.99823   0.22032   0.60566   0.42447   0.08668   0.26548   0.88171   0.19074   0.00519   0.28129   0.01326   0.00000   0.03570   2.00000   0.20000   0.20000   0.20000  
  1 99.0000   3429.621187  x:  0.50901   1.33961   1.21268   0.31293   1.09376   0.13980   0.99819   0.22050   0.60569   0.42454   0.08683   0.26554   0.88204   0.19092   0.00554   0.28112   0.01732   0.02530   0.03516   1.99981   0.20117   0.19943   0.20000  
  2 3867.1155   3402.472562  x:  0.52550   1.34543   1.22015   0.34418   1.09753   0.16039   0.99593   0.22951   0.60710   0.42824   0.09459   0.26857   0.89857   0.19729   0.02120   0.27052   0.17565   0.01951   0.00000   1.99020   0.25804   0.17126   0.20057  
  3 550.8231   3399.054521  x:  0.53149   1.34754   1.22286   0.35554   1.09888   0.16784   0.99508   0.23277   0.60760   0.42957   0.09739   0.26964   0.90459   0.19939   0.02665   0.26656   0.23121   0.01736   0.00745   1.98673   0.27785   0.16101   0.20077  
  4 5427.8020   3373.496051  x:  0.58641   1.36471   1.24629   0.46108   1.10674   0.22944   0.97826   0.25667   0.60643   0.43542   0.11755   0.27301   0.96275   0.16453   0.01467   0.19833   0.26254   0.01648   0.00803   1.95936   0.21090   0.03926   0.20424  
  5 180.8219   3345.405556  x:  0.74647   1.42056   1.32046   0.74556   1.13203   0.39109   0.93278   0.32643   0.61100   0.45658   0.15785   0.27651   1.13103   0.11652   0.05969   0.04741   0.23122   0.01788   0.00707   1.86204   0.22689   0.08457   0.21518  
  6 203.9267   3331.898229  x:  0.85775   1.46217   1.37607   0.92860   1.14500   0.48714   0.89357   0.36793   0.61479   0.46827   0.16293   0.26743   1.24741   0.11317   0.12988   0.11978   0.23393   0.01772   0.00695   1.78937   0.16093   0.12360   0.22413  
  7 239.8996   3326.168498  x:  0.91804   1.48849   1.41119   1.01639   1.15037   0.52791   0.86979   0.38726   0.62057   0.47455   0.15260   0.25757   1.30995   0.09424   0.14951   0.19069   0.20475   0.01863   0.00658   1.74473   0.19696   0.09612   0.22998  
  8 222.3880   3323.820995  x:  0.95555   1.51864   1.45235   1.02408   1.14129   0.50220   0.83704   0.38159   0.63508   0.47392   0.10198   0.24045   1.34603   0.03684   0.12501   0.20143   0.21524   0.01843   0.00662   1.69989   0.19072   0.10962   0.23850  
  9 40.0728   3318.718980  x:  1.06815   1.63239   1.61212   0.97457   1.09695   0.34695   0.71196   0.34532   0.69552   0.46795   0.09649   0.29393   1.45445   0.00000   0.19091   0.18501   0.21500   0.01845   0.00669   1.53711   0.18144   0.09124   0.27375  
 10 42.3730   3317.445747  x:  1.10195   1.67990   1.68989   0.93082   1.10387   0.32505   0.69098   0.38063   0.70658   0.45863   0.10692   0.22202   1.50189   0.00000   0.16464   0.17252   0.21363   0.01845   0.00674   1.48915   0.17705   0.08310   0.29661  
 11 16.7547   3316.750577  x:  1.12662   1.72441   1.76723   0.88171   1.12273   0.33027   0.68378   0.41980   0.70989   0.44411   0.13307   0.20681   1.54763   0.06408   0.12353   0.17502   0.21555   0.01841   0.00675   1.46070   0.17175   0.08493   0.32260  
 12 24.8531   3316.301887  x:  1.13901   1.74903   1.80903   0.85686   1.13706   0.34384   0.68371   0.43739   0.70979   0.43618   0.13873   0.22868   1.57365   0.06860   0.08743   0.17998   0.21717   0.01838   0.00675   1.45426   0.16874   0.08864   0.33832  
 13 30.6411   3315.645326  x:  1.15506   1.78960   1.87530   0.81651   1.16528   0.37725   0.69130   0.45605   0.70729   0.42646   0.09350   0.25644   1.61574   0.08822   0.07697   0.17169   0.21457   0.01842   0.00677   1.46305   0.16530   0.08203   0.36688  
 14 23.6562   3313.678948  x:  1.19741   1.95102   2.09249   0.72328   1.25361   0.48087   0.76084   0.37703   0.70570   0.50440   0.12127   0.24243   1.77882   0.05361   0.11794   0.17241   0.21313   0.01849   0.00678   1.63595   0.15474   0.07647   0.49674  
 15  9.6288   3309.648718  x:  1.08673   2.16048   2.27588   1.01812   1.26645   0.31603   1.01997   0.49598   0.71769   0.46103   0.11827   0.27308   1.98259   0.03010   0.14874   0.17226   0.20948   0.01863   0.00680   1.74544   0.13418   0.06084   0.80699  
 16  5.2900   3305.255872  x:  0.92891   2.25517   2.32458   1.28374   1.29752   0.44700   0.90238   0.41041   0.84610   0.57722   0.11907   0.26895   2.01079   0.05929   0.11614   0.16596   0.20267   0.01877   0.00681   1.59487   0.11413   0.04421   1.13234  
 17  9.1107   3302.988011  x:  0.94923   2.25492   2.32101   1.38507   1.26458   0.53549   0.71292   0.38108   0.73351   0.43614   0.14137   0.24912   1.99858   0.04379   0.13211   0.16306   0.20026   0.01881   0.00686   1.58992   0.11831   0.04012   1.29484  
 18 12.1285   3301.641596  x:  1.08360   2.18246   2.28471   1.38811   1.17049   0.59076   0.59591   0.53506   0.67672   0.50188   0.14380   0.26422   1.95996   0.01453   0.16976   0.16374   0.19785   0.01890   0.00685   1.60883   0.11647   0.03761   1.40953  
 19  8.3889   3299.466575  x:  1.53187   1.93468   2.20993   1.43842   0.93710   0.66250   0.66277   0.47369   0.72706   0.49742   0.14141   0.26013   1.96200   0.05620   0.11897   0.16083   0.19356   0.01892   0.00686   1.62321   0.11506   0.04295   1.61781  
 20  6.5230   3298.581669  x:  1.64364   1.83160   2.15895   1.42969   1.02663   0.70118   0.73691   0.48215   0.74364   0.45055   0.15479   0.26046   1.96213   0.01801   0.16304   0.16143   0.19274   0.01893   0.00684   1.52451   0.10859   0.04334   1.71307  
 21  4.8997   3296.840219  x:  1.70029   1.69411   2.10563   1.58578   1.27937   0.61441   0.65077   0.47146   0.66674   0.53589   0.15037   0.26440   2.06362   0.02744   0.14573   0.16207   0.19189   0.01880   0.00685   1.52563   0.10985   0.05679   1.94732  
 22  4.1156   3295.457600  x:  1.60625   1.77917   2.13305   1.71394   1.22829   0.69306   0.59392   0.53732   0.82426   0.47044   0.16163   0.26087   2.06341   0.00000   0.17341   0.16785   0.18909   0.01876   0.00678   1.57660   0.11149   0.06837   2.12971  
 23  3.4176   3295.457600  x:  1.60625   1.77917   2.13305   1.71394   1.22829   0.69306   0.59392   0.53732   0.82426   0.47044   0.16163   0.26087   2.06341   0.00000   0.17341   0.16785   0.18909   0.01876   0.00678   1.57660   0.11149   0.06837   2.12971  
 24  6.5647   3294.548444  x:  1.60658   1.77957   2.13342   1.71458   1.22835   0.69345   0.59459   0.53771   0.82411   0.47076   0.16168   0.26085   2.06379   0.00001   0.17344   0.16573   0.18946   0.01068   0.00645   1.57600   0.12204   0.06628   2.12972  
 25 133.8370   3294.383810  x:  1.60678   1.77983   2.13364   1.71505   1.22829   0.69367   0.59504   0.53792   0.82385   0.47092   0.16164   0.26077   2.06403   0.00001   0.17350   0.16392   0.18981   0.00644   0.00676   1.57576   0.12077   0.06481   2.12972  
 26 67.4774   3294.098498  x:  1.60860   1.78213   2.13565   1.71925   1.22789   0.69572   0.59908   0.53985   0.82175   0.47244   0.16138   0.26013   2.06622   0.00017   0.17416   0.14886   0.19292   0.00723   0.00531   1.57332   0.12016   0.05453   2.12976  
 27 33.0743   3294.028459  x:  1.60930   1.78302   2.13642   1.72087   1.22774   0.69651   0.60062   0.54059   0.82095   0.47302   0.16130   0.25991   2.06707   0.00038   0.17456   0.14365   0.19419   0.00761   0.00760   1.57235   0.12019   0.05303   2.12977  
 28 95.3240   3293.632194  x:  1.61407   1.78904   2.14168   1.73180   1.22670   0.70183   0.61093   0.54553   0.81558   0.47689   0.16082   0.25850   2.07278   0.00273   0.17823   0.11323   0.20328   0.00746   0.00699   1.56564   0.11948   0.06048   2.12986  
 29 69.3409   3292.491328  x:  1.66436   1.85259   2.19712   1.84602   1.21573   0.75605   0.70927   0.59167   0.76326   0.51397   0.16240   0.25298   2.13272   0.00113   0.19631   0.12735   0.25981   0.00724   0.00683   1.50071   0.11233   0.05513   2.13082  
 30 15.1143   3292.430561  x:  1.66595   1.85458   2.19888   1.84956   1.21539   0.75765   0.71173   0.59276   0.76195   0.51491   0.16254   0.25312   2.13459   0.00000   0.19583   0.12734   0.25884   0.00724   0.00684   1.49912   0.11213   0.05527   2.13085  
 31 44.4004   3291.700750  x:  1.71384   1.91343   2.25368   1.95589   1.20546   0.80279   0.76865   0.61598   0.73354   0.53811   0.16077   0.25684   2.19121   0.00000   0.23783   0.12739   0.21601   0.00715   0.00684   1.46657   0.10690   0.05633   2.13179  
 32 70.6339   3289.064043  x:  1.97611   2.21828   2.57692   2.51355   1.16176   0.98596   0.74311   0.56269   0.81232   0.55893   0.11242   0.29743   2.49726   0.00000   0.23151   0.12686   0.23914   0.00694   0.00691   1.59731   0.09236   0.06079   2.13749  
 33 15.1612   3288.745923  x:  2.00802   2.25477   2.61934   2.58152   1.15891   1.00478   0.73609   0.56357   0.83220   0.56051   0.15485   0.29863   2.53502   0.00000   0.23330   0.12626   0.24105   0.00689   0.00690   1.61829   0.09013   0.06063   2.13835  
 34 29.5271   3288.471403  x:  2.02957   2.27838   2.65478   2.62819   1.16320   1.01102   0.72714   0.58225   0.86413   0.55764   0.17235   0.24598   2.56185   0.00000   0.22960   0.12726   0.23318   0.00686   0.00687   1.63854   0.08884   0.06013   2.13930  
 35 12.4486   3288.251797  x:  2.03666   2.28260   2.69517   2.64942   1.19025   0.98859   0.71412   0.64763   0.92830   0.53878   0.16309   0.26569   2.57708   0.00000   0.22485   0.12838   0.21932   0.00681   0.00678   1.65247   0.08722   0.05704   2.14129  
 36  3.7649   3287.844537  x:  2.06713   2.30306   2.90292   2.75630   1.31599   0.87031   0.73578   0.70810   0.90899   0.48589   0.16771   0.26307   2.65789   0.00000   0.21974   0.12718   0.22912   0.00702   0.00682   1.62393   0.08480   0.06113   2.15347  
 37  1.7778   3287.434194  x:  2.07871   2.29580   3.10127   2.83650   1.45248   0.77315   0.75338   0.69569   0.92390   0.59866   0.16727   0.26497   2.72217   0.00000   0.20838   0.12731   0.22376   0.00722   0.00678   1.61309   0.08240   0.06243   2.16836  
 38  5.6561   3287.169964  x:  2.07395   2.27347   3.18104   2.85736   1.52701   0.80682   0.78584   0.65120   0.90817   0.58208   0.17066   0.26538   2.74154   0.00000   0.19690   0.12842   0.20794   0.00737   0.00668   1.65207   0.08398   0.06047   2.17968  
 39  2.4993   3286.823669  x:  2.11515   2.29748   3.26599   2.93549   1.53986   0.98903   0.82825   0.67900   0.98770   0.58367   0.17587   0.26239   2.79546   0.00000   0.18934   0.12702   0.21643   0.00757   0.00672   1.60834   0.07986   0.06505   2.20066  
 40  2.3079   3286.497278  x:  2.20053   2.37802   3.28802   2.98872   1.37488   1.04410   0.79560   0.73695   0.96862   0.59663   0.17852   0.26274   2.84853   0.00000   0.17935   0.12634   0.21221   0.00780   0.00666   1.60354   0.08162   0.06546   2.22483  
 41  1.9279   3286.218895  x:  2.39804   2.61094   3.26035   3.05479   1.37204   1.03346   0.92217   0.71370   1.02403   0.59381   0.17948   0.26617   2.95146   0.00000   0.17627   0.12538   0.20669   0.00780   0.00662   1.61393   0.07708   0.06550   2.26141  
 42  1.0351   3286.054779  x:  2.50553   2.74362   3.24214   3.11713   1.45038   1.08254   0.88685   0.74953   0.98039   0.61690   0.18090   0.26727   3.02211   0.00000   0.17470   0.12453   0.20334   0.00773   0.00657   1.60527   0.07352   0.06421   2.28704  
 43  2.1745   3286.010940  x:  2.48233   2.74132   3.24816   3.21516   1.45014   1.09301   0.91126   0.77921   0.96762   0.63200   0.18007   0.26956   3.05535   0.00000   0.17616   0.12437   0.20536   0.00766   0.00661   1.63610   0.07327   0.06505   2.30378  
 44  0.5573   3285.939312  x:  2.42386   2.72654   3.27048   3.38406   1.43651   1.09600   0.91413   0.76904   0.97242   0.62495   0.18172   0.26913   3.10659   0.00000   0.17707   0.12412   0.20308   0.00748   0.00660   1.60176   0.07227   0.06258   2.33593  
 45  1.6414   3285.903151  x:  2.42259   2.78059   3.40940   3.42072   1.42308   1.13415   0.92674   0.77833   0.96882   0.63262   0.18144   0.27045   3.08321   0.00000   0.17990   0.12436   0.20418   0.00735   0.00664   1.60235   0.07124   0.06151   2.37440  
 46  0.3166   3285.870466  x:  2.54866   2.77714   3.47261   3.47063   1.46601   1.15207   0.94015   0.78910   0.98007   0.64080   0.18145   0.27107   3.14215   0.00000   0.18220   0.12527   0.20666   0.00736   0.00669   1.60303   0.07033   0.06071   2.44520  
 47  0.2052   3285.857879  x:  2.55195   2.84531   3.52744   3.51940   1.49857   1.16184   0.95402   0.79923   1.00409   0.64670   0.18187   0.27085   3.22426   0.00000   0.18023   0.12593   0.20596   0.00757   0.00668   1.61102   0.06890   0.06138   2.51773  
 48  0.1406   3285.855904  x:  2.56546   2.85441   3.53915   3.55167   1.50439   1.16001   0.95379   0.80243   1.00932   0.64752   0.18216   0.27068   3.20698   0.00000   0.18025   0.12546   0.20546   0.00752   0.00665   1.61186   0.06879   0.06162   2.56774  
 49  0.0620   3285.854381  x:  2.58223   2.84333   3.56314   3.56248   1.49897   1.16339   0.95414   0.80534   1.01141   0.64858   0.18228   0.27088   3.21993   0.00000   0.18041   0.12503   0.20504   0.00745   0.00662   1.61243   0.06853   0.06172   2.63564  
 50  0.0849   3285.849862  x:  2.56408   2.85913   3.56207   3.55597   1.49578   1.16017   0.94618   0.80745   1.01004   0.64850   0.18246   0.27134   3.24726   0.00000   0.18196   0.12461   0.20620   0.00740   0.00661   1.61366   0.06876   0.06157   2.91178  
 51  0.0951   3285.830530  x:  2.57782   2.85397   3.53842   3.55658   1.50318   1.14505   0.94063   0.80260   1.00591   0.64506   0.18290   0.27148   3.20387   0.00000   0.17999   0.12705   0.20814   0.00779   0.00669   1.61326   0.06865   0.06132   4.29096  
 52  0.2687   3285.812081  x:  2.54272   2.82345   3.52075   3.50875   1.49157   1.15008   0.94801   0.79655   1.00283   0.64307   0.18166   0.27023   3.20113   0.00000   0.18052   0.12540   0.20317   0.00739   0.00653   1.61436   0.06948   0.06193   5.85974  
 53  0.6515   3285.800734  x:  2.56712   2.85111   3.54209   3.55002   1.49969   1.16588   0.95543   0.80224   1.00842   0.64842   0.18187   0.27117   3.21614   0.00000   0.18103   0.12410   0.20801   0.00752   0.00649   1.60813   0.06860   0.06122   8.43877  
 54  0.8914   3285.792732  x:  2.56326   2.83873   3.53688   3.53641   1.49231   1.16344   0.95011   0.80308   1.00432   0.64793   0.18202   0.27097   3.21044   0.00000   0.17977   0.12678   0.20415   0.00769   0.00661   1.61266   0.06899   0.06168  11.69784  
 55  1.2878   3285.786631  x:  2.55807   2.84451   3.52504   3.52797   1.49719   1.15574   0.95090   0.79956   1.00680   0.64591   0.18241   0.27055   3.21035   0.00000   0.18101   0.12463   0.20571   0.00728   0.00647   1.61252   0.06897   0.06157  16.84411  
 56  1.8319   3285.782497  x:  2.55959   2.83589   3.54020   3.53843   1.49412   1.15764   0.94920   0.80055   1.00550   0.64594   0.18211   0.27086   3.20866   0.00000   0.18031   0.12531   0.20603   0.00778   0.00651   1.61118   0.06900   0.06151  23.83274  
 57  2.6771   3285.779393  x:  2.56103   2.84511   3.53305   3.53479   1.49917   1.15857   0.95117   0.80169   1.00551   0.64689   0.18190   0.27084   3.21177   0.00000   0.18059   0.12593   0.20493   0.00738   0.00656   1.61241   0.06889   0.06164  34.44129  
 58  3.6157   3285.777227  x:  2.55924   2.83715   3.53371   3.53313   1.49319   1.15842   0.95057   0.80032   1.00566   0.64606   0.18192   0.27092   3.20898   0.00000   0.18042   0.12471   0.20604   0.00762   0.00644   1.61157   0.06903   0.06152  50.37554  
 59  5.2790   3285.775719  x:  2.56164   2.84492   3.53415   3.53742   1.49723   1.15930   0.95047   0.80155   1.00610   0.64690   0.18214   0.27082   3.21137   0.00000   0.18068   0.12597   0.20519   0.00750   0.00657   1.61182   0.06889   0.06159  73.78467  
 60  7.5079   3285.774707  x:  2.55873   2.83740   3.53428   3.53254   1.49471   1.15808   0.95034   0.80034   1.00547   0.64619   0.18208   0.27077   3.20932   0.00000   0.18016   0.12497   0.20579   0.00752   0.00646   1.61236   0.06903   0.06154  107.54951  
 61 10.9976   3285.774052  x:  2.56125   2.84319   3.53358   3.53610   1.49658   1.15876   0.95078   0.80113   1.00598   0.64666   0.18210   0.27085   3.21072   0.00000   0.18101   0.12547   0.20537   0.00758   0.00652   1.61138   0.06891   0.06159  152.84118  
 62 16.2482   3285.773603  x:  2.55984   2.84051   3.53528   3.53532   1.49598   1.15839   0.95035   0.80106   1.00562   0.64647   0.18201   0.27084   3.21033   0.00000   0.18007   0.12557   0.20561   0.00749   0.00652   1.61216   0.06897   0.06154  214.19003  
 63 24.3079   3285.773262  x:  2.56019   2.84045   3.53314   3.53372   1.49542   1.15840   0.95068   0.80081   1.00575   0.64639   0.18203   0.27084   3.21000   0.00000   0.18075   0.12510   0.20552   0.00757   0.00647   1.61189   0.06897   0.06158  308.69946  
 64 34.1837   3285.773014  x:  2.56036   2.84172   3.53477   3.53608   1.49621   1.15874   0.95040   0.80106   1.00582   0.64655   0.18206   0.27085   3.21049   0.00000   0.18039   0.12563   0.20554   0.00752   0.00654   1.61180   0.06894   0.06155  453.54294  
 65 46.9539   3285.772844  x:  2.56007   2.84027   3.53373   3.53398   1.49554   1.15846   0.95060   0.80080   1.00571   0.64644   0.18206   0.27081   3.21009   0.00000   0.18056   0.12517   0.20552   0.00754   0.00648   1.61208   0.06897   0.06157  668.34462  
 66 67.0163   3285.772730  x:  2.56036   2.84161   3.53447   3.53575   1.49610   1.15864   0.95047   0.80101   1.00580   0.64654   0.18207   0.27084   3.21041   0.00000   0.18047   0.12556   0.20556   0.00753   0.00653   1.61173   0.06894   0.06156  999.00000  
 67 96.9445   3285.772710  x:  2.56022   2.84098   3.53415   3.53492   1.49585   1.15855   0.95053   0.80093   1.00576   0.64649   0.18206   0.27083   3.21027   0.00000   0.18051   0.12538   0.20554   0.00754   0.00650   1.61191   0.06896   0.06156  999.00000  
 68  0.0012   3285.772709  x:  2.56011   2.84086   3.53400   3.53475   1.49579   1.15850   0.95050   0.80090   1.00572   0.64647   0.18206   0.27083   3.21014   0.00000   0.18051   0.12538   0.20554   0.00754   0.00651   1.61192   0.06896   0.06157  999.00000  