

TREE # 1

  0  0.0000   6768.646868  x:  0.00000   0.41710   0.39454   0.18631   0.28180   0.08623   0.24824   0.10004   0.23123   0.22883   0.12779   0.10387   0.27139   0.10331   0.06816   0.09640   0.10572   0.06141   0.07630   2.00000   0.20000   0.20000   0.20000  
  1 99.0000   6347.626798  x:  0.93237   0.49757   0.48624   0.31444   0.34289   0.17254   0.32286   0.16407   0.26445   0.24434   0.17133   0.14633   0.37632   0.12419   0.08849   0.10659   0.12149   0.00000   0.01724   1.98508   0.20424   0.16144   0.18604  
  2 4010.9194   6314.195140  x:  0.92866   0.51320   0.50272   0.33298   0.35613   0.18651   0.34108   0.17538   0.27333   0.24786   0.17826   0.15290   0.39341   0.12553   0.09239   0.10814   0.12501   0.00000   0.00099   1.98083   0.16490   0.14422   0.17993  
  3 657.7606   6291.833196  x:  0.92415   0.53323   0.52385   0.35669   0.37302   0.20427   0.36428   0.18979   0.28466   0.25239   0.18704   0.16121   0.41527   0.12717   0.09734   0.11010   0.12947   0.00685   0.00554   1.97529   0.11788   0.12204   0.17209  
  4 6031.9093   6251.234106  x:  0.91120   0.56113   0.55321   0.38870   0.39587   0.22723   0.39498   0.20877   0.30005   0.25901   0.19827   0.17144   0.44503   0.12817   0.10375   0.11251   0.13516   0.00000   0.00875   1.96632   0.12110   0.08963   0.16111  
  5 1202.3589   6230.293769  x:  0.90774   0.58582   0.57910   0.40376   0.40036   0.21990   0.39741   0.19969   0.29974   0.25654   0.18618   0.15621   0.46195   0.11455   0.11629   0.11077   0.13456   0.00000   0.00559   1.95054   0.11966   0.01366   0.14339  
  6 394.7085   6215.426075  x:  0.89972   0.66654   0.66439   0.44317   0.40521   0.17356   0.38961   0.15198   0.29060   0.24354   0.14370   0.10355   0.51186   0.06407   0.18313   0.12395   0.15012   0.00000   0.00466   1.88452   0.11654   0.02791   0.08885  
  7 193.7426   6211.276417  x:  0.89787   0.69597   0.69560   0.44514   0.40009   0.14078   0.37708   0.13028   0.28463   0.23838   0.16327   0.13023   0.52365   0.04237   0.21858   0.12203   0.14919   0.00000   0.01449   1.83936   0.11510   0.02399   0.06714  
  8 166.0524   6208.721767  x:  0.89688   0.70812   0.70855   0.43642   0.39847   0.12601   0.37155   0.13367   0.28398   0.23744   0.17626   0.14650   0.52503   0.03925   0.24242   0.11522   0.14332   0.00000   0.00497   1.79629   0.11450   0.02702   0.06099  
  9 103.4393   6203.687461  x:  0.89756   0.72403   0.72588   0.38510   0.40745   0.12034   0.36877   0.18959   0.29069   0.23832   0.16922   0.13655   0.51578   0.04442   0.30793   0.09861   0.12764   0.00000   0.00974   1.61166   0.11150   0.02306   0.06360  
 10 99.1099   6200.041874  x:  0.89821   0.71827   0.72088   0.35806   0.42070   0.14025   0.37030   0.19043   0.29104   0.23744   0.17012   0.14196   0.51418   0.01756   0.31849   0.12957   0.15302   0.00000   0.00807   1.45370   0.10913   0.01765   0.07441  
 11 125.6217   6197.037723  x:  0.89671   0.70823   0.71110   0.37074   0.42764   0.15828   0.37449   0.15312   0.28844   0.23533   0.16689   0.14395   0.53570   0.02201   0.29817   0.10991   0.13720   0.00000   0.00794   1.30789   0.10668   0.01948   0.09803  
 12 100.9469   6196.053812  x:  0.89568   0.70424   0.70766   0.39387   0.40867   0.12900   0.37853   0.16519   0.29516   0.23925   0.16934   0.14013   0.54903   0.02426   0.27858   0.11306   0.14571   0.00000   0.00818   1.26571   0.10557   0.01842   0.12010  
 13 30.9066   6195.354001  x:  0.89491   0.70847   0.71405   0.40144   0.41184   0.12580   0.38030   0.17148   0.29250   0.23331   0.16742   0.14226   0.54673   0.00772   0.27507   0.11078   0.13895   0.00000   0.00813   1.26200   0.10521   0.01885   0.14309  
 14 11.0173   6190.587941  x:  0.88725   0.75308   0.77471   0.44688   0.44304   0.11087   0.37785   0.17470   0.26368   0.18428   0.15298   0.16091   0.52477   0.00686   0.28856   0.13773   0.13261   0.00000   0.00851   1.25026   0.10446   0.01086   0.32264  
 15 73.0223   6186.441040  x:  0.88387   0.79694   0.83046   0.44851   0.46379   0.10625   0.36934   0.15664   0.29265   0.21595   0.16576   0.15145   0.50265   0.00125   0.27722   0.13431   0.14153   0.00000   0.00874   1.25029   0.10297   0.00812   0.42489  
 16 65.6656   6181.696484  x:  0.87970   0.87077   0.92465   0.43794   0.49786   0.09365   0.36150   0.14892   0.31044   0.23649   0.17354   0.14938   0.46107   0.01046   0.20822   0.14372   0.13865   0.00000   0.00910   1.24659   0.10080   0.00929   0.51571  
 17 200.0930   6160.859184  x:  0.86242   0.95059   1.05197   0.40692   0.44600   0.15090   0.44142   0.16674   0.24975   0.23910   0.18247   0.16638   0.54979   0.00802   0.15926   0.05790   0.24164   0.00000   0.00901   1.29117   0.10052   0.01162   0.58341  
 18 28.0302   6103.209333  x:  0.80452   1.07245   1.31156   0.43145   0.29091   0.31477   0.65430   0.19842   0.27163   0.35325   0.21505   0.20524   0.90781   0.00355   0.15822   0.21718   0.08686   0.00000   0.00873   1.45112   0.09975   0.01560   0.66503  
 19 133.0070   6045.324991  x:  0.73894   0.99229   1.34385   0.89411   0.80430   0.25684   0.58798   0.30522   0.60686   0.27445   0.20929   0.28231   1.04596   0.01316   0.24856   0.15607   0.17931   0.00000   0.00780   1.61748   0.09972   0.01886   0.46306  
 20 90.7941   6041.657404  x:  0.73758   1.01917   1.29983   0.92745   0.85381   0.23108   0.65637   0.29427   0.56746   0.25434   0.32253   0.19621   1.01073   0.01455   0.26319   0.16047   0.17080   0.00000   0.00806   1.62139   0.10016   0.01813   0.44605  
 21 38.9575   6040.325683  x:  0.73967   1.09008   1.22212   0.94545   0.87610   0.19653   0.74131   0.27529   0.54051   0.30159   0.29313   0.21517   0.96412   0.01528   0.27884   0.15920   0.17002   0.00000   0.00795   1.62047   0.10026   0.01749   0.43893  
 22 17.2831   6039.513030  x:  0.73734   1.22034   1.12461   0.95844   0.86276   0.22144   0.70070   0.28985   0.54472   0.29248   0.29816   0.21494   0.97515   0.01389   0.27258   0.15985   0.17079   0.00000   0.00794   1.61853   0.09923   0.01850   0.44408  
 23  7.5420   6035.815782  x:  0.73295   1.30226   1.17594   0.93231   0.81512   0.22552   0.80551   0.25516   0.68825   0.15733   0.28790   0.22084   1.00233   0.01369   0.27811   0.14854   0.17538   0.00000   0.00729   1.59896   0.09317   0.01834   0.50255  
 24  1.3048   6026.099915  x:  0.70624   1.39486   1.38824   1.00698   0.83184   0.26806   0.81932   0.29670   0.60824   0.22968   0.29000   0.22153   1.12426   0.01493   0.29532   0.14374   0.17664   0.00000   0.00663   1.53639   0.07233   0.01758   0.64275  
 25 11.5157   6017.657119  x:  0.68474   1.54655   1.53289   0.82999   1.08973   0.12108   0.88730   0.31852   0.54410   0.25511   0.27736   0.21381   1.58559   0.01695   0.24822   0.14714   0.16147   0.00000   0.00680   1.49838   0.07274   0.01405   0.89034  
 26  1.2821   6007.937708  x:  0.64629   1.71796   1.85832   1.07779   0.90825   0.29153   0.91813   0.35813   0.50076   0.29492   0.27286   0.20886   1.52681   0.01732   0.28596   0.11972   0.16565   0.00000   0.00651   1.37655   0.07666   0.01443   1.03791  
 27 11.1917   6001.346936  x:  0.61236   1.95715   2.12208   1.29447   0.99858   0.28449   1.04218   0.39427   0.49551   0.25947   0.25287   0.21638   1.63907   0.00254   0.25200   0.12348   0.16173   0.00000   0.01073   1.42587   0.06298   0.02858   1.31579  
 28  0.4406   5998.538782  x:  0.59366   2.10559   2.25477   1.43120   0.99122   0.31556   1.11171   0.39701   0.53232   0.26251   0.24998   0.19925   1.76430   0.01233   0.25242   0.09512   0.15777   0.00000   0.00908   1.52685   0.05812   0.01970   1.37490  
 29  0.4189   5995.856141  x:  0.57980   2.26995   2.42233   1.57954   1.00892   0.32702   1.19386   0.40103   0.53673   0.26732   0.25082   0.19035   1.89754   0.01324   0.25507   0.10808   0.17551   0.00000   0.00736   1.62690   0.06122   0.01821   1.53974  
 30  0.2847   5993.903043  x:  0.56182   2.52111   2.68376   1.80146   1.08941   0.32641   1.31459   0.42017   0.55083   0.26019   0.25283   0.19085   2.11517   0.00863   0.26080   0.12492   0.17922   0.00000   0.00662   1.62428   0.05217   0.02100   1.82326  
 31  0.3185   5991.415103  x:  0.57371   2.82081   2.98214   2.17416   1.23069   0.29881   1.45327   0.43080   0.62825   0.25600   0.25369   0.20097   2.44924   0.00750   0.27149   0.12329   0.14734   0.00000   0.00877   1.56306   0.04827   0.01764   2.13972  
 32  0.2227   5990.412713  x:  0.59213   2.97054   3.14338   2.36930   1.30131   0.28819   1.50510   0.44218   0.65000   0.25921   0.26860   0.20224   2.63301   0.00722   0.27640   0.12411   0.16729   0.00000   0.00775   1.55980   0.04327   0.01648   2.31942  
 33  0.2344   5988.946591  x:  0.66404   2.94488   3.14034   2.50170   1.36186   0.25303   1.45471   0.44673   0.65578   0.26966   0.29117   0.20598   2.70658   0.00641   0.27464   0.11754   0.19730   0.00000   0.00579   1.57279   0.04520   0.01730   2.33456  
 34  0.1026   5986.337754  x:  0.83979   2.97259   3.23565   2.90775   1.54449   0.16801   1.40212   0.46907   0.67324   0.29475   0.29678   0.21495   2.94899   0.00574   0.25840   0.09895   0.18817   0.00000   0.01099   1.58666   0.04020   0.01864   2.43130  
 35  0.1685   5983.808656  x:  1.03005   2.66555   2.98689   2.90431   1.48713   0.14974   1.25222   0.45593   0.61992   0.31838   0.27219   0.20689   2.78467   0.01367   0.27379   0.11235   0.15472   0.00000   0.00869   1.61742   0.04444   0.01570   2.11927  
 36  0.2109   5982.173970  x:  1.15715   2.64836   3.00173   2.98649   1.43473   0.16292   1.27091   0.45465   0.60649   0.28638   0.24862   0.20661   2.75064   0.00955   0.27982   0.13324   0.16278   0.00000   0.00511   1.59728   0.04237   0.02078   2.12552  
 37  0.0851   5980.877610  x:  1.30455   2.69584   3.05115   3.08791   1.34848   0.20152   1.33633   0.44277   0.62802   0.23049   0.24972   0.19385   2.75194   0.00879   0.27426   0.13048   0.18316   0.00000   0.01166   1.56514   0.04104   0.02024   2.18251  
 38  0.1012   5979.225933  x:  1.47961   2.76428   3.08002   3.16514   1.26447   0.25016   1.42754   0.43639   0.65926   0.20493   0.25588   0.19181   2.77359   0.01196   0.25945   0.10709   0.17036   0.00000   0.00866   1.55782   0.04071   0.01422   2.16025  
 39  0.0901   5977.390166  x:  1.72812   2.90470   3.19545   3.27560   1.23857   0.29038   1.56691   0.45370   0.64020   0.23136   0.25927   0.21758   2.85231   0.00305   0.26962   0.11336   0.16038   0.00000   0.00442   1.58062   0.03854   0.02107   2.22516  
 40  0.1401   5976.060731  x:  1.98422   3.04091   3.30829   3.31477   1.21863   0.33838   1.70421   0.46877   0.61461   0.28228   0.27435   0.22810   2.96867   0.00225   0.28139   0.12136   0.17254   0.00000   0.01065   1.62312   0.03645   0.02191   2.29527  
 41  0.1990   5974.863131  x:  2.20805   3.09409   3.31351   3.12135   1.20332   0.38682   1.80937   0.49039   0.60896   0.32458   0.28494   0.21840   3.02586   0.00970   0.26841   0.11575   0.16306   0.00000   0.00861   1.64884   0.03679   0.01657   2.19693  
 42  0.1400   5974.109719  x:  2.35366   3.25546   3.46404   3.09885   1.28659   0.39692   1.92362   0.52511   0.63815   0.32752   0.28638   0.21359   3.20503   0.00886   0.25968   0.11590   0.16134   0.00000   0.00703   1.63343   0.03336   0.01767   2.29151  
 43  0.2560   5973.320493  x:  2.45669   3.28445   3.49280   2.86103   1.36646   0.39503   1.96707   0.56158   0.66051   0.31572   0.27698   0.20693   3.25903   0.00542   0.25609   0.11959   0.16806   0.00000   0.00635   1.60952   0.03406   0.02260   2.26769  
 44  0.2328   5972.871898  x:  2.57812   3.39695   3.65276   2.90035   1.50991   0.37760   2.01132   0.60363   0.71023   0.29688   0.27472   0.20153   3.46037   0.00527   0.27876   0.11525   0.17172   0.00000   0.00824   1.62039   0.03204   0.02226   2.37156  
 45  0.1509   5972.596463  x:  2.67547   3.42387   3.72915   2.95412   1.58969   0.37374   2.00317   0.63452   0.74254   0.26929   0.27509   0.20021   3.53834   0.00639   0.27445   0.11287   0.16715   0.00000   0.00799   1.64711   0.03218   0.01966   2.41080  
 46  0.0815   5972.436517  x:  2.83232   3.53022   3.88336   3.06183   1.65249   0.39307   2.05614   0.67079   0.76307   0.25301   0.27616   0.20584   3.64554   0.00518   0.27088   0.11769   0.16821   0.00000   0.00735   1.65276   0.03047   0.01927   2.52173  
 47  0.1714   5972.321606  x:  2.92252   3.55147   3.96464   3.12721   1.65947   0.42204   2.06398   0.69344   0.74933   0.25326   0.27309   0.21423   3.61074   0.00439   0.27476   0.12191   0.16858   0.00000   0.00745   1.64159   0.03044   0.02015   2.56159  
 48  0.0619   5972.213389  x:  3.03244   3.63806   4.12301   3.23323   1.70480   0.45453   2.10673   0.72694   0.74256   0.26564   0.27319   0.21588   3.62488   0.00603   0.27579   0.11719   0.16728   0.00000   0.00752   1.63745   0.02923   0.01943   2.64355  
 49  0.1073   5972.165327  x:  2.98807   3.65648   4.16587   3.26242   1.72050   0.45861   2.10820   0.73009   0.73611   0.27231   0.27354   0.21158   3.57309   0.00639   0.27038   0.11496   0.16912   0.00000   0.00769   1.64308   0.02947   0.01984   2.67536  
 50  0.0450   5972.141725  x:  2.98361   3.70984   4.23361   3.30939   1.75581   0.45792   2.13418   0.73623   0.74607   0.27068   0.27417   0.20978   3.58304   0.00592   0.27074   0.11729   0.16930   0.00000   0.00759   1.65151   0.02901   0.01999   2.73711  
 51  0.0650   5972.131342  x:  2.96266   3.71395   4.22615   3.31291   1.75789   0.45212   2.14220   0.72815   0.75219   0.27039   0.27440   0.21003   3.56214   0.00604   0.27334   0.11796   0.16785   0.00000   0.00748   1.65179   0.02916   0.01961   2.74152  
 52  0.0156   5972.122354  x:  2.99469   3.73018   4.23016   3.32228   1.76471   0.44942   2.16609   0.72369   0.75893   0.26949   0.27443   0.21169   3.54362   0.00588   0.27244   0.11690   0.16831   0.00000   0.00759   1.64563   0.02899   0.01968   2.74947  
 53  0.0161   5972.117648  x:  3.00982   3.71715   4.20785   3.31770   1.76870   0.44101   2.16409   0.71845   0.75870   0.26734   0.27464   0.20998   3.52511   0.00618   0.27147   0.11758   0.16917   0.00000   0.00758   1.64883   0.02912   0.01962   2.73668  
 54  0.0150   5972.115501  x:  3.00974   3.71123   4.19888   3.32270   1.77452   0.43484   2.15646   0.71624   0.75535   0.26776   0.27459   0.20995   3.51467   0.00613   0.27243   0.11732   0.16817   0.00000   0.00756   1.64984   0.02913   0.01969   2.73541  
 55  0.0073   5972.112962  x:  2.98381   3.69917   4.17321   3.30133   1.77118   0.42826   2.13837   0.71018   0.74858   0.26975   0.27425   0.21105   3.49186   0.00608   0.27218   0.11690   0.16919   0.00000   0.00749   1.64722   0.02933   0.01963   2.73097  
 56  0.0129   5972.111162  x:  2.97880   3.69888   4.16431   3.27467   1.76947   0.42801   2.13068   0.70860   0.74732   0.26915   0.27345   0.21099   3.48206   0.00615   0.27191   0.11751   0.16864   0.00000   0.00758   1.64674   0.02940   0.01949   2.73048  
 57  0.0108   5972.109519  x:  2.97925   3.69939   4.16195   3.26524   1.76067   0.43187   2.12107   0.70607   0.74866   0.26763   0.27479   0.21055   3.46603   0.00606   0.27261   0.11709   0.16863   0.00000   0.00760   1.64876   0.02947   0.01963   2.73089  
 58  0.0048   5972.108710  x:  2.97094   3.69054   4.15072   3.25955   1.75201   0.43129   2.10889   0.70229   0.74952   0.26713   0.27428   0.21064   3.45951   0.00611   0.27201   0.11729   0.16870   0.00000   0.00751   1.64801   0.02956   0.01960   2.72598  
 59  0.0094   5972.108444  x:  2.97324   3.69136   4.15500   3.26387   1.75301   0.43102   2.10775   0.70191   0.74963   0.26822   0.27400   0.21052   3.45870   0.00613   0.27213   0.11734   0.16860   0.00000   0.00757   1.64691   0.02954   0.01961   2.72955  
 60  0.0036   5972.108275  x:  2.97860   3.69360   4.16046   3.26415   1.75490   0.43073   2.10804   0.70235   0.74922   0.26917   0.27449   0.21020   3.46401   0.00608   0.27216   0.11734   0.16868   0.00000   0.00756   1.64717   0.02951   0.01958   2.73383  
 61  0.0033   5972.108213  x:  2.97880   3.69377   4.16197   3.26383   1.75399   0.43031   2.10934   0.70157   0.74899   0.26930   0.27422   0.21023   3.46403   0.00606   0.27214   0.11732   0.16859   0.00000   0.00755   1.64734   0.02952   0.01961   2.73530  
 62  0.0009   5972.108168  x:  2.97920   3.69440   4.16517   3.26452   1.75373   0.43017   2.10986   0.70140   0.74875   0.26910   0.27418   0.21034   3.46569   0.00609   0.27220   0.11728   0.16868   0.00000   0.00756   1.64752   0.02951   0.01959   2.73805  
 63  0.0018   5972.108150  x:  2.97911   3.69452   4.16654   3.26477   1.75456   0.42967   2.11025   0.70136   0.74909   0.26882   0.27431   0.21035   3.46650   0.00610   0.27211   0.11733   0.16863   0.00000   0.00756   1.64728   0.02950   0.01960   2.73933  
 64  0.0010   5972.108149  x:  2.97899   3.69428   4.16648   3.26434   1.75466   0.42956   2.11006   0.70137   0.74908   0.26885   0.27429   0.21036   3.46655   0.00610   0.27212   0.11732   0.16863   0.00000   0.00755   1.64731   0.02950   0.01960   2.73927  
 65  0.0004   5972.108148  x:  2.97919   3.69419   4.16679   3.26436   1.75483   0.42950   2.11018   0.70147   0.74917   0.26885   0.27427   0.21040   3.46663   0.00610   0.27212   0.11732   0.16864   0.00000   0.00755   1.64738   0.02950   0.01960   2.73949  
 66  0.0001   5972.108146  x:  2.97873   3.69327   4.16648   3.26406   1.75437   0.42939   2.10985   0.70146   0.74906   0.26885   0.27429   0.21037   3.46577   0.00610   0.27211   0.11732   0.16863   0.00000   0.00756   1.64732   0.02951   0.01959   2.73954  
 67  0.0003   5972.108145  x:  2.97861   3.69299   4.16647   3.26383   1.75434   0.42930   2.10984   0.70150   0.74909   0.26884   0.27429   0.21036   3.46567   0.00610   0.27212   0.11732   0.16864   0.00000   0.00756   1.64730   0.02951   0.01959   2.73963  
 68  0.0003   5972.108144  x:  2.97863   3.69317   4.16650   3.26377   1.75441   0.42921   2.10990   0.70159   0.74916   0.26880   0.27429   0.21034   3.46580   0.00610   0.27213   0.11731   0.16865   0.00000   0.00755   1.64727   0.02951   0.01960   2.74023  
 69  0.0001   5972.108142  x:  2.97894   3.69416   4.16663   3.26415   1.75450   0.42897   2.11008   0.70190   0.74925   0.26875   0.27429   0.21034   3.46613   0.00610   0.27214   0.11731   0.16865   0.00000   0.00755   1.64725   0.02950   0.01960   2.74292  
 70  0.0010   5972.108141  x:  2.97896   3.69419   4.16654   3.26433   1.75436   0.42900   2.11003   0.70187   0.74915   0.26883   0.27429   0.21036   3.46597   0.00610   0.27212   0.11732   0.16863   0.00000   0.00756   1.64731   0.02951   0.01959   2.74319  
 71  0.0002   5972.108139  x:  2.97890   3.69438   4.16641   3.26434   1.75428   0.42892   2.11008   0.70193   0.74912   0.26887   0.27431   0.21036   3.46600   0.00610   0.27211   0.11733   0.16863   0.00000   0.00756   1.64734   0.02951   0.01959   2.74492  
 72  0.0002   5972.108129  x:  2.97849   3.69502   4.16570   3.26413   1.75388   0.42854   2.11028   0.70210   0.74902   0.26912   0.27438   0.21035   3.46611   0.00611   0.27209   0.11735   0.16862   0.00000   0.00756   1.64746   0.02951   0.01960   2.75955  
 73  0.0043   5972.108016  x:  2.97834   3.69478   4.16560   3.26392   1.75386   0.42857   2.11028   0.70202   0.74902   0.26913   0.27439   0.21033   3.46610   0.00610   0.27211   0.11735   0.16863   0.00000   0.00756   1.64746   0.02951   0.01960   2.81587  
 74  0.0070   5972.105937  x:  2.97716   3.69010   4.16478   3.26189   1.75423   0.42973   2.10928   0.70059   0.74910   0.26878   0.27430   0.21025   3.46489   0.00563   0.27255   0.11729   0.16868   0.00000   0.00755   1.64717   0.02952   0.01957   5.13888  
 75  1.3688   5972.105104  x:  2.98062   3.69540   4.16841   3.26659   1.75538   0.42933   2.11110   0.70219   0.74938   0.26870   0.27427   0.21040   3.46759   0.00590   0.27225   0.11732   0.16863   0.00000   0.00756   1.64736   0.02949   0.01956   6.17050  
 76  0.5250   5972.104375  x:  2.97766   3.69311   4.16439   3.26286   1.75360   0.42858   2.10893   0.70166   0.74880   0.26898   0.27429   0.21041   3.46421   0.00560   0.27257   0.11736   0.16864   0.00000   0.00756   1.64734   0.02952   0.01957   8.96115  
 77  0.9889   5972.103697  x:  2.97687   3.68857   4.16421   3.26221   1.75413   0.42985   2.10854   0.70032   0.74921   0.26844   0.27422   0.21028   3.46364   0.00577   0.27237   0.11728   0.16868   0.00000   0.00756   1.64710   0.02953   0.01953  14.62143  
 78  1.2266   5972.103364  x:  2.98004   3.69506   4.16819   3.26559   1.75533   0.42928   2.11126   0.70205   0.74931   0.26890   0.27432   0.21035   3.46781   0.00558   0.27258   0.11733   0.16865   0.00000   0.00755   1.64736   0.02949   0.01956  18.92615  
 79  2.5445   5972.102985  x:  2.97855   3.69475   4.16449   3.26361   1.75357   0.42808   2.10871   0.70204   0.74860   0.26905   0.27426   0.21051   3.46341   0.00563   0.27251   0.11740   0.16860   0.00000   0.00755   1.64733   0.02952   0.01957  38.24893  
 80  2.4153   5972.102858  x:  2.97963   3.69370   4.16758   3.26530   1.75511   0.42950   2.11068   0.70177   0.74932   0.26873   0.27427   0.21036   3.46683   0.00557   0.27258   0.11732   0.16866   0.00000   0.00755   1.64729   0.02950   0.01955  46.46457  
 81  5.5567   5972.102729  x:  2.97742   3.69251   4.16558   3.26244   1.75472   0.42888   2.11012   0.70114   0.74911   0.26905   0.27440   0.21023   3.46679   0.00559   0.27260   0.11730   0.16869   0.00000   0.00756   1.64741   0.02951   0.01958  87.14255  
 82  5.0847   5972.102666  x:  2.97922   3.69365   4.16671   3.26472   1.75460   0.42927   2.11028   0.70173   0.74917   0.26882   0.27428   0.21037   3.46585   0.00555   0.27259   0.11734   0.16864   0.00000   0.00755   1.64727   0.02950   0.01955  105.26608  
 83  9.9294   5972.102614  x:  2.98030   3.69479   4.16834   3.26610   1.75572   0.42920   2.11065   0.70214   0.74927   0.26867   0.27424   0.21042   3.46760   0.00559   0.27256   0.11732   0.16866   0.00000   0.00756   1.64737   0.02949   0.01955  187.80274  
 84 12.9863   5972.102583  x:  2.97862   3.69325   4.16607   3.26396   1.75446   0.42910   2.11004   0.70153   0.74913   0.26888   0.27431   0.21034   3.46569   0.00555   0.27260   0.11733   0.16865   0.00000   0.00755   1.64730   0.02951   0.01955  234.82342  
 85 24.6853   5972.102560  x:  2.97989   3.69417   4.16804   3.26561   1.75518   0.42951   2.11095   0.70196   0.74929   0.26879   0.27428   0.21036   3.46714   0.00557   0.27257   0.11733   0.16865   0.00000   0.00755   1.64729   0.02949   0.01955  407.50236  
 86 29.4766   5972.102544  x:  2.97866   3.69333   4.16599   3.26394   1.75460   0.42896   2.10984   0.70154   0.74909   0.26885   0.27429   0.21036   3.46567   0.00554   0.27260   0.11733   0.16865   0.00000   0.00756   1.64732   0.02951   0.01956  569.86165  
 87 69.4526   5972.102540  x:  2.97922   3.69375   4.16699   3.26478   1.75483   0.42925   2.11043   0.70175   0.74921   0.26882   0.27429   0.21036   3.46640   0.00556   0.27259   0.11733   0.16865   0.00000   0.00755   1.64731   0.02950   0.01955  651.86936  
 88 41.8428   5972.102533  x:  2.97951   3.69394   4.16747   3.26517   1.75497   0.42937   2.11069   0.70185   0.74925   0.26881   0.27429   0.21036   3.46675   0.00557   0.27258   0.11733   0.16865   0.00000   0.00755   1.64730   0.02950   0.01955  999.00000  
 89 135.1601   5972.102531  x:  2.97897   3.69355   4.16652   3.26438   1.75474   0.42911   2.11014   0.70165   0.74915   0.26883   0.27429   0.21036   3.46606   0.00555   0.27259   0.11733   0.16865   0.00000   0.00755   1.64731   0.02950   0.01955  999.00000  
 90  0.0012   5972.102531  x:  2.97858   3.69315   4.16598   3.26394   1.75453   0.42904   2.10982   0.70154   0.74910   0.26884   0.27429   0.21036   3.46560   0.00555   0.27259   0.11733   0.16865   0.00000   0.00756   1.64731   0.02951   0.01955  999.00000  
 91  0.0033   5972.102530  x:  2.97828   3.69275   4.16564   3.26367   1.75435   0.42905   2.10962   0.70147   0.74907   0.26883   0.27429   0.21036   3.46527   0.00555   0.27259   0.11733   0.16865   0.00000   0.00756   1.64730   0.02951   0.01955  999.00000  
 92  0.0008   5972.102530  x:  2.97825   3.69270   4.16561   3.26365   1.75433   0.42906   2.10961   0.70147   0.74907   0.26882   0.27429   0.21036   3.46524   0.00556   0.27259   0.11733   0.16865   0.00000   0.00756   1.64729   0.02951   0.01955  999.00000  