   10
BAM_010820  0.000000  1.970753  1.912168  2.405911  0.714441  0.464367
  0.929392  0.477409  1.956048  1.924628
BA_2360xxx  1.970753  0.000000  0.079319  2.735289  2.035002  2.013106
  2.025654  1.978684  0.005766  0.115570
BC_2296xxx  1.912168  0.079319  0.000000  2.738800  2.003874  1.979340
  2.017510  1.935257  0.081400  0.118916
BH2776xxxx  2.405911  2.735289  2.738800  0.000000  2.543962  2.398670
  2.773008  2.373402  2.725859  2.720173
NT03BL1227  0.714441  2.035002  2.003874  2.543962  0.000000  0.624580
  0.876169  0.657226  2.027859  2.017448
Bmo1955xxx  0.464367  2.013106  1.979340  2.398670  0.624580  0.000000
  0.818327  0.171633  1.998692  1.978250
BPUM_0996x  0.929392  2.025654  2.017510  2.773008  0.876169  0.818327
  0.000000  0.785701  2.008797  2.019428
BG13088xxx  0.477409  1.978684  1.935257  2.373402  0.657226  0.171633
  0.785701  0.000000  1.966049  1.913266
NT02BT2309  1.956048  0.005766  0.081400  2.725859  2.027859  1.998692
  2.008797  1.966049  0.000000  0.116654
KBAB4_2167  1.924628  0.115570  0.118916  2.720173  2.017448  1.978250
  2.019428  1.913266  0.116654  0.000000
