

TREE # 1

  0  0.0000  11928.139493  x:  0.20367   0.96526   1.11216   0.56410   1.15508   0.00000   1.32765   0.01164   1.25007   0.92004   0.84567   0.16300   0.04739   0.06380   0.18748   0.00000   0.05015   2.00000   0.20000   0.20000  
  1 99.0000  11782.427712  x:  0.24030   0.97831   1.12328   0.58597   1.16443   0.04448   1.33527   0.05341   1.26370   0.93649   0.86020   0.16936   0.05547   0.10011   0.18145   0.15552   0.02660   1.97840   0.40164   0.19661  
  2 2497.6355  11746.832164  x:  0.26874   0.98846   1.13201   0.60324   1.16990   0.06891   1.33923   0.07540   1.27329   0.94791   0.87233   0.17422   0.05613   0.11642   0.17144   0.13269   0.00000   1.96375   0.41212   0.19242  
  3 627.2027  11631.954485  x:  0.44095   1.05083   1.18582   0.70795   1.20258   0.21198   1.36309   0.20395   1.33227   1.01752   0.94711   0.20234   0.05783   0.20492   0.11382   0.00000   0.04362   1.87318   0.47111   0.16583  
  4 2143.2528  11560.221751  x:  0.71863   1.15259   1.27423   0.87730   1.25155   0.42301   1.39796   0.39080   1.42731   1.12828   1.07069   0.24524   0.04813   0.31522   0.01703   0.03824   0.08814   1.72756   0.34264   0.11785  
  5 1409.2307  11526.339851  x:  0.90536   1.22635   1.34109   0.99081   1.28034   0.54748   1.41955   0.49777   1.49915   1.20634   1.16027   0.27510   0.05341   0.33795   0.19824   0.05600   0.10740   1.61468   0.26748   0.07464  
  6 883.4599  11494.409625  x:  1.00871   1.28627   1.40339   1.05361   1.28462   0.55647   1.42809   0.49230   1.56679   1.26257   1.23122   0.23518   0.00851   0.14237   0.20849   0.05432   0.10197   1.50430   0.27347   0.04953  
  7 227.0777  11489.169296  x:  1.03458   1.30280   1.42136   1.06932   1.28408   0.55279   1.42951   0.48421   1.58621   1.27731   1.25117   0.23083   0.03649   0.09649   0.20788   0.05418   0.10085   1.47274   0.27389   0.06826  
  8 416.2000  11472.037642  x:  1.12348   1.40538   1.54877   1.12063   1.24107   0.37765   1.41772   0.27493   1.72356   1.35084   1.37737   0.16629   0.05506   0.15785   0.20657   0.05372   0.09579   1.25984   0.28496   0.08007  
  9 107.8906  11470.637314  x:  1.13258   1.41557   1.56640   1.12501   1.23542   0.35691   1.41868   0.24826   1.74250   1.35661   1.39675   0.20691   0.06488   0.15573   0.20195   0.05347   0.09500   1.25809   0.28800   0.05370  
 10 54.4043  11469.689777  x:  1.14777   1.42456   1.59374   1.13054   1.23169   0.34502   1.42716   0.22647   1.77176   1.36019   1.43132   0.23892   0.04148   0.15602   0.20319   0.05338   0.09453   1.29807   0.29061   0.08257  
 11 26.2995  11468.249274  x:  1.16764   1.43049   1.65426   1.13542   1.23370   0.33723   1.45627   0.20096   1.83505   1.36240   1.50909   0.20750   0.05733   0.15841   0.20300   0.05321   0.09419   1.40628   0.29167   0.06843  
 12 26.1710  11464.656993  x:  1.03113   1.34475   1.83939   1.01722   1.34519   0.37273   1.62278   0.25004   2.01039   1.35954   1.71978   0.21333   0.05639   0.16311   0.20007   0.05271   0.09488   1.39473   0.27207   0.07096  
 13 10.5708  11455.384381  x:  1.09998   1.25945   2.10840   1.02718   1.48865   0.55380   1.55482   0.12467   1.92326   1.16932   2.00303   0.21212   0.05521   0.16109   0.19024   0.05024   0.09628   1.32621   0.24130   0.07112  
 14  7.3697  11435.115258  x:  1.31650   1.18926   2.35497   1.10795   1.48309   0.41630   1.49843   0.29859   1.87389   1.42524   2.23465   0.20897   0.05650   0.16145   0.17002   0.04542   0.09850   1.29714   0.17606   0.07303  
 15 15.8679  11428.014883  x:  1.47778   1.29178   2.18029   1.33609   1.80932   0.33105   1.89582   0.16344   1.92633   1.45270   2.14121   0.20839   0.05794   0.16600   0.16350   0.04352   0.09678   1.29677   0.15577   0.07553  
 16 17.2960  11424.523227  x:  1.45164   1.40767   2.12645   1.51228   2.20853   0.10658   1.69775   0.26146   2.00553   1.46593   2.16732   0.21312   0.05574   0.16585   0.15789   0.04165   0.09301   1.32751   0.15823   0.07759  
 17  4.7200  11411.582253  x:  1.34463   1.58661   2.06209   1.94605   1.89978   0.23686   1.76224   0.00000   2.26885   1.84391   1.95855   0.22383   0.04307   0.14218   0.12894   0.03306   0.07938   1.28532   0.16302   0.07993  
 18  2.7443  11407.080737  x:  1.43526   1.73425   2.10175   2.00032   1.71086   0.10537   1.91879   0.08083   2.25847   1.71599   1.93213   0.22593   0.04011   0.13366   0.11881   0.02996   0.07418   1.24498   0.16714   0.07874  
 19 16.7707  11404.604224  x:  1.67056   1.92166   2.11205   1.62525   1.77869   0.10410   1.94914   0.04027   2.21255   1.81169   1.90154   0.22134   0.04480   0.13258   0.11204   0.02790   0.07096   1.25792   0.16594   0.07481  
 20  6.5767  11402.221683  x:  1.82879   1.91866   1.87007   1.48681   1.73381   0.11790   1.85071   0.05803   2.45241   1.73925   2.03265   0.21618   0.04833   0.13332   0.10320   0.02448   0.06748   1.23052   0.16046   0.07298  
 21  2.7729  11390.248711  x:  1.91838   2.00674   2.00736   1.74231   1.87635   0.01934   1.88634   0.14659   2.27024   2.10007   2.60940   0.20279   0.06011   0.16282   0.06453   0.00656   0.04561   1.26704   0.13944   0.08321  
 22  2.6600  11387.829320  x:  1.98807   1.98908   2.28104   1.78972   1.92390   0.03140   1.84036   0.17794   2.44604   2.05102   2.35183   0.20076   0.06262   0.16807   0.06073   0.00365   0.04211   1.28682   0.13174   0.08648  
 23  5.4947  11386.037336  x:  2.09342   1.81781   2.34084   1.79852   1.96419   0.00000   1.85953   0.17535   2.45070   2.05731   2.31967   0.20022   0.06335   0.17088   0.06240   0.00288   0.03969   1.28943   0.13451   0.08801  
 24  4.1499  11370.986866  x:  2.12708   2.01450   2.45700   1.75133   1.94677   0.34946   2.04216   0.26194   2.43462   1.94150   2.38153   0.17737   0.08776   0.20986   0.12325   0.00183   0.01354   1.40046   0.13848   0.09975  
 25  0.9295  11369.332977  x:  2.24236   1.80393   2.58287   1.77136   1.96890   0.34069   2.05651   0.26070   2.46852   1.91949   2.28658   0.17713   0.08836   0.20491   0.13604   0.00691   0.01082   1.38167   0.13742   0.09973  
 26  0.7537  11367.992577  x:  2.34275   1.78065   2.58103   1.80043   1.95388   0.34631   2.08304   0.25247   2.48901   1.95560   2.36830   0.17670   0.08860   0.19561   0.13649   0.00634   0.00495   1.35068   0.13314   0.09813  
 27  0.3915  11365.419235  x:  2.60073   1.76227   2.51250   1.86233   1.87026   0.38666   2.12095   0.23475   2.52931   2.03398   2.54030   0.18058   0.08693   0.16591   0.13087   0.00545   0.00974   1.26428   0.12323   0.09032  
 28  0.5540  11361.518552  x:  3.10862   2.33467   2.59694   2.05546   1.89377   0.52157   2.21889   0.29734   2.78233   2.10324   2.55346   0.16993   0.10619   0.15192   0.11564   0.00434   0.00899   1.31357   0.11768   0.08221  
 29  0.2622  11358.969003  x:  3.48330   2.50146   2.75567   2.23063   2.03848   0.57331   2.34731   0.34106   2.90943   2.24569   2.70579   0.15668   0.11931   0.17015   0.11841   0.00457   0.00859   1.34999   0.10091   0.09078  
 30  0.5303  11356.510736  x:  4.09085   2.45460   3.03992   2.52373   2.27584   0.64149   2.52260   0.38279   3.05356   2.50309   2.98955   0.13908   0.13030   0.21241   0.11990   0.00736   0.00952   1.37084   0.09418   0.11979  
 31  0.3863  11355.820235  x:  4.39585   2.54908   3.19041   2.66998   2.35265   0.67972   2.62089   0.39732   3.19135   2.62513   3.12697   0.13267   0.13459   0.20844   0.11733   0.00764   0.00922   1.35193   0.08516   0.12569  
 32  0.5646  11354.726534  x:  4.74740   2.66161   3.43781   2.83587   2.39686   0.72081   2.74842   0.39533   3.43284   2.78188   3.31212   0.13079   0.13285   0.18081   0.11055   0.00783   0.00841   1.29908   0.07985   0.13263  
 33  0.3305  11353.831810  x:  5.24480   2.91136   3.81630   3.09974   2.60318   0.79159   3.00201   0.43534   3.75694   3.04401   3.63190   0.11680   0.14637   0.19258   0.11483   0.00869   0.00874   1.34693   0.07037   0.15101  
 34  0.4240  11353.189429  x:  5.36501   3.03837   4.00997   3.18230   2.71021   0.80882   3.13582   0.45101   3.91810   3.16157   3.80087   0.11384   0.15250   0.20194   0.12126   0.00887   0.00922   1.38742   0.07017   0.16111  
 35  0.4937  11352.527396  x:  5.81585   3.30728   4.42508   3.44265   2.94244   0.86114   3.42624   0.47729   4.28755   3.45577   4.20322   0.10849   0.16155   0.20144   0.12559   0.00891   0.00925   1.37481   0.06116   0.18128  
 36  0.8618  11351.865697  x:  6.04169   3.54864   4.77150   3.62005   3.17488   0.86704   3.70144   0.48054   4.61913   3.72464   4.62709   0.10403   0.16582   0.19106   0.12898   0.00744   0.00897   1.30276   0.05584   0.19939  
 37  0.4228  11351.592751  x:  6.22383   3.74868   5.00538   3.76601   3.37420   0.88390   3.90803   0.50068   4.85096   3.93321   4.91498   0.09019   0.17588   0.20270   0.13122   0.00669   0.00939   1.34329   0.05341   0.21597  
 38  0.3297  11351.520212  x:  6.27683   3.81752   5.08163   3.82261   3.45161   0.88548   3.98260   0.50590   4.93347   4.01449   5.02361   0.09920   0.17403   0.20351   0.13030   0.00633   0.00947   1.34708   0.05260   0.22480  
 39  0.2323  11351.498930  x:  6.36226   3.88059   5.16647   3.88295   3.51496   0.89386   4.05196   0.51173   5.01711   4.08946   5.12279   0.09883   0.17500   0.20340   0.13013   0.00623   0.00947   1.34532   0.05118   0.23132  
 40  0.5931  11351.425401  x:  6.49844   3.98573   5.29117   3.99713   3.63686   0.90651   4.17387   0.52234   5.16012   4.23571   5.30371   0.09145   0.17580   0.20051   0.12711   0.00616   0.00934   1.33474   0.04956   0.24620  
 41  0.2655  11351.369211  x:  6.66334   4.06935   5.38867   4.11851   3.72710   0.93895   4.26603   0.54558   5.26851   4.35639   5.41687   0.09319   0.17546   0.20380   0.12585   0.00716   0.00931   1.34983   0.04842   0.26348  
 42  0.1171  11351.345986  x:  6.77483   4.13295   5.45016   4.19127   3.75664   0.97068   4.31764   0.56297   5.33677   4.41848   5.47446   0.08823   0.17845   0.20348   0.12698   0.00744   0.00909   1.34008   0.04743   0.27265  
 43  0.0730  11351.332081  x:  6.79033   4.13968   5.43149   4.19799   3.72391   0.98985   4.30116   0.57225   5.32328   4.40144   5.43452   0.08856   0.17954   0.20325   0.12820   0.00747   0.00904   1.33800   0.04771   0.27440  
 44  0.0493  11351.317304  x:  6.89271   4.22020   5.49730   4.27044   3.75414   1.02129   4.35591   0.59020   5.39579   4.46004   5.49007   0.08886   0.18187   0.20374   0.12916   0.00723   0.00913   1.34186   0.04683   0.28427  
 45  0.1586  11351.310978  x:  6.92006   4.24507   5.51047   4.29495   3.76047   1.03069   4.36824   0.59526   5.41315   4.47285   5.49788   0.08686   0.18242   0.20342   0.12844   0.00688   0.00928   1.34514   0.04674   0.28891  
 46  0.0276  11351.306455  x:  6.94501   4.24505   5.52023   4.32003   3.77129   1.03334   4.37357   0.59662   5.41836   4.48077   5.49907   0.08734   0.18074   0.20327   0.12730   0.00684   0.00929   1.34195   0.04658   0.29570  
 47  0.0118  11351.298804  x:  6.94590   4.21074   5.50982   4.32574   3.75965   1.03210   4.35052   0.59502   5.38553   4.44959   5.45189   0.08547   0.18086   0.20556   0.12829   0.00692   0.00922   1.34419   0.04685   0.30412  
 48  0.0175  11351.283738  x:  6.90295   4.16112   5.50673   4.30569   3.75633   1.00664   4.32605   0.57657   5.34623   4.40188   5.41097   0.08404   0.18329   0.20309   0.12966   0.00653   0.00921   1.34379   0.04718   0.31736  
 49  0.0189  11351.260190  x:  6.98644   4.18350   5.57406   4.36945   3.82053   1.00319   4.37803   0.56961   5.39661   4.45369   5.46849   0.07710   0.19069   0.20100   0.12924   0.00698   0.00921   1.34375   0.04667   0.35223  
 50  0.0520  11351.244036  x:  7.01062   4.20159   5.58542   4.38309   3.83788   1.00048   4.39607   0.56298   5.41142   4.47256   5.48514   0.07713   0.19459   0.20270   0.12792   0.00707   0.00935   1.34535   0.04663   0.38011  
 51  0.0247  11351.227453  x:  7.09557   4.26365   5.63786   4.43571   3.86920   1.01386   4.44349   0.56345   5.46610   4.52063   5.53305   0.07116   0.20045   0.20483   0.12769   0.00683   0.00937   1.34376   0.04594   0.42454  
 52  0.0874  11351.195115  x:  6.98880   4.24881   5.53088   4.31230   3.77486   0.99914   4.37839   0.54241   5.39964   4.46279   5.47240   0.06940   0.19898   0.20596   0.12741   0.00662   0.00909   1.33565   0.04666   0.47649  
 53  0.0742  11351.175987  x:  7.00769   4.27506   5.52178   4.29757   3.76755   1.00106   4.38439   0.53578   5.41071   4.47929   5.48659   0.06359   0.20408   0.20436   0.12799   0.00697   0.00911   1.34172   0.04671   0.53688  
 54  0.0492  11351.165225  x:  7.00215   4.28280   5.50180   4.28348   3.75600   1.00944   4.37669   0.54425   5.41032   4.48462   5.48964   0.06513   0.20261   0.20273   0.12865   0.00718   0.00924   1.34740   0.04678   0.55389  
 55  0.0283  11351.141402  x:  7.03885   4.29505   5.48271   4.29877   3.76166   1.02239   4.37024   0.55392   5.40743   4.49397   5.48658   0.05793   0.20793   0.20235   0.12949   0.00696   0.00948   1.34544   0.04663   0.69159  
 56  0.0400  11351.117502  x:  6.96454   4.21958   5.43557   4.27195   3.77748   1.00508   4.32972   0.56289   5.35327   4.45580   5.45537   0.05804   0.20870   0.20309   0.12943   0.00670   0.00950   1.33966   0.04700   0.78966  
 57  0.0835  11351.106195  x:  6.93912   4.21902   5.41263   4.24498   3.78230   1.00024   4.32523   0.56588   5.35126   4.46075   5.46735   0.05382   0.21381   0.20297   0.12926   0.00679   0.00938   1.34158   0.04708   0.90823  
 58  0.1036  11351.096156  x:  6.88586   4.21969   5.39504   4.20724   3.75822   1.00049   4.31673   0.57397   5.35164   4.45020   5.46156   0.05420   0.21456   0.20268   0.12846   0.00697   0.00908   1.34609   0.04729   0.97168  
 59  0.0524  11351.084304  x:  6.83284   4.17801   5.38441   4.19982   3.72604   1.00282   4.28670   0.58825   5.32227   4.39925   5.39753   0.05094   0.21684   0.20262   0.12770   0.00681   0.00905   1.34335   0.04759   1.13156  
 60  0.0786  11351.079140  x:  6.82990   4.16674   5.42323   4.22381   3.72565   1.00242   4.29700   0.58982   5.33021   4.38955   5.38863   0.05205   0.21567   0.20255   0.12741   0.00687   0.00922   1.34210   0.04752   1.14375  
 61  0.0391  11351.075814  x:  6.83123   4.17859   5.46010   4.23764   3.73842   1.00142   4.32174   0.59037   5.35503   4.40716   5.41892   0.05067   0.21746   0.20264   0.12746   0.00700   0.00933   1.34324   0.04731   1.22197  
 62  0.0570  11351.071780  x:  6.87111   4.21681   5.50624   4.26951   3.75736   1.00891   4.36035   0.58652   5.39082   4.45138   5.48136   0.05089   0.21593   0.20346   0.12869   0.00694   0.00933   1.34380   0.04691   1.26515  
 63  0.0344  11351.067642  x:  6.87907   4.20543   5.51856   4.28892   3.76173   1.01373   4.36151   0.59027   5.38800   4.45452   5.48881   0.04889   0.21740   0.20291   0.12873   0.00687   0.00917   1.34259   0.04686   1.44604  
 64  0.0613  11351.061027  x:  6.90866   4.19905   5.51770   4.29864   3.76154   1.02037   4.35707   0.58486   5.38146   4.46403   5.50444   0.04877   0.21900   0.20248   0.12799   0.00692   0.00903   1.34419   0.04682   1.71809  
 65  0.0716  11351.056893  x:  6.90208   4.20266   5.52211   4.28987   3.74771   1.02436   4.35664   0.58210   5.38215   4.46421   5.51405   0.04665   0.22106   0.20301   0.12791   0.00693   0.00917   1.34473   0.04683   1.99200  
 66  0.1962  11351.053717  x:  6.88099   4.20162   5.49761   4.25757   3.72725   1.02320   4.33892   0.57713   5.37004   4.44475   5.49357   0.04676   0.22043   0.20338   0.12798   0.00691   0.00941   1.34334   0.04704   2.14396  
 67  0.0823  11351.048387  x:  6.89950   4.20452   5.49544   4.25496   3.74625   1.02973   4.33531   0.57914   5.38004   4.44744   5.50393   0.04448   0.22269   0.20281   0.12804   0.00691   0.00935   1.34205   0.04694   2.79909  
 68  0.1935  11351.044295  x:  6.92634   4.22430   5.51772   4.26998   3.78057   1.03038   4.35406   0.58276   5.41111   4.45938   5.51526   0.04520   0.22190   0.20282   0.12834   0.00693   0.00922   1.34319   0.04671   3.06106  
 69  0.1691  11351.042356  x:  6.93968   4.24066   5.53670   4.27193   3.78826   1.03348   4.36561   0.58104   5.43131   4.46313   5.52354   0.04410   0.22264   0.20327   0.12844   0.00694   0.00924   1.34411   0.04660   3.57286  
 70  0.3693  11351.040419  x:  6.95605   4.24697   5.53797   4.27232   3.78033   1.03171   4.37013   0.57480   5.43161   4.46012   5.51074   0.04406   0.22248   0.20335   0.12816   0.00693   0.00927   1.34328   0.04663   4.15796  
 71  0.1398  11351.037447  x:  6.98555   4.24824   5.53898   4.28352   3.79260   1.03123   4.38075   0.57571   5.43419   4.47460   5.52019   0.04284   0.22414   0.20305   0.12819   0.00694   0.00921   1.34329   0.04650   5.24328  
 72  0.3941  11351.034693  x:  6.96403   4.22689   5.51669   4.27983   3.78053   1.02016   4.37872   0.58123   5.40717   4.47500   5.50742   0.04310   0.22412   0.20296   0.12839   0.00693   0.00923   1.34422   0.04663   6.00745  
 73  0.3669  11351.033494  x:  6.95594   4.22775   5.51665   4.27605   3.77506   1.01614   4.38192   0.58247   5.40615   4.47133   5.49836   0.04239   0.22438   0.20311   0.12842   0.00691   0.00926   1.34398   0.04668   6.88554  
 74  0.7150  11351.032807  x:  6.95276   4.23826   5.52450   4.28216   3.77980   1.01312   4.38654   0.58491   5.41477   4.47279   5.49641   0.04254   0.22391   0.20318   0.12847   0.00691   0.00926   1.34300   0.04663   7.54587  
 75  0.2436  11351.031499  x:  6.96566   4.24745   5.52167   4.29475   3.79326   1.00760   4.38447   0.58642   5.41604   4.48064   5.49760   0.04192   0.22485   0.20307   0.12854   0.00693   0.00923   1.34353   0.04657   9.55700  
 76  0.5649  11351.030735  x:  6.95176   4.24777   5.51601   4.29459   3.78758   1.00646   4.36997   0.58554   5.40964   4.47492   5.49514   0.04217   0.22466   0.20312   0.12843   0.00694   0.00926   1.34391   0.04665  10.33815  
 77  0.3807  11351.030246  x:  6.94075   4.24881   5.52031   4.29780   3.78388   1.00605   4.36751   0.58754   5.41085   4.47420   5.49816   0.04175   0.22492   0.20316   0.12840   0.00693   0.00927   1.34334   0.04664  11.72721  
 78  0.6756  11351.029630  x:  6.93308   4.23902   5.52824   4.29888   3.78232   1.01375   4.36752   0.58911   5.41535   4.47477   5.51359   0.04182   0.22497   0.20311   0.12844   0.00693   0.00923   1.34327   0.04662  12.62597  
 79  0.2334  11351.028771  x:  6.94971   4.23700   5.52526   4.28907   3.78249   1.01974   4.37093   0.58320   5.42152   4.47235   5.51457   0.04144   0.22537   0.20323   0.12843   0.00693   0.00926   1.34426   0.04662  15.18886  
 80  0.6193  11351.027943  x:  6.94918   4.23674   5.52077   4.28687   3.77741   1.01828   4.37562   0.58272   5.42024   4.47004   5.50377   0.04156   0.22500   0.20307   0.12840   0.00691   0.00927   1.34258   0.04662  19.71258  
 81  1.0908  11351.027268  x:  6.95011   4.24186   5.52495   4.29877   3.78362   1.01715   4.37784   0.58454   5.42353   4.47692   5.51000   0.04111   0.22559   0.20314   0.12846   0.00692   0.00925   1.34342   0.04658  26.19558  
 82  3.2643  11351.026769  x:  6.94767   4.24424   5.52519   4.30196   3.78719   1.01811   4.37711   0.58311   5.42239   4.47897   5.51206   0.04132   0.22555   0.20327   0.12849   0.00694   0.00925   1.34470   0.04659  35.13175  
 83  2.9917  11351.026327  x:  6.94214   4.24296   5.52165   4.29665   3.78146   1.01982   4.37705   0.58187   5.42003   4.47495   5.50534   0.04098   0.22569   0.20313   0.12844   0.00692   0.00926   1.34333   0.04660  46.33922  
 84  5.3655  11351.026051  x:  6.93391   4.24132   5.51783   4.29179   3.77807   1.02152   4.37526   0.58145   5.41179   4.47322   5.49962   0.04110   0.22559   0.20308   0.12841   0.00693   0.00925   1.34349   0.04664  64.55287  
 85  4.7341  11351.025964  x:  6.93665   4.24412   5.52135   4.29397   3.78079   1.02193   4.37716   0.58093   5.41384   4.47581   5.50248   0.04094   0.22577   0.20313   0.12842   0.00693   0.00925   1.34371   0.04662  72.99522  
 86  5.2684  11351.025705  x:  6.95010   4.24742   5.53441   4.29440   3.78619   1.02187   4.38095   0.58219   5.41974   4.48143   5.51172   0.04096   0.22573   0.20317   0.12839   0.00693   0.00926   1.34343   0.04655  98.81454  
 87  3.2274  11351.025564  x:  6.95403   4.24064   5.53349   4.28674   3.78393   1.01969   4.37680   0.58483   5.41651   4.47895   5.51120   0.04092   0.22579   0.20314   0.12840   0.00692   0.00925   1.34368   0.04658  120.44026  
 88 11.5737  11351.025492  x:  6.95450   4.24454   5.53208   4.29197   3.78590   1.01857   4.37901   0.58462   5.42155   4.47959   5.51418   0.04090   0.22578   0.20319   0.12843   0.00692   0.00926   1.34364   0.04655  125.51911  
 89  0.9656  11351.025429  x:  6.94711   4.23876   5.52321   4.28831   3.78154   1.01698   4.37340   0.58435   5.41612   4.47233   5.50824   0.04087   0.22581   0.20313   0.12842   0.00693   0.00926   1.34363   0.04663  145.44061  
 90  9.3447  11351.025360  x:  6.95669   4.24383   5.53169   4.29251   3.78541   1.01986   4.37940   0.58534   5.42067   4.47859   5.51628   0.04091   0.22584   0.20315   0.12841   0.00692   0.00924   1.34362   0.04656  185.52350  
 91 13.0406  11351.025297  x:  6.95331   4.24736   5.52973   4.29326   3.78595   1.01881   4.38063   0.58442   5.42076   4.47765   5.51682   0.04085   0.22582   0.20318   0.12841   0.00693   0.00926   1.34360   0.04656  257.07069  
 92 25.2981  11351.025251  x:  6.95041   4.24248   5.52574   4.28884   3.78339   1.01871   4.37635   0.58514   5.41625   4.47399   5.51295   0.04088   0.22583   0.20312   0.12841   0.00692   0.00925   1.34359   0.04660  315.87905  
 93 18.8212  11351.025208  x:  6.95141   4.24527   5.52862   4.29085   3.78452   1.01879   4.37894   0.58434   5.41873   4.47645   5.51487   0.04082   0.22586   0.20317   0.12841   0.00693   0.00926   1.34362   0.04657  422.21870  
 94 27.1877  11351.025129  x:  6.95171   4.24237   5.52858   4.29284   3.78422   1.01915   4.37735   0.58430   5.41984   4.47754   5.51108   0.04087   0.22583   0.20314   0.12842   0.00692   0.00925   1.34362   0.04658  786.78130  
 95 72.4230  11351.025120  x:  6.95148   4.24258   5.52918   4.29224   3.78417   1.01904   4.37767   0.58412   5.41986   4.47775   5.51147   0.04083   0.22587   0.20316   0.12843   0.00692   0.00925   1.34363   0.04658  859.83390  
 96 48.2687  11351.025110  x:  6.95101   4.24288   5.52859   4.29203   3.78411   1.01897   4.37759   0.58412   5.41950   4.47732   5.51150   0.04085   0.22584   0.20316   0.12842   0.00692   0.00925   1.34363   0.04658  999.00000  
 97 36.8250  11351.025109  x:  6.95138   4.24289   5.52871   4.29202   3.78418   1.01901   4.37766   0.58423   5.41950   4.47731   5.51183   0.04084   0.22585   0.20315   0.12842   0.00692   0.00925   1.34362   0.04658  999.00000  
 98  0.0005  11351.025109  x:  6.95114   4.24257   5.52836   4.29164   3.78395   1.01895   4.37738   0.58429   5.41907   4.47691   5.51167   0.04083   0.22586   0.20315   0.12842   0.00692   0.00925   1.34362   0.04658  999.00000  
 99  0.0042  11351.025108  x:  6.94955   4.24170   5.52701   4.29050   3.78310   1.01865   4.37645   0.58416   5.41779   4.47573   5.51053   0.04083   0.22586   0.20315   0.12842   0.00693   0.00925   1.34363   0.04660  999.00000  
100  0.0011  11351.025107  x:  6.94890   4.24134   5.52655   4.29020   3.78280   1.01858   4.37607   0.58407   5.41740   4.47542   5.50990   0.04083   0.22586   0.20314   0.12842   0.00693   0.00925   1.34363   0.04660  999.00000  
101  0.0015  11351.025107  x:  6.94879   4.24127   5.52649   4.29017   3.78275   1.01858   4.37601   0.58405   5.41735   4.47539   5.50978   0.04083   0.22586   0.20314   0.12842   0.00693   0.00925   1.34363   0.04660  999.00000  
102  0.0005  11351.025107  x:  6.94878   4.24126   5.52648   4.29016   3.78275   1.01858   4.37601   0.58405   5.41734   4.47538   5.50977   0.04083   0.22586   0.20314   0.12842   0.00693   0.00925   1.34363   0.04660  999.00000  