

TREE # 1

  0  0.0000   6929.482374  x:  0.07757   0.92131   1.05248   0.24665   0.72096   0.09152   0.65862   0.18068   0.42280   0.31314   0.21942   0.15841   0.81054   0.16624   0.09164   0.11339   0.10050   0.08517   0.00000   2.00000   0.20000   0.20000   0.20000  
  1 99.0000   6916.646913  x:  0.09438   0.92627   1.05923   0.25951   0.72397   0.09753   0.65894   0.18829   0.42472   0.31397   0.22153   0.16417   0.81676   0.16869   0.09514   0.11430   0.10486   0.08299   0.07669   1.99671   0.20797   0.19108   0.19752  
  2 1382.5934   6826.419705  x:  0.28360   0.98538   1.14088   0.41051   0.75983   0.16637   0.66152   0.27749   0.44687   0.32264   0.24474   0.23086   0.89185   0.19598   0.13492   0.11467   0.12225   0.00928   0.06780   1.95639   0.25381   0.08139   0.16647  
  3 516.3047   6787.393355  x:  0.38325   1.01838   1.18784   0.49218   0.77931   0.20150   0.66140   0.32468   0.45826   0.32579   0.25455   0.26424   0.93431   0.20847   0.15538   0.11567   0.13311   0.05301   0.06122   1.93322   0.23992   0.01444   0.14795  
  4 1741.9268   6751.670630  x:  0.49013   1.05760   1.24655   0.58299   0.80099   0.23599   0.65820   0.37441   0.46976   0.32593   0.25843   0.29401   0.98570   0.21962   0.17490   0.11809   0.14606   0.06499   0.06000   1.90355   0.15427   0.04874   0.12746  
  5 833.7071   6746.221038  x:  0.50554   1.07726   1.28107   0.60594   0.80985   0.23551   0.65451   0.38252   0.47415   0.32114   0.24196   0.28251   1.01041   0.20672   0.16695   0.11496   0.14308   0.08372   0.05727   1.88254   0.17782   0.07947   0.11569  
  6 195.0367   6732.136049  x:  0.50693   1.13953   1.39902   0.64966   0.83379   0.20818   0.63728   0.38471   0.48481   0.29795   0.17040   0.21631   1.08664   0.14692   0.11635   0.09620   0.11448   0.07973   0.05924   1.80903   0.16507   0.07443   0.07203  
  7 253.0653   6713.133387  x:  0.38171   1.29692   1.72166   0.68302   0.89077   0.08372   0.59025   0.34566   0.51620   0.24587   0.15232   0.17752   1.27610   0.19182   0.14238   0.19444   0.14985   0.06966   0.05907   1.59370   0.15121   0.05918   0.08484  
  8 154.8629   6700.343107  x:  0.26184   1.40759   1.95748   0.68770   0.93877   0.01620   0.56811   0.32925   0.54117   0.22935   0.22919   0.23995   1.40911   0.18805   0.12868   0.15861   0.11152   0.06799   0.06239   1.43771   0.14125   0.05871   0.09113  
  9 286.6981   6695.099831  x:  0.16852   1.46062   2.08125   0.66425   0.97773   0.09076   0.58283   0.34695   0.55007   0.24878   0.23361   0.23591   1.46824   0.20407   0.14512   0.10680   0.13669   0.06571   0.06311   1.37266   0.13378   0.05636   0.10268  
 10 110.9682   6694.147566  x:  0.15468   1.47800   2.12152   0.64174   0.98279   0.10595   0.60331   0.36408   0.54423   0.26928   0.23731   0.24703   1.47566   0.18758   0.13543   0.13150   0.14102   0.06489   0.06288   1.38263   0.13193   0.05622   0.09198  
 11 34.3383   6692.993668  x:  0.16106   1.51073   2.19230   0.59946   0.97936   0.10343   0.63910   0.38268   0.52382   0.29377   0.22552   0.24997   1.47964   0.19645   0.14857   0.13458   0.11395   0.06574   0.06365   1.42348   0.13059   0.05690   0.09814  
 12 35.9698   6692.231081  x:  0.17612   1.53773   2.25030   0.56947   0.97082   0.09249   0.65966   0.37984   0.50542   0.29805   0.22487   0.25497   1.47776   0.19409   0.14581   0.11698   0.13902   0.06543   0.06273   1.46474   0.13033   0.05651   0.10293  
 13 38.7868   6691.711901  x:  0.18292   1.55579   2.29677   0.56866   0.96216   0.11868   0.65483   0.34868   0.50566   0.27728   0.23885   0.25116   1.46496   0.19421   0.14067   0.12313   0.13225   0.06592   0.06261   1.50411   0.13081   0.05689   0.10464  
 14 13.3209   6690.889867  x:  0.16549   1.56855   2.35808   0.60433   0.93597   0.11784   0.63025   0.35321   0.56006   0.29070   0.24000   0.25010   1.41921   0.19789   0.14748   0.11772   0.13433   0.06624   0.06223   1.55424   0.13066   0.05769   0.09000  
 15  9.1974   6689.876877  x:  0.15235   1.57261   2.41153   0.64882   0.92194   0.12009   0.61932   0.39130   0.56369   0.27308   0.22716   0.26175   1.36252   0.20445   0.11929   0.12047   0.13399   0.06708   0.06158   1.56820   0.13015   0.05713   0.12502  
 16 13.3830   6687.408157  x:  0.14438   1.57015   2.50006   0.71276   0.91501   0.11997   0.61943   0.43714   0.51162   0.22483   0.21844   0.27961   1.25369   0.18766   0.15819   0.11734   0.13406   0.06775   0.06003   1.54475   0.12930   0.05747   0.09185  
 17 21.1173   6680.298569  x:  0.27237   1.56103   2.69206   0.81842   0.95072   0.12504   0.65704   0.40711   0.46675   0.33671   0.26758   0.22597   1.06355   0.16942   0.16042   0.11842   0.13293   0.07458   0.05349   1.38917   0.11998   0.05829   0.10200  
 18 24.3133   6667.466271  x:  0.41200   1.51653   2.83338   0.87897   1.03675   0.15079   0.69105   0.36646   0.53316   0.33903   0.13553   0.36949   1.20883   0.23894   0.11350   0.11334   0.13213   0.08333   0.04403   1.34579   0.11015   0.05903   0.03752  
 19 18.8202   6654.841000  x:  0.56989   1.46821   2.97346   0.98296   1.14318   0.16247   0.70385   0.43101   0.64013   0.29368   0.09792   0.41669   1.55364   0.08545   0.22079   0.11652   0.13380   0.08879   0.03201   1.39174   0.09084   0.05074   0.14340  
 20 70.6822   6644.872138  x:  0.64462   1.45499   3.03953   1.06714   1.18064   0.14882   0.67291   0.60564   0.62079   0.25113   0.24520   0.28101   1.86976   0.14500   0.18003   0.10681   0.13591   0.09486   0.02373   1.48079   0.08368   0.04958   0.08770  
 21 61.5970   6642.950426  x:  0.63848   1.51922   3.02747   1.10550   1.09590   0.17257   0.56929   0.60613   0.52511   0.32439   0.23152   0.29945   1.94734   0.13859   0.18514   0.10750   0.13446   0.09503   0.02239   1.49357   0.08557   0.04803   0.09259  
 22 13.5884   6640.145607  x:  0.62589   1.75735   2.94930   1.16596   0.90345   0.19956   0.69183   0.60496   0.54892   0.30460   0.23660   0.30103   2.00373   0.13748   0.18581   0.10683   0.13490   0.09656   0.01999   1.45503   0.08460   0.04774   0.09480  
 23  7.2579   6632.696208  x:  0.66757   2.32218   2.82551   1.17101   1.19561   0.17856   0.64312   0.67728   0.63554   0.25106   0.23255   0.30936   1.97295   0.14349   0.18959   0.10819   0.13837   0.09980   0.01254   1.51734   0.08832   0.04746   0.10182  
 24  8.3940   6628.794320  x:  0.64077   2.09009   2.99693   1.36641   1.26296   0.14847   0.78806   0.61449   0.58079   0.29878   0.22811   0.30884   2.09038   0.14939   0.19118   0.10548   0.14323   0.09948   0.00893   1.60115   0.09395   0.04416   0.11595  
 25  6.7811   6626.917272  x:  0.73008   1.90029   3.14759   1.27214   1.15904   0.18009   0.73337   0.67261   0.63771   0.25566   0.23501   0.30433   2.13097   0.14435   0.19412   0.11043   0.14172   0.10012   0.00653   1.53763   0.09794   0.04207   0.11896  
 26  8.9349   6621.013068  x:  0.77693   2.05393   3.48556   1.37666   1.21220   0.19886   0.74142   0.67537   0.65124   0.27782   0.20209   0.33274   2.19267   0.15691   0.20149   0.12050   0.14622   0.08960   0.00428   1.50556   0.08814   0.01819   0.13426  
 27  0.6409   6612.429920  x:  0.88552   2.35967   4.31630   1.60240   1.32334   0.24180   0.77161   0.70129   0.69415   0.31852   0.16130   0.37864   2.36301   0.18217   0.19843   0.12639   0.14629   0.09027   0.00937   1.46187   0.06791   0.03114   0.14083  
 28  0.8302   6602.504843  x:  1.08221   2.52788   5.53353   1.91663   1.41144   0.28735   0.82865   0.81314   0.77589   0.30406   0.19028   0.35297   2.80190   0.08362   0.25522   0.11652   0.14745   0.07300   0.02821   1.46890   0.06554   0.03347   0.14617  
 29  0.7122   6598.609739  x:  1.23276   2.82999   6.29579   2.18895   1.52607   0.31550   0.89844   0.89190   0.82331   0.30124   0.18503   0.35954   3.10648   0.10354   0.24789   0.11416   0.14296   0.06430   0.02945   1.47490   0.05273   0.03152   0.14851  
 30  1.1524   6596.070253  x:  1.41981   3.07917   6.94722   2.45870   1.62794   0.33516   0.97229   0.98190   0.85925   0.28921   0.17195   0.36905   3.43364   0.16994   0.21140   0.11763   0.13389   0.05595   0.02732   1.50392   0.05068   0.03316   0.15887  
 31  0.6405   6594.427916  x:  1.61468   3.39174   7.62300   2.75861   1.75112   0.35602   1.05433   1.08037   0.89807   0.29496   0.17534   0.37956   3.79221   0.13546   0.22798   0.11850   0.13295   0.04885   0.02313   1.52312   0.04369   0.03398   0.16469  
 32  0.8282   6593.383275  x:  1.71182   3.49933   7.77203   2.87166   1.79560   0.35686   1.08951   1.12468   0.90468   0.30382   0.17976   0.38565   3.93846   0.09585   0.24693   0.11863   0.13524   0.04913   0.01857   1.52909   0.04409   0.03444   0.16845  
 33  0.3622   6592.197091  x:  2.09760   3.91981   8.65976   3.29156   1.97286   0.37921   1.23068   1.29163   0.97511   0.33238   0.15704   0.41709   4.49211   0.11721   0.24133   0.11960   0.13549   0.05448   0.01759   1.45916   0.03794   0.03266   0.18949  
 34  0.3443   6591.713579  x:  2.28568   4.12251   9.08214   3.49899   2.08013   0.38320   1.30953   1.37413   1.01598   0.34858   0.15075   0.42726   4.77053   0.08769   0.26243   0.12020   0.13528   0.05658   0.02108   1.48192   0.03595   0.03060   0.20368  
 35  0.3781   6591.616536  x:  2.35045   4.18258   9.19398   3.55685   2.11924   0.38213   1.33662   1.40256   1.03018   0.35228   0.14855   0.42913   4.85160   0.09489   0.25810   0.11926   0.13635   0.05804   0.02178   1.49939   0.03591   0.03089   0.20653  
 36  0.1952   6591.555691  x:  2.45849   4.30288   9.44252   3.67117   2.18249   0.38616   1.38018   1.45149   1.05342   0.35786   0.14536   0.43428   5.00311   0.09596   0.25750   0.11880   0.13701   0.05858   0.02169   1.51024   0.03442   0.03128   0.21245  
 37  0.5779   6591.504453  x:  2.59993   4.43084   9.69881   3.78241   2.26175   0.39053   1.43354   1.51452   1.08198   0.36380   0.14335   0.43830   5.16734   0.08710   0.26152   0.11945   0.13699   0.05783   0.02105   1.51243   0.03336   0.03159   0.22318  
 38  0.1523   6591.478057  x:  2.64379   4.45204   9.75766   3.78777   2.28403   0.39388   1.44695   1.53400   1.08990   0.36413   0.14286   0.43793   5.19230   0.09098   0.25970   0.11952   0.13609   0.05620   0.02112   1.50116   0.03314   0.03139   0.22758  
 39  0.0465   6591.450599  x:  2.71152   4.47450   9.83511   3.77892   2.31994   0.40179   1.46650   1.56228   1.09892   0.36882   0.14105   0.44047   5.21414   0.08521   0.26774   0.11916   0.13572   0.05541   0.02165   1.50028   0.03264   0.03154   0.23910  
 40  0.0279   6591.424992  x:  2.66347   4.37141   9.64267   3.65112   2.28798   0.40604   1.44041   1.53750   1.08068   0.36828   0.14262   0.43863   5.07527   0.08402   0.26976   0.11890   0.13620   0.05582   0.02174   1.50478   0.03360   0.03166   0.24448  
 41  0.1601   6591.413561  x:  2.65734   4.34614   9.59676   3.61985   2.27608   0.40954   1.43507   1.53257   1.07350   0.36846   0.14312   0.43861   5.04433   0.08628   0.26571   0.11913   0.13662   0.05660   0.02140   1.50777   0.03368   0.03134   0.24776  
 42  0.0480   6591.407817  x:  2.69260   4.35936   9.63352   3.63191   2.27965   0.41409   1.44522   1.54480   1.07453   0.36930   0.14317   0.43847   5.07278   0.08353   0.26557   0.11965   0.13622   0.05670   0.02110   1.50515   0.03349   0.03101   0.25441  
 43  0.0257   6591.395979  x:  2.72526   4.33708   9.63093   3.62377   2.24821   0.42392   1.44862   1.54682   1.06553   0.36763   0.14448   0.43455   5.08326   0.08217   0.26871   0.11946   0.13616   0.05697   0.02129   1.50554   0.03357   0.03123   0.26819  
 44  0.0100   6591.391750  x:  2.71564   4.32087   9.60460   3.61753   2.23147   0.42513   1.44201   1.53536   1.06081   0.36645   0.14545   0.43411   5.07016   0.08035   0.27090   0.11918   0.13674   0.05648   0.02141   1.50837   0.03365   0.03107   0.27324  
 45  0.0162   6591.383815  x:  2.70775   4.30874   9.55398   3.61660   2.22346   0.42230   1.43123   1.51409   1.06053   0.36541   0.14687   0.43542   5.04824   0.08016   0.27043   0.11946   0.13610   0.05555   0.02131   1.50721   0.03383   0.03111   0.28506  
 46  0.0120   6591.375185  x:  2.74252   4.29684   9.51374   3.60525   2.22709   0.42364   1.42975   1.50590   1.06183   0.36774   0.14630   0.43705   5.03291   0.07498   0.27477   0.11975   0.13581   0.05615   0.02143   1.50659   0.03389   0.03107   0.30898  
 47  0.0279   6591.371153  x:  2.74969   4.29770   9.49624   3.61357   2.23359   0.41939   1.42690   1.49978   1.06440   0.36791   0.14514   0.43656   5.03024   0.07530   0.27519   0.11951   0.13641   0.05677   0.02150   1.50678   0.03388   0.03090   0.31856  
 48  0.0136   6591.368657  x:  2.75515   4.28664   9.47407   3.61271   2.23217   0.41661   1.42230   1.49477   1.06333   0.36574   0.14544   0.43367   5.02095   0.07318   0.27731   0.11955   0.13638   0.05638   0.02134   1.50630   0.03393   0.03080   0.33016  
 49  0.0123   6591.366898  x:  2.73640   4.27331   9.45574   3.60149   2.23349   0.41225   1.41687   1.49553   1.06069   0.36335   0.14633   0.43124   5.00250   0.07401   0.27611   0.11967   0.13606   0.05636   0.02125   1.50652   0.03405   0.03094   0.32829  
 50  0.0154   6591.363513  x:  2.73175   4.25705   9.44500   3.60182   2.23618   0.40499   1.41147   1.49750   1.05710   0.36132   0.14820   0.43077   4.99040   0.07148   0.27779   0.11981   0.13609   0.05671   0.02156   1.50649   0.03412   0.03090   0.34205  
 51  0.0068   6591.360628  x:  2.74591   4.26942   9.49797   3.62769   2.24378   0.40099   1.41754   1.51103   1.05786   0.36164   0.14841   0.43269   5.01624   0.07132   0.27898   0.11969   0.13637   0.05641   0.02152   1.50478   0.03393   0.03073   0.35256  
 52  0.0258   6591.358389  x:  2.75597   4.25441   9.47841   3.61838   2.24073   0.39907   1.41588   1.51021   1.05598   0.36356   0.14685   0.43398   4.99887   0.06882   0.28167   0.11978   0.13601   0.05648   0.02122   1.50608   0.03400   0.03072   0.37422  
 53  0.0135   6591.355747  x:  2.74205   4.25557   9.48619   3.61986   2.23330   0.39696   1.41774   1.51125   1.05778   0.36616   0.14434   0.43568   4.99348   0.06890   0.28095   0.11988   0.13587   0.05652   0.02131   1.50724   0.03404   0.03075   0.38479  
 54  0.0069   6591.353664  x:  2.74224   4.26138   9.50435   3.62942   2.23127   0.39434   1.42079   1.51451   1.06133   0.36619   0.14414   0.43567   4.99762   0.06637   0.28279   0.11993   0.13611   0.05630   0.02153   1.50604   0.03398   0.03066   0.40338  
 55  0.0149   6591.350619  x:  2.72859   4.28582   9.52696   3.62626   2.22976   0.39907   1.42838   1.51904   1.06915   0.36454   0.14606   0.43393   5.00425   0.06642   0.28282   0.11983   0.13640   0.05624   0.02148   1.50468   0.03387   0.03070   0.40834  
 56  0.0112   6591.347784  x:  2.72980   4.29257   9.51993   3.62572   2.22884   0.39947   1.43010   1.51944   1.06992   0.36345   0.14738   0.43303   5.00267   0.06379   0.28603   0.12003   0.13582   0.05678   0.02118   1.50627   0.03391   0.03054   0.43873  
 57  0.0121   6591.343151  x:  2.71503   4.31390   9.52548   3.63356   2.23589   0.40251   1.42868   1.51564   1.06501   0.36256   0.14813   0.43284   5.01640   0.06324   0.28768   0.12005   0.13573   0.05685   0.02117   1.50686   0.03391   0.03025   0.47552  
 58  0.0109   6591.338083  x:  2.71575   4.33612   9.55606   3.64432   2.24324   0.40427   1.43295   1.51956   1.06441   0.36405   0.14703   0.43381   5.03107   0.05849   0.29178   0.12013   0.13593   0.05662   0.02130   1.50570   0.03378   0.03015   0.54090  
 59  0.0604   6591.335424  x:  2.72243   4.35385   9.59233   3.64932   2.25346   0.40994   1.43788   1.52524   1.06386   0.36683   0.14500   0.43521   5.05292   0.05779   0.29115   0.12012   0.13614   0.05643   0.02142   1.50449   0.03361   0.03043   0.56463  
 60  0.0416   6591.333762  x:  2.72236   4.36148   9.60586   3.65223   2.25836   0.41395   1.43829   1.52632   1.06332   0.36683   0.14550   0.43503   5.06914   0.05553   0.29351   0.12027   0.13579   0.05670   0.02131   1.50564   0.03357   0.03026   0.62151  
 61  0.0193   6591.332154  x:  2.72227   4.34781   9.60756   3.65018   2.25762   0.41494   1.43537   1.52594   1.06528   0.36649   0.14594   0.43479   5.07614   0.05584   0.29354   0.12029   0.13571   0.05678   0.02126   1.50629   0.03360   0.03018   0.64598  
 62  0.0199   6591.330255  x:  2.72496   4.33893   9.62759   3.65386   2.25930   0.41500   1.43471   1.52890   1.06894   0.36735   0.14525   0.43542   5.08863   0.05326   0.29593   0.12029   0.13590   0.05660   0.02131   1.50548   0.03354   0.03014   0.71435  
 63  0.0591   6591.329809  x:  2.72866   4.32308   9.61712   3.64871   2.25642   0.41350   1.43270   1.52825   1.06982   0.36732   0.14502   0.43547   5.08354   0.05310   0.29579   0.12027   0.13600   0.05656   0.02132   1.50486   0.03357   0.03022   0.72949  
 64  0.0162   6591.329263  x:  2.73173   4.31646   9.60150   3.64450   2.25518   0.41340   1.43255   1.52679   1.06939   0.36631   0.14558   0.43508   5.08433   0.05167   0.29712   0.12036   0.13585   0.05666   0.02130   1.50514   0.03361   0.03014   0.78315  
 65  0.0151   6591.328584  x:  2.73007   4.32218   9.57772   3.64167   2.25348   0.41155   1.43544   1.52507   1.06772   0.36500   0.14601   0.43479   5.07966   0.05154   0.29731   0.12039   0.13578   0.05663   0.02135   1.50540   0.03364   0.03011   0.81200  
 66  0.0211   6591.328219  x:  2.72734   4.32711   9.58186   3.64388   2.25488   0.41065   1.43748   1.52700   1.06844   0.36547   0.14542   0.43530   5.08486   0.05051   0.29827   0.12038   0.13586   0.05652   0.02138   1.50506   0.03361   0.03012   0.85488  
 67  0.0390   6591.328037  x:  2.72291   4.33227   9.58930   3.64594   2.25623   0.40999   1.43826   1.52939   1.06903   0.36654   0.14474   0.43585   5.08947   0.05016   0.29865   0.12036   0.13593   0.05649   0.02135   1.50470   0.03358   0.03013   0.88390  
 68  0.0164   6591.327859  x:  2.72353   4.33145   9.58364   3.64371   2.25604   0.41061   1.43708   1.52913   1.06860   0.36651   0.14516   0.43553   5.09309   0.04936   0.29947   0.12041   0.13584   0.05658   0.02132   1.50486   0.03359   0.03007   0.93279  
 69  0.0205   6591.327746  x:  2.72542   4.33144   9.58338   3.64259   2.25570   0.41128   1.43545   1.52889   1.06839   0.36662   0.14550   0.43521   5.09385   0.04935   0.29946   0.12042   0.13581   0.05658   0.02134   1.50497   0.03360   0.03006   0.95016  
 70  0.0114   6591.327611  x:  2.72655   4.33500   9.58637   3.64294   2.25617   0.41110   1.43529   1.53019   1.06879   0.36700   0.14538   0.43528   5.09700   0.04850   0.30020   0.12043   0.13584   0.05651   0.02137   1.50487   0.03358   0.03006   1.00439  
 71  0.0316   6591.327447  x:  2.72987   4.34207   9.59493   3.64477   2.25625   0.41029   1.43532   1.53195   1.06935   0.36714   0.14510   0.43554   5.09470   0.04786   0.30075   0.12044   0.13589   0.05647   0.02138   1.50485   0.03356   0.03006   1.06059  
 72  0.0198   6591.327322  x:  2.73141   4.34013   9.59907   3.64546   2.25604   0.41083   1.43480   1.53062   1.06910   0.36650   0.14531   0.43543   5.09110   0.04800   0.30072   0.12046   0.13582   0.05659   0.02133   1.50489   0.03356   0.03003   1.05870  
 73  0.0027   6591.327255  x:  2.73222   4.34027   9.60400   3.64653   2.25680   0.41112   1.43524   1.53053   1.06926   0.36641   0.14528   0.43549   5.09239   0.04751   0.30119   0.12048   0.13580   0.05661   0.02133   1.50482   0.03355   0.03001   1.09127  
 74  0.0258   6591.327185  x:  2.73230   4.33940   9.61303   3.64937   2.25847   0.41126   1.43739   1.53027   1.06961   0.36648   0.14503   0.43570   5.09344   0.04741   0.30123   0.12047   0.13585   0.05656   0.02134   1.50469   0.03354   0.03003   1.10133  
 75  0.0082   6591.327126  x:  2.73323   4.33860   9.60975   3.64911   2.25876   0.41081   1.43843   1.53023   1.06929   0.36686   0.14537   0.43537   5.09491   0.04690   0.30172   0.12049   0.13582   0.05657   0.02134   1.50492   0.03354   0.03000   1.15682  
 76  0.0134   6591.327104  x:  2.73248   4.33933   9.61298   3.64985   2.25886   0.41086   1.43788   1.53015   1.06928   0.36702   0.14532   0.43539   5.09483   0.04667   0.30198   0.12049   0.13582   0.05658   0.02133   1.50461   0.03353   0.03000   1.18906  
 77  0.0129   6591.327096  x:  2.73292   4.33981   9.61359   3.64998   2.25906   0.41091   1.43806   1.53032   1.06934   0.36702   0.14531   0.43541   5.09559   0.04642   0.30220   0.12050   0.13582   0.05657   0.02134   1.50463   0.03353   0.02999   1.21295  
 78  0.0211   6591.327085  x:  2.73357   4.34006   9.61198   3.64970   2.25920   0.41109   1.43842   1.53070   1.06950   0.36683   0.14525   0.43551   5.09691   0.04621   0.30237   0.12051   0.13581   0.05656   0.02134   1.50479   0.03353   0.02998   1.24203  
 79  0.0157   6591.327080  x:  2.73313   4.34013   9.61350   3.65023   2.25923   0.41113   1.43821   1.53085   1.06968   0.36674   0.14516   0.43560   5.09698   0.04613   0.30247   0.12051   0.13581   0.05657   0.02134   1.50469   0.03352   0.02998   1.25310  
 80  0.0064   6591.327077  x:  2.73317   4.34006   9.61218   3.65044   2.25921   0.41119   1.43831   1.53097   1.06965   0.36677   0.14518   0.43558   5.09696   0.04598   0.30260   0.12052   0.13581   0.05657   0.02134   1.50470   0.03353   0.02998   1.27229  
 81  0.0034   6591.327074  x:  2.73314   4.33998   9.61223   3.65126   2.25914   0.41136   1.43827   1.53104   1.06962   0.36683   0.14520   0.43555   5.09613   0.04604   0.30255   0.12051   0.13581   0.05657   0.02134   1.50470   0.03353   0.02998   1.26783  
 82  0.0018   6591.327072  x:  2.73322   4.34017   9.61327   3.65192   2.25921   0.41150   1.43823   1.53118   1.06967   0.36685   0.14520   0.43556   5.09595   0.04601   0.30258   0.12051   0.13581   0.05657   0.02134   1.50468   0.03352   0.02998   1.26882  
 83  0.0012   6591.327071  x:  2.73310   4.33996   9.61238   3.65176   2.25911   0.41151   1.43818   1.53117   1.06965   0.36683   0.14519   0.43556   5.09573   0.04610   0.30249   0.12051   0.13581   0.05657   0.02134   1.50471   0.03352   0.02998   1.25627  
 84  0.0076   6591.327071  x:  2.73305   4.33992   9.61224   3.65176   2.25909   0.41151   1.43817   1.53116   1.06965   0.36682   0.14519   0.43557   5.09568   0.04611   0.30248   0.12051   0.13581   0.05657   0.02134   1.50470   0.03353   0.02998   1.25539  
 85  0.0013   6591.327071  x:  2.73305   4.33992   9.61224   3.65176   2.25909   0.41151   1.43817   1.53116   1.06965   0.36682   0.14519   0.43557   5.09568   0.04611   0.30248   0.12051   0.13581   0.05657   0.02134   1.50470   0.03353   0.02998   1.25539  
 86  0.0003   6591.327071  x:  2.73304   4.33992   9.61223   3.65176   2.25909   0.41151   1.43817   1.53116   1.06965   0.36682   0.14519   0.43557   5.09568   0.04611   0.30248   0.12051   0.13581   0.05657   0.02134   1.50470   0.03353   0.02998   1.25537  
 87  0.0308   6591.327071  x:  2.73304   4.33992   9.61223   3.65176   2.25909   0.41151   1.43817   1.53116   1.06965   0.36682   0.14519   0.43557   5.09568   0.04611   0.30248   0.12051   0.13581   0.05657   0.02134   1.50470   0.03353   0.02998   1.25537  