

TREE # 1

  0  0.0000   3458.320794  x:  0.43134   1.13519   1.02776   0.27577   0.93949   0.13292   0.82761   0.19775   0.50919   0.37254   0.08946   0.21515   0.75794   0.15974   0.00000   0.23933   0.02252   0.00073   0.03497   2.00000   0.20000   0.20000  
  1 99.0000   3446.959687  x:  0.43940   1.13854   1.03184   0.28985   0.94206   0.14223   0.82776   0.20252   0.51118   0.37509   0.09389   0.21842   0.76579   0.16447   0.01116   0.23633   0.07508   0.10499   0.02279   1.99570   0.22387   0.19982  
  2 1015.9186   3434.368953  x:  0.45549   1.14513   1.03999   0.31806   0.94694   0.16037   0.82748   0.21168   0.51495   0.37979   0.10215   0.22443   0.78176   0.16454   0.02080   0.22594   0.10634   0.09025   0.00000   1.98748   0.24671   0.19836  
  3 279.1514   3412.905291  x:  0.52657   1.17426   1.07605   0.44241   0.96839   0.24012   0.82606   0.25195   0.53150   0.40041   0.13815   0.25062   0.85242   0.16372   0.06179   0.17950   0.24222   0.02849   0.01637   1.95128   0.34030   0.19224  
  4 1529.2115   3373.385567  x:  0.64366   1.22227   1.13676   0.63496   0.99655   0.35244   0.81036   0.30543   0.55210   0.42543   0.16694   0.27270   0.97125   0.11109   0.06556   0.08100   0.36981   0.00275   0.01462   1.89840   0.18522   0.18387  
  5 283.7768   3352.076233  x:  0.81707   1.30778   1.24407   0.88230   1.03779   0.48346   0.78517   0.37531   0.59146   0.46118   0.15094   0.26585   1.14929   0.02195   0.05045   0.05804   0.21383   0.05779   0.01231   1.79751   0.16619   0.17340  
  6 176.0441   3344.004281  x:  0.88735   1.34391   1.28974   0.97870   1.05300   0.53113   0.77230   0.40050   0.60668   0.47370   0.13957   0.25964   1.22210   0.03705   0.09573   0.09381   0.15571   0.07491   0.01154   1.75532   0.13798   0.16850  
  7 442.2483   3341.838304  x:  0.92152   1.37254   1.32815   0.99104   1.04669   0.50552   0.74167   0.38405   0.60538   0.46140   0.09617   0.22952   1.26360   0.02998   0.07564   0.12825   0.17364   0.06984   0.01164   1.72820   0.13733   0.16085  
  8 42.8507   3338.629797  x:  0.98541   1.43532   1.41333   0.98637   1.02528   0.42043   0.66665   0.33579   0.59861   0.42797   0.07066   0.20584   1.34741   0.06771   0.07173   0.09066   0.17331   0.06888   0.01167   1.67035   0.14171   0.14211  
  9 64.1388   3335.487917  x:  1.05578   1.50961   1.51352   0.96967   1.00122   0.31832   0.58274   0.28704   0.59402   0.39341   0.12310   0.22538   1.44326   0.08467   0.04635   0.10513   0.17661   0.06811   0.01151   1.60045   0.14049   0.11687  
 10 123.6761   3332.874546  x:  1.08866   1.60626   1.64031   0.81554   1.02238   0.25956   0.58227   0.42041   0.64171   0.42254   0.11244   0.25041   1.54544   0.05243   0.07861   0.09886   0.18887   0.06361   0.01141   1.49586   0.13110   0.02983  
 11 17.4421   3332.133083  x:  1.08876   1.61826   1.65671   0.79525   1.03212   0.27393   0.58588   0.42348   0.63996   0.41984   0.11591   0.24670   1.56240   0.05773   0.07382   0.09900   0.18883   0.06356   0.01142   1.49026   0.13067   0.00010  
 12 18.0357   3329.856845  x:  1.06846   1.68491   1.72832   0.75311   1.06956   0.31402   0.61726   0.37211   0.63090   0.44490   0.07557   0.32677   1.69025   0.00000   0.13093   0.10695   0.17957   0.06319   0.01149   1.53912   0.13526   0.00010  
 13  8.6021   3325.467596  x:  1.01578   1.78420   1.81334   0.83783   1.08958   0.24127   0.73807   0.40850   0.69449   0.61696   0.10699   0.28506   1.90803   0.02545   0.11418   0.12449   0.15911   0.06319   0.01113   1.67425   0.14695   0.00010  
 14 15.9118   3322.442670  x:  1.00011   1.82494   1.80963   0.99553   1.12452   0.22234   0.73943   0.52298   0.70406   0.40658   0.12587   0.26405   1.80231   0.00425   0.13757   0.13450   0.14414   0.06295   0.01070   1.57807   0.15325   0.00010  
 15  7.5649   3320.842350  x:  1.01624   1.84369   1.81917   1.07207   1.15292   0.27168   0.67907   0.49935   0.76996   0.44619   0.10006   0.30901   1.64693   0.04113   0.10173   0.13847   0.14279   0.06115   0.01013   1.44330   0.15101   0.00010  
 16  9.8171   3319.923248  x:  1.05490   1.86298   1.84479   1.09919   1.16413   0.30217   0.65507   0.45695   0.77760   0.48942   0.13299   0.24973   1.54876   0.00000   0.14303   0.13606   0.14440   0.05857   0.00989   1.39987   0.14969   0.00010  
 17 10.9037   3316.139950  x:  1.37788   1.95070   2.07466   1.23833   1.16447   0.37900   0.75999   0.44790   0.61131   0.55543   0.12542   0.27453   1.24666   0.01993   0.12792   0.13841   0.15557   0.04791   0.00791   1.57891   0.14804   0.00010  
 18  6.6185   3309.423722  x:  1.51908   1.80942   2.20036   1.45308   1.15917   0.53900   0.89248   0.29680   0.97920   0.40380   0.14858   0.24998   1.44160   0.01466   0.14161   0.13284   0.19450   0.02398   0.00425   1.77053   0.13687   0.00010  
 19  4.9723   3302.465528  x:  1.42076   1.61907   2.14994   1.67656   1.12352   0.66395   0.82163   0.33013   0.70856   0.49124   0.16106   0.23742   1.85179   0.00744   0.15621   0.13302   0.21980   0.00525   0.00147   1.67089   0.13109   0.00010  
 20 10.0839   3299.266720  x:  1.34621   1.97456   2.28247   1.74356   1.05033   0.77995   0.56921   0.50740   0.74331   0.52165   0.16927   0.24060   2.02764   0.00119   0.16956   0.13196   0.21414   0.00493   0.00335   1.80682   0.12378   0.00010  
 21  3.0927   3297.161664  x:  1.34789   2.13933   2.34773   1.78067   1.03293   0.77800   0.67714   0.50596   0.74089   0.53076   0.16730   0.25270   2.11305   0.00000   0.17309   0.12727   0.21505   0.00452   0.00429   1.73974   0.11242   0.00010  
 22  8.1687   3294.865054  x:  1.83457   1.97624   2.31677   1.70314   1.38818   0.68463   0.68779   0.57329   0.74337   0.55633   0.17044   0.27094   2.34566   0.00000   0.17700   0.12619   0.20238   0.00831   0.00622   1.66470   0.10193   0.00010  
 23  3.3495   3293.846599  x:  2.01186   1.91414   2.38553   1.69963   1.09152   0.79893   0.72156   0.62561   0.76265   0.54274   0.17257   0.27502   2.44042   0.00000   0.18068   0.12833   0.18975   0.00998   0.00682   1.58694   0.10161   0.00010  
 24  1.6596   3290.820132  x:  1.93669   2.41733   2.81618   2.13105   1.29401   0.83217   0.81132   0.69795   0.83400   0.54874   0.17661   0.28358   2.65417   0.00000   0.18281   0.12383   0.17372   0.00388   0.00725   1.48658   0.08321   0.00010  
 25  1.4250   3290.047859  x:  1.87641   2.66052   2.76568   2.26139   1.32903   0.85635   0.83238   0.70487   0.82757   0.55873   0.17555   0.27877   2.72849   0.00000   0.16808   0.12507   0.16106   0.00859   0.00717   1.50039   0.08557   0.00010  
 26  0.5437   3290.041780  x:  1.87565   2.66494   2.76530   2.26435   1.32984   0.85693   0.83282   0.70510   0.82760   0.55896   0.17554   0.27867   2.73015   0.00426   0.16783   0.12510   0.16084   0.00867   0.00717   1.50085   0.08562   0.00010  
 27  3.2546   3289.264729  x:  1.97665   2.64920   2.88935   2.39335   1.36833   0.89065   0.84594   0.73092   0.86849   0.57010   0.17600   0.27434   2.80066   0.00000   0.16897   0.12754   0.16463   0.00609   0.00753   1.55218   0.08582   0.00010  
 28  0.6283   3289.264729  x:  1.97665   2.64920   2.88935   2.39335   1.36833   0.89065   0.84594   0.73092   0.86849   0.57010   0.17600   0.27434   2.80066   0.00000   0.16897   0.12754   0.16463   0.00609   0.00753   1.55218   0.08582   0.00010  
 29  1.3253   3289.179166  x:  1.97668   2.64918   2.88935   2.39344   1.36832   0.89069   0.84591   0.73087   0.86849   0.57011   0.17590   0.27427   2.80067   0.00001   0.16904   0.12751   0.16533   0.00731   0.00769   1.55226   0.08361   0.00010  
 30 65.7479   3289.123365  x:  1.97703   2.64906   2.88944   2.39423   1.36838   0.89114   0.84577   0.73059   0.86866   0.57032   0.17530   0.27374   2.80091   0.00018   0.16971   0.12737   0.17059   0.00961   0.00800   1.55249   0.08454   0.00010  
 31 21.5495   3288.886572  x:  1.97888   2.64841   2.88991   2.39848   1.36867   0.89356   0.84497   0.72903   0.86951   0.57140   0.17207   0.27094   2.80214   0.00086   0.17308   0.12640   0.19783   0.00743   0.00706   1.55386   0.08371   0.00010  
 32 70.6546   3288.880913  x:  1.97900   2.64837   2.88994   2.39875   1.36869   0.89372   0.84493   0.72894   0.86956   0.57147   0.17196   0.27083   2.80223   0.00072   0.17311   0.12621   0.19844   0.00724   0.00785   1.55394   0.08368   0.00010  
 33 16.6274   3288.873272  x:  1.97939   2.64825   2.89004   2.39963   1.36876   0.89422   0.84479   0.72865   0.86974   0.57170   0.17173   0.27061   2.80249   0.00000   0.17294   0.12543   0.19863   0.00724   0.00783   1.55420   0.08369   0.00010  
 34  6.1960   3288.756606  x:  1.99819   2.64207   2.89525   2.44238   1.37175   0.91826   0.83823   0.71472   0.87796   0.58227   0.16526   0.26379   2.81514   0.00000   0.18859   0.11516   0.20025   0.00731   0.00761   1.56657   0.08367   0.00010  
 35 14.1482   3288.341857  x:  2.07694   2.61683   2.91768   2.62084   1.38338   1.01683   0.81364   0.66039   0.91046   0.62331   0.16486   0.25756   2.86800   0.00000   0.17827   0.13056   0.21353   0.00749   0.00683   1.61453   0.08323   0.00010  
 36 23.0103   3288.252815  x:  2.09672   2.61165   2.92476   2.66467   1.38454   1.03766   0.81362   0.65552   0.91502   0.62751   0.18104   0.27051   2.88104   0.00000   0.18079   0.12529   0.21753   0.00748   0.00675   1.61879   0.08270   0.00010  
 37 13.4574   3287.576467  x:  2.28760   2.58284   3.01727   3.07013   1.37132   1.17867   0.90374   0.74044   0.91218   0.58186   0.17516   0.27351   3.00355   0.00000   0.17874   0.12718   0.20990   0.00753   0.00729   1.55000   0.07528   0.00010  
 38  7.5835   3287.402266  x:  2.34955   2.60878   3.09104   3.17928   1.33980   1.14103   0.90375   0.77442   0.94503   0.61791   0.19275   0.25549   3.03365   0.00000   0.17761   0.12773   0.19948   0.00743   0.00792   1.58444   0.07376   0.00010  
 39  3.0427   3287.349022  x:  2.37180   2.62523   3.12710   3.21608   1.33356   1.12181   0.89845   0.77902   0.95322   0.62037   0.17444   0.27827   3.04299   0.00000   0.17735   0.12785   0.19733   0.00742   0.00805   1.59703   0.07348   0.00010  
 40  3.9471   3287.272135  x:  2.41282   2.67547   3.22330   3.28093   1.35032   1.08405   0.88913   0.76962   0.94408   0.58930   0.18008   0.27110   3.05610   0.00000   0.17787   0.12720   0.20131   0.00748   0.00785   1.60413   0.07326   0.00010  
 41  2.1112   3287.195953  x:  2.44916   2.73695   3.34385   3.34188   1.40721   1.06570   0.90932   0.77974   0.96323   0.62333   0.18016   0.27146   3.06224   0.00000   0.17882   0.12669   0.20819   0.00760   0.00753   1.57388   0.07100   0.00010  
 42  2.3412   3287.150242  x:  2.46293   2.77257   3.42098   3.36753   1.46939   1.08230   0.94207   0.80036   0.96971   0.62766   0.18005   0.27288   3.06370   0.00000   0.17897   0.12646   0.20879   0.00761   0.00753   1.60818   0.07031   0.00010  
 43  1.7271   3287.123720  x:  2.46613   2.78692   3.46182   3.37429   1.49768   1.10674   0.92820   0.78493   0.98304   0.62401   0.18197   0.27141   3.08194   0.00000   0.17839   0.12648   0.20267   0.00757   0.00789   1.60021   0.06970   0.00010  
 44  0.4623   3287.057129  x:  2.48692   2.79053   3.53547   3.42329   1.47493   1.14649   0.93556   0.79213   0.97630   0.64706   0.18081   0.27122   3.17246   0.00000   0.17769   0.12495   0.20160   0.00760   0.00799   1.60849   0.07017   0.00010  
 45  0.4567   3287.050364  x:  2.49585   2.79549   3.53512   3.43595   1.47540   1.14660   0.94078   0.79630   1.00141   0.63755   0.18143   0.27059   3.18424   0.00000   0.17790   0.12482   0.20257   0.00760   0.00794   1.60966   0.07007   0.00010  
 46  0.4160   3287.038638  x:  2.54795   2.84334   3.50721   3.49277   1.50507   1.13736   0.95443   0.79263   1.00383   0.64519   0.18173   0.27081   3.21494   0.00000   0.17826   0.12475   0.20215   0.00753   0.00794   1.61207   0.06936   0.00010  
 47  0.2313   3287.036671  x:  2.55777   2.85370   3.50960   3.50629   1.50685   1.14494   0.94537   0.80420   1.00420   0.64618   0.18193   0.27078   3.21901   0.00000   0.17835   0.12470   0.20272   0.00751   0.00790   1.61234   0.06915   0.00010  
 48  0.2058   3287.034245  x:  2.56827   2.86670   3.53122   3.52925   1.49411   1.16380   0.95287   0.80318   1.00781   0.64732   0.18220   0.27085   3.22187   0.00000   0.17828   0.12457   0.20321   0.00749   0.00786   1.61245   0.06873   0.00010  
 49  0.1366   3287.033394  x:  2.56902   2.85115   3.54679   3.54766   1.50089   1.16130   0.95375   0.80393   1.00871   0.64813   0.18227   0.27087   3.22408   0.00000   0.17807   0.12444   0.20338   0.00748   0.00785   1.61209   0.06860   0.00010  
 50  0.0577   3287.033359  x:  2.57029   2.85114   3.54746   3.54939   1.50109   1.16193   0.95380   0.80370   1.00884   0.64816   0.18229   0.27087   3.22047   0.00000   0.17804   0.12447   0.20333   0.00750   0.00785   1.61200   0.06862   0.00010  
 51  0.0072   3287.033354  x:  2.57129   2.85146   3.54838   3.54918   1.50155   1.16250   0.95402   0.80374   1.00903   0.64823   0.18232   0.27089   3.22205   0.00000   0.17805   0.12451   0.20336   0.00750   0.00786   1.61208   0.06861   0.00010  
 52  0.0028   3287.033353  x:  2.57080   2.85180   3.54847   3.54954   1.50166   1.16253   0.95406   0.80376   1.00907   0.64824   0.18232   0.27090   3.22232   0.00000   0.17806   0.12452   0.20336   0.00750   0.00786   1.61209   0.06860   0.00010  
 53  0.0012   3287.033353  x:  2.57092   2.85178   3.54856   3.54955   1.50170   1.16252   0.95408   0.80378   1.00907   0.64825   0.18233   0.27090   3.22226   0.00000   0.17808   0.12452   0.20335   0.00750   0.00786   1.61209   0.06860   0.00010  
 54  0.0001   3287.033353  x:  2.57092   2.85178   3.54856   3.54955   1.50169   1.16251   0.95408   0.80378   1.00907   0.64825   0.18233   0.27090   3.22226   0.00000   0.17808   0.12452   0.20335   0.00750   0.00786   1.61209   0.06860   0.00010  
 55  0.0000   3287.033353  x:  2.57092   2.85178   3.54856   3.54955   1.50169   1.16251   0.95408   0.80378   1.00907   0.64825   0.18233   0.27090   3.22226   0.00000   0.17808   0.12452   0.20335   0.00750   0.00786   1.61209   0.06860   0.00010  
 56  0.0000   3287.033353  x:  2.57092   2.85178   3.54856   3.54955   1.50169   1.16251   0.95408   0.80378   1.00907   0.64825   0.18233   0.27090   3.22226   0.00000   0.17808   0.12452   0.20335   0.00750   0.00786   1.61209   0.06860   0.00010  
 57  0.0000   3287.033353  x:  2.57092   2.85178   3.54856   3.54955   1.50169   1.16251   0.95408   0.80378   1.00907   0.64825   0.18233   0.27090   3.22226   0.00000   0.17808   0.12452   0.20335   0.00750   0.00786   1.61209   0.06860   0.00010  
 58  0.0000   3287.033353  x:  2.57092   2.85178   3.54856   3.54955   1.50169   1.16251   0.95408   0.80378   1.00907   0.64825   0.18233   0.27090   3.22226   0.00000   0.17808   0.12452   0.20335   0.00750   0.00786   1.61209   0.06860   0.00010  
check convergence!
