

TREE # 1

  0  0.0000  14589.309405  x:  0.17673   2.00331   2.68384   0.26622   1.49766   0.23007   1.30377   0.45607   1.08915   0.29710   0.28810   0.34511   1.83609   0.38818   0.07371   0.26919   0.09192   0.11424   0.08291   2.00000   0.20000   0.20000  
  1 99.0000  14431.708435  x:  0.19182   2.01100   2.69101   0.28884   1.50327   0.24234   1.30856   0.46598   1.09670   0.31198   0.28853   0.34832   1.84632   0.38560   0.07365   0.26132   0.10163   0.10252   0.10580   1.98239   0.41268   0.18536  
  2 2239.4397  14380.345877  x:  0.24766   2.04066   2.71740   0.37509   1.51866   0.28281   1.31909   0.49933   1.12104   0.36502   0.27339   0.35039   1.88546   0.34674   0.04575   0.22025   0.10791   0.01963   0.15089   1.93509   0.40075   0.09528  
  3 383.8055  14346.327967  x:  0.29516   2.06616   2.74046   0.44794   1.53181   0.31637   1.32803   0.52723   1.14181   0.40890   0.26077   0.35242   1.91947   0.32207   0.03223   0.19260   0.11957   0.03783   0.18182   1.89384   0.38937   0.01528  
  4 1249.3544  14256.621961  x:  0.71418   2.29733   2.95737   1.07976   1.64847   0.59368   1.40662   0.76206   1.32554   0.76840   0.15927   0.37875   2.23363   0.27855   0.12865   0.19056   0.26653   0.09405   0.16306   1.50511   0.29719   0.15692  
  5 500.0423  14241.254697  x:  0.76798   2.33172   2.99689   1.15578   1.66198   0.61552   1.41577   0.78195   1.34633   0.79202   0.17861   0.40120   2.28195   0.27949   0.14847   0.18119   0.19270   0.09801   0.09290   1.47058   0.29465   0.14932  
  6 289.2334  14233.787994  x:  0.80325   2.35764   3.03116   1.20223   1.66951   0.61986   1.42082   0.78753   1.35766   0.79128   0.20191   0.42011   2.31925   0.28304   0.16577   0.19876   0.11857   0.10480   0.11695   1.46048   0.29001   0.15890  
  7 253.9264  14222.492029  x:  0.92696   2.47668   3.22096   1.33997   1.68583   0.55582   1.43251   0.74892   1.37995   0.66087   0.30641   0.47061   2.49527   0.29567   0.22925   0.37994   0.12710   0.08024   0.10755   1.53937   0.28157   0.08853  
  8 105.3299  14208.483266  x:  1.04364   2.61528   3.46017   1.45338   1.70272   0.44268   1.45031   0.68991   1.40683   0.48003   0.21884   0.35639   2.70165   0.26499   0.26503   0.43775   0.09080   0.07608   0.09482   1.64374   0.28412   0.06967  
  9 135.8038  14201.359861  x:  1.07266   2.71828   3.67481   1.44316   1.72281   0.29940   1.48035   0.65843   1.45327   0.40711   0.23579   0.39395   2.85881   0.27399   0.33529   0.30353   0.12670   0.07562   0.11833   1.66779   0.27670   0.08857  
 10 66.6376  14194.211071  x:  1.08463   2.82030   3.89796   1.40741   1.75178   0.15473   1.51604   0.64091   1.50419   0.37282   0.27578   0.44607   3.01571   0.18323   0.30021   0.21295   0.15523   0.09340   0.12503   1.69110   0.27394   0.13879  
 11 174.2505  14185.095752  x:  1.01516   2.95428   4.24230   1.23554   1.85004   0.00000   1.58810   0.69849   1.58028   0.50611   0.26291   0.43053   3.22946   0.18774   0.30933   0.24093   0.14936   0.08737   0.12450   1.71310   0.26919   0.12323  
 12 58.8952  14172.463297  x:  0.74751   3.28614   5.10657   0.74385   2.26381   0.27352   1.74183   0.86334   1.58100   0.46178   0.27823   0.43159   3.75621   0.23249   0.25002   0.21625   0.16316   0.08472   0.13353   1.70305   0.25052   0.12371  
 13 60.2897  14168.729612  x:  0.62842   3.42889   5.34429   0.68100   2.17557   0.37371   1.62628   0.66328   1.55872   0.52532   0.21088   0.48848   3.87754   0.26812   0.20497   0.24981   0.15606   0.07994   0.13052   1.59419   0.24669   0.10835  
 14 14.6589  14165.724343  x:  0.52594   3.56991   5.52940   0.68923   2.04051   0.48516   1.54397   0.56304   1.52577   0.63170   0.29112   0.40675   3.96095   0.29665   0.17949   0.22070   0.16194   0.08295   0.13378   1.63340   0.24244   0.11818  
 15 27.0216  14157.914586  x:  0.21030   3.94798   5.90988   0.80914   1.56065   0.65347   1.60586   0.74520   1.46295   0.68760   0.22097   0.49024   4.05423   0.29864   0.18164   0.23223   0.15116   0.08165   0.13122   1.74497   0.23107   0.11130  
 16 19.1028  14151.802252  x:  0.00000   4.16938   6.10255   0.90195   1.41341   0.65879   1.66941   0.83451   1.51982   0.61892   0.29094   0.39253   4.05319   0.27141   0.20456   0.27567   0.14416   0.07260   0.12937   1.59291   0.21745   0.08445  
 17 27.1597  14151.802252  x:  0.00000   4.16938   6.10255   0.90195   1.41341   0.65879   1.66941   0.83451   1.51982   0.61892   0.29094   0.39253   4.05319   0.27141   0.20456   0.27567   0.14416   0.07260   0.12937   1.59291   0.21745   0.08445  
 18 22.2216  14144.225685  x:  0.00171   4.16997   6.10289   0.90457   1.41542   0.65899   1.66936   0.83482   1.52066   0.62004   0.28862   0.39193   4.05382   0.26590   0.19874   0.26701   0.13789   0.06572   0.13354   1.59380   0.18714   0.06337  
 19 342.3689  14138.629937  x:  0.00595   4.17161   6.10394   0.91084   1.42041   0.66047   1.67020   0.83649   1.52340   0.62364   0.28529   0.39188   4.05563   0.25852   0.19067   0.25337   0.12969   0.05707   0.14199   1.59185   0.19178   0.02623  
 20 290.1145  14137.062182  x:  0.01984   4.17691   6.10734   0.93144   1.43674   0.66495   1.67271   0.84169   1.53222   0.63503   0.27474   0.39197   4.06152   0.24654   0.17673   0.23821   0.12066   0.04982   0.16008   1.58419   0.19255   0.03643  
 21 72.0542  14134.405579  x:  0.05978   4.19213   6.11716   0.99072   1.48347   0.67733   1.67985   0.85625   1.55735   0.66685   0.24796   0.39457   4.07853   0.23699   0.16164   0.21278   0.13394   0.07631   0.16647   1.56290   0.18702   0.03932  
 22 127.1302  14127.633135  x:  0.16403   4.23181   6.14300   1.14532   1.60476   0.70869   1.69873   0.89363   1.62256   0.74784   0.18851   0.40745   4.12322   0.23594   0.14614   0.17106   0.17408   0.05773   0.13523   1.50937   0.17516   0.04660  
 23 347.9283  14119.139066  x:  0.32286   4.29207   6.18354   1.38017   1.78596   0.75144   1.72843   0.94715   1.71998   0.86113   0.15608   0.45707   4.19257   0.29063   0.17901   0.19511   0.17658   0.04615   0.17282   1.44358   0.14969   0.03761  
 24 261.0421  14114.557907  x:  0.41260   4.32613   6.20806   1.51220   1.88463   0.76961   1.74616   0.97343   1.77298   0.91439   0.17698   0.49551   4.23333   0.29308   0.16905   0.21791   0.12727   0.05811   0.14404   1.42966   0.14052   0.03651  
 25 222.7376  14112.753853  x:  0.45962   4.34397   6.22372   1.58067   1.93016   0.76726   1.75577   0.97916   1.79617   0.92285   0.20699   0.50285   4.25726   0.27686   0.14627   0.24253   0.14793   0.05451   0.14856   1.46450   0.13801   0.03342  
 26 77.0349  14107.432973  x:  0.62527   4.40689   6.28755   1.82036   2.07378   0.72328   1.78932   0.97630   1.86395   0.89818   0.27872   0.44879   4.34924   0.30887   0.15831   0.19766   0.15485   0.05351   0.15181   1.68416   0.13888   0.04275  
 27 84.0189  14106.329019  x:  0.66267   4.42179   6.30773   1.87358   2.09945   0.69756   1.79875   0.96943   1.87477   0.87587   0.25061   0.41201   4.37468   0.30740   0.15468   0.22531   0.14223   0.05512   0.14814   1.72212   0.14059   0.03913  
 28 46.7704  14103.980057  x:  0.76185   4.46598   6.40443   2.00954   2.12157   0.51576   1.83760   0.91327   1.87470   0.71752   0.21750   0.46855   4.47588   0.29973   0.15821   0.22240   0.14369   0.05545   0.14854   1.69534   0.14110   0.03916  
 29 19.2164  14102.942347  x:  0.78761   4.48317   6.48808   2.04904   2.11821   0.38608   1.87450   0.92420   1.87896   0.73750   0.26892   0.40496   4.54489   0.29668   0.16357   0.21848   0.14576   0.05473   0.14984   1.64318   0.13826   0.03876  
 30 11.1190  14101.206114  x:  0.77472   4.49995   6.68315   2.05638   2.14150   0.21463   1.93594   1.00044   1.86200   0.85598   0.23575   0.45622   4.68213   0.29569   0.16587   0.22457   0.14303   0.05511   0.14955   1.69604   0.14017   0.03809  
 31 10.5350  14093.912914  x:  0.63470   4.61016   7.73153   2.01063   2.58678   0.30031   2.13468   1.27084   1.74335   0.80912   0.29057   0.43575   5.36305   0.32177   0.15015   0.23127   0.14148   0.05439   0.15417   1.67805   0.13556   0.03405  
 32 13.1357  14088.637920  x:  0.59077   4.81030   8.51038   1.98898   2.61421   0.45733   2.06463   1.04356   2.21578   0.89444   0.30606   0.45130   5.79377   0.32708   0.15274   0.23983   0.13863   0.05409   0.15706   1.68529   0.13422   0.03072  
 33 17.3628  14085.980305  x:  0.79282   5.21490   8.92301   2.13311   2.21390   0.72536   2.31681   1.13015   2.27637   0.93492   0.29898   0.46951   5.91220   0.32094   0.16559   0.23881   0.14032   0.05431   0.15924   1.70113   0.12608   0.03078  
 34  7.4715  14084.403021  x:  0.88491   5.69672   9.17224   2.25984   2.33637   0.70459   2.15934   1.05812   2.11729   1.04280   0.30727   0.46726   5.89614   0.29668   0.19195   0.24036   0.14089   0.05505   0.15975   1.68751   0.12493   0.03110  
 35  2.7616  14080.687058  x:  0.85106   6.72324   9.72503   2.43227   2.85329   0.48673   2.29233   1.29633   2.43772   1.00183   0.30068   0.48055   5.86869   0.37636   0.12286   0.23349   0.14770   0.05710   0.16290   1.67113   0.10869   0.03467  
 36  7.3622  14079.837882  x:  0.74433   6.80261   9.79001   2.62844   2.96887   0.48216   2.46012   1.22863   2.47655   1.04087   0.29711   0.48592   5.96549   0.25902   0.24154   0.23144   0.15003   0.05730   0.16355   1.67118   0.10491   0.03548  
 37  3.5613  14078.473414  x:  0.55888   6.77948   9.82103   3.09155   3.06140   0.47824   2.64348   1.10955   2.47806   1.11897   0.29315   0.49071   6.17602   0.39686   0.10666   0.22740   0.15284   0.05798   0.16400   1.65651   0.10127   0.03733  
 38  5.2706  14077.000521  x:  0.49531   6.61660   9.78233   3.66987   3.06599   0.43711   2.47699   1.36297   2.58759   1.08495   0.29592   0.48887   6.35980   0.36740   0.13644   0.22327   0.15628   0.05820   0.16411   1.64490   0.10074   0.03880  
 39  4.1697  14075.121504  x:  1.50843   6.13691  10.13825   3.77138   3.43441   0.36544   2.70386   1.32972   2.71017   1.19120   0.28692   0.50005   6.39304   0.36390   0.14231   0.21227   0.16254   0.05693   0.16410   1.66569   0.09831   0.04067  
 40  1.6188  14074.741304  x:  1.68158   6.13280  10.45570   3.81096   3.48052   0.39343   2.68193   1.37290   2.76205   1.22919   0.28189   0.50693   6.66886   0.36483   0.14390   0.20815   0.16496   0.05650   0.16478   1.67688   0.09369   0.04112  
 41  1.8560  14074.363267  x:  1.52747   6.79736  11.14564   4.13754   3.70089   0.35951   2.77048   1.42229   2.90852   1.28924   0.28653   0.51689   6.79452   0.36997   0.14404   0.20746   0.16709   0.05555   0.16545   1.71242   0.08950   0.04001  
 42  0.6433  14074.272843  x:  1.54211   6.82494  11.27197   4.17956   3.72051   0.37724   2.78863   1.42213   2.93171   1.31126   0.29057   0.51891   6.97226   0.37023   0.14636   0.20904   0.16817   0.05688   0.16535   1.70380   0.08914   0.04109  
 43  0.1431  14074.251450  x:  1.57419   6.86474  11.42468   4.20673   3.75545   0.38761   2.82504   1.43446   2.96229   1.32879   0.29291   0.52084   7.08199   0.37337   0.14575   0.20807   0.16834   0.05657   0.16609   1.69820   0.08750   0.04099  
 44  0.1669  14074.246286  x:  1.55788   6.87838  11.47446   4.18673   3.75679   0.39433   2.83961   1.44056   2.96740   1.33034   0.29362   0.52049   7.09617   0.37448   0.14523   0.20787   0.16780   0.05618   0.16629   1.70035   0.08755   0.04072  
 45  0.0393  14074.245332  x:  1.55150   6.88079  11.48609   4.17269   3.75438   0.39781   2.84025   1.44474   2.96790   1.33000   0.29369   0.52035   7.09985   0.37411   0.14560   0.20817   0.16807   0.05641   0.16612   1.70083   0.08750   0.04091  
 46  0.0156  14074.245221  x:  1.54783   6.87847  11.47776   4.16750   3.75232   0.39865   2.83732   1.44531   2.96616   1.32956   0.29356   0.52023   7.09917   0.37376   0.14569   0.20801   0.16810   0.05640   0.16616   1.70021   0.08754   0.04086  
 47  0.0073  14074.245205  x:  1.54647   6.88011  11.47784   4.16822   3.75354   0.39898   2.83746   1.44496   2.96646   1.33029   0.29353   0.52030   7.09972   0.37387   0.14557   0.20801   0.16813   0.05638   0.16613   1.70015   0.08753   0.04088  
 48  0.0014  14074.245203  x:  1.54664   6.88005  11.47762   4.16831   3.75375   0.39908   2.83755   1.44492   2.96658   1.33041   0.29353   0.52030   7.09947   0.37388   0.14558   0.20801   0.16812   0.05639   0.16614   1.70020   0.08753   0.04087  
 49  0.0004  14074.245203  x:  1.54687   6.87979  11.47726   4.16821   3.75365   0.39916   2.83749   1.44495   2.96660   1.33040   0.29354   0.52029   7.09933   0.37387   0.14559   0.20802   0.16811   0.05639   0.16614   1.70020   0.08753   0.04087  
 50  0.0003  14074.245203  x:  1.54688   6.87987  11.47731   4.16823   3.75362   0.39920   2.83750   1.44496   2.96663   1.33040   0.29354   0.52029   7.09937   0.37388   0.14559   0.20802   0.16812   0.05639   0.16614   1.70019   0.08753   0.04087  
 51  0.0001  14074.245203  x:  1.54688   6.87987  11.47731   4.16823   3.75362   0.39920   2.83750   1.44496   2.96663   1.33040   0.29354   0.52029   7.09936   0.37388   0.14559   0.20802   0.16812   0.05639   0.16614   1.70019   0.08753   0.04087  