

TREE # 1

  0  0.0000   3634.586932  x:  0.26882   0.36294   0.45130   0.09051   0.43645   0.19435   0.42115   0.05995   0.25626   0.13604   0.16778   0.09254   0.63242   0.02570   0.06142   0.06021   0.06486   0.00000   0.10230   2.00000   0.20000   0.20000   0.20000  
  1 99.0000   3624.237285  x:  0.27006   0.36354   0.45206   0.09212   0.43663   0.19463   0.42123   0.06073   0.25651   0.13627   0.16797   0.09274   0.63307   0.02585   0.06155   0.06019   0.06493   0.03296   0.10193   1.99976   0.19897   0.19956   0.19993  
  2 5365.3210   3551.423163  x:  0.39281   0.42323   0.52768   0.25022   0.45431   0.22273   0.42902   0.13740   0.28096   0.15908   0.18719   0.11212   0.69754   0.03955   0.07459   0.05197   0.03865   0.03340   0.04221   1.97597   0.09783   0.15827   0.19365  
  3 462.6696   3509.465318  x:  0.48424   0.47013   0.58854   0.35936   0.46959   0.24353   0.43586   0.18871   0.30028   0.17578   0.20180   0.12516   0.74963   0.04412   0.08065   0.04896   0.02745   0.03363   0.00615   1.95437   0.14185   0.12300   0.18844  
  4 1184.9419   3481.085647  x:  0.63123   0.54709   0.68999   0.52815   0.49457   0.27556   0.44596   0.26511   0.33096   0.20051   0.22499   0.14303   0.83677   0.04616   0.08690   0.04953   0.02848   0.03284   0.08488   1.91675   0.19345   0.05942   0.17915  
  5 1804.2104   3470.894319  x:  0.66133   0.56831   0.72552   0.53470   0.50018   0.27425   0.44223   0.25227   0.33321   0.19360   0.22689   0.12997   0.86919   0.02378   0.07364   0.06347   0.08084   0.03225   0.08080   1.89615   0.19098   0.00915   0.17337  
  6 218.3048   3459.112070  x:  0.74637   0.63722   0.85411   0.49660   0.51839   0.25530   0.42177   0.16217   0.33551   0.15510   0.23017   0.06582   0.99122   0.00000   0.07532   0.04596   0.13029   0.03188   0.07480   1.80767   0.18127   0.06389   0.14948  
  7 153.6845   3454.551018  x:  0.78778   0.67199   0.92223   0.46558   0.52813   0.24321   0.41098   0.11090   0.33787   0.13660   0.23345   0.03487   1.05753   0.03351   0.08499   0.04367   0.14737   0.03174   0.07237   1.75749   0.17665   0.07084   0.13610  
  8 676.5200   3441.138960  x:  0.84838   0.72727   1.05324   0.35119   0.54974   0.21247   0.40034   0.03063   0.35852   0.14087   0.25909   0.03794   1.19585   0.02056   0.07806   0.04213   0.07172   0.03254   0.07272   1.63966   0.16301   0.02892   0.10805  
  9 215.0214   3428.058599  x:  0.90323   0.78682   1.21968   0.15120   0.58199   0.17252   0.40510   0.08613   0.37833   0.15194   0.28232   0.03042   1.38184   0.01251   0.08923   0.07487   0.02742   0.03300   0.06922   1.47020   0.14511   0.01494   0.06828  
 10 287.6472   3425.616492  x:  0.90744   0.78805   1.24918   0.11170   0.59321   0.16949   0.41285   0.08967   0.38902   0.17794   0.29551   0.06454   1.42890   0.01712   0.09427   0.05418   0.04547   0.03288   0.06708   1.42214   0.14059   0.01961   0.05800  
 11 125.2083   3420.160414  x:  0.81845   0.65889   1.25309   0.13655   0.66520   0.22539   0.48178   0.07648   0.36295   0.20740   0.27416   0.05399   1.63638   0.01982   0.08318   0.05595   0.04432   0.03289   0.06511   1.17545   0.13232   0.02029   0.08238  
 12 38.8079   3419.815104  x:  0.81392   0.64272   1.24764   0.14179   0.66329   0.21326   0.47667   0.07987   0.36216   0.19653   0.27818   0.05389   1.65641   0.01626   0.09564   0.04676   0.04378   0.03290   0.06549   1.16372   0.13275   0.01483   0.07485  
 13 19.8578   3419.319371  x:  0.81057   0.61448   1.23665   0.15371   0.65741   0.18795   0.46426   0.07999   0.36564   0.18186   0.28964   0.06529   1.69144   0.01209   0.11020   0.05816   0.04502   0.03287   0.06536   1.14818   0.13317   0.01646   0.06145  
 14 56.4415   3418.886060  x:  0.81605   0.58858   1.22366   0.15981   0.64920   0.16344   0.44939   0.08676   0.37325   0.17210   0.29250   0.06843   1.72625   0.01828   0.08635   0.05440   0.04501   0.03287   0.06550   1.14375   0.13349   0.01892   0.05380  
 15 23.1430   3418.091802  x:  0.85781   0.54298   1.18926   0.14850   0.63636   0.14929   0.42446   0.08841   0.39502   0.19157   0.26583   0.06176   1.80639   0.01577   0.09520   0.05330   0.04664   0.03286   0.06537   1.17232   0.13288   0.01758   0.09083  
 16 11.6463   3416.480785  x:  0.93828   0.49993   1.11924   0.11280   0.63970   0.21320   0.43464   0.08766   0.36075   0.17185   0.28393   0.07121   1.93813   0.01523   0.09424   0.05531   0.04581   0.03286   0.06462   1.24637   0.12953   0.01701   0.07583  
 17 14.5448   3413.717778  x:  0.94754   0.56192   1.05805   0.12022   0.62589   0.20440   0.49098   0.08161   0.37208   0.20430   0.26730   0.04942   2.02832   0.01351   0.09762   0.05988   0.04550   0.03283   0.06322   1.27687   0.12381   0.01589   0.02374  
 18  9.2628   3406.750677  x:  0.94480   0.83353   0.89008   0.15394   0.57989   0.14384   0.65495   0.08392   0.36834   0.20000   0.32798   0.04104   2.30488   0.01662   0.09058   0.05638   0.05403   0.03271   0.05805   1.33599   0.10331   0.01398   0.09179  
 19 63.9117   3394.603226  x:  0.91455   1.05671   0.88071   0.21069   0.63310   0.28752   0.44615   0.12099   0.45015   0.16236   0.28105   0.08839   2.45986   0.01870   0.08299   0.05872   0.05904   0.03254   0.05150   1.29915   0.07583   0.00755   0.08246  
 20 19.2853   3388.083829  x:  1.07298   0.94091   1.03934   0.24058   0.58780   0.23249   0.47538   0.12487   0.30559   0.24338   0.28695   0.07411   2.35761   0.02081   0.07830   0.06078   0.06206   0.03242   0.04939   1.22337   0.06451   0.00475   0.08091  
 21 16.9593   3386.847515  x:  1.12571   0.88625   1.06923   0.23644   0.59610   0.23869   0.53304   0.12206   0.38732   0.21363   0.31432   0.05454   2.30801   0.01963   0.08022   0.06037   0.06569   0.03237   0.04841   1.20226   0.06088   0.00553   0.08344  
 22 14.5270   3380.102284  x:  1.42932   0.88862   0.95999   0.26026   0.61681   0.22410   0.50443   0.13746   0.37388   0.15089   0.21721   0.11081   2.06003   0.01898   0.08531   0.05908   0.07045   0.03218   0.05074   0.98920   0.06466   0.01109   0.08119  
 23  2.9158   3372.242889  x:  1.47401   0.81397   1.09194   0.34533   0.68977   0.22474   0.41196   0.15867   0.36883   0.27236   0.38783   0.00000   1.93063   0.02061   0.08363   0.05549   0.07586   0.03201   0.05243   1.04111   0.06827   0.01952   0.08018  
 24 12.1742   3366.162392  x:  1.39523   0.69983   1.46157   0.46003   0.74574   0.19303   0.48976   0.17398   0.34941   0.19682   0.24316   0.11266   1.89536   0.03054   0.07444   0.05163   0.07477   0.03190   0.05425   1.27448   0.07112   0.02746   0.08524  
 25 19.8266   3365.214483  x:  1.39525   0.69876   1.50561   0.47562   0.57986   0.26208   0.49014   0.17883   0.37250   0.18988   0.24990   0.11399   1.90937   0.03075   0.07507   0.05153   0.07452   0.03187   0.05480   1.25685   0.07254   0.02688   0.08533  
 26  3.0832   3349.582262  x:  1.91899   0.78903   1.69536   0.68626   0.87303   0.24072   0.44221   0.24598   0.56638   0.15674   0.34902   0.08622   2.03708   0.02486   0.09559   0.05719   0.06726   0.03123   0.05884   1.12560   0.06825   0.00429   0.08524  
 27  1.3815   3335.028679  x:  2.33612   1.06116   2.04235   0.97877   1.05372   0.26414   0.30561   0.35422   0.55591   0.21722   0.39523   0.06862   2.65247   0.03090   0.10799   0.05577   0.04717   0.03056   0.05793   1.09132   0.04388   0.03121   0.07869  
 28  1.5874   3322.339761  x:  2.91687   1.11860   2.57768   1.30097   1.17518   0.23873   0.54861   0.44716   0.55663   0.20259   0.38422   0.00000   3.23571   0.04505   0.06810   0.05764   0.05047   0.02944   0.05653   1.15161   0.04053   0.03667   0.08688  
 29  0.5982   3322.339761  x:  2.91687   1.11860   2.57768   1.30097   1.17518   0.23873   0.54861   0.44716   0.55663   0.20259   0.38422   0.00000   3.23571   0.04505   0.06810   0.05764   0.05047   0.02944   0.05653   1.15161   0.04053   0.03667   0.08688  
 30  1.1054   3322.192321  x:  2.91695   1.11866   2.57775   1.30107   1.17516   0.23871   0.54854   0.44704   0.55661   0.20256   0.38423   0.00012   3.23577   0.04492   0.06809   0.05756   0.05034   0.02926   0.05574   1.15159   0.03902   0.03501   0.08676  
 31 118.8251   3320.686560  x:  2.91808   1.11954   2.57877   1.30248   1.17508   0.23848   0.54773   0.44539   0.55630   0.20214   0.38434   0.00174   3.23666   0.04313   0.06798   0.05657   0.04868   0.02687   0.04530   1.15111   0.03934   0.01286   0.08514  
 32 225.4148   3320.573075  x:  2.92035   1.12130   2.58079   1.30529   1.17493   0.23801   0.54614   0.44214   0.55566   0.20126   0.38442   0.00455   3.23843   0.04308   0.07108   0.05541   0.05016   0.03073   0.03912   1.14983   0.03933   0.01381   0.08225  
 33 21.2944   3320.090553  x:  2.94053   1.13688   2.59882   1.33032   1.17355   0.23399   0.53225   0.41369   0.54960   0.19311   0.38391   0.02619   3.25422   0.03601   0.09007   0.05181   0.05649   0.02476   0.04068   1.13851   0.03912   0.01334   0.05857  
 34 26.4031   3319.809951  x:  2.95458   1.14765   2.61132   1.34764   1.17264   0.23130   0.52314   0.39478   0.54514   0.18723   0.38203   0.03719   3.26520   0.02634   0.09554   0.05486   0.05360   0.03104   0.04522   1.13090   0.03895   0.01143   0.04633  
 35 88.0625   3319.583053  x:  2.96741   1.15739   2.62270   1.36336   1.17187   0.22897   0.51556   0.37865   0.54092   0.18190   0.37884   0.04334   3.27523   0.01741   0.09605   0.05937   0.04705   0.02843   0.04223   1.12426   0.03889   0.01423   0.04107  
 36 81.9265   3318.889047  x:  3.02001   1.19649   2.66893   1.42672   1.16922   0.22039   0.49017   0.32185   0.52388   0.16242   0.35757   0.04653   3.31622   0.02640   0.10022   0.06919   0.04432   0.02827   0.04198   1.09937   0.03836   0.01317   0.05882  
 37 45.4134   3318.474286  x:  3.05272   1.22033   2.69748   1.46567   1.16793   0.21560   0.47855   0.29362   0.51570   0.15586   0.34425   0.04635   3.34171   0.02358   0.08972   0.05531   0.04910   0.02893   0.04262   1.08607   0.03802   0.01340   0.06748  
 38 86.6833   3317.323760  x:  3.18650   1.31183   2.81181   1.61952   1.16776   0.20316   0.48804   0.27899   0.51948   0.21260   0.31229   0.06407   3.44600   0.05218   0.04862   0.06313   0.05510   0.02810   0.04097   1.06271   0.03598   0.01420   0.05392  
 39 27.8137   3316.916251  x:  3.23261   1.34267   2.85101   1.67189   1.16873   0.20005   0.49474   0.28067   0.51927   0.22746   0.30465   0.06425   3.48206   0.06128   0.04817   0.05509   0.04200   0.02874   0.04205   1.05800   0.03529   0.01457   0.05079  
 40 114.3431   3314.582522  x:  3.63829   1.60559   3.19351   2.12452   1.19118   0.18783   0.58648   0.36368   0.49391   0.28446   0.28793   0.00000   3.80121   0.01445   0.10373   0.05720   0.05429   0.02830   0.04149   1.05646   0.02948   0.01232   0.06071  
 41 86.9543   3313.352981  x:  3.81504   1.71408   3.34071   2.31478   1.20876   0.18977   0.62342   0.40459   0.48231   0.27714   0.34389   0.02257   3.94083   0.01013   0.10070   0.05386   0.05323   0.02930   0.04292   1.07474   0.02708   0.01264   0.09099  
 42 97.5445   3312.770822  x:  3.90221   1.75997   3.41077   2.40098   1.22412   0.19606   0.63355   0.42269   0.47732   0.24258   0.36974   0.00480   4.01025   0.02991   0.08069   0.05521   0.05326   0.02866   0.04180   1.10357   0.02627   0.01329   0.06787  
 43 46.7065   3312.093219  x:  4.02346   1.78341   3.49483   2.48228   1.26875   0.21764   0.60030   0.42567   0.57357   0.21115   0.35478   0.00661   4.10849   0.02993   0.08091   0.05497   0.05323   0.02884   0.04215   1.21245   0.02601   0.01393   0.07144  
 44 12.6356   3310.496867  x:  4.44591   1.54655   3.69285   2.44070   1.48655   0.22706   0.47124   0.56339   0.53408   0.17699   0.28564   0.06114   4.46626   0.03368   0.07467   0.05476   0.05203   0.02881   0.04212   1.17731   0.02522   0.01363   0.07344  
 45  3.7160   3308.605519  x:  4.84829   1.31808   3.88361   2.36141   1.63366   0.17346   0.49587   0.50633   0.58410   0.21845   0.38478   0.00000   4.80709   0.03203   0.07957   0.05531   0.05138   0.02844   0.04137   1.13666   0.02494   0.01290   0.07045  
 46 15.6593   3307.873666  x:  5.03689   1.26635   3.98967   2.29429   1.64515   0.15771   0.63921   0.46210   0.56824   0.17897   0.33696   0.04135   4.96636   0.03399   0.07659   0.05591   0.05090   0.02849   0.04162   1.17654   0.02548   0.01313   0.07162  
 47  9.1237   3306.540924  x:  5.36075   1.58744   4.29228   2.07649   1.46467   0.41060   0.64225   0.49275   0.62888   0.14978   0.36621   0.03425   5.25420   0.03620   0.07590   0.05675   0.05005   0.02829   0.04141   1.13107   0.02480   0.01275   0.06830  
 48  3.8707   3306.302970  x:  5.41020   1.66935   4.34263   2.06534   1.46142   0.36826   0.60855   0.49846   0.59188   0.17738   0.37955   0.02828   5.31206   0.03515   0.07770   0.05643   0.05014   0.02840   0.04167   1.18248   0.02553   0.01306   0.07046  
 49  3.5798   3305.631939  x:  5.55267   1.95182   4.48909   2.12571   1.65902   0.18360   0.61311   0.54696   0.65694   0.13956   0.38644   0.02854   5.52889   0.03907   0.07450   0.05675   0.04972   0.02848   0.04199   1.14329   0.02425   0.01314   0.06900  
 50  3.6768   3304.913836  x:  5.74535   2.24196   4.65497   2.28867   2.02028   0.21295   0.66526   0.50429   0.62562   0.19168   0.40203   0.01876   5.83659   0.03912   0.07822   0.05679   0.04928   0.02867   0.04263   1.15018   0.02192   0.01337   0.07004  
 51  6.9204   3303.276672  x:  6.46940   2.35147   4.99786   3.43719   2.04538   0.26825   0.69881   0.57923   0.69807   0.16895   0.43653   0.01325   6.89306   0.04770   0.07400   0.05727   0.04915   0.02890   0.04349   1.12530   0.01855   0.01374   0.06810  
 52  2.7608   3302.158767  x:  7.48117   2.31668   6.14489   3.74359   2.12459   0.26068   0.70748   0.59089   0.65492   0.20147   0.41409   0.01697   7.25828   0.04491   0.06814   0.05558   0.04905   0.02752   0.03939   1.17615   0.01804   0.01142   0.06045  
 53  0.8560   3301.846373  x:  8.01578   2.43667   6.58874   3.79074   2.18856   0.25575   0.72693   0.60392   0.65372   0.20973   0.40288   0.02011   7.67629   0.04396   0.06872   0.05578   0.04947   0.02822   0.04104   1.17522   0.01644   0.01303   0.06019  
 54  1.9510   3301.515535  x:  8.69445   2.71024   6.82119   4.03122   2.33550   0.29336   0.75566   0.63209   0.67316   0.19948   0.38495   0.02841   8.31455   0.04378   0.07058   0.05723   0.05058   0.03035   0.04624   1.13777   0.01551   0.01711   0.06560  
 55  0.8956   3301.320240  x:  9.24359   2.97595   7.08458   4.24872   2.47922   0.31642   0.78220   0.65921   0.69354   0.18609   0.37888   0.03082   8.93043   0.04221   0.07051   0.05784   0.04912   0.02878   0.04261   1.12836   0.01429   0.01427   0.06511  
 56  1.1395   3301.228354  x:  9.37243   3.07371   7.16693   4.31435   2.51719   0.32453   0.78708   0.66912   0.69976   0.17934   0.38059   0.02998   9.17816   0.04121   0.07216   0.05726   0.04906   0.02803   0.04089   1.14141   0.01439   0.01276   0.06392  
 57  0.3350   3301.159441  x:  9.92680   3.26889   7.72134   4.56233   2.64416   0.33912   0.80902   0.70535   0.71008   0.18029   0.38675   0.02861   9.79501   0.04163   0.07338   0.05584   0.05020   0.02884   0.04264   1.15476   0.01348   0.01360   0.06504  
 58  0.6045   3301.140943  x: 10.11705   3.33192   7.92413   4.65067   2.68841   0.34517   0.82226   0.72741   0.71334   0.18199   0.39004   0.02963   9.97420   0.04273   0.07141   0.05707   0.04925   0.02867   0.04223   1.14383   0.01326   0.01348   0.06612  
 59  0.2032   3301.137119  x: 10.26801   3.37695   8.03850   4.70901   2.71854   0.34951   0.83496   0.74001   0.71460   0.18188   0.38959   0.03014  10.09212   0.04278   0.07137   0.05687   0.04964   0.02854   0.04201   1.14413   0.01305   0.01335   0.06424  
 60  0.1672   3301.134857  x: 10.29511   3.37437   8.04434   4.71296   2.71777   0.35016   0.84458   0.74657   0.71294   0.18307   0.38813   0.03077  10.07905   0.04271   0.07142   0.05654   0.04975   0.02860   0.04214   1.14679   0.01308   0.01348   0.06390  
 61  0.0202   3301.133800  x: 10.31025   3.37576   8.04055   4.71884   2.71928   0.35104   0.85118   0.75233   0.71341   0.18371   0.38739   0.03134  10.08156   0.04268   0.07156   0.05679   0.04947   0.02864   0.04217   1.14661   0.01305   0.01340   0.06495  
 62  0.0126   3301.133542  x: 10.28058   3.36728   8.01657   4.70912   2.71543   0.35085   0.85106   0.75364   0.71400   0.18316   0.38793   0.03091  10.06597   0.04262   0.07167   0.05687   0.04962   0.02859   0.04213   1.14599   0.01307   0.01343   0.06448  
 63  0.0259   3301.133486  x: 10.27252   3.36570   8.01604   4.70574   2.71532   0.35070   0.85060   0.75468   0.71410   0.18327   0.38818   0.03078  10.07077   0.04263   0.07159   0.05675   0.04959   0.02861   0.04214   1.14619   0.01308   0.01343   0.06461  
 64  0.0070   3301.133473  x: 10.27439   3.36598   8.01993   4.70462   2.71607   0.35065   0.85047   0.75518   0.71397   0.18337   0.38809   0.03086  10.07575   0.04264   0.07163   0.05681   0.04958   0.02861   0.04215   1.14632   0.01307   0.01343   0.06456  
 65  0.0048   3301.133470  x: 10.27646   3.36593   8.02037   4.70369   2.71674   0.35067   0.85048   0.75529   0.71397   0.18331   0.38798   0.03092  10.07609   0.04263   0.07161   0.05679   0.04959   0.02861   0.04214   1.14622   0.01307   0.01343   0.06458  
 66  0.0011   3301.133470  x: 10.27620   3.36556   8.01982   4.70322   2.71676   0.35066   0.85042   0.75524   0.71399   0.18329   0.38801   0.03091  10.07569   0.04263   0.07162   0.05680   0.04958   0.02861   0.04214   1.14626   0.01307   0.01343   0.06458  
 67  0.0007   3301.133470  x: 10.27645   3.36529   8.01975   4.70305   2.71684   0.35065   0.85040   0.75522   0.71401   0.18328   0.38803   0.03090  10.07566   0.04263   0.07162   0.05680   0.04958   0.02861   0.04214   1.14627   0.01307   0.01343   0.06458  
 68  0.0004   3301.133470  x: 10.27691   3.36498   8.01999   4.70314   2.71689   0.35066   0.85042   0.75520   0.71402   0.18329   0.38805   0.03089  10.07595   0.04264   0.07161   0.05680   0.04958   0.02861   0.04214   1.14627   0.01307   0.01343   0.06458  
 69  0.0002   3301.133470  x: 10.27679   3.36506   8.01995   4.70315   2.71687   0.35065   0.85042   0.75520   0.71401   0.18329   0.38804   0.03089  10.07591   0.04264   0.07162   0.05680   0.04958   0.02861   0.04214   1.14627   0.01307   0.01343   0.06458  
 70  0.0002   3301.133470  x: 10.27671   3.36509   8.01994   4.70318   2.71685   0.35065   0.85042   0.75521   0.71401   0.18329   0.38804   0.03090  10.07592   0.04264   0.07162   0.05680   0.04958   0.02861   0.04214   1.14627   0.01307   0.01343   0.06458  
 71  0.0001   3301.133470  x: 10.27670   3.36505   8.01999   4.70329   2.71687   0.35064   0.85042   0.75521   0.71400   0.18329   0.38803   0.03090  10.07603   0.04264   0.07162   0.05680   0.04958   0.02861   0.04214   1.14626   0.01307   0.01343   0.06458  
 72  0.0000   3301.133470  x: 10.27670   3.36505   8.01999   4.70329   2.71687   0.35064   0.85042   0.75521   0.71400   0.18329   0.38803   0.03090  10.07603   0.04264   0.07162   0.05680   0.04958   0.02861   0.04214   1.14626   0.01307   0.01343   0.06458  
 73  0.0001   3301.133470  x: 10.27670   3.36506   8.01998   4.70327   2.71687   0.35064   0.85042   0.75521   0.71400   0.18329   0.38803   0.03090  10.07602   0.04264   0.07162   0.05680   0.04958   0.02861   0.04214   1.14626   0.01307   0.01343   0.06458  