

TREE # 1

  0  0.0000   6847.643961  x:  0.07850   1.15719   1.35825   0.29427   0.93759   0.11019   0.82488   0.23580   0.50369   0.37236   0.28780   0.22630   1.00630   0.17197   0.08054   0.11415   0.10904   0.09892   0.00000   2.00000   0.20000  
  1 99.0000   6837.620170  x:  0.08926   1.15980   1.36197   0.30263   0.93821   0.11277   0.82371   0.23916   0.50362   0.37137   0.28630   0.22679   1.00972   0.17421   0.08428   0.11462   0.11205   0.09521   0.05364   1.99763   0.18397  
  2 1073.4234   6817.809711  x:  0.14056   1.17286   1.38049   0.34301   0.94178   0.12564   0.81864   0.25613   0.50398   0.36710   0.27943   0.22967   1.02675   0.18435   0.10104   0.11377   0.11568   0.06460   0.04900   1.98526   0.13674  
  3 409.0159   6786.155554  x:  0.24081   1.19997   1.41888   0.42331   0.95028   0.15220   0.80995   0.29155   0.50636   0.35986   0.26670   0.23666   1.06207   0.20290   0.13137   0.11250   0.12347   0.01292   0.05169   1.95856   0.14779  
  4 994.4427   6728.803100  x:  0.64090   1.31288   1.58146   0.75045   0.98554   0.25779   0.77218   0.43689   0.51665   0.32855   0.21377   0.26722   1.21048   0.26579   0.23770   0.10568   0.15336   0.11069   0.04507   1.84484   0.16253  
  5 1272.0937   6710.706254  x:  0.70018   1.35988   1.67176   0.82721   0.99601   0.25875   0.74715   0.47156   0.53031   0.31433   0.21414   0.29466   1.27457   0.16229   0.11556   0.07753   0.11058   0.11102   0.04759   1.78328   0.15775  
  6 160.5870   6707.356288  x:  0.69690   1.37931   1.71571   0.84315   0.99914   0.24796   0.73472   0.47854   0.53819   0.30863   0.21532   0.30209   1.30153   0.14600   0.08561   0.12353   0.12354   0.11002   0.04668   1.75433   0.15558  
  7 134.0429   6686.911874  x:  0.48662   1.56497   2.17761   0.89463   1.02515   0.07964   0.60769   0.50254   0.62566   0.25709   0.23236   0.34910   1.56293   0.23864   0.07136   0.14670   0.06925   0.10345   0.04955   1.45804   0.14090  
  8 109.1026   6681.184474  x:  0.40142   1.63101   2.34559   0.90683   1.04330   0.04383   0.57753   0.51495   0.65117   0.24373   0.22374   0.34356   1.65573   0.24357   0.06793   0.10810   0.14407   0.09978   0.04732   1.36690   0.13512  
  9 255.7917   6674.262429  x:  0.26207   1.72401   2.58928   0.90630   1.10937   0.13591   0.61390   0.54893   0.66092   0.25304   0.17879   0.26488   1.78032   0.19476   0.11609   0.11424   0.13728   0.09586   0.04798   1.32698   0.12622  
 10 86.5650   6670.220336  x:  0.18033   1.80120   2.77841   0.89985   1.15939   0.20387   0.67242   0.57220   0.65342   0.27645   0.25722   0.30201   1.86767   0.17137   0.15130   0.11349   0.14735   0.09422   0.04782   1.36705   0.11852  
 11 89.7649   6664.650114  x:  0.16481   1.97421   3.12366   0.85113   1.19704   0.16161   0.80255   0.54018   0.59324   0.29683   0.22726   0.28899   1.98846   0.23322   0.09904   0.10716   0.15313   0.09325   0.04739   1.60487   0.11413  
 12 44.9197   6663.809436  x:  0.19708   2.02027   3.18574   0.81219   1.19495   0.13957   0.81402   0.50310   0.62188   0.31805   0.21275   0.30316   1.97615   0.19148   0.13686   0.10950   0.15232   0.09409   0.04717   1.62089   0.11376  
 13 14.1773   6662.498487  x:  0.25064   2.11088   3.27536   0.73272   1.20651   0.19975   0.81989   0.47568   0.64564   0.28542   0.22364   0.30329   1.88121   0.21685   0.11349   0.10584   0.15535   0.09488   0.04662   1.58069   0.11070  
 14  8.1426   6659.541655  x:  0.24517   2.27395   3.41962   0.76793   1.17897   0.17724   0.83054   0.61719   0.61739   0.34552   0.22571   0.29286   1.65998   0.21225   0.11436   0.10631   0.15214   0.09506   0.04539   1.54031   0.10241  
 15  9.3129   6656.619660  x:  0.20082   2.37365   3.51727   0.90193   1.15958   0.18430   0.80405   0.57877   0.56239   0.26454   0.21273   0.31934   1.55563   0.17498   0.14705   0.10787   0.15022   0.09491   0.04374   1.54562   0.09926  
 16 16.1563   6653.712441  x:  0.17274   2.42693   3.58739   1.05177   1.15323   0.21952   0.77133   0.49039   0.63727   0.31341   0.23397   0.29105   1.54686   0.19243   0.12654   0.10394   0.15116   0.09524   0.04203   1.56149   0.09233  
 17 20.5207   6649.126639  x:  0.25901   2.32389   3.62670   0.97565   1.18146   0.21668   0.79215   0.54668   0.62013   0.30853   0.21493   0.32103   1.85406   0.18534   0.12994   0.10475   0.14711   0.09482   0.03946   1.50796   0.08019  
 18  8.9542   6648.545843  x:  0.28691   2.29036   3.65259   0.96372   1.17071   0.20679   0.75966   0.55046   0.59833   0.30153   0.25834   0.27191   1.88512   0.17164   0.13953   0.10537   0.14528   0.09552   0.03902   1.51083   0.08079  
 19 10.7868   6647.241897  x:  0.32595   2.11890   3.77235   0.95584   1.12772   0.25196   0.64083   0.56453   0.56937   0.33564   0.23417   0.29994   1.89038   0.17383   0.13694   0.10460   0.14498   0.09598   0.03789   1.54132   0.08280  
 20  6.2896   6644.410512  x:  0.41121   1.73362   4.00671   1.03775   1.06882   0.23406   0.75605   0.57231   0.63067   0.28828   0.23363   0.29980   1.85210   0.17677   0.13110   0.10470   0.14096   0.09723   0.03571   1.50624   0.08318  
 21 10.5574   6638.944416  x:  0.54524   1.65498   4.04843   1.18886   1.47193   0.13212   0.77817   0.50714   0.52821   0.37137   0.22219   0.31430   1.90454   0.19351   0.11564   0.10781   0.13139   0.09730   0.03130   1.42663   0.08184  
 22  4.1951   6630.653344  x:  0.66662   1.81126   3.97293   1.35477   1.70947   0.06753   0.68601   0.69556   0.77835   0.19628   0.20362   0.33132   2.10477   0.19077   0.12372   0.11250   0.12144   0.09581   0.02434   1.56442   0.08056  
 23 14.3175   6619.536196  x:  0.81669   2.27992   3.80706   1.57416   1.25880   0.19263   0.80035   0.69621   0.71404   0.25856   0.18248   0.36487   2.53861   0.21498   0.10628   0.11231   0.11557   0.09398   0.01468   1.46728   0.08086  
 24 16.7134   6609.985003  x:  1.00220   2.54180   4.68748   1.86448   1.38362   0.23122   0.83448   0.79419   0.75447   0.29258   0.19310   0.36013   2.69204   0.20657   0.14368   0.11886   0.12473   0.08420   0.00496   1.50126   0.06202  
 25  0.8618   6600.259757  x:  1.28794   3.02324   6.32950   2.29054   1.61371   0.28472   0.96313   0.95313   0.81066   0.32983   0.19610   0.34874   3.01842   0.16035   0.21817   0.11056   0.15539   0.04876   0.03092   1.58120   0.05312  
 26  0.6654   6597.757544  x:  1.51742   3.07006   6.55632   2.49045   1.62242   0.30227   1.00149   1.00937   0.83911   0.29761   0.17677   0.37359   3.30666   0.18116   0.19484   0.10775   0.14015   0.04552   0.02592   1.49825   0.05348  
 27  0.2821   6596.298258  x:  1.71506   3.19934   6.89502   2.68898   1.66989   0.32348   1.05139   1.07272   0.87512   0.28795   0.16633   0.39191   3.56653   0.19406   0.18159   0.10796   0.13105   0.04425   0.02260   1.45062   0.04694  
 28  0.8604   6595.065436  x:  2.04860   3.35832   7.39663   2.96839   1.80495   0.33594   1.11794   1.16482   0.92562   0.32088   0.17187   0.39901   3.92739   0.20217   0.17201   0.12113   0.12767   0.05782   0.01753   1.52355   0.04347  
 29  0.3034   6594.661558  x:  2.16296   3.46796   7.73308   3.06219   1.87823   0.33952   1.15988   1.20332   0.93723   0.33513   0.16824   0.39874   4.03963   0.18294   0.18640   0.11437   0.13786   0.05627   0.02167   1.52982   0.04298  
 30  0.2115   6594.532892  x:  2.27551   3.56788   8.00213   3.16432   1.92995   0.34816   1.19726   1.24278   0.95376   0.33779   0.16364   0.40416   4.16863   0.18135   0.18957   0.11306   0.13947   0.05511   0.02246   1.51675   0.04077  
 31  0.4352   6594.477400  x:  2.35749   3.63153   8.15247   3.22080   1.96087   0.35354   1.22377   1.27032   0.96357   0.33450   0.15997   0.40898   4.25482   0.18835   0.18734   0.11486   0.13724   0.05577   0.02197   1.49981   0.04010  
 32  0.1354   6594.460518  x:  2.40109   3.70826   8.28891   3.24353   1.99212   0.35763   1.24447   1.29516   0.97260   0.33691   0.16002   0.41098   4.30729   0.18870   0.18893   0.11440   0.13731   0.05596   0.02190   1.51261   0.03957  
 33  0.0607   6594.448527  x:  2.35941   3.72731   8.24509   3.18729   1.98039   0.35859   1.24230   1.29416   0.96985   0.33643   0.16065   0.41035   4.27388   0.18781   0.18860   0.11403   0.13639   0.05553   0.02151   1.50797   0.03985  
 34  0.0276   6594.445706  x:  2.35909   3.74099   8.25880   3.18000   1.98166   0.36027   1.24479   1.29759   0.97111   0.33718   0.16015   0.41056   4.28227   0.18797   0.18852   0.11468   0.13670   0.05567   0.02150   1.50630   0.03967  
 35  0.0169   6594.444207  x:  2.35543   3.74089   8.25770   3.16945   1.98024   0.36123   1.24361   1.29748   0.97167   0.33738   0.15966   0.41049   4.29151   0.18827   0.18792   0.11502   0.13723   0.05614   0.02156   1.50711   0.03973  
 36  0.0058   6594.443071  x:  2.35644   3.74071   8.27157   3.16610   1.98111   0.36208   1.24291   1.29841   0.97311   0.33656   0.15939   0.41096   4.31268   0.18809   0.18770   0.11435   0.13719   0.05603   0.02162   1.50595   0.03966  
 37  0.0084   6594.442659  x:  2.35218   3.73778   8.27201   3.16231   1.98094   0.36154   1.24166   1.29739   0.97284   0.33664   0.15987   0.41077   4.31724   0.18821   0.18818   0.11470   0.13698   0.05587   0.02159   1.50699   0.03969  
 38  0.0042   6594.442499  x:  2.35118   3.73728   8.27920   3.16475   1.98328   0.36012   1.24289   1.29683   0.97232   0.33762   0.15980   0.41066   4.31995   0.18784   0.18849   0.11472   0.13694   0.05594   0.02156   1.50656   0.03967  
 39  0.0020   6594.442404  x:  2.34700   3.73923   8.28231   3.16480   1.98386   0.35956   1.24378   1.29665   0.97243   0.33708   0.15978   0.41080   4.31832   0.18817   0.18820   0.11462   0.13702   0.05594   0.02153   1.50662   0.03968  
 40  0.0015   6594.442360  x:  2.34626   3.73921   8.28506   3.16805   1.98389   0.35952   1.24379   1.29674   0.97280   0.33682   0.15977   0.41087   4.31938   0.18824   0.18812   0.11469   0.13705   0.05595   0.02156   1.50666   0.03966  
 41  0.0019   6594.442321  x:  2.34418   3.74155   8.28601   3.16916   1.98327   0.35989   1.24346   1.29750   0.97309   0.33695   0.15977   0.41086   4.31946   0.18802   0.18821   0.11473   0.13695   0.05595   0.02156   1.50657   0.03966  
 42  0.0011   6594.442310  x:  2.34453   3.74304   8.28787   3.17064   1.98380   0.36016   1.24364   1.29812   0.97316   0.33714   0.15970   0.41091   4.32081   0.18813   0.18824   0.11469   0.13700   0.05595   0.02156   1.50661   0.03964  
 43  0.0012   6594.442307  x:  2.34360   3.74234   8.28552   3.17004   1.98357   0.36019   1.24343   1.29788   0.97299   0.33714   0.15972   0.41088   4.32028   0.18811   0.18824   0.11468   0.13701   0.05595   0.02155   1.50655   0.03965  
 44  0.0013   6594.442305  x:  2.34365   3.74267   8.28545   3.17037   1.98393   0.36028   1.24368   1.29801   0.97299   0.33710   0.15974   0.41088   4.32073   0.18809   0.18826   0.11469   0.13700   0.05595   0.02155   1.50659   0.03965  
 45  0.0003   6594.442305  x:  2.34373   3.74275   8.28573   3.17036   1.98392   0.36028   1.24375   1.29802   0.97301   0.33710   0.15973   0.41088   4.32085   0.18809   0.18825   0.11469   0.13700   0.05595   0.02156   1.50658   0.03965  
 46  0.0002   6594.442305  x:  2.34368   3.74271   8.28559   3.17037   1.98388   0.36029   1.24376   1.29801   0.97300   0.33711   0.15973   0.41087   4.32082   0.18809   0.18825   0.11469   0.13700   0.05595   0.02156   1.50659   0.03965  
 47  0.0001   6594.442305  x:  2.34369   3.74270   8.28561   3.17037   1.98386   0.36030   1.24378   1.29801   0.97301   0.33711   0.15973   0.41087   4.32084   0.18810   0.18825   0.11469   0.13700   0.05595   0.02156   1.50659   0.03965  
 48  0.0000   6594.442305  x:  2.34370   3.74270   8.28564   3.17037   1.98387   0.36029   1.24378   1.29801   0.97301   0.33711   0.15973   0.41088   4.32084   0.18809   0.18825   0.11469   0.13700   0.05595   0.02156   1.50659   0.03965  
 49  0.0000   6594.442305  x:  2.34370   3.74270   8.28564   3.17037   1.98387   0.36030   1.24378   1.29801   0.97301   0.33711   0.15973   0.41088   4.32084   0.18809   0.18825   0.11469   0.13700   0.05595   0.02156   1.50659   0.03965  
 50  0.0000   6594.442305  x:  2.34370   3.74270   8.28564   3.17037   1.98387   0.36030   1.24378   1.29801   0.97301   0.33711   0.15973   0.41088   4.32084   0.18809   0.18825   0.11469   0.13700   0.05595   0.02156   1.50659   0.03965  
 51  0.0000   6594.442305  x:  2.34370   3.74270   8.28564   3.17037   1.98387   0.36030   1.24378   1.29801   0.97301   0.33711   0.15973   0.41087   4.32084   0.18809   0.18825   0.11469   0.13700   0.05595   0.02156   1.50659   0.03965  