

TREE # 1

  0  0.0000  10516.031825  x:  0.00000   0.53553   0.50696   0.16146   0.27422   0.00935   0.26829   0.13420   0.18299   0.11156   0.08057   0.04641   0.31706   0.10987   0.07728   0.11597   0.06770   0.04629   0.08301   2.00000   0.20000   0.20000   0.20000  
  1 99.0000   9194.372959  x:  1.73454   0.65429   0.63182   0.46676   0.45181   0.59540   0.42518   0.31381   0.34774   0.25345   0.26617   0.41052   0.51393   0.16948   0.15446   0.14341   0.08848   0.01955   0.05530   1.95198   0.72545   0.14274   0.19011  
  2 7300.2637   9040.746576  x:  1.76827   0.71196   0.68641   0.54633   0.49849   0.61282   0.51115   0.37572   0.42990   0.28788   0.24490   0.37981   0.58195   0.18251   0.18929   0.16036   0.08856   0.09035   0.06803   1.94407   0.51753   0.01873   0.17112  
  3 624.0612   8902.314005  x:  1.81410   0.78694   0.75762   0.64931   0.55784   0.63547   0.61891   0.45252   0.53101   0.32961   0.21859   0.34137   0.67012   0.20339   0.23733   0.18366   0.09372   0.14622   0.06413   1.93001   0.23619   0.05002   0.14664  
  4 2566.1553   8865.860491  x:  1.78453   0.84016   0.81026   0.71439   0.59386   0.63232   0.67732   0.49102   0.57619   0.34530   0.20800   0.31820   0.73146   0.20700   0.25105   0.18600   0.09464   0.07990   0.00737   1.89473   0.22487   0.04191   0.12883  
  5 394.5148   8834.342732  x:  1.74347   0.90358   0.87327   0.79106   0.63592   0.62645   0.74431   0.53435   0.62618   0.36162   0.19831   0.29346   0.80448   0.21016   0.26538   0.18914   0.09963   0.01175   0.03626   1.84919   0.23537   0.04399   0.11020  
  6 1176.1266   8818.179979  x:  1.69634   0.96488   0.93500   0.86360   0.67394   0.61723   0.80085   0.56856   0.66239   0.37002   0.19846   0.28012   0.87511   0.20778   0.26989   0.18420   0.09715   0.04333   0.03698   1.79568   0.27703   0.06111   0.08381  
  7 672.2730   8793.608887  x:  1.65344   1.05824   1.03483   0.97255   0.71013   0.59468   0.82119   0.55634   0.62036   0.31833   0.28255   0.36397   0.98691   0.15937   0.20741   0.12385   0.06510   0.03861   0.04822   1.65466   0.24727   0.06404   0.00742  
  8 218.2747   8785.330599  x:  1.63849   1.10930   1.09249   1.03386   0.72384   0.57944   0.81224   0.53058   0.57235   0.27792   0.30665   0.40091   1.05279   0.14994   0.17999   0.15678   0.12776   0.04291   0.04639   1.55065   0.22886   0.06018   0.02814  
  9 220.7755   8778.943682  x:  1.64631   1.14109   1.13588   1.07837   0.72179   0.56475   0.77078   0.48206   0.51285   0.25335   0.26592   0.39235   1.10697   0.20826   0.20580   0.18476   0.10276   0.04431   0.04981   1.42999   0.21571   0.05476   0.01236  
 10 112.1967   8777.574804  x:  1.65257   1.14473   1.14676   1.08910   0.71682   0.55936   0.75182   0.46571   0.51159   0.27467   0.24609   0.37983   1.12378   0.21004   0.18958   0.16957   0.08953   0.04550   0.05091   1.38190   0.20999   0.05457   0.03779  
 11 63.5660   8776.543207  x:  1.65804   1.13871   1.14991   1.09109   0.70825   0.55427   0.73359   0.45401   0.52103   0.30561   0.23454   0.36827   1.13367   0.21099   0.17105   0.16447   0.10469   0.04567   0.05182   1.34284   0.20625   0.05403   0.01879  
 12 49.0788   8776.188457  x:  1.65509   1.12503   1.14846   1.08821   0.70163   0.55100   0.73259   0.45940   0.53279   0.31865   0.25122   0.37261   1.14069   0.22236   0.16757   0.17720   0.09822   0.04537   0.05180   1.32320   0.20468   0.05383   0.02028  
 13 13.8084   8775.166792  x:  1.65449   1.06404   1.14656   1.07963   0.68860   0.55267   0.75891   0.49966   0.54321   0.29406   0.25525   0.36598   1.17623   0.25615   0.14922   0.15904   0.10765   0.04570   0.05247   1.28684   0.20019   0.05318   0.02179  
 14 11.2950   8774.308352  x:  1.65510   1.02621   1.15804   1.07924   0.68838   0.55578   0.77356   0.51269   0.54719   0.28097   0.24203   0.35995   1.21087   0.25355   0.11915   0.17934   0.09544   0.04536   0.05367   1.28749   0.19810   0.05395   0.01653  
 15 20.7526   8768.381227  x:  1.62533   0.85227   1.31278   1.09989   0.73007   0.55652   0.79832   0.46598   0.57902   0.31574   0.22502   0.39472   1.46476   0.29492   0.11301   0.17144   0.10157   0.04611   0.05720   1.41869   0.18557   0.05312   0.01929  
 16 24.8683   8763.021313  x:  1.64798   0.92572   1.42654   1.04598   0.75337   0.52616   0.82286   0.50346   0.58318   0.31212   0.28695   0.28850   1.49648   0.23465   0.16818   0.17378   0.09896   0.04700   0.06134   1.43965   0.17128   0.05139   0.01554  
 17 14.6445   8758.392503  x:  1.64616   1.04329   1.46797   1.00717   0.77585   0.48336   0.87034   0.56159   0.63515   0.31443   0.21615   0.36759   1.45320   0.17940   0.22959   0.18132   0.09620   0.04665   0.06415   1.41621   0.15856   0.05076   0.01237  
 18 31.3390   8754.134748  x:  1.62876   1.17807   1.25248   1.23779   0.85980   0.46965   0.93618   0.48841   0.70430   0.28607   0.22393   0.35056   1.35390   0.21964   0.19839   0.18074   0.09593   0.04622   0.06655   1.42300   0.15194   0.05030   0.01143  
 19 15.6973   8752.975678  x:  1.62609   1.22006   1.19979   1.33161   0.82737   0.43822   0.93986   0.54694   0.64586   0.33330   0.22050   0.35287   1.34817   0.23509   0.18583   0.18129   0.09599   0.04604   0.06716   1.45467   0.15144   0.05033   0.01126  
 20 13.1339   8750.955406  x:  1.61594   1.25907   1.21937   1.42872   0.72926   0.43908   0.87616   0.58782   0.71870   0.28819   0.21454   0.34662   1.36791   0.22206   0.20129   0.18025   0.09507   0.04474   0.06689   1.49013   0.15637   0.05088   0.01253  
 21  4.6331   8743.937916  x:  1.47878   1.31084   1.32820   1.59382   0.73449   0.74561   0.85895   0.67802   0.73244   0.32453   0.19762   0.33277   1.36989   0.17691   0.25856   0.18439   0.09185   0.03917   0.06685   1.48695   0.15555   0.05101   0.01260  
 22 11.6107   8736.849723  x:  1.50203   1.37522   1.46281   1.59849   0.77413   0.60160   1.13174   0.57786   0.73696   0.37107   0.18719   0.31667   1.40944   0.22421   0.22772   0.18404   0.08983   0.03261   0.06530   1.51085   0.16786   0.05225   0.01420  
 23 14.0882   8734.710239  x:  1.52967   1.39599   1.43105   1.55542   1.00214   0.45667   1.04977   0.65486   0.76108   0.35875   0.18563   0.31351   1.50092   0.23929   0.21678   0.18311   0.08929   0.03057   0.06483   1.52307   0.16976   0.05282   0.01526  
 24 11.9548   8734.050685  x:  1.52537   1.44550   1.33700   1.50754   0.99019   0.46528   1.07142   0.64212   0.75973   0.36132   0.18941   0.31299   1.64498   0.19280   0.25793   0.18375   0.08902   0.03002   0.06465   1.51423   0.16922   0.05263   0.01444  
 25  2.7035   8732.632166  x:  1.49877   1.58376   1.36031   1.45496   0.98080   0.51521   1.07294   0.65341   0.77912   0.35734   0.20500   0.32377   1.77396   0.29880   0.16112   0.17893   0.09228   0.02874   0.06524   1.54793   0.16328   0.05110   0.01578  
 26  2.9433   8726.340892  x:  1.46052   1.50343   1.67985   1.76851   1.06740   0.39977   1.15820   0.69756   0.80194   0.35032   0.27393   0.34264   1.94374   0.21808   0.22100   0.17221   0.09832   0.02341   0.06642   1.48422   0.14174   0.04486   0.01099  
 27  3.7222   8723.901911  x:  1.43589   1.66003   1.73428   1.94307   1.15488   0.39026   1.22667   0.74368   0.83015   0.34935   0.23171   0.33722   2.16204   0.24881   0.19115   0.17603   0.09057   0.03123   0.06733   1.47891   0.12817   0.04201   0.02539  
 28  0.1969   8722.448775  x:  1.43375   1.73092   1.74630   2.06048   1.21490   0.37434   1.25857   0.76178   0.84118   0.35462   0.21313   0.33873   2.23863   0.25728   0.18111   0.17809   0.09509   0.03419   0.06614   1.48107   0.13046   0.04367   0.01017  
 29  0.1747   8721.130460  x:  1.44541   1.79658   1.83345   2.30948   1.32663   0.33572   1.32171   0.79220   0.84315   0.35989   0.23799   0.35839   2.37413   0.23311   0.19229   0.17625   0.09282   0.03648   0.06008   1.48226   0.12490   0.04806   0.02586  
 30  0.1361   8719.405054  x:  1.48361   1.88043   1.93131   2.51809   1.41192   0.33364   1.35793   0.82132   0.85979   0.36810   0.24930   0.36007   2.56288   0.26398   0.16734   0.17310   0.09687   0.03738   0.05678   1.49300   0.11119   0.04755   0.01287  
 31  0.2027   8715.138097  x:  1.66999   1.93696   1.94471   2.68342   1.46936   0.37463   1.36979   0.81559   0.87019   0.38357   0.24393   0.34615   2.67538   0.30281   0.15426   0.17287   0.09319   0.03794   0.05191   1.54939   0.11278   0.04201   0.00246  
 32  0.1227   8712.174989  x:  1.89602   1.99706   1.95470   2.86246   1.53311   0.42217   1.38888   0.80923   0.88045   0.39974   0.23328   0.33331   2.78942   0.33923   0.14571   0.17158   0.08708   0.03960   0.04502   1.61405   0.11427   0.03651   0.01614  
 33  1.2599   8701.937378  x:  2.53409   2.01131   2.05089   3.11640   1.58482   0.53485   1.42893   0.81609   0.92723   0.42548   0.22886   0.38191   2.93887   0.29905   0.17085   0.17303   0.08731   0.03706   0.05001   1.62117   0.09078   0.05068   0.01937  
 34  0.2549   8693.673486  x:  3.29624   1.75295   1.88738   2.70436   1.32265   0.70006   1.34002   0.75154   0.93078   0.42444   0.22951   0.41061   2.42197   0.20181   0.23245   0.17714   0.09849   0.03000   0.06860   1.60268   0.10728   0.05581   0.02191  
 35  0.6520   8688.733193  x:  4.08495   1.86341   2.02342   2.72654   1.26426   0.82538   1.43507   0.84891   0.97903   0.43489   0.22799   0.39910   2.30948   0.23999   0.18980   0.17818   0.09720   0.02826   0.07496   1.59929   0.09203   0.04383   0.02236  
 36  0.3994   8686.496620  x:  4.56697   2.12113   2.19431   2.95465   1.37759   0.80936   1.59097   1.00945   1.00833   0.43755   0.23665   0.38270   2.38507   0.29618   0.15348   0.17503   0.09069   0.03383   0.06145   1.63648   0.08831   0.04517   0.02051  
 37  0.2325   8686.095175  x:  4.80648   2.19365   2.25600   3.04734   1.41151   0.83675   1.64555   1.06034   1.02961   0.44275   0.23895   0.39527   2.43298   0.27036   0.17484   0.17491   0.09285   0.03415   0.05969   1.63366   0.08240   0.04579   0.01969  
 38  0.2747   8685.954343  x:  4.91756   2.21268   2.26191   3.04783   1.41397   0.85774   1.66294   1.07978   1.04069   0.44472   0.23776   0.40735   2.43253   0.23915   0.20006   0.17533   0.09471   0.03347   0.06012   1.63118   0.08246   0.04690   0.01843  
 39  0.0978   8685.849219  x:  5.05918   2.30416   2.30796   3.12845   1.47195   0.88629   1.70979   1.11950   1.07052   0.45423   0.23297   0.41432   2.54092   0.24730   0.19509   0.17554   0.09314   0.03304   0.06062   1.64734   0.07938   0.04578   0.01547  
 40  0.0810   8685.819919  x:  5.02942   2.30249   2.30507   3.11811   1.47879   0.89371   1.70774   1.11122   1.07568   0.45782   0.23438   0.41230   2.56639   0.25302   0.18848   0.17541   0.09359   0.03237   0.06252   1.64728   0.07982   0.04630   0.01436  
 41  0.0276   8685.813711  x:  5.03065   2.30084   2.31135   3.11812   1.48137   0.89751   1.71088   1.10928   1.07770   0.45978   0.23628   0.41117   2.57654   0.25195   0.18831   0.17552   0.09399   0.03221   0.06303   1.64384   0.07937   0.04655   0.01399  
 42  0.0113   8685.812504  x:  5.01946   2.29118   2.31486   3.10824   1.47784   0.89590   1.71043   1.10534   1.07568   0.46015   0.23681   0.40987   2.57300   0.25165   0.18890   0.17568   0.09385   0.03230   0.06285   1.64115   0.07953   0.04636   0.01396  
 43  0.0084   8685.811985  x:  5.02370   2.28990   2.32150   3.10654   1.47982   0.89664   1.71314   1.10586   1.07639   0.46077   0.23620   0.41060   2.57831   0.25140   0.18926   0.17553   0.09384   0.03235   0.06267   1.64215   0.07944   0.04642   0.01376  
 44  0.0045   8685.811879  x:  5.02053   2.28630   2.32198   3.10315   1.47899   0.89617   1.71183   1.10498   1.07596   0.46039   0.23620   0.41070   2.57718   0.25149   0.18902   0.17554   0.09389   0.03236   0.06270   1.64266   0.07951   0.04644   0.01383  
 45  0.0033   8685.811853  x:  5.02141   2.28600   2.32279   3.10283   1.47969   0.89639   1.71188   1.10560   1.07634   0.46021   0.23628   0.41068   2.57871   0.25145   0.18911   0.17557   0.09385   0.03234   0.06274   1.64273   0.07949   0.04642   0.01382  
 46  0.0009   8685.811845  x:  5.02135   2.28574   2.32295   3.10273   1.47982   0.89623   1.71189   1.10592   1.07631   0.46009   0.23628   0.41063   2.57907   0.25141   0.18917   0.17555   0.09386   0.03235   0.06272   1.64259   0.07949   0.04643   0.01384  
 47  0.0003   8685.811843  x:  5.02142   2.28582   2.32303   3.10267   1.47983   0.89631   1.71207   1.10600   1.07631   0.46015   0.23626   0.41065   2.57947   0.25150   0.18905   0.17556   0.09387   0.03235   0.06272   1.64256   0.07949   0.04643   0.01385  
 48  0.0002   8685.811842  x:  5.02148   2.28585   2.32299   3.10268   1.47976   0.89634   1.71214   1.10601   1.07630   0.46018   0.23626   0.41067   2.57953   0.25146   0.18909   0.17556   0.09387   0.03235   0.06272   1.64259   0.07948   0.04643   0.01386  
 49  0.0001   8685.811842  x:  5.02143   2.28585   2.32299   3.10267   1.47977   0.89635   1.71216   1.10600   1.07631   0.46019   0.23627   0.41066   2.57959   0.25147   0.18909   0.17556   0.09387   0.03235   0.06272   1.64260   0.07948   0.04643   0.01386  
 50  0.0001   8685.811842  x:  5.02144   2.28587   2.32298   3.10265   1.47976   0.89635   1.71216   1.10601   1.07633   0.46019   0.23627   0.41066   2.57957   0.25147   0.18909   0.17556   0.09387   0.03235   0.06272   1.64260   0.07948   0.04643   0.01386  
 51  0.0000   8685.811842  x:  5.02143   2.28587   2.32298   3.10265   1.47977   0.89635   1.71216   1.10601   1.07633   0.46019   0.23627   0.41066   2.57957   0.25147   0.18909   0.17556   0.09387   0.03235   0.06272   1.64260   0.07948   0.04643   0.01386  
 52  0.0000   8685.811842  x:  5.02142   2.28587   2.32298   3.10265   1.47977   0.89635   1.71216   1.10601   1.07633   0.46019   0.23627   0.41066   2.57957   0.25147   0.18909   0.17556   0.09387   0.03235   0.06272   1.64260   0.07948   0.04643   0.01386  
 53  0.0000   8685.811842  x:  5.02142   2.28587   2.32298   3.10265   1.47977   0.89635   1.71216   1.10601   1.07633   0.46019   0.23627   0.41066   2.57957   0.25147   0.18909   0.17556   0.09387   0.03235   0.06272   1.64260   0.07948   0.04643   0.01386  
 54  0.0000   8685.811842  x:  5.02142   2.28587   2.32298   3.10265   1.47977   0.89635   1.71216   1.10601   1.07633   0.46019   0.23627   0.41066   2.57957   0.25147   0.18909   0.17556   0.09387   0.03235   0.06272   1.64260   0.07948   0.04643   0.01386  
 55  0.0000   8685.811842  x:  5.02142   2.28587   2.32298   3.10265   1.47977   0.89635   1.71216   1.10601   1.07633   0.46019   0.23627   0.41066   2.57957   0.25147   0.18909   0.17556   0.09387   0.03235   0.06272   1.64260   0.07948   0.04643   0.01386  
 56  0.0000   8685.811842  x:  5.02142   2.28587   2.32298   3.10265   1.47977   0.89635   1.71216   1.10601   1.07633   0.46019   0.23627   0.41066   2.57957   0.25147   0.18909   0.17556   0.09387   0.03235   0.06272   1.64260   0.07948   0.04643   0.01386  
 57  0.0000   8685.811842  x:  5.02142   2.28587   2.32298   3.10265   1.47977   0.89635   1.71216   1.10601   1.07633   0.46019   0.23627   0.41066   2.57957   0.25147   0.18909   0.17556   0.09387   0.03235   0.06272   1.64260   0.07948   0.04643   0.01386  