

TREE # 1

  0  0.0000   6830.599916  x:  0.06975   1.24602   1.47512   0.31384   0.99904   0.12951   0.89712   0.24752   0.53532   0.40398   0.29904   0.22071   1.09550   0.18590   0.08251   0.11683   0.10504   0.08741   0.00000   2.00000   0.20000   0.20000   0.20000  
  1 99.0000   6822.564571  x:  0.07538   1.24725   1.47691   0.31804   0.99914   0.13044   0.89622   0.24899   0.53500   0.40312   0.29807   0.22097   1.09705   0.18671   0.08419   0.11698   0.10699   0.08608   0.03701   1.99878   0.19406   0.19564   0.19833  
  2 1240.2429   6796.843435  x:  0.13976   1.26163   1.49782   0.36655   1.00058   0.14143   0.88609   0.26642   0.53157   0.39343   0.28710   0.22421   1.11519   0.19553   0.10270   0.11445   0.11456   0.04974   0.03635   1.98409   0.13780   0.14661   0.17975  
  3 380.0017   6764.992600  x:  0.23239   1.28378   1.52994   0.43780   1.00412   0.15882   0.87266   0.29393   0.52831   0.38060   0.27210   0.23036   1.14322   0.20716   0.12724   0.11007   0.12520   0.01037   0.03757   1.96057   0.15005   0.07368   0.15194  
  4 1133.3527   6748.117868  x:  0.29173   1.29823   1.55115   0.48399   1.00637   0.16988   0.86363   0.31183   0.52615   0.37203   0.26227   0.23454   1.16166   0.21475   0.14282   0.10687   0.13260   0.02336   0.03631   1.94489   0.15191   0.02867   0.13332  
  5 2077.1917   6703.100218  x:  0.60555   1.37899   1.67346   0.73530   1.01897   0.22760   0.81109   0.41106   0.51541   0.32339   0.20918   0.26135   1.26688   0.26137   0.22686   0.08060   0.17990   0.06113   0.03229   1.85112   0.16417   0.10302   0.02439  
  6 706.0442   6695.297747  x:  0.62312   1.39484   1.70940   0.76435   1.02002   0.22475   0.79437   0.42555   0.52066   0.31576   0.21374   0.27796   1.29146   0.22913   0.18365   0.10370   0.15328   0.06300   0.03295   1.82216   0.16192   0.10880   0.00207  
  7 128.3443   6686.198742  x:  0.65955   1.42556   1.77848   0.82167   1.02217   0.22007   0.76241   0.45384   0.53046   0.30099   0.22077   0.30815   1.33885   0.17089   0.10539   0.14499   0.10468   0.06690   0.03422   1.76662   0.15787   0.12004   0.01349  
  8 1165.9253   6669.316734  x:  0.45065   1.56059   2.18915   0.88747   1.02628   0.09411   0.59286   0.52513   0.63879   0.27880   0.21623   0.31276   1.57223   0.28646   0.10270   0.17990   0.07830   0.06190   0.03534   1.45139   0.14353   0.10985   0.01629  
  9 67.3573   6665.080595  x:  0.38029   1.60406   2.32373   0.90211   1.04068   0.09090   0.56885   0.54579   0.65335   0.26789   0.20930   0.29926   1.64419   0.26277   0.07239   0.13199   0.14554   0.05831   0.03382   1.38101   0.13737   0.10405   0.01613  
 10 116.8847   6663.105527  x:  0.34339   1.62958   2.40079   0.90676   1.05650   0.11197   0.57857   0.55474   0.64965   0.26245   0.21253   0.29336   1.68237   0.24237   0.08527   0.09298   0.12957   0.05741   0.03486   1.36812   0.13389   0.10230   0.01557  
 11 80.9248   6657.891681  x:  0.21710   1.72683   2.68682   0.91530   1.12450   0.21596   0.65483   0.57974   0.61644   0.24842   0.23238   0.27394   1.81653   0.16879   0.16734   0.12678   0.14051   0.05573   0.03433   1.37633   0.12378   0.10072   0.01687  
 12 115.3762   6652.394787  x:  0.18588   1.90938   3.10597   0.88652   1.16680   0.19701   0.79734   0.53476   0.60882   0.35133   0.22828   0.30603   1.97204   0.23373   0.11166   0.11651   0.14702   0.05502   0.03413   1.58249   0.11334   0.09980   0.01739  
 13 40.6445   6651.886739  x:  0.19279   1.93231   3.14575   0.87259   1.16904   0.18552   0.80588   0.52015   0.60490   0.33954   0.20408   0.28405   1.97794   0.23088   0.10860   0.11989   0.14141   0.05528   0.03424   1.59758   0.11379   0.10044   0.01689  
 14 25.7321   6651.229105  x:  0.21868   1.97578   3.20338   0.83350   1.17094   0.15856   0.80867   0.48818   0.60126   0.29478   0.21820   0.29166   1.96820   0.21762   0.12153   0.11706   0.14534   0.05553   0.03402   1.60783   0.11464   0.10044   0.01716  
 15 18.8034   6650.333501  x:  0.26539   2.05363   3.27450   0.76563   1.19202   0.18496   0.80812   0.51017   0.65973   0.30721   0.22911   0.27842   1.89884   0.20736   0.12620   0.11902   0.14452   0.05630   0.03388   1.58702   0.11093   0.10135   0.01696  
 16  8.4391   6649.165865  x:  0.26078   2.13606   3.33838   0.76253   1.20965   0.22194   0.81003   0.54789   0.63142   0.27946   0.19454   0.32074   1.80494   0.23949   0.10315   0.12057   0.14023   0.05583   0.03384   1.56658   0.10727   0.09985   0.01700  
 17  9.0764   6645.393527  x:  0.22119   2.35693   3.50329   0.96301   1.18423   0.18179   0.77981   0.56302   0.55453   0.34064   0.22707   0.28915   1.58086   0.20074   0.12690   0.12321   0.13391   0.05671   0.03314   1.54468   0.09981   0.09980   0.01639  
 18 14.1297   6642.511821  x:  0.21449   2.39107   3.56905   1.08378   1.16671   0.25231   0.76570   0.46913   0.67833   0.29480   0.20769   0.31275   1.63803   0.19936   0.12472   0.12692   0.12954   0.05704   0.03251   1.55508   0.09224   0.09885   0.01605  
 19  8.7290   6638.562268  x:  0.30037   2.30314   3.63973   1.05926   1.12913   0.23237   0.79006   0.59336   0.66618   0.26126   0.23926   0.28721   1.89885   0.19979   0.11909   0.13083   0.12058   0.05767   0.03169   1.54236   0.08164   0.09722   0.01539  
 20 11.3435   6637.349339  x:  0.34705   2.23295   3.68907   1.02399   1.13082   0.24103   0.73438   0.57239   0.61880   0.32812   0.19480   0.33288   1.96903   0.16651   0.14669   0.13261   0.12068   0.05805   0.03127   1.51826   0.08061   0.09669   0.01537  
 21 13.3801   6636.477221  x:  0.38800   2.15208   3.74665   1.01565   1.15061   0.28432   0.67920   0.53427   0.56782   0.34774   0.22445   0.30609   1.98970   0.19197   0.12530   0.13579   0.11528   0.05863   0.03110   1.50391   0.08130   0.09652   0.01507  
 22 11.7666   6632.556018  x:  0.50242   1.66118   4.07808   1.13147   1.17060   0.23742   0.67860   0.59994   0.63245   0.29294   0.21434   0.31770   1.88002   0.17994   0.13586   0.13783   0.10956   0.06031   0.02988   1.53261   0.08444   0.09437   0.01475  
 23  7.4334   6629.604485  x:  0.58626   1.64026   4.11886   1.20626   1.17012   0.21568   0.87633   0.53802   0.62736   0.31642   0.21149   0.32599   1.92573   0.19940   0.12185   0.14078   0.10595   0.06078   0.02903   1.37928   0.08137   0.09004   0.01446  
 24  4.8368   6612.075562  x:  0.85122   2.31296   4.00630   1.61878   1.22469   0.21521   0.76715   0.74570   0.71155   0.24005   0.18519   0.36123   2.52161   0.19999   0.15650   0.14442   0.10200   0.06097   0.02256   1.48351   0.08356   0.06173   0.01528  
 25  8.6949   6611.116841  x:  0.87139   2.34116   4.01209   1.67109   1.48671   0.13824   0.77169   0.74843   0.72883   0.24046   0.18195   0.36545   2.55769   0.20180   0.15723   0.14334   0.10324   0.06078   0.02212   1.48824   0.07998   0.05954   0.01539  
 26  4.8005   6604.328802  x:  1.05704   2.52067   4.73924   1.92345   1.49340   0.21409   0.82944   0.80228   0.76929   0.26977   0.18965   0.36151   2.67935   0.21560   0.16060   0.13244   0.13103   0.06072   0.01734   1.49687   0.06322   0.04335   0.01639  
 27  1.2868   6599.296231  x:  1.42257   2.70014   5.85048   2.23679   1.36231   0.33884   0.94494   0.87264   0.77457   0.34143   0.20391   0.33103   2.87033   0.17065   0.15848   0.12830   0.13623   0.07103   0.01412   1.53167   0.05741   0.06375   0.01276  
 28  0.4726   6596.237161  x:  1.76350   2.97797   6.63798   2.59429   1.62789   0.32879   1.02510   0.99532   0.83261   0.32533   0.17626   0.37447   3.27604   0.19402   0.17929   0.12382   0.12528   0.07049   0.01383   1.49931   0.04765   0.05161   0.01356  
 29  0.5560   6595.193991  x:  1.86319   3.02975   6.80789   2.67440   1.69718   0.31688   1.03905   1.03089   0.84456   0.31417   0.16834   0.38826   3.40432   0.20137   0.18469   0.12278   0.12517   0.06877   0.01517   1.49250   0.04919   0.04801   0.01416  
 30  0.5587   6593.428088  x:  2.27972   3.42750   7.80984   3.06324   1.95061   0.32362   1.15537   1.18606   0.92921   0.31057   0.16633   0.41118   3.95216   0.17931   0.18040   0.13030   0.12958   0.06823   0.01953   1.50839   0.04111   0.05821   0.01336  
 31  0.6569   6592.791168  x:  2.48566   3.66508   8.31967   3.24014   2.02723   0.33827   1.22315   1.27811   0.97076   0.33043   0.15904   0.41260   4.28121   0.18178   0.17491   0.12844   0.12676   0.06170   0.02296   1.51438   0.04003   0.05782   0.01424  
 32  0.3179   6592.536656  x:  2.66150   3.86466   8.77694   3.40832   2.10493   0.35369   1.28419   1.35337   1.00592   0.34236   0.15332   0.41946   4.53881   0.18303   0.17527   0.12708   0.12618   0.05816   0.02431   1.51224   0.03685   0.05635   0.01474  
 33  0.8575   6592.435679  x:  2.73445   4.00848   9.02259   3.47704   2.11718   0.37984   1.33514   1.40301   1.02489   0.35924   0.15328   0.42169   4.68672   0.18428   0.17872   0.12684   0.12748   0.05357   0.02371   1.50933   0.03596   0.05633   0.01545  
 34  0.1311   6592.391235  x:  2.71010   4.03968   9.02587   3.46734   2.12227   0.39003   1.35022   1.41128   1.02720   0.35761   0.15297   0.42509   4.68146   0.17762   0.17975   0.12888   0.12434   0.05393   0.02189   1.51322   0.03586   0.05858   0.01477  
 35  0.0186   6592.373662  x:  2.68344   4.05364   9.01199   3.45884   2.13432   0.39283   1.35736   1.41732   1.02766   0.35391   0.15006   0.42715   4.67463   0.18099   0.17980   0.12775   0.12641   0.05426   0.02076   1.51322   0.03581   0.05737   0.01475  
 36  0.0166   6592.354076  x:  2.67045   4.11822   9.08873   3.47880   2.18054   0.39138   1.37284   1.44499   1.03594   0.35290   0.14910   0.42639   4.73475   0.18327   0.17621   0.12737   0.12511   0.05480   0.02166   1.51174   0.03547   0.05688   0.01468  
 37  0.0252   6592.343968  x:  2.67524   4.18742   9.20201   3.50789   2.20054   0.39976   1.39346   1.47189   1.04406   0.35797   0.14981   0.42815   4.80119   0.18071   0.17847   0.12795   0.12637   0.05484   0.02157   1.51173   0.03496   0.05766   0.01478  
 38  0.0757   6592.340089  x:  2.65513   4.18506   9.20095   3.50357   2.19068   0.40093   1.39103   1.47186   1.04238   0.35935   0.14979   0.42849   4.79855   0.17995   0.18033   0.12791   0.12632   0.05541   0.02149   1.51156   0.03511   0.05742   0.01481  
 39  0.0142   6592.336904  x:  2.65697   4.19804   9.25127   3.52074   2.18803   0.40236   1.39300   1.47744   1.04453   0.36099   0.14864   0.42978   4.82313   0.17953   0.18131   0.12774   0.12589   0.05566   0.02162   1.51140   0.03490   0.05699   0.01483  
 40  0.0440   6592.334495  x:  2.64601   4.19071   9.26435   3.52706   2.17982   0.40167   1.39066   1.47300   1.04505   0.35969   0.14807   0.43030   4.82675   0.17975   0.17920   0.12800   0.12618   0.05576   0.02138   1.51201   0.03494   0.05726   0.01472  
 41  0.0069   6592.333218  x:  2.63899   4.19757   9.28618   3.53678   2.18705   0.39977   1.39261   1.47391   1.04723   0.35885   0.14816   0.43017   4.84170   0.18160   0.17861   0.12785   0.12608   0.05552   0.02139   1.51091   0.03487   0.05725   0.01480  
 42  0.0124   6592.332640  x:  2.62998   4.19132   9.27802   3.53708   2.18968   0.39714   1.39026   1.46952   1.04627   0.35873   0.14881   0.42968   4.83808   0.18012   0.17981   0.12782   0.12599   0.05546   0.02141   1.51086   0.03491   0.05732   0.01479  
 43  0.0057   6592.332533  x:  2.62585   4.18780   9.26943   3.53558   2.18841   0.39728   1.38926   1.46730   1.04513   0.35906   0.14864   0.42947   4.83289   0.18029   0.17971   0.12784   0.12614   0.05540   0.02141   1.51130   0.03495   0.05723   0.01479  
 44  0.0048   6592.332473  x:  2.62259   4.18820   9.26650   3.53542   2.18710   0.39829   1.38938   1.46694   1.04454   0.35946   0.14874   0.42943   4.83085   0.18038   0.17958   0.12791   0.12600   0.05539   0.02145   1.51134   0.03496   0.05729   0.01478  
 45  0.0022   6592.332452  x:  2.62157   4.18734   9.26364   3.53572   2.18615   0.39853   1.38911   1.46669   1.04445   0.35905   0.14883   0.42948   4.82915   0.18037   0.17959   0.12782   0.12607   0.05538   0.02146   1.51107   0.03496   0.05728   0.01479  
 46  0.0015   6592.332443  x:  2.62162   4.18783   9.26297   3.53679   2.18609   0.39860   1.38920   1.46712   1.04466   0.35883   0.14874   0.42946   4.82896   0.18032   0.17965   0.12785   0.12603   0.05537   0.02146   1.51119   0.03496   0.05728   0.01479  
 47  0.0005   6592.332438  x:  2.62191   4.18840   9.26389   3.53816   2.18638   0.39844   1.38927   1.46760   1.04478   0.35898   0.14879   0.42943   4.82963   0.18032   0.17964   0.12786   0.12606   0.05538   0.02146   1.51123   0.03496   0.05729   0.01479  
 48  0.0007   6592.332436  x:  2.62198   4.18820   9.26322   3.53845   2.18645   0.39838   1.38927   1.46759   1.04472   0.35904   0.14878   0.42945   4.82917   0.18034   0.17962   0.12785   0.12605   0.05538   0.02145   1.51118   0.03496   0.05728   0.01479  
 49  0.0005   6592.332435  x:  2.62225   4.18837   9.26390   3.53881   2.18660   0.39839   1.38940   1.46765   1.04472   0.35908   0.14874   0.42949   4.82936   0.18034   0.17962   0.12785   0.12605   0.05538   0.02146   1.51116   0.03495   0.05728   0.01479  
 50  0.0002   6592.332435  x:  2.62221   4.18840   9.26400   3.53879   2.18662   0.39841   1.38942   1.46763   1.04473   0.35905   0.14875   0.42949   4.82935   0.18034   0.17962   0.12785   0.12605   0.05538   0.02145   1.51118   0.03495   0.05728   0.01479  
 51  0.0001   6592.332435  x:  2.62235   4.18846   9.26430   3.53897   2.18667   0.39843   1.38947   1.46765   1.04474   0.35907   0.14876   0.42949   4.82940   0.18034   0.17962   0.12785   0.12605   0.05538   0.02146   1.51119   0.03495   0.05728   0.01479  
 52  0.0002   6592.332435  x:  2.62233   4.18845   9.26427   3.53895   2.18666   0.39843   1.38947   1.46764   1.04474   0.35907   0.14876   0.42949   4.82939   0.18034   0.17962   0.12785   0.12605   0.05538   0.02146   1.51118   0.03495   0.05728   0.01479  
 53  0.0001   6592.332435  x:  2.62233   4.18845   9.26427   3.53895   2.18666   0.39843   1.38947   1.46764   1.04474   0.35907   0.14876   0.42949   4.82939   0.18034   0.17962   0.12785   0.12605   0.05538   0.02146   1.51118   0.03495   0.05728   0.01479  
 54  0.0001   6592.332435  x:  2.62233   4.18845   9.26427   3.53895   2.18666   0.39843   1.38947   1.46764   1.04474   0.35907   0.14876   0.42949   4.82939   0.18034   0.17962   0.12785   0.12605   0.05538   0.02146   1.51118   0.03495   0.05728   0.01479  
 55  0.0001   6592.332435  x:  2.62233   4.18845   9.26427   3.53895   2.18666   0.39843   1.38947   1.46764   1.04474   0.35907   0.14876   0.42949   4.82939   0.18034   0.17962   0.12785   0.12605   0.05538   0.02146   1.51118   0.03495   0.05728   0.01479  
 56  0.0220   6592.332435  x:  2.62233   4.18845   9.26427   3.53895   2.18666   0.39843   1.38947   1.46764   1.04474   0.35907   0.14876   0.42949   4.82939   0.18034   0.17962   0.12785   0.12605   0.05538   0.02145   1.51118   0.03495   0.05728   0.01479  
 57  0.0027   6592.332435  x:  2.62233   4.18845   9.26427   3.53895   2.18666   0.39843   1.38947   1.46764   1.04474   0.35907   0.14876   0.42949   4.82939   0.18034   0.17962   0.12785   0.12605   0.05538   0.02145   1.51118   0.03495   0.05728   0.01479  
 58  0.0011   6592.332435  x:  2.62233   4.18845   9.26427   3.53895   2.18666   0.39843   1.38947   1.46764   1.04474   0.35907   0.14876   0.42949   4.82939   0.18034   0.17962   0.12785   0.12605   0.05538   0.02145   1.51118   0.03495   0.05728   0.01479  
 59  0.0012   6592.332435  x:  2.62233   4.18845   9.26427   3.53895   2.18666   0.39843   1.38947   1.46764   1.04474   0.35907   0.14876   0.42949   4.82939   0.18034   0.17962   0.12785   0.12605   0.05538   0.02145   1.51118   0.03495   0.05728   0.01479  
 60  0.0010   6592.332435  x:  2.62233   4.18845   9.26427   3.53895   2.18666   0.39843   1.38947   1.46764   1.04474   0.35906   0.14876   0.42948   4.82939   0.18034   0.17962   0.12785   0.12605   0.05538   0.02145   1.51118   0.03495   0.05728   0.01479  
 61  0.0016   6592.332435  x:  2.62233   4.18845   9.26427   3.53895   2.18666   0.39843   1.38946   1.46764   1.04474   0.35906   0.14876   0.42948   4.82939   0.18034   0.17962   0.12785   0.12605   0.05538   0.02145   1.51118   0.03495   0.05728   0.01479  
 62  0.0011   6592.332435  x:  2.62233   4.18845   9.26427   3.53894   2.18667   0.39843   1.38946   1.46764   1.04475   0.35906   0.14876   0.42948   4.82939   0.18034   0.17962   0.12785   0.12605   0.05538   0.02145   1.51118   0.03495   0.05728   0.01479  
 63  0.0042   6592.332435  x:  2.62233   4.18845   9.26427   3.53894   2.18667   0.39843   1.38946   1.46764   1.04475   0.35906   0.14876   0.42948   4.82939   0.18034   0.17962   0.12785   0.12605   0.05538   0.02145   1.51118   0.03495   0.05728   0.01479  
 64  0.0010   6592.332435  x:  2.62233   4.18845   9.26427   3.53894   2.18667   0.39843   1.38946   1.46764   1.04475   0.35906   0.14876   0.42948   4.82939   0.18034   0.17962   0.12785   0.12605   0.05538   0.02145   1.51118   0.03495   0.05728   0.01479  
 65  0.0003   6592.332435  x:  2.62233   4.18845   9.26427   3.53894   2.18667   0.39843   1.38946   1.46764   1.04475   0.35906   0.14876   0.42948   4.82939   0.18034   0.17962   0.12785   0.12605   0.05538   0.02145   1.51118   0.03495   0.05728   0.01479  
 66  0.0004   6592.332435  x:  2.62233   4.18845   9.26427   3.53894   2.18667   0.39843   1.38946   1.46764   1.04475   0.35906   0.14876   0.42948   4.82939   0.18034   0.17962   0.12785   0.12605   0.05538   0.02145   1.51118   0.03495   0.05728   0.01479  
 67  0.0003   6592.332435  x:  2.62233   4.18845   9.26427   3.53894   2.18667   0.39843   1.38946   1.46764   1.04475   0.35906   0.14876   0.42948   4.82939   0.18034   0.17962   0.12785   0.12605   0.05538   0.02145   1.51118   0.03495   0.05728   0.01479  
check convergence!
