

TREE # 1

  0  0.0000   6933.862822  x:  0.00000   0.39649   0.32350   0.11995   0.31922   0.03908   0.27731   0.02842   0.20110   0.20736   0.07843   0.10498   0.23658   0.05315   0.04652   0.08018   0.05732   0.01493   0.07191   2.00000   0.20000   0.20000  
  1 99.0000   6582.900545  x:  0.33084   0.41969   0.35481   0.17344   0.33428   0.08160   0.29669   0.07649   0.21448   0.21397   0.10208   0.11841   0.26988   0.07430   0.06334   0.08715   0.07716   0.00000   0.05685   1.99603   0.19401   0.19702  
  2 5647.6693   6424.995614  x:  0.29882   0.47377   0.42175   0.27147   0.37832   0.15452   0.35542   0.14876   0.25400   0.23271   0.15828   0.15630   0.34904   0.11050   0.09885   0.10584   0.11836   0.00000   0.00000   1.98333   0.13395   0.18492  
  3 1042.5005   6424.995614  x:  0.29882   0.47377   0.42175   0.27147   0.37832   0.15452   0.35542   0.14876   0.25400   0.23271   0.15828   0.15630   0.34904   0.11050   0.09885   0.10584   0.11836   0.00000   0.00000   1.98333   0.13395   0.18492  
  4 19943.5047   6412.989633  x:  0.29882   0.47377   0.42175   0.27147   0.37832   0.15452   0.35542   0.14876   0.25400   0.23271   0.15829   0.15631   0.34904   0.11050   0.09885   0.10584   0.11836   0.00211   0.00531   1.98332   0.13396   0.18491  
  5 358436.4886   6405.582269  x:  0.30148   0.47670   0.42522   0.27529   0.38027   0.15681   0.35786   0.15081   0.25556   0.23353   0.15962   0.15722   0.35245   0.11087   0.09938   0.10614   0.11902   0.00000   0.00614   1.98242   0.13918   0.18414  
  6 726.7758   6270.536128  x:  0.43916   0.63242   0.60889   0.47142   0.48044   0.27210   0.48492   0.25180   0.33503   0.27314   0.22505   0.20134   0.52977   0.13406   0.12233   0.11492   0.14805   0.00000   0.03694   1.93681   0.07404   0.13786  
  7 1479.9592   6246.494996  x:  0.47267   0.70181   0.67425   0.48226   0.49577   0.25195   0.50889   0.21604   0.33389   0.26117   0.18501   0.16283   0.56147   0.12625   0.08909   0.06998   0.10368   0.00000   0.00374   1.90427   0.07271   0.06827  
  8 180.0448   6236.853152  x:  0.48584   0.74182   0.70772   0.47359   0.49991   0.22648   0.51856   0.18243   0.32906   0.25048   0.16516   0.14548   0.57087   0.14420   0.07611   0.09058   0.10925   0.00000   0.00394   1.87961   0.07290   0.00582  
  9 222.5958   6231.830347  x:  0.50040   0.80293   0.75277   0.44784   0.50392   0.18088   0.53300   0.13184   0.32286   0.23513   0.16079   0.14473   0.57850   0.19752   0.06754   0.08569   0.10420   0.00000   0.00912   1.83246   0.07387   0.02199  
 10 129.4383   6229.768391  x:  0.50026   0.82282   0.76309   0.43193   0.50604   0.16366   0.53882   0.12574   0.32379   0.23227   0.17485   0.15890   0.57639   0.22217   0.06069   0.08890   0.11114   0.00000   0.00349   1.80787   0.07384   0.02134  
 11 133.9325   6228.445447  x:  0.49630   0.83775   0.76725   0.41596   0.50972   0.15209   0.54424   0.13408   0.32715   0.23185   0.18561   0.16886   0.57200   0.23643   0.04699   0.07779   0.10664   0.00000   0.00532   1.78089   0.07415   0.01226  
 12 115.2029   6225.796509  x:  0.47895   0.87417   0.76867   0.37882   0.52793   0.13758   0.55864   0.18122   0.34005   0.23234   0.17207   0.15285   0.56056   0.25547   0.03216   0.08917   0.10271   0.00000   0.00466   1.68893   0.07352   0.01939  
 13 80.2098   6224.100487  x:  0.46274   0.89399   0.75990   0.36482   0.54253   0.13357   0.56102   0.19448   0.34479   0.22995   0.16921   0.14990   0.55540   0.25973   0.06602   0.08166   0.09990   0.00000   0.00429   1.60655   0.07287   0.01194  
 14 90.0118   6218.729297  x:  0.42451   0.93235   0.72008   0.37673   0.57941   0.14401   0.54804   0.16801   0.34355   0.21698   0.17765   0.16409   0.55847   0.20726   0.06187   0.08256   0.11776   0.00000   0.00602   1.35235   0.07068   0.01808  
 15 101.6227   6216.932280  x:  0.43427   0.91775   0.70169   0.40384   0.56624   0.14498   0.53942   0.16359   0.34464   0.22763   0.17695   0.16613   0.56520   0.23039   0.05635   0.09783   0.08688   0.00000   0.00522   1.28806   0.07084   0.01496  
 16 34.5355   6214.550562  x:  0.46051   0.89015   0.68595   0.43617   0.53831   0.14354   0.53239   0.16770   0.34319   0.24171   0.16240   0.15266   0.57292   0.26680   0.04608   0.07821   0.10840   0.00000   0.00414   1.22508   0.07145   0.01128  
 17 58.0409   6200.037685  x:  0.65181   0.79807   0.78252   0.41160   0.41311   0.12199   0.58655   0.22476   0.28717   0.21457   0.19511   0.16106   0.56598   0.18642   0.07590   0.09377   0.11462   0.00000   0.00653   1.11697   0.07501   0.01717  
 18 21.4466   6169.670415  x:  0.81889   0.69371   0.92524   0.29523   0.49802   0.31440   0.65324   0.14839   0.42441   0.28784   0.14347   0.22645   0.53645   0.17411   0.08241   0.10163   0.12087   0.00000   0.00670   1.10041   0.08832   0.01249  
 19 49.6033   6119.863867  x:  0.68581   0.81019   0.97752   0.46269   0.73610   0.30369   0.60421   0.20958   0.39462   0.16073   0.30226   0.09025   0.66195   0.22065   0.07390   0.11077   0.12697   0.00000   0.00579   1.28906   0.11213   0.01030  
 20 59.8143   6098.871286  x:  0.56687   0.95768   0.97358   0.59890   0.77117   0.15049   0.58073   0.27958   0.39433   0.23554   0.19112   0.22920   0.76033   0.16836   0.09128   0.11951   0.14297   0.00000   0.00744   1.40946   0.12195   0.01759  
 21 122.7695   6097.105142  x:  0.54821   1.01745   0.92498   0.60074   0.71421   0.16017   0.64646   0.25887   0.40454   0.28882   0.21759   0.20065   0.76635   0.15337   0.09543   0.12091   0.14509   0.00000   0.00780   1.42709   0.12257   0.01772  
 22 24.4373   6096.173977  x:  0.54574   1.06835   0.88015   0.59912   0.67054   0.20668   0.68720   0.25721   0.38414   0.26349   0.20343   0.21471   0.76897   0.16365   0.09369   0.12026   0.14370   0.00000   0.00745   1.43978   0.12328   0.01525  
 23 22.0263   6095.525063  x:  0.57557   1.12452   0.85757   0.59409   0.63016   0.23021   0.64265   0.26286   0.42024   0.24550   0.20846   0.21343   0.76577   0.16001   0.09614   0.12091   0.14487   0.00000   0.00762   1.44898   0.12322   0.01470  
 24  8.3257   6092.159945  x:  0.68727   1.20100   0.86366   0.59746   0.67626   0.27421   0.58709   0.27675   0.31686   0.33379   0.22110   0.20918   0.72725   0.17197   0.09672   0.12274   0.14579   0.00000   0.00783   1.46373   0.12113   0.01217  
 25  2.9235   6061.316401  x:  1.04863   1.19474   1.00971   0.75275   0.82126   0.21582   0.80665   0.26686   0.45932   0.25889   0.23062   0.21483   0.75984   0.21308   0.09445   0.12919   0.15088   0.00000   0.00898   1.51549   0.10891   0.00010  
 26 10.4288   6061.316401  x:  1.04863   1.19474   1.00971   0.75275   0.82126   0.21582   0.80665   0.26686   0.45932   0.25889   0.23062   0.21483   0.75984   0.21308   0.09445   0.12919   0.15088   0.00000   0.00898   1.51549   0.10891   0.00010  
 27 27.0615   6056.343922  x:  1.04881   1.19542   1.01075   0.75411   0.82121   0.21634   0.80690   0.26724   0.45935   0.25879   0.23065   0.21439   0.76131   0.21259   0.09433   0.12830   0.15034   0.00000   0.00720   1.51545   0.09125   0.00254  
 28 503.8566   6053.206043  x:  1.06543   1.23214   1.06333   0.81949   0.82825   0.24618   0.82620   0.29301   0.46867   0.26142   0.23713   0.20126   0.83074   0.19180   0.09236   0.09752   0.13460   0.00000   0.01322   1.50147   0.08840   0.08762  
 29 111.5229   6051.669303  x:  1.06864   1.23910   1.07335   0.83162   0.82960   0.25129   0.82980   0.29744   0.47038   0.26185   0.23837   0.19932   0.84356   0.18638   0.09174   0.09569   0.13448   0.00000   0.00478   1.49903   0.08862   0.09218  
 30 318.3572   6030.791070  x:  1.13276   1.37707   1.27246   1.06862   0.85604   0.34626   0.90040   0.37979   0.50309   0.26951   0.26309   0.16704   1.09355   0.06556   0.08028   0.10352   0.16241   0.00000   0.00915   1.45317   0.07155   0.06899  
 31 470.4228   6016.681859  x:  1.19158   1.50142   1.45058   1.27389   0.87714   0.42100   0.96142   0.44209   0.52957   0.27374   0.28298   0.15489   1.31057   0.07266   0.18999   0.12388   0.17788   0.00000   0.01039   1.41790   0.05642   0.03969  
 32 479.8876   6014.566114  x:  1.20276   1.52765   1.48662   1.30449   0.87062   0.41284   0.96543   0.42649   0.52420   0.26444   0.27499   0.18046   1.34481   0.07127   0.19635   0.09635   0.14152   0.00000   0.01122   1.43284   0.05535   0.01918  
 33 64.6900   6011.028549  x:  1.22729   1.59568   1.57781   1.36730   0.83453   0.35789   0.96144   0.34425   0.49348   0.22628   0.22180   0.23330   1.41998   0.08462   0.17732   0.12980   0.13153   0.00000   0.01085   1.50631   0.05599   0.03007  
 34 61.3167   6009.894248  x:  1.23543   1.62368   1.61482   1.38638   0.81830   0.32780   0.95867   0.30769   0.48865   0.22612   0.21488   0.22623   1.44447   0.09845   0.16944   0.10303   0.16174   0.00000   0.01113   1.54371   0.05644   0.02738  
 35 51.4620   6008.872862  x:  1.24137   1.65722   1.65824   1.39826   0.80309   0.28837   0.95741   0.27698   0.49877   0.25537   0.25003   0.18944   1.46333   0.12001   0.15036   0.10872   0.14744   0.00000   0.01138   1.59583   0.05693   0.02348  
 36 30.5006   6008.214882  x:  1.23878   1.69163   1.70089   1.38803   0.82093   0.27485   0.97132   0.32166   0.50344   0.27326   0.25946   0.20876   1.46078   0.15072   0.12174   0.10739   0.15340   0.00000   0.01161   1.65066   0.05636   0.02102  
 37 10.3151   6007.780778  x:  1.23532   1.71396   1.72857   1.37909   0.83788   0.27097   0.98077   0.34847   0.49965   0.27198   0.24142   0.19193   1.45679   0.16433   0.11153   0.10613   0.14725   0.00000   0.01186   1.68176   0.05650   0.01591  
 38 25.5773   6006.508532  x:  1.21938   1.78138   1.81218   1.34138   0.90647   0.26870   1.00326   0.36401   0.47832   0.23127   0.27071   0.17895   1.43319   0.12638   0.14905   0.10687   0.15027   0.00000   0.01142   1.73827   0.05747   0.02092  
 39 11.8140   6004.477253  x:  1.20556   1.88040   1.93183   1.29239   1.00665   0.27042   1.03366   0.33313   0.54681   0.27684   0.23449   0.19393   1.40571   0.07001   0.20173   0.11188   0.15309   0.00000   0.01062   1.75204   0.05722   0.02935  
 40 21.3039   5998.688714  x:  1.26878   2.02313   2.08424   1.28920   1.09247   0.24888   1.09189   0.28447   0.55511   0.24121   0.26135   0.20318   1.44086   0.16379   0.12319   0.10605   0.15070   0.00000   0.01150   1.52920   0.05609   0.00471  
 41 11.5130   5995.548459  x:  1.38846   2.03622   2.08078   1.35893   1.00220   0.14341   1.09984   0.37869   0.52776   0.27582   0.25163   0.21043   1.50455   0.12089   0.17328   0.10705   0.15141   0.00000   0.01116   1.47314   0.05855   0.00107  
 42 13.3436   5995.217509  x:  1.40104   2.03258   2.07414   1.36669   0.99982   0.15251   1.10015   0.37811   0.52873   0.27633   0.25220   0.21078   1.50989   0.12109   0.17404   0.10698   0.15142   0.00000   0.01119   1.48102   0.05873   0.00010  
 43 13.7342   5994.016897  x:  1.69803   2.04930   2.02085   1.40374   1.10877   0.10701   1.22061   0.36211   0.55726   0.25983   0.25291   0.20585   1.51411   0.11015   0.18030   0.10986   0.15409   0.00000   0.01048   1.50706   0.05572   0.00587  
 44  6.5990   5992.469069  x:  1.92331   2.19378   2.09307   1.42811   1.12387   0.19816   1.06376   0.38192   0.51651   0.29933   0.25195   0.20227   1.51282   0.09337   0.19340   0.11381   0.15800   0.00000   0.00929   1.48364   0.05333   0.01074  
 45  2.4870   5988.391605  x:  1.95638   2.38504   2.21452   1.60894   1.02085   0.31119   1.17733   0.41321   0.75363   0.13954   0.26287   0.19196   1.68446   0.06494   0.22391   0.12307   0.16387   0.00000   0.00654   1.51141   0.05107   0.01581  
 46  3.9437   5984.400024  x:  1.86078   2.48264   2.31906   1.85375   1.07243   0.43324   1.47178   0.35218   0.60349   0.27637   0.25179   0.20152   1.93762   0.03402   0.25844   0.13265   0.17134   0.00000   0.00380   1.54229   0.04879   0.02111  
 47 13.5433   5983.199623  x:  1.82371   2.36503   2.38626   2.00594   1.30715   0.34175   1.35150   0.36609   0.62687   0.26804   0.25577   0.20333   2.10523   0.04017   0.25713   0.13315   0.17217   0.00000   0.00393   1.57187   0.04858   0.01998  
 48  4.6043   5980.155367  x:  2.15404   2.19675   2.97840   2.11599   1.29614   0.40702   1.47414   0.41145   0.63164   0.27696   0.26200   0.20244   2.30850   0.00882   0.28419   0.13229   0.17472   0.00000   0.00659   1.59309   0.04152   0.01447  
 49  1.6589   5979.062358  x:  2.18707   2.41973   2.92194   2.20164   1.32785   0.40075   1.48884   0.42804   0.63346   0.27937   0.26432   0.20314   2.37486   0.00000   0.29211   0.13072   0.17456   0.00000   0.00740   1.60627   0.03976   0.01095  
 50  2.5363   5975.822073  x:  2.36302   2.97172   3.15624   2.58167   1.36964   0.39167   1.56926   0.51727   0.63905   0.27320   0.26889   0.20816   2.54421   0.00000   0.25548   0.11116   0.16001   0.00000   0.01136   1.62804   0.03888   0.00638  
 51  0.6226   5975.745631  x:  2.37255   2.99999   3.16864   2.60002   1.37190   0.39134   1.57355   0.52190   0.63943   0.27289   0.26913   0.20840   2.55469   0.01735   0.25380   0.11017   0.15928   0.00000   0.01156   1.62919   0.03883   0.00613  
 52 21.1415   5974.681834  x:  2.58511   3.21304   3.38860   2.47264   1.43306   0.41692   1.65284   0.57397   0.67018   0.26827   0.27381   0.20729   3.08768   0.00000   0.27137   0.10730   0.15895   0.00000   0.01038   1.63828   0.03498   0.00214  
 53  1.1681   5974.211864  x:  2.68148   3.31134   3.60025   2.74281   1.47776   0.42325   1.72093   0.59801   0.68947   0.26429   0.27569   0.20749   3.06748   0.00000   0.27348   0.10789   0.15964   0.00000   0.00936   1.63362   0.03247   0.00255  
 54  1.3615   5973.156701  x:  2.80848   3.53906   4.01536   3.15583   1.58017   0.44417   1.91760   0.64651   0.72917   0.26571   0.27539   0.20643   3.25016   0.00000   0.27075   0.12195   0.16817   0.00000   0.00690   1.63767   0.03125   0.00730  
 55  0.3038   5972.895483  x:  2.95538   3.74486   4.22888   3.28621   1.66435   0.46793   2.05084   0.68356   0.74742   0.27167   0.27539   0.20911   3.53486   0.00000   0.28695   0.11896   0.16823   0.00000   0.00717   1.65001   0.02895   0.00648  
 56  0.4453   5972.775736  x:  3.03901   3.86191   4.34128   3.37410   1.73081   0.46941   2.13396   0.70672   0.75676   0.27209   0.27441   0.21055   3.67053   0.00000   0.27188   0.11522   0.16596   0.00000   0.00765   1.64962   0.02803   0.00771  
 57  0.3304   5972.701699  x:  3.08528   3.91387   4.38680   3.42436   1.77235   0.47608   2.19613   0.71886   0.76155   0.27505   0.27433   0.21189   3.73880   0.00000   0.27746   0.11336   0.16523   0.00000   0.00790   1.65615   0.02803   0.00820  
 58  0.1397   5972.660638  x:  3.19007   4.00864   4.50873   3.54223   1.84087   0.48614   2.29211   0.74572   0.77634   0.27469   0.27582   0.21207   3.83493   0.00000   0.28005   0.11550   0.16581   0.00000   0.00735   1.65826   0.02702   0.00960  
 59  0.1770   5972.645409  x:  3.22927   4.00813   4.50293   3.55475   1.86317   0.48766   2.31698   0.75625   0.77859   0.27260   0.27652   0.21127   3.81474   0.00000   0.27674   0.11656   0.16620   0.00000   0.00746   1.65675   0.02703   0.01062  
 60  0.0300   5972.638032  x:  3.25772   4.00548   4.48818   3.54098   1.86925   0.49121   2.32181   0.76534   0.77919   0.27123   0.27663   0.21137   3.80063   0.00000   0.27869   0.11559   0.16631   0.00000   0.00765   1.65905   0.02695   0.01058  
 61  0.0203   5972.636670  x:  3.24491   3.98646   4.46440   3.51452   1.85865   0.49023   2.30325   0.76461   0.77761   0.27061   0.27621   0.21154   3.77768   0.00000   0.27841   0.11568   0.16615   0.00000   0.00751   1.65858   0.02711   0.01045  
 62  0.0350   5972.636154  x:  3.24052   3.99416   4.47012   3.51509   1.86132   0.49163   2.30360   0.76845   0.77785   0.27176   0.27569   0.21204   3.78438   0.00000   0.27814   0.11596   0.16606   0.00000   0.00752   1.65802   0.02707   0.01054  
 63  0.0041   5972.636020  x:  3.23961   3.99601   4.47261   3.51748   1.86281   0.49239   2.30476   0.77016   0.77794   0.27206   0.27585   0.21195   3.78398   0.00000   0.27838   0.11577   0.16617   0.00000   0.00754   1.65851   0.02707   0.01058  
 64  0.0030   5972.636003  x:  3.23871   3.99560   4.47391   3.51818   1.86265   0.49255   2.30451   0.77035   0.77790   0.27194   0.27601   0.21178   3.78321   0.00000   0.27832   0.11576   0.16616   0.00000   0.00753   1.65853   0.02707   0.01059  
 65  0.0011   5972.636000  x:  3.23835   3.99516   4.47386   3.51770   1.86250   0.49265   2.30436   0.77028   0.77780   0.27188   0.27603   0.21177   3.78323   0.00000   0.27834   0.11578   0.16614   0.00000   0.00753   1.65848   0.02707   0.01059  
 66  0.0005   5972.636000  x:  3.23846   3.99518   4.47416   3.51769   1.86265   0.49274   2.30452   0.77032   0.77781   0.27181   0.27601   0.21179   3.78358   0.00000   0.27834   0.11577   0.16614   0.00000   0.00753   1.65848   0.02707   0.01059  
 67  0.0003   5972.636000  x:  3.23843   3.99519   4.47410   3.51773   1.86262   0.49274   2.30447   0.77030   0.77782   0.27182   0.27601   0.21179   3.78350   0.00000   0.27834   0.11577   0.16615   0.00000   0.00753   1.65849   0.02707   0.01059  
 68  0.0001   5972.636000  x:  3.23841   3.99520   4.47407   3.51776   1.86262   0.49277   2.30444   0.77029   0.77783   0.27181   0.27600   0.21179   3.78346   0.00000   0.27834   0.11577   0.16615   0.00000   0.00753   1.65849   0.02707   0.01060  
 69  0.0000   5972.636000  x:  3.23844   3.99521   4.47407   3.51777   1.86264   0.49280   2.30443   0.77028   0.77783   0.27180   0.27601   0.21179   3.78350   0.00000   0.27834   0.11577   0.16615   0.00000   0.00753   1.65849   0.02707   0.01060  
 70  0.0000   5972.636000  x:  3.23844   3.99521   4.47407   3.51776   1.86263   0.49279   2.30444   0.77029   0.77783   0.27181   0.27601   0.21179   3.78350   0.00000   0.27834   0.11577   0.16615   0.00000   0.00753   1.65849   0.02707   0.01060  
 71  0.0000   5972.636000  x:  3.23847   3.99522   4.47408   3.51777   1.86263   0.49282   2.30443   0.77028   0.77782   0.27182   0.27601   0.21179   3.78351   0.00000   0.27834   0.11577   0.16615   0.00000   0.00753   1.65849   0.02707   0.01060  
 72  0.0000   5972.636000  x:  3.23846   3.99522   4.47408   3.51777   1.86263   0.49281   2.30443   0.77028   0.77782   0.27181   0.27601   0.21179   3.78351   0.00000   0.27834   0.11577   0.16615   0.00000   0.00753   1.65849   0.02707   0.01060  
 73  0.0000   5972.636000  x:  3.23846   3.99522   4.47408   3.51777   1.86263   0.49281   2.30443   0.77028   0.77782   0.27181   0.27601   0.21179   3.78351   0.00000   0.27834   0.11577   0.16615   0.00000   0.00753   1.65849   0.02707   0.01060  
 74  0.0000   5972.636000  x:  3.23846   3.99522   4.47408   3.51777   1.86263   0.49281   2.30443   0.77028   0.77782   0.27181   0.27601   0.21179   3.78351   0.00000   0.27834   0.11577   0.16615   0.00000   0.00753   1.65849   0.02707   0.01060  
 75  0.0000   5972.636000  x:  3.23846   3.99522   4.47408   3.51777   1.86263   0.49281   2.30443   0.77029   0.77782   0.27181   0.27601   0.21179   3.78351   0.00000   0.27834   0.11577   0.16615   0.00000   0.00753   1.65849   0.02707   0.01060  
 76  0.0000   5972.636000  x:  3.23846   3.99521   4.47408   3.51777   1.86263   0.49280   2.30444   0.77029   0.77782   0.27181   0.27601   0.21179   3.78350   0.00000   0.27834   0.11577   0.16615   0.00000   0.00753   1.65849   0.02707   0.01060  
 77  0.0000   5972.636000  x:  3.23845   3.99521   4.47408   3.51777   1.86262   0.49280   2.30444   0.77029   0.77782   0.27181   0.27601   0.21179   3.78350   0.00000   0.27834   0.11577   0.16615   0.00000   0.00753   1.65849   0.02707   0.01060  
 78  0.0000   5972.636000  x:  3.23845   3.99521   4.47408   3.51778   1.86262   0.49279   2.30444   0.77029   0.77782   0.27181   0.27601   0.21179   3.78350   0.00000   0.27834   0.11577   0.16615   0.00000   0.00753   1.65849   0.02707   0.01061  
 79  0.0000   5972.636000  x:  3.23844   3.99519   4.47408   3.51779   1.86262   0.49277   2.30444   0.77030   0.77783   0.27181   0.27600   0.21179   3.78349   0.00000   0.27834   0.11577   0.16615   0.00000   0.00753   1.65849   0.02707   0.01063  
 80  0.0000   5972.636000  x:  3.23844   3.99516   4.47408   3.51783   1.86261   0.49274   2.30445   0.77032   0.77783   0.27181   0.27600   0.21179   3.78350   0.00000   0.27834   0.11577   0.16615   0.00000   0.00753   1.65849   0.02707   0.01076  
 81  0.0000   5972.635999  x:  3.23849   3.99505   4.47401   3.51802   1.86254   0.49273   2.30443   0.77040   0.77784   0.27179   0.27600   0.21180   3.78364   0.00000   0.27834   0.11577   0.16615   0.00000   0.00753   1.65848   0.02707   0.01158  
 82  0.0003   5972.635999  x:  3.23857   3.99513   4.47386   3.51800   1.86252   0.49298   2.30437   0.77034   0.77784   0.27181   0.27602   0.21178   3.78380   0.00000   0.27834   0.11577   0.16615   0.00000   0.00753   1.65848   0.02707   0.01266  
 83  0.0002   5972.635996  x:  3.23834   3.99491   4.47359   3.51801   1.86240   0.49294   2.30445   0.77035   0.77783   0.27181   0.27602   0.21179   3.78375   0.00000   0.27834   0.11577   0.16615   0.00000   0.00753   1.65848   0.02707   0.01778  
 84  0.0006   5972.635982  x:  3.23663   3.99370   4.47183   3.51749   1.86179   0.49283   2.30501   0.77017   0.77773   0.27189   0.27600   0.21179   3.78307   0.00000   0.27832   0.11576   0.16614   0.00000   0.00753   1.65850   0.02707   0.06165  
 85  0.0299   5972.635854  x:  3.22646   3.98653   4.46140   3.51439   1.85813   0.49221   2.30833   0.76909   0.77714   0.27237   0.27589   0.21184   3.77903   0.00003   0.27823   0.11569   0.16613   0.00000   0.00751   1.65861   0.02711   0.32248  
 86 26143.0126   5972.635847  x:  3.22486   3.98541   4.45975   3.51393   1.85755   0.49213   2.30889   0.76893   0.77705   0.27245   0.27587   0.21185   3.77843   0.00003   0.27822   0.11568   0.16612   0.00000   0.00751   1.65863   0.02711   0.36564  
 87  1.4514   5972.634978  x:  3.21987   3.98244   4.45514   3.51202   1.85617   0.49231   2.31113   0.76799   0.77670   0.27284   0.27585   0.21185   3.77622   0.00007   0.27812   0.11565   0.16611   0.00000   0.00750   1.65872   0.02713   0.63939  
 88  0.0342   5972.629479  x:  3.18867   3.96372   4.42715   3.49900   1.84783   0.49390   2.32502   0.76146   0.77445   0.27542   0.27573   0.21185   3.76087   0.00039   0.27728   0.11546   0.16604   0.00000   0.00744   1.65937   0.02722   2.89381  
 89  6.6046   5972.614165  x:  3.21856   4.01248   4.49047   3.53984   1.88198   0.50404   2.38311   0.76515   0.77799   0.27985   0.27629   0.21201   3.80188   0.00127   0.27539   0.11541   0.16616   0.00000   0.00735   1.66120   0.02679   8.22760  
 90  1.0488   5972.583885  x:  3.32168   4.07957   4.60538   3.59789   1.92096   0.50073   2.36966   0.78646   0.78711   0.27368   0.27661   0.21217   3.85449   0.00191   0.27463   0.11608   0.16628   0.00000   0.00751   1.66029   0.02634  11.11891  
 91  1.2301   5972.576876  x:  3.28586   4.03617   4.55791   3.57494   1.89815   0.48865   2.34480   0.78432   0.78517   0.27129   0.27595   0.21230   3.82057   0.00234   0.27365   0.11600   0.16625   0.00000   0.00754   1.65976   0.02665  13.75790  
 92  2.1419   5972.576572  x:  3.28611   4.04025   4.55695   3.57881   1.90074   0.48833   2.34716   0.78506   0.78548   0.27125   0.27621   0.21219   3.82678   0.00242   0.27369   0.11598   0.16637   0.00000   0.00754   1.65992   0.02660  14.21504  
 93  0.3648   5972.576510  x:  3.28365   4.04077   4.55192   3.57697   1.90188   0.48709   2.34467   0.78459   0.78492   0.27120   0.27635   0.21207   3.82598   0.00241   0.27371   0.11598   0.16642   0.00000   0.00753   1.65988   0.02662  14.15896  
 94  0.0300   5972.576506  x:  3.28390   4.04128   4.55248   3.57755   1.90252   0.48688   2.34518   0.78469   0.78468   0.27132   0.27630   0.21209   3.82589   0.00240   0.27369   0.11598   0.16639   0.00000   0.00753   1.65988   0.02662  14.14258  
 95  0.0113   5972.576505  x:  3.28389   4.04109   4.55236   3.57765   1.90240   0.48695   2.34503   0.78467   0.78461   0.27135   0.27629   0.21210   3.82585   0.00241   0.27370   0.11598   0.16639   0.00000   0.00753   1.65987   0.02662  14.15060  
 96  0.0058   5972.576505  x:  3.28390   4.04105   4.55236   3.57766   1.90240   0.48696   2.34501   0.78466   0.78459   0.27136   0.27629   0.21211   3.82581   0.00241   0.27370   0.11598   0.16639   0.00000   0.00753   1.65987   0.02662  14.15244  
 97  0.0009   5972.576505  x:  3.28386   4.04089   4.55236   3.57762   1.90242   0.48696   2.34495   0.78463   0.78456   0.27138   0.27629   0.21211   3.82572   0.00241   0.27369   0.11598   0.16639   0.00000   0.00753   1.65986   0.02662  14.16168  
 98  0.0019   5972.576505  x:  3.28369   4.04028   4.55240   3.57740   1.90261   0.48684   2.34477   0.78456   0.78458   0.27141   0.27629   0.21211   3.82565   0.00240   0.27369   0.11598   0.16640   0.00000   0.00753   1.65985   0.02662  14.23476  
 99  0.0091   5972.576503  x:  3.28400   4.04110   4.55244   3.57772   1.90253   0.48689   2.34510   0.78475   0.78472   0.27132   0.27629   0.21207   3.82626   0.00240   0.27371   0.11598   0.16637   0.00000   0.00753   1.65993   0.02662  14.31143  
100  0.0130   5972.576485  x:  3.28387   4.04019   4.55259   3.57752   1.90288   0.48675   2.34488   0.78468   0.78474   0.27138   0.27629   0.21206   3.82635   0.00240   0.27371   0.11598   0.16637   0.00000   0.00753   1.65994   0.02662  15.28826  
101  0.1221   5972.576399  x:  3.28357   4.03705   4.55322   3.57692   1.90408   0.48639   2.34416   0.78443   0.78468   0.27166   0.27626   0.21204   3.82668   0.00236   0.27373   0.11598   0.16638   0.00000   0.00753   1.66000   0.02662  27.24942  
102  3.6225   5972.576329  x:  3.28587   4.04327   4.55493   3.57979   1.90342   0.48719   2.34659   0.78527   0.78488   0.27133   0.27629   0.21210   3.82822   0.00239   0.27372   0.11598   0.16639   0.00000   0.00753   1.65993   0.02660  32.04855  
103  2.0208   5972.576285  x:  3.28472   4.04327   4.55318   3.57864   1.90243   0.48723   2.34581   0.78486   0.78455   0.27131   0.27632   0.21216   3.82614   0.00234   0.27377   0.11598   0.16641   0.00000   0.00753   1.65975   0.02661  50.14376  
104  4.5251   5972.576255  x:  3.28444   4.04107   4.55312   3.57830   1.90273   0.48696   2.34537   0.78488   0.78474   0.27136   0.27628   0.21209   3.82668   0.00238   0.27371   0.11598   0.16639   0.00000   0.00753   1.65991   0.02661  62.57362  
105  4.5976   5972.576232  x:  3.28573   4.04349   4.55496   3.57935   1.90357   0.48720   2.34642   0.78507   0.78476   0.27137   0.27630   0.21211   3.82774   0.00235   0.27378   0.11598   0.16639   0.00000   0.00753   1.65990   0.02661  98.46192  
106  9.2443   5972.576210  x:  3.28395   4.04085   4.55229   3.57806   1.90232   0.48694   2.34515   0.78480   0.78463   0.27135   0.27629   0.21212   3.82608   0.00237   0.27370   0.11598   0.16640   0.00000   0.00753   1.65984   0.02662  157.55225  
107 16.8067   5972.576206  x:  3.28496   4.04220   4.55381   3.57876   1.90299   0.48708   2.34582   0.78496   0.78473   0.27136   0.27629   0.21211   3.82703   0.00236   0.27374   0.11598   0.16639   0.00000   0.00753   1.65989   0.02661  174.05098  
108 11.5109   5972.576201  x:  3.28566   4.04324   4.55486   3.57925   1.90349   0.48718   2.34630   0.78506   0.78479   0.27137   0.27630   0.21211   3.82767   0.00235   0.27378   0.11598   0.16639   0.00000   0.00753   1.65991   0.02661  262.28586  
109 30.3574   5972.576191  x:  3.28437   4.04144   4.55293   3.57836   1.90261   0.48700   2.34544   0.78487   0.78466   0.27135   0.27629   0.21211   3.82647   0.00236   0.27372   0.11598   0.16640   0.00000   0.00753   1.65986   0.02661  393.83339  
110 36.5572   5972.576189  x:  3.28496   4.04223   4.55381   3.57877   1.90301   0.48708   2.34583   0.78496   0.78473   0.27136   0.27629   0.21211   3.82703   0.00236   0.27375   0.11598   0.16639   0.00000   0.00753   1.65988   0.02661  464.03111  
111 41.1797   5972.576185  x:  3.28524   4.04269   4.55423   3.57896   1.90321   0.48712   2.34602   0.78500   0.78475   0.27136   0.27630   0.21211   3.82728   0.00235   0.27376   0.11598   0.16639   0.00000   0.00753   1.65989   0.02661  999.00000  
112 75.3056   5972.576183  x:  3.28477   4.04197   4.55353   3.57864   1.90288   0.48706   2.34570   0.78493   0.78471   0.27136   0.27629   0.21211   3.82685   0.00236   0.27374   0.11598   0.16639   0.00000   0.00753   1.65988   0.02661  999.00000  
113  0.0009   5972.576183  x:  3.28452   4.04164   4.55317   3.57840   1.90272   0.48702   2.34551   0.78487   0.78468   0.27136   0.27629   0.21211   3.82659   0.00236   0.27373   0.11598   0.16639   0.00000   0.00753   1.65987   0.02661  999.00000  
114  0.0053   5972.576183  x:  3.28405   4.04114   4.55254   3.57787   1.90247   0.48696   2.34513   0.78473   0.78462   0.27136   0.27629   0.21211   3.82604   0.00236   0.27373   0.11598   0.16639   0.00000   0.00753   1.65987   0.02662  999.00000  
115  0.0008   5972.576183  x:  3.28397   4.04111   4.55245   3.57773   1.90244   0.48696   2.34505   0.78469   0.78461   0.27135   0.27629   0.21211   3.82591   0.00235   0.27374   0.11598   0.16639   0.00000   0.00753   1.65987   0.02662  999.00000  
116  0.0003   5972.576183  x:  3.28397   4.04113   4.55246   3.57770   1.90244   0.48696   2.34505   0.78468   0.78461   0.27135   0.27629   0.21211   3.82590   0.00235   0.27374   0.11598   0.16639   0.00000   0.00753   1.65987   0.02662  999.00000  
117  0.0000   5972.576183  x:  3.28397   4.04115   4.55247   3.57770   1.90244   0.48696   2.34505   0.78468   0.78461   0.27135   0.27629   0.21211   3.82590   0.00235   0.27374   0.11598   0.16639   0.00000   0.00753   1.65987   0.02662  999.00000  