

TREE # 1

  0  0.0000   8340.103660  x:  0.12400   1.64045   1.27091   0.24238   1.23767   0.40860   1.19668   0.62035   0.67421   0.39721   0.87285   0.20962   0.00000   0.05080   0.06875   0.01909   0.02056   2.00000   0.20000   0.20000  
  1 99.0000   8300.919115  x:  0.14716   1.64417   1.27723   0.26201   1.23823   0.41160   1.19693   0.62137   0.67528   0.39912   0.88153   0.21326   0.01741   0.05273   0.06844   0.00000   0.01091   1.99268   0.25203   0.19776  
  2 905.6242   8289.027969  x:  0.16973   1.64777   1.28341   0.28123   1.23869   0.41445   1.19710   0.62226   0.67625   0.40093   0.89002   0.21660   0.03347   0.05450   0.06821   0.01010   0.00372   1.98555   0.29894   0.19552  
  3 4234.2695   8282.691298  x:  0.19375   1.65144   1.29013   0.30237   1.23832   0.41683   1.19642   0.62235   0.67662   0.40236   0.89939   0.21814   0.04365   0.05554   0.06754   0.01235   0.03338   1.97796   0.31928   0.19242  
  4 976.5864   8152.710094  x:  0.70117   1.72502   1.43547   0.76287   1.21040   0.45136   1.16314   0.60433   0.66951   0.42271   1.10616   0.20699   0.12180   0.04827   0.04572   0.00826   0.01711   1.81464   0.16796   0.11039  
  5 504.2107   8135.445415  x:  0.76882   1.73967   1.46634   0.83100   1.19987   0.45268   1.15632   0.60074   0.66968   0.43183   1.14581   0.16717   0.03642   0.06466   0.09872   0.00751   0.01509   1.76973   0.17248   0.09349  
  6 348.4430   8132.631759  x:  0.77407   1.74425   1.47698   0.84073   1.19381   0.45032   1.15417   0.59987   0.67037   0.43711   1.15725   0.16916   0.00943   0.04918   0.08316   0.00748   0.01497   1.74901   0.17703   0.09867  
  7 152.0803   8130.092162  x:  0.77024   1.74901   1.48874   0.84431   1.18555   0.44623   1.15176   0.59900   0.67125   0.44387   1.16905   0.18371   0.00000   0.05472   0.08171   0.00741   0.01478   1.72318   0.17669   0.10992  
  8 125.0928   8130.092162  x:  0.77024   1.74901   1.48874   0.84431   1.18555   0.44623   1.15176   0.59900   0.67125   0.44387   1.16905   0.18371   0.00000   0.05472   0.08171   0.00741   0.01478   1.72318   0.17669   0.10992  
  9 243.5004   8123.170819  x:  0.77263   1.74979   1.49014   0.84650   1.18539   0.44661   1.15196   0.59942   0.67162   0.44463   1.17066   0.18797   0.00960   0.05484   0.07988   0.00059   0.01267   1.72070   0.19213   0.11098  
 10 505.7775   8119.346911  x:  0.77639   1.75097   1.49230   0.84993   1.18504   0.44712   1.15220   0.59999   0.67215   0.44576   1.17315   0.19423   0.02328   0.05494   0.07710   0.00755   0.01099   1.71687   0.21241   0.11249  
 11 1326.4597   8115.740064  x:  0.79487   1.75560   1.50217   0.86656   1.18043   0.44671   1.15099   0.60026   0.67261   0.44965   1.18442   0.21184   0.05544   0.05400   0.06391   0.00703   0.02515   1.69969   0.19882   0.11440  
 12 168.4248   8112.893078  x:  0.81388   1.76045   1.51244   0.88359   1.17588   0.44637   1.14991   0.60069   0.67318   0.45365   1.19587   0.21911   0.06915   0.05452   0.05896   0.00774   0.01033   1.68205   0.18784   0.11344  
 13 249.4572   8074.222413  x:  1.28104   1.88319   1.76901   1.30095   1.07150   0.44307   1.13012   0.61797   0.69146   0.55335   1.47594   0.20765   0.07450   0.09383   0.10580   0.00635   0.01726   1.24568   0.14230   0.04128  
 14 279.0015   8063.269536  x:  1.40417   1.91624   1.83875   1.41012   1.04449   0.44313   1.12639   0.62401   0.69362   0.57456   1.54816   0.19105   0.05003   0.04818   0.06493   0.00585   0.01862   1.13855   0.13861   0.07398  
 15 495.3105   8061.902801  x:  1.43109   1.92468   1.85776   1.43285   1.04062   0.44630   1.12905   0.62883   0.68969   0.57024   1.56122   0.19844   0.04047   0.06747   0.06408   0.00571   0.01886   1.13867   0.13702   0.10906  
 16 79.3419   8060.021091  x:  1.48253   1.94299   1.90070   1.47475   1.03764   0.45884   1.14064   0.64440   0.67689   0.54917   1.58181   0.23665   0.02405   0.05096   0.08686   0.00529   0.01884   1.18259   0.13490   0.12939  
 17 62.9016   8057.286558  x:  1.53577   1.96264   1.94731   1.51777   1.03592   0.47363   1.15452   0.66201   0.66436   0.52636   1.60191   0.26995   0.00000   0.05421   0.07272   0.00503   0.01895   1.23813   0.13664   0.12363  
 18 162.5186   8055.648742  x:  1.59462   1.99245   2.02039   1.56107   1.04791   0.50810   1.18786   0.69225   0.69002   0.53283   1.61646   0.21120   0.03089   0.05379   0.07263   0.00522   0.01959   1.32926   0.12947   0.12710  
 19 31.5919   8055.229484  x:  1.60215   2.01336   2.07773   1.55803   1.07138   0.51508   1.21319   0.68873   0.73494   0.56582   1.59420   0.22846   0.02091   0.05362   0.07087   0.00501   0.01953   1.33750   0.12745   0.12916  
 20  9.1072   8054.479612  x:  1.60337   2.06921   2.23419   1.54026   1.13170   0.50995   1.26636   0.65572   0.72997   0.52886   1.52989   0.22058   0.02733   0.05402   0.07080   0.00497   0.01924   1.31261   0.12400   0.12628  
 21  9.6805   8053.701582  x:  1.59110   2.08754   2.36271   1.56150   1.11160   0.43285   1.23585   0.66908   0.68889   0.57453   1.50567   0.21093   0.03346   0.05414   0.07205   0.00505   0.01855   1.33610   0.12660   0.12480  
 22  4.1830   8050.757070  x:  1.52527   2.02759   2.64565   1.74317   1.16781   0.53132   1.16544   0.88561   0.70399   0.55452   1.54975   0.21183   0.03328   0.05543   0.07168   0.00468   0.01538   1.31392   0.12257   0.11776  
 23  5.5052   8047.380725  x:  1.60445   2.00768   2.77003   1.91528   1.18262   0.56122   1.22718   0.73631   0.80728   0.49615   1.71009   0.19913   0.03881   0.05599   0.07349   0.00455   0.01192   1.37816   0.12707   0.11330  
 24  8.8401   8045.167348  x:  1.75985   2.08435   2.74529   1.94163   1.24455   0.59723   1.44927   0.74771   0.70381   0.59023   1.81300   0.20030   0.03768   0.05664   0.07209   0.00421   0.00971   1.39069   0.12314   0.10971  
 25 11.1880   8043.743606  x:  1.95305   2.28645   2.67800   1.87442   1.27882   0.51822   1.46643   0.86292   0.76773   0.53673   1.84556   0.19771   0.04117   0.05712   0.07137   0.00401   0.00867   1.38909   0.12020   0.10582  
 26  7.6943   8043.050484  x:  2.05432   2.43272   2.65042   1.86445   1.36496   0.56610   1.36095   0.84798   0.74617   0.56553   1.86007   0.19762   0.04166   0.05712   0.07043   0.00384   0.00857   1.40350   0.11836   0.10593  
 27  6.4311   8040.037306  x:  2.07668   2.92060   2.72453   2.26071   1.26901   0.64518   1.46990   0.85981   0.76692   0.58631   1.95923   0.21101   0.04248   0.05732   0.06442   0.00266   0.01179   1.39779   0.10244   0.10737  
 28  1.7627   8037.960855  x:  2.49630   2.65101   2.91793   2.35279   1.41474   0.57646   1.50283   0.88869   0.79117   0.59071   1.97748   0.20696   0.05352   0.05694   0.06260   0.00195   0.01478   1.39439   0.09422   0.10894  
 29  3.1114   8037.438274  x:  2.64940   2.58691   2.98311   2.32037   1.28269   0.67299   1.49795   0.87675   0.79273   0.59261   1.89283   0.20560   0.05717   0.05712   0.06360   0.00194   0.01536   1.38101   0.09548   0.10781  
 30  3.8051   8035.584152  x:  2.85580   2.64732   3.18047   2.72505   1.45966   0.60386   1.59120   0.88605   0.84930   0.61096   1.91032   0.17862   0.08417   0.05690   0.07843   0.00261   0.01586   1.36541   0.09261   0.11586  
 31  0.4150   8034.740813  x:  2.88533   2.75064   3.47504   2.62873   1.46813   0.65864   1.62860   0.91285   0.87439   0.62990   2.34119   0.18077   0.08713   0.05744   0.08193   0.00277   0.01516   1.35207   0.08600   0.11942  
 32  2.4121   8034.081614  x:  3.08632   2.94119   3.64600   2.89806   1.52726   0.71075   1.70899   0.96351   0.90486   0.65217   2.35022   0.16083   0.10313   0.05775   0.07783   0.00294   0.01287   1.35495   0.07835   0.12316  
 33  0.5229   8033.442176  x:  3.29126   3.06458   3.81033   3.06085   1.61206   0.75168   1.78085   1.03099   0.92765   0.67043   2.40014   0.14805   0.11237   0.05790   0.06528   0.00295   0.01308   1.37589   0.07659   0.12875  
 34  0.3189   8033.084055  x:  3.52741   3.27906   4.06087   3.22972   1.73233   0.80948   1.89904   1.11547   0.97110   0.69593   2.57199   0.14279   0.11984   0.05769   0.07139   0.00275   0.01443   1.39388   0.06998   0.14554  
 35  0.3274   8032.959945  x:  3.59167   3.32933   4.14017   3.27791   1.77126   0.82738   1.94012   1.13809   0.98713   0.70279   2.61343   0.14478   0.11974   0.05787   0.07413   0.00280   0.01351   1.39918   0.06966   0.15471  
 36  0.1379   8032.901642  x:  3.72757   3.44403   4.30093   3.40024   1.84245   0.85770   2.01555   1.17698   1.01792   0.71763   2.70068   0.13467   0.12712   0.05837   0.07259   0.00293   0.01303   1.40359   0.06642   0.16491  
 37  0.2387   8032.887628  x:  3.75743   3.47517   4.34019   3.42773   1.86117   0.86331   2.03739   1.18199   1.02784   0.72203   2.72390   0.13182   0.12881   0.05831   0.07187   0.00291   0.01363   1.40265   0.06601   0.16917  
 38  0.0581   8032.883903  x:  3.78060   3.50253   4.37529   3.45826   1.87404   0.86865   2.05286   1.18525   1.03561   0.72682   2.74368   0.13201   0.12987   0.05824   0.07203   0.00290   0.01347   1.40222   0.06539   0.17285  
 39  0.0464   8032.881869  x:  3.78415   3.51242   4.38447   3.46930   1.87620   0.86888   2.05564   1.18350   1.03833   0.72956   2.74655   0.12865   0.13252   0.05828   0.07248   0.00290   0.01342   1.40337   0.06530   0.17546  
 40  0.0100   8032.878696  x:  3.76660   3.50245   4.36599   3.45791   1.86606   0.86261   2.04325   1.17698   1.03529   0.73056   2.73808   0.12662   0.13529   0.05828   0.07216   0.00286   0.01363   1.40444   0.06563   0.17976  
 41  0.0091   8032.875103  x:  3.77346   3.49879   4.36748   3.45257   1.86870   0.86292   2.04393   1.18348   1.03477   0.72907   2.73981   0.12160   0.13970   0.05826   0.07186   0.00290   0.01344   1.40339   0.06548   0.18753  
 42  0.0046   8032.873793  x:  3.77107   3.49570   4.36297   3.44693   1.86853   0.86321   2.04441   1.18361   1.03404   0.72744   2.73810   0.12038   0.14102   0.05827   0.07216   0.00289   0.01344   1.40269   0.06561   0.19160  
 43  0.0063   8032.873549  x:  3.77753   3.50352   4.37078   3.45411   1.87238   0.86527   2.04906   1.18450   1.03565   0.72813   2.74290   0.11912   0.14218   0.05830   0.07218   0.00288   0.01352   1.40335   0.06545   0.19388  
 44  0.0137   8032.873503  x:  3.77649   3.50322   4.37002   3.45466   1.87199   0.86571   2.04905   1.18356   1.03532   0.72783   2.74241   0.11903   0.14230   0.05829   0.07211   0.00288   0.01349   1.40353   0.06546   0.19442  
 45  0.0013   8032.873498  x:  3.77569   3.50244   4.36927   3.45418   1.87160   0.86573   2.04870   1.18316   1.03507   0.72765   2.74197   0.11903   0.14224   0.05829   0.07214   0.00288   0.01349   1.40349   0.06548   0.19434  
 46  0.0011   8032.873498  x:  3.77565   3.50231   4.36933   3.45422   1.87158   0.86574   2.04867   1.18312   1.03506   0.72762   2.74198   0.11907   0.14220   0.05830   0.07213   0.00288   0.01349   1.40346   0.06548   0.19426  
 47  0.0002   8032.873498  x:  3.77566   3.50226   4.36944   3.45429   1.87160   0.86573   2.04867   1.18313   1.03507   0.72762   2.74199   0.11907   0.14221   0.05830   0.07213   0.00288   0.01349   1.40345   0.06548   0.19426  
 48  0.0001   8032.873498  x:  3.77564   3.50226   4.36943   3.45427   1.87160   0.86574   2.04866   1.18315   1.03506   0.72762   2.74198   0.11907   0.14221   0.05829   0.07213   0.00288   0.01349   1.40346   0.06548   0.19427  
 49  0.0000   8032.873498  x:  3.77564   3.50226   4.36944   3.45428   1.87160   0.86574   2.04866   1.18315   1.03506   0.72762   2.74198   0.11907   0.14221   0.05829   0.07213   0.00288   0.01349   1.40346   0.06548   0.19427  
 50  0.0000   8032.873498  x:  3.77564   3.50226   4.36944   3.45428   1.87160   0.86574   2.04866   1.18315   1.03506   0.72762   2.74198   0.11907   0.14221   0.05829   0.07213   0.00288   0.01349   1.40346   0.06548   0.19427  
 51  0.0000   8032.873498  x:  3.77564   3.50226   4.36944   3.45428   1.87160   0.86574   2.04866   1.18315   1.03506   0.72762   2.74198   0.11907   0.14221   0.05829   0.07213   0.00288   0.01349   1.40346   0.06548   0.19427  
 52  0.0042   8032.873498  x:  3.77564   3.50226   4.36944   3.45428   1.87160   0.86574   2.04866   1.18315   1.03506   0.72762   2.74198   0.11907   0.14221   0.05829   0.07213   0.00288   0.01349   1.40346   0.06548   0.19427  
 53  0.0020   8032.873498  x:  3.77564   3.50226   4.36944   3.45428   1.87160   0.86574   2.04866   1.18315   1.03506   0.72762   2.74198   0.11907   0.14221   0.05829   0.07213   0.00288   0.01349   1.40346   0.06548   0.19427  
check convergence!
