

TREE # 1

  0  0.0000   8826.458936  x:  0.00000   0.18804   0.25318   0.13462   0.21571   0.12137   0.11686   0.07764   0.13078   0.13408   0.18825   0.06215   0.08302   0.09565   0.06350   0.08931   0.03949   2.00000   0.20000  
  1 99.0000   7897.069431  x:  3.31992   0.58551   0.63078   0.45707   0.44233   0.29077   0.53524   0.47211   0.42534   0.37655   0.52793   0.17179   0.13203   0.18827   0.12482   0.06133   0.01534   1.96331   0.06334  
  2 7867.7606   7885.192576  x:  3.32277   0.58760   0.63373   0.45873   0.44384   0.29157   0.53687   0.47304   0.42629   0.37723   0.52966   0.17110   0.13155   0.18826   0.12424   0.06298   0.01803   1.96230   0.08159  
  3 1411.3086   7844.484027  x:  3.26613   0.70388   0.81441   0.54748   0.52963   0.32984   0.61641   0.50112   0.46650   0.40109   0.62205   0.10418   0.08492   0.17455   0.06952   0.16552   0.17726   1.89939   0.06977  
  4 378.2835   7708.017129  x:  3.04831   1.05851   1.37938   0.83230   0.79051   0.43132   0.86824   0.59061   0.58631   0.46565   0.91990   0.04942   0.12621   0.20071   0.03301   0.03064   0.03847   1.67344   0.05892  
  5 479.5493   7688.588513  x:  3.00889   1.11887   1.47760   0.88241   0.83359   0.44495   0.91195   0.60650   0.60467   0.47374   0.97246   0.06425   0.15671   0.21148   0.08176   0.05691   0.00656   1.63048   0.05601  
  6 1038.3355   7682.847235  x:  2.99328   1.14036   1.51495   0.90256   0.84769   0.44575   0.92896   0.61328   0.60940   0.47371   0.99379   0.08609   0.18647   0.21988   0.11042   0.04143   0.02539   1.60938   0.05413  
  7 502.6689   7679.473186  x:  2.98963   1.14239   1.53546   0.92028   0.83752   0.41287   0.94024   0.62258   0.59330   0.44883   1.01379   0.11899   0.23161   0.21580   0.07229   0.05659   0.02455   1.56577   0.05331  
  8 80.9904   7671.045831  x:  2.99580   1.12088   1.58925   0.98097   0.76238   0.23402   0.97238   0.66018   0.51019   0.32746   1.08388   0.07765   0.23807   0.22034   0.08501   0.05472   0.02530   1.37101   0.05295  
  9 78.4566   7668.784589  x:  2.99098   1.08421   1.59441   1.00197   0.72955   0.14246   0.98424   0.67946   0.55938   0.37137   1.10781   0.07149   0.23788   0.20049   0.08963   0.05509   0.02575   1.28362   0.05234  
 10 42.4882   7668.470292  x:  2.98858   1.06427   1.59220   1.00773   0.73671   0.13333   0.99346   0.68872   0.56617   0.37629   1.11353   0.07424   0.23225   0.22536   0.08600   0.05739   0.02601   1.27248   0.05202  
 11 16.1037   7667.269300  x:  2.97860   0.94659   1.58455   1.04004   0.81124   0.12311   1.05570   0.74477   0.57037   0.36664   1.14391   0.10157   0.19762   0.21049   0.09053   0.05746   0.02625   1.24971   0.05105  
 12 17.3374   7665.525967  x:  2.97065   0.86218   1.67895   1.06351   0.85712   0.02893   1.08582   0.76811   0.58517   0.35481   1.16464   0.07836   0.21318   0.20736   0.09423   0.06058   0.02700   1.35909   0.05124  
 13  7.2041   7655.579251  x:  2.95038   0.67817   2.20839   1.04077   0.80331   0.20665   0.97162   0.78908   0.58744   0.38316   1.10975   0.03172   0.19511   0.18882   0.12183   0.08211   0.03219   1.32467   0.04893  
 14  6.6454   7652.450750  x:  2.93628   0.73966   2.30787   1.05132   0.80319   0.18768   0.97462   0.75014   0.58812   0.38353   1.10300   0.13591   0.07586   0.18450   0.12822   0.08407   0.03242   1.33193   0.04855  
 15 23.1236   7644.974808  x:  2.88895   1.08544   2.14968   1.12643   0.98186   0.13351   1.16317   0.61081   0.59601   0.39651   1.13291   0.07551   0.09350   0.16898   0.14813   0.10137   0.03663   1.28883   0.04591  
 16 15.9268   7642.268921  x:  2.83742   1.26019   2.05862   1.21774   0.94477   0.14215   1.13552   0.84001   0.61238   0.39666   1.24260   0.06600   0.09571   0.16653   0.15302   0.10575   0.03745   1.34763   0.04346  
 17 11.4342   7622.885174  x:  2.65614   1.60863   2.55169   1.00034   1.22829   0.08824   1.26117   0.92647   0.90668   0.20386   1.79931   0.10553   0.17343   0.20350   0.12947   0.11004   0.03362   1.27038   0.03506  
 18  2.4456   7617.833714  x:  2.60812   1.66669   2.70940   1.11548   1.26035   0.05257   1.35732   0.93757   0.62627   0.46983   1.85419   0.11535   0.19394   0.21331   0.12302   0.11035   0.03240   1.27831   0.03332  
 19 16.7400   7611.236127  x:  2.53772   1.65040   2.89288   1.91965   1.06586   0.14731   1.56649   0.81156   0.69448   0.44055   1.55783   0.11648   0.22235   0.22465   0.11540   0.11202   0.03126   1.35042   0.03377  
 20  8.5127   7607.372290  x:  2.50215   1.76506   3.05592   1.94619   1.27859   0.03708   1.51847   1.00934   0.70339   0.42603   1.31247   0.11639   0.23504   0.22683   0.11167   0.11232   0.03060   1.27794   0.03534  
 21  4.9050   7602.824858  x:  2.44271   1.78917   3.19581   1.77824   1.24842   0.05697   1.59482   0.98116   0.68841   0.45234   1.83089   0.11722   0.22988   0.22689   0.11064   0.11391   0.03009   1.31383   0.03794  
 22  4.6196   7597.276607  x:  2.27354   1.95102   3.67060   1.59607   1.03964   0.04800   2.31242   1.28475   0.76771   0.39139   1.85708   0.10532   0.22408   0.22248   0.10745   0.10936   0.02649   1.29192   0.03408  
 23  1.7824   7591.021433  x:  2.19603   2.01748   3.93426   1.73715   1.15670   0.00000   2.32447   1.32959   0.79794   0.36243   2.00186   0.09888   0.21700   0.21927   0.10544   0.10644   0.02417   1.23087   0.03139  
 24  7.0911   7591.021433  x:  2.19603   2.01748   3.93426   1.73715   1.15670   0.00000   2.32447   1.32959   0.79794   0.36243   2.00186   0.09888   0.21700   0.21927   0.10544   0.10644   0.02417   1.23087   0.03139  
 25  1.2668   7590.972889  x:  2.19601   2.01749   3.93427   1.73716   1.15672   0.00001   2.32446   1.32959   0.79793   0.36243   2.00187   0.09876   0.21689   0.21923   0.10537   0.10631   0.02419   1.23088   0.03094  
 26 191.0231   7588.421126  x:  2.19015   2.01980   3.93684   1.74094   1.16207   0.00207   2.32253   1.32855   0.79591   0.36301   2.00458   0.07012   0.19016   0.21000   0.08797   0.07628   0.02817   1.23130   0.03111  
 27 107.6930   7588.182807  x:  2.18757   2.02079   3.93794   1.74256   1.16434   0.00288   2.32167   1.32808   0.79505   0.36326   2.00574   0.06488   0.18528   0.20874   0.08758   0.07831   0.03595   1.23163   0.03111  
 28 56.4043   7587.881704  x:  2.17516   2.02549   3.94322   1.75033   1.17510   0.00660   2.31750   1.32577   0.79096   0.36444   2.01126   0.05546   0.17620   0.20693   0.09476   0.08614   0.03034   1.23334   0.03110  
 29 27.9411   7586.401782  x:  2.06928   2.06548   3.98818   1.81617   1.26519   0.03597   2.28184   1.30603   0.75753   0.37486   2.05802   0.05735   0.17220   0.19376   0.12960   0.07134   0.03568   1.24704   0.03086  
 30 42.1942   7582.008008  x:  1.74864   2.18699   4.12486   2.01415   1.53199   0.11599   2.17386   1.24602   0.66333   0.40849   2.19887   0.07751   0.17339   0.16543   0.09739   0.08529   0.03124   1.28414   0.03019  
 31 216.5368   7580.393429  x:  1.61305   2.23930   4.18381   2.09595   1.63657   0.13784   2.12847   1.22081   0.63747   0.42714   2.25745   0.07671   0.17100   0.21683   0.08637   0.08294   0.03232   1.29321   0.02984  
 32 177.1927   7578.192714  x:  1.37870   2.34255   4.30130   2.21909   1.73183   0.04985   2.05508   1.18254   0.74481   0.49865   2.35003   0.04538   0.20632   0.21183   0.08772   0.08326   0.03220   1.23500   0.02908  
 33 31.0507   7577.382604  x:  1.31511   2.37733   4.34234   2.24851   1.73203   0.00000   2.04106   1.18005   0.74829   0.45901   2.37330   0.04610   0.20483   0.21102   0.08887   0.08309   0.03224   1.22462   0.02913  
 34 20.4169   7577.044658  x:  1.24764   2.42488   4.40993   2.27404   1.70745   0.00000   2.05071   1.21626   0.76588   0.45369   2.38835   0.05861   0.18990   0.20981   0.08974   0.08273   0.03228   1.29451   0.02943  
 35  8.0279   7576.707626  x:  1.20099   2.48902   4.51761   2.29402   1.66648   0.00000   2.10738   1.30234   0.73068   0.47347   2.39351   0.02967   0.22199   0.20987   0.08950   0.08251   0.03229   1.29905   0.02904  
 36  5.5919   7576.412944  x:  1.17025   2.55553   4.63615   2.31543   1.62928   0.00000   2.17655   1.38744   0.70820   0.50398   2.40016   0.05363   0.19588   0.20981   0.09059   0.08292   0.03223   1.26577   0.02829  
 37 13.6871   7575.811126  x:  1.28397   2.71209   4.95178   2.38755   1.65047   0.00000   2.38243   1.44312   0.80329   0.44089   2.45954   0.05237   0.20032   0.21334   0.08838   0.08379   0.03200   1.25823   0.02621  
 38  4.2158   7575.151666  x:  1.44932   2.89251   5.41799   2.54060   1.74636   0.00000   2.55743   1.40214   0.73428   0.45225   2.65097   0.05955   0.19137   0.21198   0.09209   0.08339   0.03200   1.26727   0.02484  
 39  3.9872   7574.900669  x:  1.48376   2.88007   5.54210   2.64160   1.84363   0.00000   2.57599   1.54766   0.76536   0.39950   2.75434   0.06047   0.19025   0.21250   0.09259   0.08339   0.03197   1.25452   0.02418  
 40  1.9678   7574.601872  x:  1.44463   2.95189   5.63862   2.70513   1.73135   0.00000   2.54277   1.52706   0.79852   0.39272   2.90226   0.05554   0.19463   0.21131   0.09291   0.08300   0.03196   1.24517   0.02429  
 41  0.5075   7574.504959  x:  1.38414   3.04020   5.68497   2.69552   1.78358   0.00000   2.60084   1.51647   0.81326   0.37898   2.87249   0.05524   0.19455   0.21077   0.09334   0.08281   0.03199   1.23935   0.02434  
 42  0.8775   7574.417435  x:  1.41816   3.23724   5.79899   2.77949   1.83665   0.00000   2.61804   1.57690   0.82166   0.38762   2.91689   0.05547   0.19480   0.21098   0.09379   0.08284   0.03199   1.23711   0.02347  
 43  0.6731   7574.355493  x:  1.40474   3.27492   5.95527   2.85755   1.87174   0.00000   2.73027   1.60398   0.82788   0.39820   3.01846   0.05395   0.19696   0.21115   0.09409   0.08290   0.03200   1.23845   0.02273  
 44  0.7880   7574.321511  x:  1.42007   3.26142   6.12230   2.89698   1.89975   0.00000   2.72535   1.62169   0.83028   0.40563   3.01178   0.05292   0.19844   0.21118   0.09399   0.08297   0.03201   1.24116   0.02258  
 45  0.4033   7574.288561  x:  1.45424   3.33112   6.19715   2.95567   1.93680   0.00000   2.80348   1.66159   0.82775   0.41371   3.10739   0.05311   0.19901   0.21154   0.09353   0.08319   0.03199   1.24859   0.02229  
 46  0.1732   7574.282502  x:  1.48303   3.37542   6.28112   2.97859   1.96130   0.00000   2.83803   1.68535   0.83531   0.40974   3.14590   0.05342   0.19870   0.21186   0.09357   0.08318   0.03199   1.24535   0.02195  
 47  0.1119   7574.281997  x:  1.48595   3.37745   6.28710   2.99290   1.96041   0.00000   2.84489   1.68493   0.83581   0.40934   3.14173   0.05340   0.19869   0.21186   0.09363   0.08316   0.03199   1.24488   0.02193  
 48  0.0498   7574.281767  x:  1.48697   3.37797   6.29246   2.98947   1.96100   0.00000   2.84671   1.68509   0.83647   0.40886   3.14332   0.05348   0.19860   0.21186   0.09368   0.08316   0.03199   1.24446   0.02194  
 49  0.0093   7574.281758  x:  1.48760   3.37970   6.29568   2.99042   1.96144   0.00000   2.84867   1.68570   0.83649   0.40905   3.14467   0.05353   0.19857   0.21186   0.09366   0.08316   0.03199   1.24468   0.02193  
 50  0.0036   7574.281758  x:  1.48754   3.37962   6.29547   2.99035   1.96137   0.00000   2.84857   1.68566   0.83647   0.40905   3.14456   0.05353   0.19857   0.21186   0.09366   0.08316   0.03199   1.24466   0.02193  
 51  0.0006   7574.281758  x:  1.48754   3.37961   6.29546   2.99035   1.96136   0.00000   2.84856   1.68566   0.83647   0.40905   3.14455   0.05353   0.19857   0.21186   0.09366   0.08316   0.03199   1.24466   0.02193  
 52  0.0004   7574.281758  x:  1.48753   3.37961   6.29545   2.99034   1.96136   0.00000   2.84855   1.68566   0.83647   0.40905   3.14454   0.05353   0.19857   0.21186   0.09366   0.08316   0.03199   1.24466   0.02193  