

TREE # 1

  0  0.0000  14589.309405  x:  0.17673   2.00331   2.68384   0.26622   1.49766   0.23007   1.30377   0.45607   1.08915   0.29710   0.28810   0.34511   1.83609   0.38818   0.07371   0.26919   0.09192   0.11424   0.08291   2.00000   0.20000  
  1 99.0000  14458.264150  x:  0.19033   2.01024   2.69030   0.28660   1.50271   0.24113   1.30808   0.46500   1.09596   0.31051   0.28849   0.34801   1.84531   0.38586   0.07366   0.26210   0.10067   0.10368   0.10353   1.98414   0.37842  
  2 2089.5343  14406.565526  x:  0.25303   2.04344   2.72006   0.38323   1.52093   0.28759   1.32122   0.50324   1.12405   0.37078   0.27431   0.35208   1.88933   0.34402   0.04371   0.18462   0.13448   0.02046   0.15800   1.92922   0.36563  
  3 380.7744  14366.379945  x:  0.33944   2.08985   2.76248   0.51515   1.54621   0.34978   1.33941   0.55495   1.16297   0.45117   0.25507   0.35810   1.95162   0.30129   0.02119   0.08705   0.18162   0.06548   0.21166   1.85178   0.34702  
  4 1093.9290  14279.625793  x:  0.63542   2.25552   2.92221   0.95551   1.63361   0.54419   1.40221   0.72082   1.29687   0.69834   0.19691   0.38515   2.18047   0.34366   0.17771   0.16947   0.26453   0.08260   0.10035   1.57374   0.28763  
  5 564.8682  14255.341395  x:  0.71977   2.31146   2.98783   1.07054   1.65786   0.57682   1.41999   0.75252   1.33283   0.73236   0.20692   0.40732   2.26084   0.32473   0.19484   0.22358   0.11137   0.09725   0.14192   1.50630   0.27128  
  6 290.5003  14251.761069  x:  0.73916   2.32984   3.01563   1.09169   1.66307   0.57109   1.42426   0.75078   1.33974   0.71914   0.21838   0.41447   2.28811   0.29660   0.17392   0.22727   0.09108   0.09914   0.11080   1.50390   0.27264  
  7 127.3567  14245.640646  x:  0.78447   2.38142   3.10035   1.13273   1.67459   0.53682   1.43429   0.73293   1.35399   0.65623   0.25179   0.42965   2.36611   0.24464   0.14198   0.28136   0.11044   0.10595   0.11772   1.51535   0.26901  
  8 155.3670  14224.665978  x:  0.95044   2.60024   3.47697   1.26139   1.71864   0.35237   1.47634   0.63565   1.40788   0.34958   0.32907   0.42968   2.69825   0.24663   0.21420   0.23061   0.11956   0.09795   0.12065   1.61075   0.26240  
  9 178.2826  14218.459560  x:  0.96742   2.68308   3.64479   1.23855   1.74576   0.25616   1.50693   0.62705   1.45118   0.34592   0.24314   0.34617   2.82639   0.23067   0.20742   0.24106   0.11352   0.09913   0.12171   1.65901   0.26345  
 10 78.6786  14205.481174  x:  0.92070   2.88903   4.10851   1.04722   1.84526   0.00000   1.60467   0.66794   1.58182   0.53358   0.24881   0.40780   3.15008   0.24921   0.20878   0.22714   0.11913   0.09601   0.12427   1.76535   0.25720  
 11 95.9431  14190.308838  x:  0.64814   3.24702   4.95424   0.52011   2.22876   0.27279   1.78533   0.85133   1.61418   0.52823   0.26207   0.40004   3.69506   0.31783   0.15182   0.21004   0.12985   0.09044   0.12820   1.74120   0.23930  
 12 57.3304  14186.498608  x:  0.50218   3.40813   5.16986   0.49300   2.15649   0.30879   1.67334   0.68837   1.51153   0.58181   0.21245   0.44017   3.78208   0.31847   0.14635   0.19982   0.13596   0.08745   0.12781   1.57470   0.23464  
 13 13.9979  14182.531275  x:  0.32798   3.62796   5.39412   0.57813   2.01714   0.42740   1.55651   0.59812   1.41132   0.70130   0.29868   0.35717   3.83719   0.32183   0.15188   0.20118   0.13380   0.08808   0.12831   1.63355   0.23056  
 14 24.3232  14176.717205  x:  0.04333   3.95787   5.67411   0.76357   1.77836   0.55087   1.53668   0.68626   1.39659   0.70293   0.18737   0.48543   3.82756   0.31100   0.16365   0.20661   0.12951   0.08896   0.12935   1.75437   0.22397  
 15 25.3436  14175.058641  x:  0.00000   4.00329   5.71041   0.78743   1.75118   0.54945   1.54771   0.70639   1.41590   0.69482   0.19475   0.47868   3.81621   0.30886   0.16566   0.20564   0.13014   0.08860   0.12952   1.74014   0.22191  
 16 38.7238  14175.058641  x:  0.00000   4.00329   5.71041   0.78743   1.75118   0.54945   1.54771   0.70639   1.41590   0.69482   0.19475   0.47868   3.81621   0.30886   0.16566   0.20564   0.13014   0.08860   0.12952   1.74014   0.22191  
 17 16.4159  14170.643451  x:  0.00213   4.00411   5.71098   0.79054   1.75206   0.55001   1.54847   0.70762   1.41740   0.69571   0.19517   0.47742   3.81711   0.30395   0.16069   0.19901   0.13285   0.07737   0.13206   1.73835   0.19785  
 18 284.8543  14166.498962  x:  0.01223   4.00820   5.71395   0.80498   1.75704   0.55405   1.55307   0.71430   1.42516   0.70135   0.19868   0.47398   3.82169   0.28931   0.14580   0.17636   0.14578   0.04526   0.14402   1.72575   0.20222  
 19 173.5411  14162.628346  x:  0.03303   4.01661   5.72005   0.83479   1.76722   0.56209   1.56241   0.72784   1.44099   0.71256   0.20536   0.46674   3.83115   0.26965   0.12587   0.13778   0.17194   0.05769   0.16471   1.70042   0.19975  
 20 184.3923  14154.818847  x:  0.11769   4.05072   5.74522   0.95606   1.80842   0.59320   1.60012   0.78131   1.50444   0.75549   0.22876   0.43871   3.87028   0.27749   0.13479   0.11992   0.22055   0.05819   0.11673   1.60150   0.18532  
 21 120.4639  14141.433189  x:  0.29467   4.12197   5.79867   1.20923   1.89451   0.65566   1.67874   0.89019   1.63534   0.84067   0.27280   0.38568   3.95325   0.30831   0.16773   0.15708   0.22796   0.05288   0.16231   1.40774   0.15180  
 22 388.5228  14135.797532  x:  0.37279   4.15358   5.82381   1.32075   1.93248   0.67931   1.71308   0.93402   1.69079   0.87192   0.28693   0.37217   3.99176   0.29759   0.15674   0.14590   0.16056   0.05829   0.15045   1.35091   0.14335  
 23 246.9046  14133.368196  x:  0.42456   4.17486   5.84359   1.39472   1.95676   0.68577   1.73411   0.95383   1.72249   0.87913   0.28479   0.37993   4.02088   0.26930   0.12638   0.17974   0.15729   0.06319   0.14233   1.37525   0.14129  
 24 81.4596  14122.884168  x:  0.71317   4.29479   5.96488   1.80766   2.08898   0.69053   1.84493   1.03467   1.88366   0.87801   0.23515   0.45892   4.19526   0.30168   0.14688   0.16365   0.16140   0.06029   0.15109   1.66942   0.13204  
 25 113.2391  14121.750245  x:  0.74873   4.31497   6.00423   1.86056   2.09822   0.63315   1.84193   1.00116   1.88563   0.83397   0.20606   0.41420   4.23727   0.29982   0.14744   0.16338   0.16098   0.06033   0.15100   1.67333   0.13405  
 26 18.8825  14119.227910  x:  0.82994   4.36563   6.11509   1.98422   2.11846   0.46200   1.82672   0.89964   1.87978   0.71430   0.26285   0.40773   4.35054   0.29660   0.15096   0.16289   0.16115   0.06029   0.15117   1.65995   0.13533  
 27 54.7112  14117.486592  x:  0.83488   4.39958   6.25643   2.02389   2.17384   0.30947   1.82850   0.88003   1.85862   0.78796   0.19097   0.49384   4.46728   0.29999   0.14765   0.16262   0.16297   0.06017   0.15130   1.62483   0.13359  
 28 11.6874  14113.883676  x:  0.76956   4.46845   6.61947   2.03805   2.37797   0.10737   1.86325   0.93717   1.80202   0.99245   0.26832   0.41619   4.73672   0.31767   0.13488   0.16510   0.15847   0.06057   0.15316   1.69470   0.13460  
 29 19.3594  14105.230053  x:  0.53258   4.69366   7.65037   2.01101   3.03131   0.26258   2.01152   1.09518   1.69426   0.88511   0.24491   0.47838   5.44356   0.34410   0.11749   0.16808   0.15902   0.06076   0.15653   1.69702   0.12900  
 30 24.3514  14098.857641  x:  0.37773   4.99262   8.42818   1.90066   3.00350   0.42548   2.08128   0.99943   2.34591   0.91741   0.24237   0.50630   5.83328   0.31704   0.15226   0.17173   0.15541   0.06111   0.16015   1.74897   0.12756  
 31 16.7336  14094.614999  x:  0.55580   5.48568   8.93410   1.94111   2.47100   0.62161   2.31529   1.07776   2.23445   0.99872   0.25104   0.51321   5.94356   0.36860   0.10688   0.17366   0.15390   0.06123   0.16221   1.77532   0.12795  
 32  9.2209  14093.053252  x:  0.66468   5.81095   9.15081   1.99450   2.54339   0.71584   2.20081   0.98948   2.19357   1.10350   0.25843   0.50939   5.97695   0.22476   0.25043   0.17367   0.15745   0.06076   0.16313   1.77883   0.12476  
 33  3.8295  14088.317146  x:  0.83913   6.74671   9.78534   2.07625   2.95950   0.62631   2.18191   1.07734   2.38855   1.12087   0.26585   0.50420   6.10792   0.41508   0.07043   0.17337   0.17536   0.05863   0.16393   1.72625   0.10813  
 34  6.9125  14086.568661  x:  0.79690   7.01456   9.96938   2.19140   3.07682   0.48098   2.37065   1.26527   2.48913   1.04636   0.26548   0.50673   6.18488   0.29442   0.19131   0.17246   0.18300   0.05767   0.16448   1.70280   0.10218  
 35  8.7105  14081.479316  x:  0.22842   7.05524   9.88572   3.73417   3.31697   0.39780   2.47814   1.30524   2.58882   1.13567   0.27189   0.51401   6.48685   0.38347   0.11140   0.16909   0.19648   0.05524   0.16506   1.64551   0.09757  
 36  3.5260  14079.405712  x:  1.00297   6.62128  10.28127   3.81624   3.60744   0.41300   2.89296   1.10356   2.68735   1.26200   0.28262   0.50961   6.61743   0.39172   0.11075   0.16714   0.19667   0.05583   0.16391   1.64120   0.09125  
 37  1.8595  14077.798426  x:  1.72162   6.30369  10.62443   3.86522   3.74134   0.33935   2.71511   1.40955   2.81237   1.23847   0.27997   0.52547   6.70164   0.37738   0.13067   0.16562   0.19235   0.05667   0.16326   1.65460   0.09128  
 38  5.7812  14077.349163  x:  1.76610   6.39597  11.01141   3.97851   3.71039   0.39775   2.70106   1.47627   2.88184   1.28181   0.28821   0.52184   7.03313   0.37828   0.13361   0.16660   0.19016   0.05720   0.16348   1.66706   0.08681  
 39  1.4666  14076.641447  x:  1.70233   7.14075  11.73104   4.34878   3.93480   0.38011   2.93985   1.48813   3.05786   1.36813   0.29773   0.52571   7.11318   0.37481   0.14568   0.17122   0.18082   0.05893   0.16495   1.72701   0.08317  
 40  0.9627  14076.432937  x:  1.71778   7.20008  11.95418   4.44858   3.91230   0.42154   2.97975   1.50433   3.11455   1.40668   0.30330   0.52509   7.42890   0.37382   0.14878   0.17335   0.18809   0.05786   0.16631   1.72094   0.08247  
 41  0.2586  14076.389429  x:  1.73047   7.32223  12.16385   4.51609   3.97975   0.42046   3.01364   1.52946   3.16557   1.42525   0.30394   0.53092   7.54486   0.38250   0.14316   0.17320   0.18856   0.05758   0.16674   1.71017   0.08041  
 42  0.2391  14076.375199  x:  1.70056   7.36894  12.25024   4.51003   4.01803   0.41719   3.02478   1.53451   3.17791   1.42857   0.30267   0.53430   7.55716   0.38519   0.14147   0.17251   0.18725   0.05770   0.16660   1.70715   0.08036  
 43  0.0700  14076.369900  x:  1.67032   7.37403  12.30981   4.47910   4.02875   0.42603   3.02986   1.53774   3.17981   1.43363   0.30320   0.53363   7.60014   0.38302   0.14394   0.17273   0.18773   0.05784   0.16660   1.71029   0.08019  
 44  0.0398  14076.369645  x:  1.66642   7.36564  12.28942   4.46796   4.02479   0.42565   3.02608   1.53781   3.17496   1.43190   0.30315   0.53332   7.59474   0.38348   0.14319   0.17276   0.18776   0.05774   0.16663   1.70978   0.08031  
 45  0.0192  14076.369614  x:  1.66580   7.36871  12.28715   4.46778   4.02499   0.42556   3.02663   1.53882   3.17510   1.43247   0.30327   0.53333   7.59632   0.38375   0.14295   0.17280   0.18769   0.05774   0.16664   1.70950   0.08028  
 46  0.0024  14076.369607  x:  1.66553   7.36920  12.28644   4.46793   4.02462   0.42584   3.02699   1.53898   3.17517   1.43291   0.30332   0.53330   7.59630   0.38362   0.14310   0.17280   0.18769   0.05775   0.16664   1.70962   0.08028  
 47  0.0007  14076.369606  x:  1.66576   7.36878  12.28633   4.46793   4.02460   0.42599   3.02691   1.53900   3.17528   1.43300   0.30329   0.53332   7.59576   0.38363   0.14309   0.17278   0.18771   0.05775   0.16664   1.70958   0.08028  
 48  0.0004  14076.369606  x:  1.66577   7.36870  12.28624   4.46783   4.02451   0.42609   3.02688   1.53896   3.17531   1.43298   0.30328   0.53333   7.59571   0.38363   0.14309   0.17279   0.18770   0.05775   0.16664   1.70959   0.08028  
 49  0.0001  14076.369606  x:  1.66575   7.36876  12.28619   4.46781   4.02448   0.42614   3.02690   1.53897   3.17534   1.43296   0.30328   0.53333   7.59577   0.38363   0.14309   0.17279   0.18771   0.05775   0.16664   1.70958   0.08028  
 50  0.0001  14076.369606  x:  1.66575   7.36877  12.28621   4.46781   4.02449   0.42614   3.02691   1.53897   3.17534   1.43295   0.30328   0.53333   7.59576   0.38363   0.14309   0.17279   0.18771   0.05775   0.16664   1.70958   0.08028  
 51  0.0000  14076.369606  x:  1.66575   7.36876  12.28620   4.46782   4.02448   0.42615   3.02691   1.53898   3.17533   1.43295   0.30328   0.53332   7.59575   0.38363   0.14309   0.17279   0.18771   0.05775   0.16664   1.70958   0.08028  
 52  0.0000  14076.369606  x:  1.66575   7.36876  12.28620   4.46782   4.02448   0.42615   3.02690   1.53898   3.17533   1.43295   0.30328   0.53332   7.59575   0.38363   0.14309   0.17279   0.18771   0.05775   0.16664   1.70958   0.08028  