

TREE # 1

  0  0.0000   8240.132600  x:  0.06514   0.55564   0.53875   0.14577   0.44149   0.00000   0.49425   0.17033   0.34976   0.25362   0.13334   0.12827   0.48546   0.09822   0.02342   0.11746   0.10146   0.05352   0.02820   2.00000   0.20000   0.20000   0.20000  
  1 99.0000   7843.058856  x:  0.09209   0.55592   0.54222   0.16488   0.44399   0.06757   0.49698   0.17172   0.35129   0.25321   0.14345   0.13783   0.49297   0.10147   0.03940   0.12053   0.10207   0.03967   0.01111   2.00104   0.03663   0.17412   0.19902  
  2 2580.6885   7785.655773  x:  0.14386   0.56568   0.55723   0.20047   0.45437   0.10803   0.50736   0.17845   0.36168   0.26079   0.16450   0.15623   0.51624   0.10098   0.05119   0.12500   0.10362   0.02904   0.00000   1.99744   0.04808   0.11904   0.19769  
  3 803.9735   7704.257821  x:  0.24426   0.58663   0.58867   0.27043   0.47564   0.17138   0.52875   0.19183   0.38355   0.27718   0.20539   0.19126   0.56447   0.09821   0.07041   0.13404   0.10812   0.02527   0.03878   1.98931   0.06040   0.00010   0.19548  
  4 6979.2852   7702.793809  x:  0.25243   0.58842   0.59133   0.27614   0.47741   0.17578   0.53054   0.19293   0.38540   0.27859   0.20869   0.19405   0.56852   0.09793   0.07183   0.13481   0.10854   0.02529   0.04224   1.98859   0.06122   0.00094   0.19529  
  5 1436.6480   7627.906895  x:  0.42077   0.64653   0.66968   0.39781   0.52338   0.09191   0.57898   0.21737   0.43944   0.32410   0.26799   0.23537   0.68128   0.08258   0.06701   0.15960   0.12821   0.06950   0.02623   1.96017   0.02751   0.00081   0.18699  
  6 862.9839   7616.148640  x:  0.43118   0.67896   0.71284   0.42987   0.54607   0.08457   0.60811   0.22010   0.45912   0.33405   0.22068   0.17614   0.74020   0.09448   0.08065   0.16234   0.13516   0.03020   0.03369   1.93803   0.02312   0.00085   0.17942  
  7 184.9505   7610.088443  x:  0.42658   0.70210   0.74508   0.44994   0.56075   0.10241   0.62908   0.21790   0.47114   0.33796   0.18446   0.13072   0.78480   0.09687   0.08437   0.16495   0.13894   0.05585   0.02904   1.92042   0.02392   0.00081   0.16965  
  8 337.3946   7603.791775  x:  0.36277   0.74395   0.80403   0.45996   0.57902   0.12853   0.66356   0.20094   0.48513   0.33605   0.19021   0.13127   0.86530   0.06947   0.05080   0.15689   0.12725   0.05295   0.02785   1.88066   0.02256   0.00081   0.14551  
  9 118.8869   7594.830005  x:  0.23096   0.81751   0.90886   0.46690   0.60379   0.15870   0.72015   0.16463   0.50590   0.32887   0.22326   0.16013   1.00981   0.09333   0.07295   0.15925   0.12853   0.06117   0.02487   1.80564   0.02158   0.00074   0.09577  
 10 342.8724   7593.184115  x:  0.23347   0.82674   0.93282   0.44768   0.57089   0.16452   0.70650   0.15124   0.48925   0.30788   0.21971   0.16529   1.05282   0.07959   0.07286   0.18788   0.15823   0.05548   0.02688   1.77130   0.02251   0.00073   0.04273  
 11 38.3076   7591.294698  x:  0.24146   0.83100   0.94647   0.43382   0.54788   0.16530   0.69585   0.14767   0.47912   0.29679   0.21695   0.16738   1.07872   0.07555   0.07812   0.18541   0.15263   0.05404   0.02810   1.74787   0.02259   0.00074   0.00010  
 12 109.1891   7590.213352  x:  0.24807   0.82478   0.96092   0.40146   0.50986   0.17530   0.67457   0.18204   0.48760   0.32478   0.22667   0.16106   1.11914   0.07702   0.07542   0.17500   0.16740   0.05045   0.03066   1.68550   0.02259   0.00073   0.00010  
 13 25.4490   7589.606650  x:  0.25187   0.81628   0.96171   0.39614   0.50603   0.17896   0.66468   0.18424   0.49241   0.33907   0.22891   0.15862   1.13310   0.08083   0.07238   0.19989   0.14965   0.04736   0.03309   1.64826   0.02272   0.00073   0.00010  
 14 19.7710   7587.068685  x:  0.27662   0.77975   0.95011   0.42421   0.54702   0.18388   0.63991   0.12765   0.48525   0.34546   0.22431   0.16435   1.16418   0.08655   0.06702   0.18746   0.16079   0.03739   0.04187   1.51224   0.02328   0.00071   0.00010  
 15 20.4971   7584.677472  x:  0.28708   0.77625   0.95238   0.45276   0.58950   0.18105   0.66502   0.18566   0.45225   0.28680   0.23039   0.16621   1.18579   0.05183   0.09738   0.19299   0.16199   0.03162   0.04953   1.45600   0.02317   0.00069   0.00010  
 16 17.9435   7578.932728  x:  0.33471   0.84531   1.00352   0.45416   0.55479   0.18887   0.72972   0.17859   0.51374   0.28445   0.19143   0.21147   1.23137   0.00000   0.14529   0.18922   0.15865   0.02082   0.06457   1.56525   0.02403   0.00063   0.00010  
 17 13.9494   7575.881299  x:  0.37857   0.89707   1.03815   0.45329   0.53297   0.19769   0.76220   0.16031   0.51129   0.26715   0.25277   0.16263   1.26200   0.03388   0.12006   0.18348   0.15321   0.01435   0.07360   1.65196   0.02484   0.00060   0.00010  
 18 37.3873   7573.710561  x:  0.41244   0.93914   1.05696   0.46021   0.55710   0.20859   0.75435   0.19043   0.46573   0.28164   0.22170   0.19790   1.27542   0.10200   0.06514   0.17613   0.14536   0.01820   0.07659   1.68718   0.02465   0.00055   0.00010  
 19 15.8165   7569.683985  x:  0.44631   0.98933   1.04610   0.50528   0.61723   0.21049   0.67188   0.19674   0.44757   0.35624   0.25518   0.16946   1.26700   0.04818   0.12353   0.15271   0.11706   0.03340   0.07642   1.69229   0.02443   0.00045   0.00010  
 20 10.4246   7568.795645  x:  0.45749   0.95903   1.02592   0.52680   0.59456   0.20984   0.69861   0.20339   0.52474   0.30457   0.25564   0.16996   1.25993   0.06307   0.11309   0.14654   0.11069   0.03811   0.07575   1.66584   0.02429   0.00042   0.00010  
 21  9.7760   7568.470661  x:  0.46452   0.92990   1.01772   0.53448   0.56811   0.20815   0.76315   0.19568   0.51065   0.31844   0.25501   0.17030   1.25768   0.06107   0.11558   0.14498   0.10894   0.03954   0.07557   1.65078   0.02421   0.00042   0.00010  
 22  5.6870   7565.091829  x:  0.54933   0.77621   1.22676   0.47841   0.68072   0.21696   0.80255   0.19270   0.54203   0.32828   0.25985   0.16781   1.32252   0.04188   0.13301   0.15245   0.12180   0.04032   0.07922   1.67893   0.02147   0.00041   0.00010  
 23  1.0282   7560.269658  x:  0.52960   0.74786   1.33593   0.78147   0.57994   0.21638   0.72363   0.23574   0.53913   0.37244   0.24939   0.16475   1.45717   0.03997   0.12910   0.15750   0.13610   0.03111   0.08672   1.72076   0.01951   0.00041   0.00010  
 24 10.6890   7558.384501  x:  0.57286   0.92948   1.22782   0.77932   0.58833   0.22821   0.75838   0.23436   0.56125   0.37702   0.25051   0.16407   1.49479   0.03699   0.13060   0.16412   0.14553   0.03110   0.08917   1.67379   0.01752   0.00041   0.00010  
 25  9.8760   7557.712703  x:  0.57576   0.90232   1.11426   0.76744   0.62697   0.22814   0.75759   0.23802   0.56258   0.38058   0.24609   0.16572   1.63581   0.03365   0.13312   0.16224   0.14507   0.02954   0.08898   1.72096   0.01771   0.00043   0.00010  
 26  3.0633   7548.445907  x:  0.61025   1.12656   1.25339   0.88003   0.73974   0.27612   0.83004   0.26572   0.60080   0.42207   0.22064   0.14211   1.69471   0.03060   0.13711   0.14001   0.13006   0.01290   0.08367   1.62563   0.01871   0.00072   0.00010  
 27  0.5122   7536.237022  x:  0.72208   1.32501   1.37413   1.08806   0.82023   0.32437   0.98479   0.28621   0.69214   0.39250   0.26815   0.12147   1.87139   0.00000   0.14931   0.16249   0.12294   0.05136   0.04632   1.62337   0.01745   0.00111   0.00010  
 28  0.2235   7536.237022  x:  0.72208   1.32501   1.37413   1.08806   0.82023   0.32437   0.98479   0.28621   0.69214   0.39250   0.26815   0.12147   1.87139   0.00000   0.14931   0.16249   0.12294   0.05136   0.04632   1.62337   0.01745   0.00111   0.00010  
 29  0.5599   7535.497485  x:  0.72211   1.32501   1.37414   1.08807   0.82022   0.32438   0.98478   0.28620   0.69213   0.39248   0.26817   0.12153   1.87140   0.00002   0.14936   0.16248   0.12294   0.05110   0.04590   1.62337   0.01604   0.00143   0.00010  
 30 943.0575   7528.008608  x:  0.72450   1.32505   1.37455   1.08868   0.81941   0.32501   0.98410   0.28583   0.69119   0.39152   0.27015   0.12600   1.87211   0.00293   0.15306   0.16152   0.12296   0.03107   0.01365   1.62327   0.01648   0.00345   0.00010  
 31 348.6253   7527.428913  x:  0.72478   1.32505   1.37460   1.08875   0.81932   0.32509   0.98402   0.28579   0.69108   0.39140   0.27037   0.12650   1.87219   0.00322   0.15343   0.16141   0.12296   0.02969   0.01082   1.62326   0.01609   0.00157   0.00010  
 32 809.2761   7527.013373  x:  0.72732   1.32509   1.37503   1.08940   0.81846   0.32576   0.98330   0.28540   0.69008   0.39037   0.27199   0.13053   1.87294   0.00491   0.15600   0.16048   0.12299   0.03570   0.00554   1.62320   0.01610   0.00174   0.00010  
 33 84.0897   7526.279036  x:  0.74290   1.32535   1.37772   1.09336   0.81317   0.32988   0.97889   0.28308   0.68396   0.38407   0.28040   0.15288   1.87757   0.01221   0.16903   0.15547   0.12417   0.03473   0.00817   1.62288   0.01594   0.00160   0.00010  
 34 63.5387   7525.468512  x:  0.76691   1.32576   1.38190   1.09949   0.80493   0.33620   0.97216   0.27976   0.67449   0.37447   0.28105   0.16895   1.88477   0.00000   0.16652   0.15178   0.12179   0.03457   0.00808   1.62249   0.01605   0.00157   0.00010  
 35 55.2645   7523.544455  x:  0.89635   1.32793   1.40474   1.13267   0.76004   0.36995   0.93626   0.26334   0.62468   0.32563   0.25563   0.20788   1.92434   0.00000   0.19388   0.15738   0.12833   0.03470   0.00754   1.62027   0.01643   0.00120   0.00010  
 36 140.2104   7521.483290  x:  1.01420   1.32977   1.42664   1.16343   0.71708   0.39958   0.90569   0.25624   0.59212   0.30559   0.22270   0.18393   1.96283   0.00000   0.18781   0.14742   0.10995   0.03461   0.00829   1.61777   0.01585   0.00148   0.00010  
 37 60.0866   7520.301096  x:  1.09368   1.33086   1.44198   1.18449   0.68712   0.41914   0.88636   0.25563   0.57911   0.30762   0.22406   0.16671   1.99013   0.00000   0.16741   0.16277   0.13166   0.03511   0.00791   1.61579   0.01534   0.00160   0.00010  
 38 95.8235   7518.323485  x:  1.28085   1.33296   1.48042   1.23544   0.61442   0.46476   0.84511   0.26686   0.57966   0.36112   0.28543   0.12593   2.05966   0.00000   0.17368   0.17516   0.11411   0.03498   0.00826   1.61076   0.01475   0.00157   0.00010  
 39 60.5107   7517.753257  x:  1.33675   1.33374   1.49322   1.25159   0.59406   0.47984   0.83432   0.27258   0.58838   0.38589   0.29015   0.11884   2.08298   0.00000   0.17659   0.15320   0.12630   0.03514   0.00796   1.60907   0.01459   0.00157   0.00010  
 40 66.1711   7517.288525  x:  1.38376   1.33516   1.50842   1.26826   0.58264   0.49771   0.83064   0.28405   0.61702   0.42696   0.26761   0.13534   2.11104   0.00000   0.17643   0.15944   0.12356   0.03516   0.00804   1.60767   0.01427   0.00157   0.00010  
 41 26.7034   7516.941735  x:  1.41010   1.34584   1.55518   1.30380   0.63595   0.55101   0.87277   0.31528   0.64888   0.40810   0.27191   0.13250   2.19780   0.00000   0.17646   0.15870   0.12377   0.03534   0.00806   1.61520   0.01362   0.00158   0.00010  
 42  5.7851   7516.443611  x:  1.39535   1.38935   1.68090   1.38255   0.66220   0.49011   0.90387   0.27464   0.65763   0.40997   0.27396   0.13370   2.43358   0.00000   0.17608   0.15812   0.12393   0.03591   0.00814   1.63206   0.01298   0.00158   0.00010  
 43  5.1928   7516.339606  x:  1.38629   1.39772   1.70415   1.39382   0.65402   0.47332   0.89926   0.31188   0.64528   0.40830   0.27221   0.13690   2.48799   0.00000   0.17611   0.15802   0.12400   0.03609   0.00817   1.62912   0.01286   0.00157   0.00010  
 44  5.0495   7516.135355  x:  1.35178   1.39938   1.70529   1.37939   0.62180   0.54133   0.83231   0.31137   0.64367   0.40679   0.27411   0.13831   2.58990   0.00000   0.17591   0.15806   0.12410   0.03686   0.00830   1.61296   0.01292   0.00152   0.00010  
 45  1.4970   7515.972299  x:  1.36883   1.39871   1.68875   1.37039   0.61110   0.57228   0.85655   0.30665   0.60042   0.43267   0.27182   0.14325   2.63672   0.00000   0.17609   0.15784   0.12443   0.03760   0.00838   1.63385   0.01302   0.00149   0.00010  
 46  1.5801   7515.408860  x:  1.52820   1.41508   1.63843   1.36740   0.59845   0.52982   0.90179   0.31061   0.65657   0.38274   0.27557   0.15023   2.71409   0.00000   0.17556   0.15771   0.12531   0.04037   0.00873   1.65761   0.01331   0.00138   0.00010  
 47  2.0041   7515.197796  x:  1.59130   1.44101   1.66864   1.39236   0.64515   0.52113   0.89442   0.30663   0.64012   0.39333   0.27624   0.15330   2.70718   0.00000   0.17534   0.15749   0.12537   0.04133   0.00889   1.58890   0.01310   0.00132   0.00010  
 48  2.9016   7515.040920  x:  1.62571   1.47656   1.75480   1.44160   0.67258   0.53360   0.85060   0.31457   0.62977   0.40247   0.27663   0.15541   2.66248   0.00000   0.17499   0.15730   0.12558   0.04172   0.00886   1.63070   0.01307   0.00134   0.00010  
 49  2.2266   7514.951900  x:  1.63073   1.49460   1.82088   1.49030   0.62163   0.56097   0.87797   0.31381   0.63596   0.39345   0.27652   0.15671   2.63455   0.00000   0.17435   0.15731   0.12542   0.04163   0.00879   1.61966   0.01294   0.00137   0.00010  
 50  1.5358   7514.756098  x:  1.71141   1.43643   1.81113   1.61291   0.62431   0.57617   0.86385   0.31820   0.62926   0.39523   0.27352   0.15815   2.72335   0.00000   0.17003   0.15694   0.12409   0.03928   0.00804   1.62170   0.01266   0.00154   0.00010  
 51  0.3641   7514.648489  x:  1.78966   1.51382   1.84181   1.54619   0.62386   0.58719   0.86868   0.31930   0.62996   0.39527   0.27137   0.15853   2.78997   0.00000   0.16715   0.15654   0.12318   0.03798   0.00762   1.62463   0.01236   0.00156   0.00010  
 52  0.8842   7514.632368  x:  1.80805   1.48138   1.87093   1.52827   0.62488   0.58543   0.87055   0.31869   0.63023   0.39464   0.27062   0.15818   2.79948   0.00000   0.16655   0.15643   0.12294   0.03827   0.00771   1.62476   0.01236   0.00143   0.00010  
 53  0.2184   7514.624189  x:  1.81800   1.49831   1.86264   1.54798   0.62404   0.58749   0.86960   0.31957   0.63016   0.39496   0.27023   0.15773   2.80584   0.00000   0.16637   0.15632   0.12280   0.03865   0.00787   1.62654   0.01229   0.00133   0.00010  
 54  0.1260   7514.617750  x:  1.84097   1.50412   1.87042   1.55251   0.62561   0.58599   0.87088   0.31992   0.63074   0.39433   0.27008   0.15758   2.82141   0.00000   0.16688   0.15624   0.12280   0.03889   0.00821   1.62757   0.01226   0.00141   0.00010  
 55  0.0390   7514.616793  x:  1.84942   1.50603   1.87488   1.55684   0.62605   0.58570   0.87156   0.32021   0.63111   0.39431   0.27033   0.15734   2.82900   0.00000   0.16738   0.15635   0.12294   0.03873   0.00817   1.62791   0.01225   0.00139   0.00010  
 56  0.0126   7514.616739  x:  1.85033   1.50626   1.87613   1.55782   0.62617   0.58608   0.87164   0.32036   0.63127   0.39457   0.27047   0.15723   2.83055   0.00000   0.16738   0.15638   0.12299   0.03875   0.00815   1.62783   0.01223   0.00139   0.00010  
 57  0.0025   7514.616735  x:  1.85002   1.50646   1.87631   1.55789   0.62619   0.58614   0.87162   0.32040   0.63130   0.39465   0.27049   0.15717   2.83093   0.00000   0.16737   0.15639   0.12299   0.03876   0.00815   1.62783   0.01223   0.00139   0.00010  
 58  0.0005   7514.616734  x:  1.84993   1.50649   1.87642   1.55792   0.62621   0.58616   0.87161   0.32042   0.63131   0.39465   0.27051   0.15718   2.83115   0.00000   0.16737   0.15638   0.12299   0.03876   0.00815   1.62784   0.01223   0.00139   0.00010  
 59  0.0002   7514.616734  x:  1.84995   1.50649   1.87641   1.55792   0.62621   0.58616   0.87161   0.32042   0.63131   0.39465   0.27051   0.15718   2.83113   0.00000   0.16737   0.15638   0.12299   0.03876   0.00815   1.62784   0.01223   0.00139   0.00010  
 60  0.0001   7514.616734  x:  1.84995   1.50649   1.87641   1.55792   0.62621   0.58616   0.87161   0.32042   0.63131   0.39465   0.27051   0.15718   2.83113   0.00000   0.16737   0.15638   0.12299   0.03876   0.00815   1.62784   0.01223   0.00139   0.00010  
 61  0.0000   7514.616734  x:  1.84995   1.50649   1.87641   1.55792   0.62621   0.58616   0.87161   0.32042   0.63131   0.39465   0.27051   0.15718   2.83113   0.00000   0.16737   0.15638   0.12299   0.03876   0.00815   1.62784   0.01223   0.00139   0.00010  
check convergence!
