

TREE # 1

  0  0.0000   3458.812099  x:  0.29102   0.66769   0.67002   0.07132   0.65510   0.20409   0.48321   0.11581   0.28850   0.46876   0.42539   0.13901   0.00000   0.12772   0.04415   0.01455   0.01614   2.00000   0.20000   0.20000   0.20000  
  1 99.0000   3387.090432  x:  0.32205   0.68466   0.68711   0.15812   0.66795   0.22592   0.49165   0.13622   0.30438   0.47683   0.45922   0.14691   0.05533   0.13388   0.09699   0.00000   0.00038   1.98887   0.30123   0.19730   0.18958  
  2 794.9009   3386.190371  x:  0.32250   0.68490   0.68736   0.15938   0.66814   0.22623   0.49177   0.13652   0.30461   0.47695   0.45971   0.14702   0.05613   0.13397   0.09776   0.00003   0.00016   1.98871   0.30270   0.19726   0.18943  
  3 82378.7947   3341.058931  x:  0.39628   0.72528   0.72804   0.36485   0.69867   0.27806   0.51183   0.18501   0.34237   0.49614   0.54013   0.16539   0.18605   0.14846   0.22233   0.00121   0.02594   1.96229   0.54096   0.19081   0.16456  
  4 33467.9797   3265.923881  x:  0.55271   0.83506   0.83806   0.58302   0.75488   0.36222   0.54440   0.27118   0.43052   0.53342   0.70850   0.08298   0.13381   0.11334   0.22109   0.00112   0.02386   1.91994   0.38405   0.15680   0.01537  
  5 243.7786   3224.319495  x:  0.71129   0.95019   0.95358   0.80148   0.81246   0.44548   0.57580   0.35471   0.51744   0.57132   0.88010   0.02052   0.08568   0.09356   0.23124   0.00100   0.02131   1.87009   0.20434   0.13231   0.09780  
  6 788.8526   3213.769062  x:  0.78944   1.03722   1.05002   0.79608   0.84769   0.47317   0.58673   0.37433   0.55297   0.59690   0.96449   0.12349   0.09348   0.15427   0.11214   0.00097   0.02039   1.80383   0.19294   0.13261   0.10828  
  7 112.6376   3209.805842  x:  0.82530   1.08670   1.10510   0.76145   0.86596   0.48175   0.58979   0.37565   0.56492   0.60963   1.00321   0.13216   0.03930   0.16295   0.09223   0.00094   0.01972   1.75901   0.22624   0.12903   0.11695  
  8 121.3718   3203.268239  x:  0.87573   1.16963   1.19835   0.68041   0.89391   0.48653   0.58831   0.36272   0.57029   0.62658   1.05859   0.18674   0.00000   0.17781   0.15746   0.00090   0.01917   1.67342   0.22484   0.12807   0.11252  
  9 134.7449   3200.931353  x:  0.89532   1.21730   1.24899   0.64414   0.91061   0.47921   0.57948   0.33587   0.54625   0.62656   1.08693   0.18275   0.03191   0.10852   0.15628   0.00091   0.01933   1.59991   0.22458   0.14310   0.11544  
 10 47.3847   3198.436756  x:  0.89985   1.27771   1.31379   0.62213   0.93652   0.45449   0.55943   0.27374   0.47347   0.61164   1.11673   0.09212   0.09418   0.14779   0.14827   0.00092   0.01957   1.45429   0.21277   0.14723   0.11460  
 11 36.2685   3197.480332  x:  0.83856   1.27683   1.33759   0.62616   0.96856   0.43682   0.60017   0.32354   0.50843   0.61979   1.09908   0.06993   0.10548   0.15358   0.14772   0.00092   0.01944   1.32947   0.20291   0.17821   0.11241  
 12 10.2043   3196.676092  x:  0.78361   1.27260   1.38222   0.68738   1.00657   0.42674   0.59096   0.28256   0.51671   0.60612   1.10333   0.09526   0.06467   0.15434   0.14832   0.00090   0.01909   1.28235   0.19595   0.24932   0.10540  
 13  6.3720   3192.631524  x:  0.71211   1.31951   1.61476   0.69446   1.12780   0.41444   0.59263   0.29765   0.59577   0.60765   1.18157   0.01191   0.10250   0.18774   0.15786   0.00088   0.01856   1.40240   0.18147   0.46747   0.09768  
 14  6.6409   3189.209360  x:  0.76787   1.35325   1.72972   0.73706   1.15739   0.41973   0.66764   0.42891   0.43221   0.60902   1.29031   0.02261   0.07411   0.18869   0.16566   0.00081   0.01732   1.45601   0.16630   0.55354   0.09102  
 15  9.7120   3179.227937  x:  1.13043   1.42729   1.72084   0.83251   1.03693   0.45145   0.63918   0.40271   0.54171   0.85330   1.59652   0.04279   0.06527   0.15147   0.17643   0.00066   0.01411   1.40129   0.12438   0.42083   0.08849  
 16 10.5938   3175.734089  x:  1.22916   1.49424   1.65210   0.82746   1.09502   0.59225   0.64047   0.40046   0.64664   0.58537   1.72109   0.05691   0.07464   0.13114   0.18146   0.00060   0.01295   1.37795   0.11815   0.30259   0.09274  
 17 13.7528   3170.661050  x:  1.11725   1.92820   1.39755   0.95487   1.22272   0.40601   0.55702   0.48530   0.67588   0.61496   2.03156   0.08416   0.07300   0.11363   0.19797   0.00051   0.01109   1.49023   0.13242   0.20780   0.09411  
 18  3.0377   3166.860752  x:  1.14801   2.11433   1.38287   1.04810   1.28058   0.73284   0.73772   0.37403   0.63864   0.80171   1.99394   0.06295   0.09765   0.10898   0.20936   0.00041   0.00917   1.55011   0.13135   0.21110   0.09502  
 19  7.0601   3161.414221  x:  1.55596   2.13088   1.73329   1.25831   0.93274   0.81491   0.69037   0.45092   0.71851   0.72253   1.68956   0.02631   0.10904   0.12427   0.22465   0.00029   0.00672   1.52846   0.13774   0.37447   0.08704  
 20  8.2692   3160.286369  x:  1.64659   1.97020   1.86959   1.30075   1.13432   0.79680   0.56981   0.50638   0.69520   0.76828   1.66252   0.03076   0.12005   0.11050   0.22552   0.00025   0.00603   1.52733   0.13549   0.29459   0.08904  
 21  3.8350   3158.941358  x:  1.75414   1.78895   2.02519   1.36530   1.29270   0.61798   0.75382   0.43504   0.71522   0.76317   1.78872   0.02429   0.14143   0.10468   0.23185   0.00021   0.00517   1.55418   0.13238   0.26043   0.08726  
 22  4.4268   3157.159120  x:  1.75479   1.80559   2.07678   1.42481   1.30685   0.64982   0.73875   0.47474   0.71410   0.78989   1.93632   0.00000   0.15741   0.12437   0.24189   0.00015   0.00411   1.54548   0.12470   0.39715   0.07636  
 23  2.1739   3155.040082  x:  1.55133   2.03594   2.37514   1.61767   1.22739   0.68199   0.73829   0.53011   0.71139   0.81841   2.02118   0.00766   0.18015   0.10746   0.24201   0.00010   0.00297   1.60589   0.10928   0.29654   0.06841  
 24  6.1740   3152.887838  x:  1.78975   2.28604   2.27987   1.76977   1.42148   0.65196   0.74378   0.55779   0.76756   0.78804   2.03453   0.03249   0.14222   0.14611   0.24564   0.00012   0.00346   1.55054   0.09632   0.46336   0.04086  
 25  0.4442   3151.571402  x:  1.73435   2.15206   2.34544   1.81029   1.29714   0.76931   0.67845   0.59419   0.79396   0.76645   2.41115   0.04770   0.13192   0.15463   0.24594   0.00014   0.00400   1.46639   0.09654   0.46568   0.03145  
 26  2.3763   3148.697805  x:  1.93624   2.40869   2.42220   2.09271   1.34248   0.82786   0.72877   0.56872   0.81805   0.74677   2.41009   0.04077   0.12527   0.11241   0.21080   0.00030   0.00740   1.36382   0.09258   0.29305   0.05405  
 27  0.2654   3145.998434  x:  2.15036   2.76622   2.88937   2.59326   1.52812   0.91605   0.85631   0.61761   0.88929   0.86032   2.63348   0.04844   0.12297   0.13311   0.20206   0.00041   0.00993   1.53322   0.07464   0.43297   0.05103  
 28  0.5309   3145.089070  x:  2.31085   2.85663   3.09390   2.84196   1.59686   0.95096   0.90915   0.64525   0.92443   0.90809   2.74786   0.04614   0.12354   0.14354   0.20418   0.00047   0.01124   1.61511   0.07717   0.52324   0.04935  
 29  0.4160   3144.104961  x:  2.57191   3.01940   3.46937   3.30818   1.69611   1.03310   0.97997   0.70273   0.97273   0.98487   3.06049   0.02376   0.14238   0.12703   0.20395   0.00056   0.01330   1.59592   0.06542   0.55532   0.04721  
 30  0.7751   3143.701412  x:  2.81402   3.13515   3.63154   3.61750   1.79436   1.10200   1.00914   0.76319   1.03088   1.02260   3.33066   0.03215   0.13306   0.13592   0.20926   0.00062   0.01465   1.56768   0.05950   0.60800   0.05243  
 31  0.3921   3143.544755  x:  2.88675   3.17173   3.67625   3.71363   1.82301   1.11406   1.02041   0.78286   1.04761   1.03017   3.38572   0.02955   0.13465   0.13414   0.21428   0.00063   0.01509   1.55815   0.06027   0.63019   0.05331  
 32  0.1899   3143.434216  x:  3.06320   3.34912   3.87624   4.00692   1.92351   1.15543   1.07838   0.82409   1.09517   1.06717   3.52564   0.02357   0.14012   0.12940   0.21947   0.00069   0.01627   1.57120   0.05595   0.68655   0.05206  
 33  0.3585   3143.382222  x:  3.15687   3.50576   3.97428   4.17359   2.00534   1.17825   1.12015   0.85032   1.13493   1.08450   3.58529   0.02972   0.13744   0.13038   0.22176   0.00071   0.01684   1.58996   0.05433   0.72777   0.05103  
 34  0.1510   3143.352656  x:  3.18607   3.60398   4.03860   4.25770   2.06125   1.19954   1.15102   0.86430   1.16020   1.10104   3.62335   0.02496   0.14437   0.12824   0.21966   0.00071   0.01690   1.57832   0.05332   0.75846   0.05168  
 35  0.0528   3143.333140  x:  3.21770   3.68849   4.09895   4.32630   2.11387   1.22332   1.17675   0.87798   1.18656   1.11897   3.68401   0.02499   0.14440   0.12946   0.21749   0.00071   0.01681   1.57589   0.05163   0.79808   0.05212  
 36  0.0935   3143.313472  x:  3.16353   3.68897   4.08067   4.25085   2.12169   1.22735   1.17781   0.87380   1.19328   1.12278   3.69127   0.02672   0.14115   0.13187   0.21426   0.00067   0.01594   1.57834   0.05217   0.82893   0.05243  
 37  0.0630   3143.296707  x:  3.16686   3.70537   4.14848   4.25367   2.14380   1.23954   1.19071   0.88504   1.21045   1.13780   3.76992   0.02440   0.14171   0.12981   0.21596   0.00064   0.01516   1.58868   0.05152   0.88017   0.05209  
 38  0.0462   3143.287876  x:  3.21041   3.71541   4.20008   4.28324   2.15270   1.23956   1.19505   0.89787   1.21959   1.14005   3.82674   0.02640   0.14077   0.12901   0.21932   0.00063   0.01488   1.58859   0.05109   0.90619   0.05162  
 39  0.0379   3143.279415  x:  3.28257   3.78262   4.28048   4.34457   2.18780   1.24604   1.21459   0.91248   1.23416   1.14930   3.87738   0.02439   0.14384   0.13065   0.21756   0.00062   0.01464   1.58193   0.05009   0.96227   0.05188  
 40  0.0444   3143.273010  x:  3.32645   3.80604   4.30592   4.34417   2.19106   1.24189   1.21673   0.91137   1.22938   1.15008   3.87427   0.02550   0.14105   0.13047   0.21536   0.00062   0.01445   1.58972   0.05007   0.99418   0.05188  
 41  0.0238   3143.269467  x:  3.34857   3.80380   4.31180   4.33922   2.18618   1.24880   1.21444   0.90626   1.21904   1.15486   3.87057   0.02408   0.14263   0.12960   0.21584   0.00062   0.01449   1.58949   0.04994   1.00886   0.05237  
 42  0.0088   3143.264859  x:  3.33328   3.78398   4.27428   4.27881   2.17186   1.25803   1.20527   0.89223   1.20370   1.15610   3.84649   0.02475   0.14260   0.13022   0.21682   0.00062   0.01433   1.58550   0.05044   1.03114   0.05223  
 43  0.0298   3143.261211  x:  3.36412   3.84222   4.30983   4.31054   2.20195   1.27723   1.22139   0.89726   1.21815   1.16492   3.88473   0.02553   0.14202   0.13038   0.21761   0.00063   0.01431   1.58575   0.04968   1.09104   0.05132  
 44  0.0447   3143.252917  x:  3.40117   3.88496   4.33526   4.32618   2.21311   1.29539   1.23316   0.89623   1.22748   1.16313   3.91476   0.02409   0.14292   0.12919   0.21807   0.00067   0.01470   1.58809   0.04951   1.19837   0.05081  
 45  0.0282   3143.236435  x:  3.42041   3.89459   4.35502   4.31114   2.21168   1.31667   1.23892   0.89853   1.24591   1.15617   3.99465   0.02429   0.14171   0.13005   0.21645   0.00073   0.01532   1.59132   0.04910   1.39332   0.05241  
 46  0.0523   3143.215295  x:  3.33854   3.79214   4.29227   4.14697   2.16442   1.28804   1.21323   0.88810   1.22860   1.14782   3.97016   0.02228   0.14516   0.13172   0.21546   0.00078   0.01515   1.59005   0.05033   1.63316   0.05119  
 47  0.0618   3143.189808  x:  3.29468   3.72051   4.19865   4.05714   2.12753   1.22111   1.18285   0.88699   1.20313   1.13310   3.85723   0.02500   0.14376   0.13014   0.21403   0.00086   0.01557   1.58179   0.05137   1.83258   0.04987  
 48  0.1121   3143.159220  x:  3.40049   3.87058   4.27271   4.14015   2.20942   1.21903   1.21613   0.91873   1.23350   1.15301   3.89093   0.02151   0.14594   0.12760   0.21482   0.00097   0.01588   1.57873   0.04991   2.34934   0.05165  
 49  0.1736   3143.124623  x:  3.33455   3.82139   4.20293   4.01104   2.20015   1.19792   1.19618   0.92346   1.22131   1.16332   3.85289   0.02282   0.14263   0.13070   0.22076   0.00105   0.01495   1.59002   0.05096   2.95249   0.05223  
 50  0.2136   3142.952428  x:  3.43829   3.90328   4.36097   4.17532   2.21484   1.21827   1.21528   0.96564   1.22840   1.17930   3.91039   0.01951   0.14485   0.13304   0.22096   0.00136   0.01309   1.59889   0.04959   4.84841   0.05154  
 51  0.2395   3142.641790  x:  3.45259   3.96844   4.52716   4.48396   2.15780   1.31036   1.22577   1.01896   1.21591   1.18495   3.92263   0.01883   0.14351   0.13489   0.21428   0.00239   0.00750   1.59461   0.04825  10.82711   0.05060  
 52  4.1721   3142.451935  x:  3.25870   3.82179   4.24284   4.42950   2.03678   1.35133   1.19198   0.96356   1.19411   1.11996   3.77317   0.01957   0.14679   0.12956   0.20771   0.00333   0.01036   1.57717   0.05046  14.38680   0.05255  
 53  1.8746   3142.306096  x:  3.15433   3.71931   4.10623   4.15509   2.02333   1.35218   1.18012   0.93712   1.18318   1.12659   3.75466   0.01863   0.14687   0.12844   0.20904   0.00464   0.00737   1.58098   0.05174  21.03197   0.05342  
 54  3.1349   3142.211688  x:  3.38537   3.76657   4.15385   4.20131   2.11345   1.27694   1.21368   0.92761   1.20848   1.11961   3.79218   0.02266   0.14477   0.13004   0.21140   0.00574   0.00815   1.58806   0.05092  25.99103   0.05162  
 55  2.1815   3142.181239  x:  3.37438   3.71722   4.14886   4.22872   2.12171   1.25922   1.21533   0.91059   1.20923   1.12094   3.78296   0.01837   0.14993   0.12985   0.20824   0.00651   0.00793   1.58300   0.05093  29.56002   0.05290  
 56  2.1737   3142.164062  x:  3.34268   3.71700   4.17673   4.31709   2.14795   1.26506   1.21770   0.89681   1.21671   1.13604   3.79624   0.02008   0.14690   0.12980   0.20981   0.00701   0.00753   1.58584   0.05076  31.94217   0.05250  
 57  1.1042   3142.154425  x:  3.31524   3.72234   4.20294   4.30298   2.16192   1.24667   1.20612   0.88677   1.21478   1.14910   3.80507   0.01976   0.14647   0.12998   0.20991   0.00703   0.00828   1.58519   0.05081  31.89989   0.05238  
 58  0.0327   3142.151253  x:  3.30861   3.74233   4.24179   4.30175   2.16196   1.24320   1.20117   0.89331   1.21344   1.15247   3.82171   0.01974   0.14658   0.13032   0.20914   0.00701   0.00795   1.58331   0.05066  31.89062   0.05249  
 59  0.0332   3142.149849  x:  3.27893   3.74521   4.23079   4.28774   2.15057   1.24846   1.19567   0.89157   1.21021   1.14441   3.81885   0.01987   0.14680   0.13008   0.21012   0.00710   0.00798   1.58322   0.05077  32.30760   0.05254  
 60  0.1552   3142.149507  x:  3.27485   3.74358   4.22062   4.27806   2.14915   1.24159   1.19424   0.88983   1.20789   1.13954   3.80789   0.01980   0.14659   0.13023   0.20996   0.00719   0.00799   1.58300   0.05092  32.70938   0.05249  
 61  0.2603   3142.149458  x:  3.27205   3.73851   4.21837   4.27543   2.14931   1.23971   1.19398   0.88953   1.20588   1.13900   3.80787   0.01983   0.14647   0.13027   0.21014   0.00719   0.00799   1.58234   0.05096  32.69887   0.05247  
 62  0.0040   3142.149434  x:  3.27172   3.74110   4.22090   4.27752   2.15162   1.24028   1.19541   0.89001   1.20578   1.13925   3.81049   0.01982   0.14648   0.13025   0.21001   0.00718   0.00800   1.58265   0.05092  32.64395   0.05248  
 63  0.0294   3142.149433  x:  3.27207   3.74118   4.22132   4.27770   2.15192   1.24006   1.19544   0.89006   1.20578   1.13938   3.81088   0.01982   0.14652   0.13024   0.21001   0.00718   0.00800   1.58274   0.05092  32.66264   0.05248  
 64  0.0124   3142.149433  x:  3.27228   3.74158   4.22121   4.27799   2.15207   1.24025   1.19546   0.89021   1.20582   1.13946   3.81133   0.01982   0.14652   0.13024   0.21000   0.00719   0.00800   1.58275   0.05092  32.67535   0.05248  
 65  0.0041   3142.149433  x:  3.27220   3.74150   4.22105   4.27785   2.15197   1.24020   1.19538   0.89022   1.20576   1.13945   3.81125   0.01982   0.14651   0.13024   0.21000   0.00719   0.00800   1.58275   0.05092  32.67421   0.05248  
 66  0.0010   3142.149433  x:  3.27221   3.74156   4.22102   4.27786   2.15195   1.24019   1.19537   0.89024   1.20576   1.13947   3.81129   0.01982   0.14651   0.13024   0.21000   0.00718   0.00800   1.58275   0.05092  32.67259   0.05248  
 67  0.0006   3142.149433  x:  3.27219   3.74158   4.22100   4.27788   2.15195   1.24018   1.19540   0.89021   1.20576   1.13946   3.81131   0.01982   0.14651   0.13024   0.21000   0.00718   0.00800   1.58275   0.05092  32.67280   0.05248  
 68  0.0001   3142.149433  x:  3.27218   3.74159   4.22097   4.27786   2.15195   1.24017   1.19539   0.89021   1.20576   1.13947   3.81132   0.01982   0.14651   0.13024   0.21000   0.00718   0.00800   1.58275   0.05092  32.67200   0.05248  
 69  0.0005   3142.149433  x:  3.27218   3.74157   4.22097   4.27786   2.15195   1.24017   1.19538   0.89021   1.20576   1.13946   3.81131   0.01982   0.14651   0.13024   0.21000   0.00718   0.00800   1.58275   0.05092  32.67191   0.05248  
 70  0.0000   3142.149433  x:  3.27218   3.74158   4.22095   4.27786   2.15197   1.24016   1.19537   0.89021   1.20576   1.13946   3.81131   0.01982   0.14651   0.13024   0.21000   0.00718   0.00800   1.58275   0.05092  32.67089   0.05248  
 71  0.0003   3142.149433  x:  3.27218   3.74158   4.22096   4.27787   2.15196   1.24017   1.19538   0.89021   1.20576   1.13946   3.81132   0.01982   0.14651   0.13024   0.21000   0.00718   0.00800   1.58275   0.05092  32.67138   0.05248  
 72  0.0004   3142.149433  x:  3.27219   3.74159   4.22098   4.27787   2.15195   1.24018   1.19540   0.89021   1.20576   1.13947   3.81132   0.01982   0.14651   0.13024   0.21000   0.00718   0.00800   1.58275   0.05092  32.67270   0.05248  
 73  0.0002   3142.149433  x:  3.27220   3.74160   4.22100   4.27788   2.15194   1.24018   1.19541   0.89021   1.20576   1.13947   3.81133   0.01982   0.14651   0.13024   0.21000   0.00718   0.00800   1.58275   0.05092  32.67441   0.05248  
 74  0.0002   3142.149431  x:  3.27256   3.74204   4.22173   4.27823   2.15167   1.24046   1.19591   0.89030   1.20586   1.13973   3.81173   0.01982   0.14649   0.13025   0.21001   0.00719   0.00800   1.58271   0.05091  32.78471   0.05248  
 75  0.0525   3142.149411  x:  3.27258   3.74205   4.22173   4.27825   2.15172   1.24044   1.19590   0.89029   1.20587   1.13972   3.81176   0.01982   0.14649   0.13025   0.21001   0.00719   0.00800   1.58271   0.05091  33.08966   0.05248  
 76  0.0381   3142.148196  x:  3.27222   3.74103   4.21906   4.27770   2.15410   1.23922   1.19361   0.88987   1.20583   1.13853   3.81153   0.01947   0.14680   0.13027   0.21000   0.00708   0.00800   1.58281   0.05093  111.15579   0.05242  
 77 16.2803   3142.147956  x:  3.27323   3.74290   4.22206   4.27931   2.15243   1.24047   1.19583   0.89044   1.20606   1.13978   3.81262   0.01974   0.14656   0.13026   0.21001   0.00717   0.00800   1.58279   0.05090  117.91033   0.05246  
 78  5.5676   3142.147785  x:  3.27198   3.74069   4.22253   4.27697   2.15200   1.24079   1.19573   0.89026   1.20584   1.13960   3.81015   0.01961   0.14670   0.13020   0.20999   0.00716   0.00800   1.58263   0.05092  174.87726   0.05250  
 79  7.1209   3142.147617  x:  3.27282   3.74361   4.21900   4.28036   2.15210   1.23946   1.19497   0.89049   1.20572   1.13940   3.81349   0.01981   0.14650   0.13034   0.21002   0.00716   0.00799   1.58307   0.05091  341.28634   0.05240  
 80 41.6971   3142.147555  x:  3.27363   3.74281   4.22342   4.27895   2.15295   1.24085   1.19610   0.89036   1.20629   1.13992   3.81259   0.01964   0.14663   0.13024   0.21003   0.00717   0.00800   1.58269   0.05089  412.83473   0.05247  
 81 36.4782   3142.147491  x:  3.26993   3.73937   4.21710   4.27681   2.15061   1.23925   1.19408   0.89028   1.20493   1.13857   3.80897   0.01973   0.14661   0.13027   0.20992   0.00714   0.00800   1.58288   0.05096  812.55054   0.05244  
 82 49.9645   3142.147461  x:  3.27305   3.74265   4.22225   4.27878   2.15247   1.24054   1.19582   0.89037   1.20605   1.13981   3.81230   0.01967   0.14663   0.13025   0.21002   0.00717   0.00800   1.58279   0.05090  935.00864   0.05246  
 83 77.0714   3142.147456  x:  3.27312   3.74269   4.22230   4.27887   2.15253   1.24055   1.19582   0.89037   1.20607   1.13980   3.81238   0.01967   0.14662   0.13025   0.21002   0.00717   0.00800   1.58278   0.05090  999.00000   0.05246  
 84 118.5429   3142.147455  x:  3.27283   3.74231   4.22168   4.27874   2.15239   1.24037   1.19559   0.89036   1.20596   1.13962   3.81205   0.01968   0.14661   0.13026   0.21001   0.00717   0.00800   1.58278   0.05091  999.00000   0.05246  
 85  0.0007   3142.147455  x:  3.27245   3.74190   4.22117   4.27832   2.15215   1.24023   1.19543   0.89029   1.20584   1.13950   3.81165   0.01968   0.14661   0.13026   0.21001   0.00717   0.00800   1.58277   0.05091  999.00000   0.05246  
 86  0.0024   3142.147455  x:  3.27220   3.74164   4.22093   4.27793   2.15197   1.24017   1.19538   0.89022   1.20577   1.13946   3.81139   0.01968   0.14661   0.13026   0.21001   0.00717   0.00800   1.58277   0.05092  999.00000   0.05246  
 87  0.0006   3142.147455  x:  3.27218   3.74162   4.22092   4.27789   2.15196   1.24017   1.19538   0.89021   1.20576   1.13946   3.81137   0.01968   0.14661   0.13026   0.21001   0.00717   0.00800   1.58276   0.05092  999.00000   0.05246  