

TREE # 1

  0  0.0000   6356.087219  x:  0.00000   0.28172   0.24358   0.23546   0.19101   0.02291   0.18051   0.09204   0.15525   0.08986   0.21615   0.12286   0.08061   0.09968   0.10309   0.06594   0.03497   2.00000   0.20000   0.20000   0.20000  
  1 99.0000   5756.429143  x:  1.82997   0.52265   0.47503   0.41629   0.33681   0.27432   0.37432   0.27100   0.30596   0.25081   0.42041   0.13805   0.10193   0.10986   0.09091   0.03814   0.04071   1.98150   0.45472   0.18181   0.13006  
  2 5021.0507   5621.125123  x:  1.83915   0.63222   0.54845   0.46754   0.36580   0.27867   0.44177   0.28758   0.33969   0.27470   0.46250   0.14296   0.10340   0.10889   0.09124   0.04700   0.05500   1.98720   0.23332   0.15303   0.00591  
  3 514.5520   5604.893397  x:  1.83965   0.66713   0.57149   0.48492   0.37560   0.28013   0.46301   0.29333   0.35021   0.28191   0.47664   0.14670   0.10603   0.10761   0.09370   0.04765   0.05612   1.98771   0.17146   0.14327   0.02391  
  4 1163.7145   5540.086481  x:  1.72877   0.94696   0.74902   0.64399   0.46568   0.28906   0.62886   0.34814   0.43099   0.33077   0.60314   0.18971   0.13924   0.09111   0.13170   0.01687   0.01116   1.96531   0.19231   0.05232   0.03389  
  5 381.5948   5522.326799  x:  1.68257   1.06244   0.82145   0.71103   0.50274   0.29198   0.69582   0.37038   0.46261   0.34888   0.65621   0.20646   0.15182   0.08606   0.14574   0.04380   0.04472   1.95462   0.20863   0.01319   0.04099  
  6 2152.3945   5518.905508  x:  1.67173   1.10969   0.83981   0.75330   0.51256   0.28043   0.70193   0.37078   0.45013   0.32708   0.68629   0.19490   0.13654   0.12073   0.12072   0.04996   0.04748   1.93638   0.21290   0.07084   0.04443  
  7 112.2677   5514.240344  x:  1.67111   1.15672   0.84147   0.81423   0.51519   0.25179   0.68064   0.36119   0.41093   0.27485   0.72593   0.16393   0.10015   0.12065   0.07158   0.03958   0.05338   1.89989   0.21386   0.05328   0.04757  
  8 95.3104   5511.769953  x:  1.67523   1.18647   0.82986   0.86425   0.51326   0.22361   0.65183   0.35168   0.38219   0.23937   0.75562   0.15299   0.08664   0.15349   0.09379   0.04481   0.04717   1.86332   0.21041   0.03025   0.04691  
  9 100.2200   5509.862676  x:  1.67728   1.20819   0.79527   0.92033   0.50945   0.19093   0.61124   0.34645   0.38240   0.24668   0.78272   0.17706   0.11245   0.17050   0.08514   0.02861   0.05878   1.80896   0.20419   0.02194   0.04437  
 10 52.6830   5508.557453  x:  1.67740   1.22287   0.75964   0.96455   0.51032   0.17113   0.58366   0.34829   0.39341   0.26611   0.80046   0.18224   0.11771   0.16637   0.07603   0.04984   0.04254   1.76032   0.19897   0.01974   0.04280  
 11 81.9509   5506.953999  x:  1.67425   1.24027   0.70167   1.02065   0.52225   0.16335   0.56525   0.36161   0.41109   0.29047   0.81574   0.16567   0.09965   0.14068   0.09914   0.04186   0.05004   1.68962   0.19112   0.03434   0.04083  
 12 62.1007   5505.116969  x:  1.66750   1.25587   0.61484   1.06940   0.55893   0.20755   0.60326   0.39476   0.40600   0.27098   0.80190   0.17368   0.10745   0.14778   0.09375   0.04352   0.04834   1.60298   0.17901   0.02861   0.03741  
 13 28.1215   5501.173125  x:  1.67204   1.36522   0.57038   1.09170   0.50780   0.18247   0.66771   0.37301   0.43964   0.28185   0.67864   0.14765   0.09453   0.18559   0.07909   0.03473   0.05365   1.54296   0.17630   0.00987   0.03764  
 14 11.1356   5497.106118  x:  1.68306   1.50892   0.53754   1.12623   0.44803   0.15458   0.72753   0.33320   0.44103   0.25004   0.53721   0.15665   0.12105   0.14622   0.09391   0.04366   0.04946   1.49240   0.16923   0.02777   0.03288  
 15 102.6238   5486.685951  x:  1.65587   1.73941   0.56785   1.24978   0.49114   0.31096   0.61927   0.28432   0.40619   0.30739   0.39740   0.15962   0.11983   0.14478   0.09689   0.04381   0.05079   1.60252   0.14395   0.02440   0.02423  
 16 24.1545   5479.019525  x:  1.63555   1.74332   0.60302   1.30445   0.44744   0.26104   0.66818   0.41939   0.42609   0.29386   0.51659   0.15988   0.12379   0.14090   0.09949   0.04489   0.05132   1.73093   0.12097   0.02386   0.01679  
 17 22.4571   5477.019022  x:  1.63407   1.71588   0.61655   1.27087   0.50257   0.23647   0.72515   0.31405   0.44736   0.29569   0.61210   0.15023   0.13092   0.13882   0.10109   0.04527   0.05133   1.72943   0.11617   0.02388   0.01514  
 18 17.6844   5475.818467  x:  1.63294   1.75541   0.65352   1.14718   0.57282   0.18993   0.71631   0.33834   0.39820   0.32657   0.65777   0.16723   0.11659   0.13760   0.10134   0.04519   0.05165   1.67723   0.11397   0.02388   0.01442  
 19  7.4756   5474.541278  x:  1.62808   1.82086   0.66255   1.03680   0.60442   0.18982   0.67396   0.35835   0.46629   0.27489   0.71193   0.18039   0.10577   0.13781   0.09997   0.04545   0.05173   1.66459   0.11354   0.02377   0.01430  
 20 10.3936   5469.185089  x:  1.60029   2.05407   0.57101   0.85910   0.50009   0.25766   0.71568   0.35157   0.42805   0.31925   0.93999   0.14306   0.13709   0.13436   0.10012   0.04642   0.05264   1.81588   0.12406   0.02575   0.01695  
 21  8.4688   5455.269930  x:  1.53925   2.01877   0.94627   1.05881   0.70906   0.09134   0.85216   0.40339   0.49641   0.30973   0.88779   0.05328   0.21117   0.13264   0.09532   0.04683   0.05590   2.09192   0.13581   0.02524   0.02070  
 22  7.8878   5451.130291  x:  1.51087   1.95487   1.14846   1.13610   0.63324   0.13865   0.90994   0.38131   0.51087   0.32073   0.90017   0.21062   0.06303   0.12892   0.09708   0.04606   0.05750   2.07585   0.13548   0.02535   0.02053  
 23 25.1640   5449.821736  x:  1.49161   1.91599   1.28646   1.14558   0.54639   0.21827   0.90746   0.38562   0.51168   0.32392   0.92293   0.15910   0.11053   0.12699   0.09830   0.04655   0.05724   1.98572   0.13114   0.02482   0.01970  
 24 13.3118   5436.905296  x:  1.33929   2.70284   1.40819   1.44729   0.65880   0.21093   1.02574   0.46124   0.53390   0.32395   1.11256   0.14254   0.15279   0.11136   0.09320   0.04797   0.05922   2.10100   0.09896   0.00895   0.01027  
 25  0.4807   5433.801626  x:  1.27155   2.98917   1.49997   1.55652   0.70865   0.20217   1.09097   0.48361   0.56175   0.35482   1.19026   0.13360   0.13678   0.14436   0.07829   0.04202   0.06448   2.09530   0.09137   0.02881   0.01601  
 26  0.4655   5431.459334  x:  1.21893   3.22086   1.60847   1.66143   0.75109   0.17338   1.14807   0.48333   0.56349   0.34327   1.24726   0.14591   0.12804   0.12841   0.09550   0.04400   0.05938   2.06371   0.09598   0.02639   0.01932  
 27  0.2907   5430.148162  x:  1.14705   3.52075   1.79380   1.80973   0.77086   0.16202   1.21444   0.49949   0.57367   0.33523   1.32324   0.14804   0.12724   0.12557   0.10201   0.04479   0.05349   1.99343   0.08431   0.02047   0.01826  
 28  0.3230   5429.837680  x:  1.12348   3.63314   1.86041   1.86427   0.77004   0.16085   1.23123   0.50748   0.57816   0.33544   1.33839   0.14896   0.13097   0.13731   0.09328   0.04321   0.05042   2.00149   0.08451   0.01812   0.01591  
 29  0.1141   5429.760671  x:  1.11528   3.68724   1.89336   1.89218   0.76530   0.16664   1.22905   0.51517   0.57747   0.33453   1.34658   0.14401   0.13021   0.12903   0.09318   0.04184   0.04879   2.01962   0.08378   0.01880   0.01569  
 30  0.0497   5429.706515  x:  1.12147   3.70422   1.91475   1.89274   0.76122   0.17264   1.21238   0.52005   0.57642   0.33792   1.34154   0.14274   0.13373   0.13243   0.09534   0.04091   0.04694   2.04083   0.08358   0.01891   0.01663  
 31  0.0141   5429.648778  x:  1.14913   3.68043   1.91742   1.85831   0.76080   0.17129   1.18959   0.51225   0.57542   0.34088   1.32106   0.14661   0.13305   0.13003   0.09457   0.04161   0.04554   2.02971   0.08464   0.02125   0.01608  
 32  0.0146   5429.533889  x:  1.18687   3.74177   1.94463   1.85275   0.77446   0.16163   1.18657   0.50218   0.57911   0.33816   1.31136   0.14995   0.12736   0.13053   0.09407   0.04074   0.04638   2.00297   0.08237   0.01910   0.01593  
 33  0.0201   5429.262555  x:  1.29121   3.87868   1.92393   1.87445   0.78948   0.16283   1.19578   0.50071   0.58282   0.33254   1.28799   0.14314   0.12604   0.13264   0.09435   0.04040   0.05057   2.04964   0.08299   0.01590   0.01710  
 34  0.0394   5428.949753  x:  1.39319   4.08324   1.94722   1.96289   0.78686   0.18771   1.24070   0.52847   0.58964   0.34249   1.29907   0.13456   0.14195   0.13250   0.09446   0.04404   0.05075   2.08653   0.07889   0.02148   0.01511  
 35  0.0929   5428.685411  x:  1.49714   4.19756   1.99578   2.05952   0.77483   0.20516   1.30521   0.55331   0.59208   0.34880   1.34623   0.13345   0.14452   0.12909   0.09457   0.04414   0.04986   2.04073   0.07528   0.01933   0.01745  
 36  0.0701   5428.547289  x:  1.57817   4.15127   1.98973   2.07985   0.77406   0.20488   1.32295   0.56309   0.60023   0.35464   1.36817   0.13753   0.13794   0.13371   0.09423   0.04022   0.04961   2.05462   0.07546   0.01950   0.01612  
 37  0.0400   5428.498076  x:  1.61951   4.13522   1.98420   2.09499   0.78657   0.20047   1.33191   0.56662   0.60506   0.35282   1.38522   0.13966   0.13705   0.13172   0.09446   0.04127   0.04780   2.06602   0.07413   0.01906   0.01604  
 38  0.0388   5428.489212  x:  1.62045   4.09340   1.96792   2.08331   0.79240   0.19716   1.32587   0.56227   0.60417   0.35064   1.38587   0.13982   0.13717   0.13052   0.09465   0.04191   0.04744   2.06488   0.07480   0.01920   0.01631  
 39  0.0424   5428.486624  x:  1.61694   4.08817   1.96764   2.08538   0.79740   0.19680   1.32238   0.55944   0.60318   0.34961   1.38894   0.13755   0.13859   0.13148   0.09458   0.04150   0.04773   2.06144   0.07474   0.01921   0.01630  
 40  0.0052   5428.486160  x:  1.61869   4.09621   1.97089   2.09145   0.79770   0.19773   1.32229   0.55983   0.60266   0.34978   1.39096   0.13692   0.13966   0.13119   0.09454   0.04165   0.04757   2.06266   0.07465   0.01930   0.01626  
 41  0.0063   5428.486032  x:  1.62071   4.09640   1.97157   2.09374   0.79741   0.19764   1.32214   0.55984   0.60277   0.35012   1.39221   0.13725   0.13919   0.13123   0.09464   0.04165   0.04771   2.06274   0.07462   0.01925   0.01627  
 42  0.0014   5428.486009  x:  1.61937   4.09536   1.97199   2.09342   0.79724   0.19746   1.32133   0.55974   0.60282   0.35010   1.39220   0.13745   0.13904   0.13124   0.09457   0.04167   0.04770   2.06260   0.07464   0.01926   0.01626  
 43  0.0012   5428.486008  x:  1.61924   4.09520   1.97199   2.09344   0.79722   0.19748   1.32125   0.55984   0.60288   0.35007   1.39225   0.13744   0.13905   0.13123   0.09458   0.04167   0.04770   2.06260   0.07464   0.01927   0.01627  
 44  0.0002   5428.486008  x:  1.61930   4.09531   1.97200   2.09349   0.79724   0.19748   1.32126   0.55988   0.60291   0.35005   1.39227   0.13743   0.13906   0.13124   0.09458   0.04167   0.04770   2.06258   0.07463   0.01927   0.01627  
 45  0.0001   5428.486008  x:  1.61931   4.09533   1.97200   2.09348   0.79725   0.19748   1.32125   0.55988   0.60291   0.35005   1.39226   0.13743   0.13905   0.13123   0.09458   0.04167   0.04770   2.06258   0.07463   0.01927   0.01627  
 46  0.0000   5428.486008  x:  1.61931   4.09533   1.97200   2.09347   0.79726   0.19748   1.32125   0.55988   0.60291   0.35006   1.39227   0.13743   0.13906   0.13123   0.09458   0.04167   0.04770   2.06258   0.07463   0.01927   0.01627  
 47  0.0000   5428.486008  x:  1.61931   4.09533   1.97200   2.09347   0.79726   0.19748   1.32125   0.55988   0.60291   0.35006   1.39227   0.13743   0.13906   0.13123   0.09458   0.04167   0.04770   2.06258   0.07463   0.01927   0.01627  
 48  0.0000   5428.486008  x:  1.61931   4.09533   1.97200   2.09347   0.79726   0.19748   1.32125   0.55988   0.60291   0.35006   1.39227   0.13743   0.13906   0.13123   0.09458   0.04167   0.04770   2.06258   0.07463   0.01927   0.01627  
 49  0.0000   5428.486008  x:  1.61931   4.09533   1.97200   2.09347   0.79726   0.19748   1.32125   0.55988   0.60291   0.35006   1.39227   0.13743   0.13906   0.13123   0.09458   0.04167   0.04770   2.06258   0.07463   0.01927   0.01627  
 50  0.0000   5428.486008  x:  1.61931   4.09533   1.97200   2.09347   0.79726   0.19748   1.32125   0.55988   0.60291   0.35006   1.39227   0.13743   0.13906   0.13123   0.09458   0.04167   0.04770   2.06258   0.07463   0.01927   0.01627  
 51  0.0000   5428.486008  x:  1.61931   4.09533   1.97200   2.09347   0.79726   0.19748   1.32125   0.55988   0.60291   0.35006   1.39227   0.13743   0.13906   0.13123   0.09458   0.04167   0.04770   2.06258   0.07463   0.01927   0.01627  