Supplemental results for CODEML (seqf: cds2.phylip  treef: tree.H1c.nwk)

Number of codon sites with 0,1,2,3 position differences
   2 vs.    1     71   112    64    20  -1.0000 (0.3228 -1.0000)
   3 vs.    1     76   106    65    20   0.1268 (0.3260 2.5703)
   3 vs.    2    213    55     0     0   0.0136 (0.0048 0.3575)
   4 vs.    1     53   107    73    36   0.1577 (0.4911 3.1135)
   4 vs.    2     62   111    66    27   0.1795 (0.4067 2.2660)
   4 vs.    3     60   113    66    27   0.1562 (0.4051 2.5942)
   5 vs.    1     40    93    64    45  -1.0000 (0.5745 -1.0000)
   5 vs.    2     54    81    74    30   0.2475 (0.5072 2.0495)
   5 vs.    3     51    87    72    29   0.2643 (0.5086 1.9245)
   5 vs.    4     60    90    62    34  -1.0000 (0.4344 -1.0000)
   6 vs.    1    114    95    55     7   0.1603 (0.2060 1.2855)
   6 vs.    2     67   114    62    25  -1.0000 (0.3357 -1.0000)
   6 vs.    3     72   109    65    22  -1.0000 (0.3326 -1.0000)
   6 vs.    4     66   100    73    35   0.2066 (0.4596 2.2247)
   6 vs.    5     47    88    76    33   0.1750 (0.5350 3.0571)
   7 vs.    1    113   112    38     9   0.0944 (0.1611 1.7062)
   7 vs.    2     72   110    63    22   0.0577 (0.3332 5.7748)
   7 vs.    3     76   106    62    23   0.1148 (0.3322 2.8939)
   7 vs.    4     55   111    68    37   0.1832 (0.4828 2.6352)
   7 vs.    5     42    87    81    33   0.1856 (0.5739 3.0921)
   7 vs.    6    104   112    49     8   0.0916 (0.1893 2.0667)
   8 vs.    1    150    98    22     1   0.0765 (0.0744 0.9725)
   8 vs.    2     75   112    61    19   0.1248 (0.3158 2.5306)
   8 vs.    3     77   107    65    18   0.1328 (0.3177 2.3915)
   8 vs.    4     60   107    64    41   0.2508 (0.4946 1.9720)
   8 vs.    5     48    91    64    40  -1.0000 (0.5273 -1.0000)
   8 vs.    6    119   101    44    10   0.1593 (0.1929 1.2103)
   8 vs.    7    121   113    35     4   0.1139 (0.1437 1.2622)
   9 vs.    1     75   108    63    21   0.1154 (0.3265 2.8304)
   9 vs.    2    247    21     0     0   0.0135 (0.0016 0.1190)
   9 vs.    3    215    52     1     0   0.0189 (0.0065 0.3418)
   9 vs.    4     65   109    64    28   0.1923 (0.4037 2.0993)
   9 vs.    5     54    83    70    32   0.2506 (0.5085 2.0286)
   9 vs.    6     70   112    63    23  -1.0000 (0.3415 -1.0000)
   9 vs.    7     72   110    61    24  -1.0000 (0.3369 -1.0000)
   9 vs.    8     80   107    61    19   0.1684 (0.3195 1.8969)
  10 vs.    1     65   119    62    22  -1.0000 (0.3261 -1.0000)
  10 vs.    2    203    62     3     0   0.0213 (0.0097 0.4557)
  10 vs.    3    197    67     4     0   0.0201 (0.0105 0.5229)
  10 vs.    4     66   112    62    26   0.2408 (0.4024 1.6712)
  10 vs.    5     46    92    70    31   0.1694 (0.5091 3.0059)
  10 vs.    6     62   122    59    25  -1.0000 (0.3297 -1.0000)
  10 vs.    7     72   118    55    23   0.1369 (0.3325 2.4289)
  10 vs.    8     72   115    61    19   0.0781 (0.3144 4.0248)
  10 vs.    9    198    66     4     0   0.0240 (0.0121 0.5054)

