

TREE # 1

  0  0.0000   6609.820616  x:  0.08939   0.23659   0.16884   0.17132   0.10503   0.03501   0.07296   0.04663   0.11033   0.11227   0.11633   0.04689   0.01498   0.07869   0.08937   0.11119   0.00000   2.00000   0.20000   0.20000  
  1 99.0000   5997.159542  x:  0.30384   0.42723   0.37149   0.33113   0.30977   0.29111   0.47420   0.32675   0.27331   0.22168   0.34560   0.18518   0.24328   0.11490   0.10989   0.09343   0.93905   1.98820   0.32757   0.18588  
  2 4439.6940   5851.728926  x:  0.38405   0.56830   0.48232   0.41336   0.35320   0.29958   0.51643   0.34218   0.32181   0.25556   0.42523   0.15159   0.20154   0.11720   0.06993   0.02263   0.89276   1.98565   0.14251   0.16120  
  3 688.9163   5801.743013  x:  0.41925   0.63083   0.53024   0.45110   0.37186   0.30068   0.53218   0.34720   0.34200   0.26949   0.46028   0.13441   0.17848   0.12058   0.06247   0.00000   0.85136   1.98148   0.16118   0.14701  
  4 948.7503   5679.965239  x:  0.62711   0.99580   0.80740   0.67562   0.48470   0.31064   0.64061   0.38445   0.45709   0.34561   0.67023   0.04042   0.04887   0.16764   0.12234   0.19077   0.59626   1.95277   0.21510   0.04072  
  5 1964.7337   5658.069477  x:  0.65689   1.04811   0.84344   0.70944   0.50027   0.31012   0.66506   0.39196   0.46664   0.34773   0.70192   0.10134   0.09522   0.17876   0.12882   0.20818   0.52992   1.94655   0.21942   0.00305  
  6 496.1344   5652.440376  x:  0.68274   1.09036   0.87043   0.73879   0.51474   0.31193   0.69795   0.40406   0.47028   0.34331   0.73052   0.15420   0.13795   0.18796   0.13358   0.22455   0.46683   1.93974   0.22285   0.05797  
  7 516.9467   5633.395752  x:  0.71643   1.07735   0.81991   0.77228   0.55221   0.36353   0.96976   0.53208   0.39190   0.22517   0.78635   0.14194   0.16029   0.08897   0.09740   0.24047   0.31601   1.91096   0.21968   0.05953  
  8 104.7286   5621.377495  x:  0.73917   1.02321   0.72955   0.78337   0.56638   0.40879   1.27608   0.66742   0.37019   0.18680   0.82714   0.10036   0.17219   0.21945   0.14197   0.20428   0.15784   1.88287   0.20375   0.05026  
  9 164.2919   5615.185911  x:  0.74591   0.98324   0.67354   0.77393   0.54834   0.41499   1.44054   0.72686   0.43619   0.27275   0.83404   0.08759   0.18642   0.20069   0.17308   0.19159   0.07199   1.87002   0.19645   0.05032  
 10 116.1875   5611.696210  x:  0.77591   1.02249   0.69531   0.75403   0.42003   0.29824   1.59539   0.68725   0.43057   0.26203   0.80623   0.09478   0.17631   0.17865   0.25276   0.16751   0.07296   1.87130   0.19263   0.05057  
 11 23.4539   5609.223622  x:  0.78646   1.03357   0.70598   0.76199   0.37917   0.20750   1.70993   0.61738   0.44329   0.26958   0.77100   0.10663   0.16352   0.20507   0.16935   0.19313   0.07894   1.87239   0.19889   0.04979  
 12 24.1823   5603.753376  x:  0.76753   1.03529   0.73195   0.82559   0.54637   0.13039   1.89428   0.38364   0.44973   0.26770   0.66874   0.12856   0.13832   0.19617   0.20338   0.18053   0.07288   1.88923   0.19221   0.04964  
 13 17.2406   5588.482480  x:  0.76305   1.12356   0.84245   0.80397   0.50524   0.34973   1.99218   0.25601   0.42450   0.28611   0.63001   0.16869   0.09388   0.20429   0.17819   0.18348   0.00817   1.90263   0.17815   0.04866  
 14  9.4708   5574.020943  x:  0.76565   1.21009   0.71409   0.95527   0.48957   0.31138   1.94703   0.25945   0.42009   0.28562   0.76733   0.16784   0.09326   0.19657   0.18016   0.17664   0.00000   1.81068   0.15929   0.04764  
 15 26.3664   5568.810043  x:  0.73208   1.31531   0.59727   1.04679   0.47778   0.31897   1.92777   0.24866   0.38469   0.31482   0.84038   0.22948   0.02125   0.19348   0.18115   0.17105   0.00602   1.70690   0.14630   0.04730  
 16 122.5678   5557.509502  x:  0.65085   1.55086   0.59801   1.03339   0.58076   0.21210   1.81712   0.43988   0.40856   0.30547   0.70330   0.16224   0.09409   0.19720   0.15969   0.16883   0.00609   1.44268   0.12555   0.04430  
 17 21.9297   5535.506357  x:  0.85260   1.50114   0.70100   1.00331   0.71521   0.04640   1.55998   0.62455   0.49995   0.23555   0.85975   0.22316   0.02282   0.19015   0.13458   0.16372   0.00732   1.63009   0.09817   0.04289  
 18 14.7952   5528.773427  x:  0.85976   1.55077   0.69331   1.06745   0.67823   0.09545   1.49054   0.51654   0.41688   0.29461   0.97345   0.07020   0.19482   0.18674   0.11278   0.16836   0.01096   1.72856   0.09340   0.04083  
 19 28.1646   5527.512585  x:  0.80184   1.59094   0.67583   1.10023   0.65366   0.12437   1.48089   0.49986   0.49606   0.23569   0.98003   0.05674   0.21027   0.18554   0.11031   0.16952   0.01165   1.78092   0.09452   0.04062  
 20 10.8636   5523.206620  x:  0.61835   1.64133   0.77167   1.22699   0.64534   0.08466   1.42440   0.61858   0.44443   0.28489   0.96891   0.06815   0.20073   0.18324   0.09903   0.17675   0.01155   1.99674   0.10151   0.04028  
 21  6.1555   5501.013462  x:  0.94241   1.51786   1.13040   1.46961   0.55269   0.23188   1.00592   0.56877   0.49981   0.24846   0.95730   0.10197   0.17817   0.14581   0.05279   0.20182   0.01556   1.82971   0.10959   0.03647  
 22  6.7132   5496.826402  x:  0.99272   1.72195   1.06035   1.13455   0.68064   0.18103   0.95302   0.52123   0.49465   0.25553   1.12595   0.08577   0.19906   0.14171   0.04618   0.20801   0.01566   1.92681   0.11803   0.03540  
 23  7.0699   5489.656766  x:  0.89013   1.76959   1.27698   1.05736   0.68555   0.19482   0.85169   0.45211   0.51215   0.25048   1.29773   0.09609   0.18486   0.11539   0.12658   0.18264   0.01656   1.86869   0.11686   0.03214  
 24  3.3205   5487.367887  x:  1.08715   1.89222   1.16653   1.16015   0.66640   0.24870   0.79825   0.48563   0.48476   0.27301   1.07853   0.09889   0.18178   0.11063   0.14067   0.17793   0.01573   2.00329   0.11791   0.03113  
 25  6.7596   5472.598587  x:  0.96579   2.24511   1.41135   1.26012   0.59955   0.28931   0.90009   0.29718   0.47518   0.33601   0.90192   0.15267   0.06816   0.14661   0.12407   0.12528   0.01519   1.93989   0.10136   0.00977  
 26  0.6477   5465.802722  x:  0.97304   2.39243   1.43052   1.34913   0.56963   0.09400   0.88210   0.37850   0.51179   0.31783   0.93192   0.11868   0.09099   0.15571   0.11721   0.08891   0.01774   1.90801   0.10266   0.00570  
 27  0.4013   5460.907976  x:  0.95675   2.55996   1.43954   1.38186   0.60124   0.07921   0.83034   0.41157   0.52979   0.32271   0.95452   0.16117   0.06103   0.14606   0.09921   0.04603   0.01962   1.90868   0.10365   0.02667  
 28  0.2127   5458.119312  x:  0.98414   2.60624   1.40044   1.38217   0.63761   0.18203   0.83618   0.35711   0.51896   0.32447   0.96688   0.14682   0.07957   0.14272   0.07429   0.04924   0.02173   1.92219   0.10823   0.02706  
 29  0.1283   5453.790335  x:  1.05455   2.84178   1.29700   1.51229   0.69667   0.14296   1.01905   0.41691   0.48789   0.32257   0.97993   0.09558   0.12674   0.13089   0.06971   0.02549   0.02957   1.98037   0.10275   0.01942  
 30  0.0877   5449.933119  x:  1.12215   3.01556   1.26779   1.65438   0.75670   0.10683   1.09720   0.51680   0.48480   0.30780   1.11215   0.08436   0.14956   0.12719   0.07068   0.05512   0.03745   1.99773   0.09323   0.01264  
 31  0.3039   5444.689756  x:  1.25260   3.37906   1.48823   1.84897   0.76880   0.16141   1.07455   0.53217   0.53790   0.30691   1.27993   0.12706   0.10438   0.15527   0.08568   0.03864   0.04894   1.96744   0.08135   0.00403  
 32  0.3120   5441.356669  x:  1.40268   3.69550   1.68414   2.01024   0.76078   0.19180   1.09159   0.49988   0.59941   0.31194   1.41464   0.16911   0.08142   0.16765   0.09333   0.02776   0.05956   1.94103   0.07689   0.02002  
 33  0.7135   5438.797221  x:  1.60754   4.13073   1.79401   2.16588   0.81503   0.18181   1.33078   0.52401   0.59929   0.36028   1.45302   0.15276   0.09244   0.13822   0.07740   0.03329   0.07266   2.05278   0.07289   0.01884  
 34  0.2539   5438.427580  x:  1.66029   4.25366   1.85949   2.22120   0.82515   0.19421   1.35938   0.55310   0.60666   0.36601   1.46877   0.15201   0.09018   0.14093   0.08014   0.03051   0.07614   2.06511   0.06816   0.01902  
 35  0.2157   5438.057451  x:  1.74666   4.37261   1.95059   2.25310   0.83132   0.21245   1.39098   0.58645   0.61469   0.36875   1.46920   0.13891   0.09547   0.15355   0.08942   0.02681   0.07950   2.08634   0.06774   0.01809  
 36  0.1688   5437.826624  x:  1.79641   4.48253   2.08253   2.29205   0.83860   0.22072   1.41252   0.61553   0.63275   0.36731   1.48531   0.11985   0.11061   0.14718   0.08221   0.02668   0.08216   2.06749   0.06537   0.01680  
 37  0.0786   5437.649838  x:  1.76577   4.40443   2.15702   2.25609   0.83028   0.21901   1.39063   0.61514   0.63458   0.35563   1.46773   0.11325   0.12438   0.14567   0.08687   0.03202   0.07752   2.04907   0.06650   0.01601  
 38  0.0363   5437.365235  x:  1.71342   4.37835   2.29945   2.23452   0.83736   0.21820   1.38701   0.61681   0.62907   0.35338   1.46602   0.12705   0.11899   0.14970   0.08405   0.03039   0.07021   2.06853   0.06498   0.01584  
 39  0.0438   5437.120894  x:  1.71388   4.41791   2.36422   2.24785   0.85240   0.21200   1.44253   0.61148   0.61738   0.36650   1.46808   0.13756   0.10819   0.14502   0.08021   0.03053   0.06380   2.11336   0.06601   0.01578  
 40  0.0365   5436.713251  x:  1.85703   4.67770   2.44451   2.42568   0.88115   0.21419   1.58067   0.63761   0.63076   0.38197   1.53201   0.13488   0.10709   0.14097   0.08853   0.03701   0.05891   2.13061   0.06100   0.01727  
 41  0.0999   5436.402351  x:  1.89327   4.73869   2.43092   2.51573   0.88737   0.21746   1.57823   0.65044   0.65161   0.37075   1.59616   0.13150   0.11275   0.14424   0.08503   0.03876   0.04904   2.08747   0.06058   0.01869  
 42  0.0632   5436.328958  x:  1.94455   4.82283   2.38549   2.56460   0.89088   0.22879   1.56304   0.66820   0.66344   0.36917   1.62921   0.12163   0.12234   0.14139   0.08523   0.03741   0.05083   2.08748   0.05928   0.01885  
 43  0.0861   5436.308086  x:  1.95190   4.83372   2.36125   2.55663   0.89101   0.23336   1.54740   0.67105   0.66006   0.37085   1.63218   0.11910   0.12676   0.14085   0.08598   0.03769   0.04937   2.10829   0.05980   0.01844  
 44  0.0224   5436.300688  x:  1.96012   4.85402   2.36356   2.54585   0.88967   0.23454   1.54649   0.66991   0.65789   0.37326   1.63210   0.11720   0.12902   0.14226   0.08502   0.03858   0.04908   2.11206   0.05961   0.01784  
 45  0.0115   5436.297300  x:  1.96308   4.85983   2.34928   2.53362   0.88535   0.23443   1.54254   0.66485   0.65762   0.37367   1.63017   0.11667   0.12895   0.14208   0.08514   0.03848   0.04932   2.10520   0.05980   0.01750  
 46  0.0116   5436.296595  x:  1.96420   4.86715   2.35065   2.53344   0.88508   0.23431   1.54443   0.66443   0.65800   0.37352   1.63091   0.11778   0.12787   0.14188   0.08537   0.03831   0.04894   2.10472   0.05972   0.01750  
 47  0.0063   5436.296200  x:  1.96322   4.87331   2.34794   2.53051   0.88481   0.23405   1.54466   0.66552   0.65843   0.37251   1.62988   0.11876   0.12686   0.14198   0.08534   0.03824   0.04914   2.10598   0.05974   0.01756  
 48  0.0028   5436.296079  x:  1.96224   4.87645   2.34956   2.53080   0.88481   0.23394   1.54479   0.66627   0.65862   0.37205   1.63022   0.11852   0.12726   0.14184   0.08529   0.03840   0.04900   2.10530   0.05973   0.01760  
 49  0.0019   5436.295993  x:  1.96057   4.87993   2.35064   2.53139   0.88488   0.23403   1.54495   0.66631   0.65809   0.37241   1.63028   0.11796   0.12780   0.14185   0.08541   0.03834   0.04907   2.10521   0.05971   0.01764  
 50  0.0012   5436.295977  x:  1.95946   4.88014   2.35030   2.53146   0.88497   0.23401   1.54471   0.66602   0.65799   0.37253   1.63026   0.11802   0.12770   0.14187   0.08532   0.03833   0.04905   2.10538   0.05973   0.01765  
 51  0.0007   5436.295971  x:  1.95882   4.88003   2.35034   2.53169   0.88501   0.23404   1.54447   0.66584   0.65814   0.37248   1.63008   0.11807   0.12763   0.14186   0.08536   0.03835   0.04905   2.10537   0.05973   0.01764  
 52  0.0003   5436.295970  x:  1.95883   4.88026   2.35060   2.53184   0.88505   0.23404   1.54450   0.66591   0.65819   0.37246   1.63002   0.11805   0.12764   0.14187   0.08535   0.03834   0.04905   2.10539   0.05973   0.01763  
 53  0.0002   5436.295970  x:  1.95884   4.88037   2.35054   2.53198   0.88508   0.23402   1.54459   0.66592   0.65818   0.37248   1.63003   0.11807   0.12763   0.14187   0.08535   0.03835   0.04905   2.10537   0.05972   0.01763  
 54  0.0001   5436.295970  x:  1.95882   4.88035   2.35054   2.53197   0.88507   0.23402   1.54456   0.66593   0.65818   0.37248   1.63003   0.11807   0.12763   0.14187   0.08535   0.03834   0.04905   2.10537   0.05972   0.01763  
 55  0.0000   5436.295970  x:  1.95882   4.88034   2.35054   2.53197   0.88507   0.23402   1.54456   0.66593   0.65818   0.37248   1.63003   0.11807   0.12763   0.14187   0.08535   0.03834   0.04905   2.10536   0.05972   0.01763  
 56  0.0000   5436.295970  x:  1.95882   4.88035   2.35055   2.53198   0.88507   0.23402   1.54456   0.66593   0.65818   0.37248   1.63004   0.11807   0.12763   0.14187   0.08535   0.03834   0.04905   2.10537   0.05972   0.01763  
 57  0.0000   5436.295970  x:  1.95882   4.88034   2.35055   2.53197   0.88507   0.23402   1.54456   0.66593   0.65818   0.37248   1.63004   0.11807   0.12763   0.14187   0.08535   0.03834   0.04905   2.10537   0.05972   0.01763  
 58  0.0000   5436.295970  x:  1.95882   4.88034   2.35055   2.53197   0.88507   0.23402   1.54456   0.66593   0.65818   0.37248   1.63004   0.11807   0.12763   0.14187   0.08535   0.03834   0.04905   2.10537   0.05972   0.01763  
 59  0.0000   5436.295970  x:  1.95882   4.88034   2.35055   2.53197   0.88507   0.23402   1.54456   0.66593   0.65818   0.37248   1.63004   0.11807   0.12763   0.14187   0.08535   0.03834   0.04905   2.10537   0.05972   0.01763  
 60  0.0000   5436.295970  x:  1.95882   4.88034   2.35055   2.53197   0.88507   0.23402   1.54456   0.66593   0.65818   0.37248   1.63004   0.11807   0.12763   0.14187   0.08535   0.03834   0.04905   2.10537   0.05972   0.01763  
 61  0.0000   5436.295970  x:  1.95882   4.88034   2.35055   2.53197   0.88507   0.23402   1.54456   0.66593   0.65818   0.37248   1.63004   0.11807   0.12763   0.14187   0.08535   0.03834   0.04905   2.10537   0.05972   0.01763  
 62  0.0000   5436.295970  x:  1.95882   4.88034   2.35055   2.53197   0.88507   0.23402   1.54456   0.66593   0.65818   0.37248   1.63004   0.11807   0.12763   0.14187   0.08535   0.03834   0.04905   2.10537   0.05972   0.01763  