

TREE # 1

  0  0.0000   2292.703863  x:  0.65594   0.82237   0.67004   0.24099   0.73084   0.23353   0.67720   0.29236   0.34210   0.20537   0.23463   0.24447   0.86045   0.18782   0.00000   0.17021   0.09549   0.00725   0.01956   2.00000   0.20000  
  1 99.0000   2287.838629  x:  0.65925   0.82549   0.67404   0.24586   0.73088   0.23482   0.67907   0.29386   0.34422   0.20734   0.23742   0.24575   0.86325   0.18941   0.00807   0.17034   0.10115   0.00000   0.01234   1.99850   0.21276  
  2 249.1126   2285.055020  x:  0.66423   0.83027   0.68014   0.25305   0.73047   0.23685   0.68179   0.29590   0.34728   0.21019   0.24141   0.24755   0.86736   0.18922   0.00515   0.17001   0.10702   0.00000   0.00000   1.99667   0.21311  
  3 218.7623   2274.228231  x:  0.74405   0.90767   0.77723   0.35555   0.72067   0.26112   0.72587   0.32207   0.38891   0.24502   0.28884   0.26675   0.93416   0.19997   0.06004   0.15554   0.11272   0.00000   0.00000   1.96711   0.15318  
  4 256.0817   2266.551295  x:  0.80717   0.97055   0.85476   0.42164   0.70909   0.27492   0.76262   0.33673   0.41444   0.26033   0.30852   0.27154   0.98693   0.19232   0.05514   0.13947   0.04193   0.00000   0.00000   1.94165   0.16018  
  5 212.0529   2258.570158  x:  0.93766   1.11317   1.01505   0.42238   0.64572   0.24384   0.85176   0.30524   0.39460   0.18061   0.19027   0.18699   1.09763   0.16266   0.05805   0.20078   0.04425   0.00000   0.00000   1.87631   0.15588  
  6 59.5475   2254.070253  x:  1.03157   1.22233   1.12234   0.28008   0.55817   0.18279   0.93372   0.24011   0.35937   0.12848   0.23402   0.23653   1.18738   0.17929   0.05433   0.15285   0.05730   0.00000   0.00000   1.81028   0.15558  
  7 40.4487   2252.247230  x:  1.07098   1.26236   1.15112   0.17577   0.51915   0.18738   0.97564   0.23397   0.37364   0.21015   0.23158   0.24176   1.24408   0.17112   0.05669   0.17074   0.05733   0.00000   0.00000   1.76905   0.15456  
  8 30.4835   2249.241749  x:  1.12445   1.25975   1.08393   0.11783   0.48559   0.31478   1.02908   0.29130   0.33616   0.21002   0.23521   0.20255   1.42154   0.18164   0.05824   0.11311   0.07178   0.00000   0.00000   1.67406   0.15511  
  9 11.4790   2245.679445  x:  1.19158   1.23812   0.97437   0.10229   0.43296   0.41806   1.07381   0.31036   0.31733   0.17277   0.28665   0.24486   1.65472   0.17272   0.06425   0.20541   0.06299   0.00000   0.00000   1.55810   0.15557  
 10 44.5762   2240.128303  x:  1.28785   1.19166   0.84086   0.17125   0.34976   0.40014   1.06961   0.21064   0.45161   0.18582   0.22746   0.30065   1.93505   0.16522   0.07032   0.16528   0.08147   0.00000   0.00000   1.45989   0.16287  
 11 29.2289   2232.647240  x:  1.40784   1.17625   0.91731   0.23117   0.38463   0.25669   0.97181   0.22384   0.46290   0.24102   0.37513   0.14301   2.09524   0.07477   0.09597   0.15373   0.10306   0.00000   0.00000   1.56939   0.17483  
 12 14.3344   2222.124264  x:  1.60852   1.20788   1.23004   0.29847   0.59086   0.12761   0.81455   0.41181   0.42039   0.32224   0.36203   0.19238   2.22446   0.27139   0.07978   0.18758   0.11738   0.00000   0.00000   1.87432   0.20051  
 13 35.9541   2216.688054  x:  1.66444   1.23710   1.40031   0.30983   0.71573   0.19893   0.84000   0.45702   0.42126   0.30937   0.31098   0.33122   2.17155   0.09025   0.12515   0.15195   0.14368   0.00000   0.00000   2.01031   0.20436  
 14 28.2175   2212.873618  x:  1.62390   1.28848   1.55565   0.35530   0.70171   0.40201   1.09402   0.33303   0.57190   0.25791   0.37655   0.26456   1.86461   0.13686   0.13348   0.17994   0.14443   0.00000   0.00000   2.02800   0.20806  
 15 13.2526   2210.323616  x:  1.55168   1.37282   1.62160   0.51039   0.44447   0.41809   1.21169   0.37083   0.43750   0.33964   0.36035   0.28651   1.57593   0.12056   0.14758   0.16840   0.15064   0.00000   0.00000   1.88466   0.21027  
 16 10.0672   2209.418148  x:  1.49664   1.50744   1.67677   0.49984   0.39307   0.44919   1.07714   0.42970   0.52130   0.29570   0.37319   0.28255   1.54467   0.10341   0.15515   0.16744   0.15347   0.00000   0.00000   1.76638   0.20599  
 17  3.1026   2207.753347  x:  1.42495   1.73785   1.74343   0.54604   0.46230   0.50886   0.98085   0.28825   0.45634   0.34825   0.38777   0.27647   1.66347   0.10567   0.15957   0.16000   0.15790   0.00000   0.00000   1.69434   0.19891  
 18  3.8933   2200.339827  x:  1.28159   2.54900   1.85111   0.68173   0.44526   0.30009   1.38026   0.42913   0.59479   0.35612   0.43559   0.28108   2.49817   0.04626   0.19171   0.12058   0.18742   0.00000   0.00000   2.01295   0.15961  
 19  6.5884   2192.671465  x:  2.54924   2.31544   2.16251   0.70532   0.42094   0.32127   1.40759   0.42197   0.66006   0.36589   0.48651   0.27926   2.81144   0.02282   0.21586   0.10364   0.20920   0.00000   0.00000   1.93770   0.11306  
 20  5.4125   2190.456366  x:  2.69422   2.08517   2.44971   0.74262   0.59761   0.21376   1.55727   0.47314   0.68253   0.37086   0.49490   0.26634   2.89797   0.08282   0.20024   0.11686   0.21405   0.00000   0.00000   1.67171   0.10429  
 21  1.0870   2188.854111  x:  2.83921   1.99977   2.66676   0.77229   0.37312   0.39055   1.49517   0.41450   0.68471   0.37471   0.50261   0.26178   2.98778   0.12808   0.19867   0.14170   0.21502   0.00000   0.00000   1.84705   0.11232  
 22  3.8207   2187.193967  x:  3.45962   2.52202   2.60657   0.87044   0.59753   0.42746   1.62451   0.45832   0.71094   0.38655   0.52551   0.25204   2.84048   0.12898   0.20437   0.15762   0.23245   0.00000   0.00000   1.93690   0.10940  
 23  0.9536   2184.840894  x:  3.65001   2.51317   3.49378   1.06807   0.60566   0.52193   1.85665   0.48445   0.76633   0.39552   0.54413   0.25752   3.20059   0.10322   0.22214   0.16667   0.26127   0.00000   0.00000   1.86225   0.08396  
 24  1.2230   2183.877306  x:  3.69616   2.38644   4.04298   1.18548   0.55989   0.55968   1.97395   0.52185   0.77180   0.40170   0.53426   0.27242   3.33804   0.07505   0.22657   0.15477   0.27663   0.00000   0.00000   1.80843   0.08694  
 25  0.7396   2182.564934  x:  4.28375   2.95664   4.72089   1.46901   0.46665   0.65514   2.22974   0.64315   0.82004   0.41406   0.53766   0.27536   3.62703   0.09006   0.21694   0.13725   0.30108   0.00000   0.00000   2.01853   0.07341  
 26  0.7302   2182.214653  x:  4.44622   3.13310   4.85971   1.54842   0.45245   0.64811   2.29859   0.69817   0.82263   0.41109   0.52770   0.27389   3.65648   0.10229   0.19424   0.13593   0.29480   0.00000   0.00000   2.05413   0.07634  
 27  0.1720   2181.690179  x:  4.82675   3.46691   5.41802   1.76442   0.50445   0.63486   2.54538   0.81483   0.85754   0.40711   0.52400   0.27182   3.85863   0.11245   0.15109   0.14702   0.28494   0.00000   0.00000   1.99794   0.06563  
 28  0.3835   2181.499349  x:  4.83583   3.50406   5.35448   1.76625   0.54299   0.60183   2.55245   0.81434   0.85538   0.40422   0.52575   0.26951   3.85201   0.13887   0.11846   0.15989   0.25837   0.00000   0.00000   1.97193   0.06749  
 29  0.0593   2181.380237  x:  4.83451   3.49786   5.34723   1.77240   0.55518   0.60827   2.55524   0.78004   0.86256   0.41319   0.54009   0.27384   3.90553   0.16197   0.10078   0.16041   0.23997   0.00000   0.00000   1.99102   0.06580  
 30  0.0369   2181.346559  x:  4.73262   3.38312   5.27651   1.73655   0.54077   0.62154   2.50431   0.73903   0.85957   0.41979   0.54618   0.27833   3.89255   0.15717   0.10841   0.15387   0.23844   0.00000   0.00000   2.00325   0.06766  
 31  0.1329   2181.332551  x:  4.76109   3.37769   5.38091   1.77199   0.53623   0.63336   2.52646   0.74315   0.86888   0.42452   0.54941   0.27992   3.92813   0.15005   0.10586   0.15337   0.23662   0.00000   0.00000   1.99887   0.06695  
 32  0.0594   2181.321799  x:  4.81026   3.38681   5.41795   1.80177   0.52403   0.65414   2.52511   0.74499   0.88266   0.43274   0.55615   0.27610   3.93473   0.14603   0.11117   0.15764   0.23779   0.00000   0.00000   2.01242   0.06646  
 33  0.0213   2181.315109  x:  4.83387   3.39865   5.39321   1.82215   0.52964   0.65144   2.52057   0.74805   0.89064   0.43949   0.55883   0.27331   3.92204   0.14901   0.10971   0.15775   0.23340   0.00000   0.00000   2.00517   0.06655  
 34  0.0159   2181.310489  x:  4.85345   3.41192   5.39897   1.84745   0.53200   0.64841   2.52780   0.75817   0.89692   0.44414   0.55720   0.27313   3.91869   0.14631   0.11370   0.15435   0.23550   0.00000   0.00000   1.99935   0.06601  
 35  0.0177   2181.305721  x:  4.83722   3.41924   5.39671   1.88059   0.53930   0.63917   2.54482   0.76423   0.90059   0.44514   0.55146   0.27851   3.93331   0.14757   0.11362   0.15587   0.23376   0.00000   0.00000   2.00887   0.06582  
 36  0.0080   2181.303943  x:  4.81420   3.40605   5.39056   1.89027   0.53694   0.64077   2.54546   0.76152   0.89835   0.44362   0.54993   0.27888   3.92933   0.14414   0.11623   0.15597   0.23532   0.00000   0.00000   2.00652   0.06609  
 37  0.0116   2181.300284  x:  4.79697   3.41554   5.35988   1.92262   0.53385   0.64841   2.54930   0.75224   0.89348   0.43958   0.55220   0.27529   3.91905   0.14540   0.11558   0.15602   0.23474   0.00000   0.00000   2.00107   0.06592  
 38  0.0110   2181.299462  x:  4.80336   3.42782   5.34149   1.92868   0.53266   0.64896   2.54400   0.75389   0.89270   0.43682   0.55248   0.27538   3.91256   0.14615   0.11466   0.15538   0.23479   0.00000   0.00000   2.00676   0.06610  
 39  0.0108   2181.298963  x:  4.80330   3.41995   5.33200   1.93001   0.53312   0.64901   2.53413   0.75481   0.89300   0.43490   0.55320   0.27672   3.90805   0.14503   0.11478   0.15556   0.23517   0.00000   0.00000   2.00541   0.06610  
 40  0.0057   2181.298836  x:  4.79792   3.41299   5.32308   1.92747   0.53325   0.64732   2.52848   0.75424   0.89180   0.43450   0.55295   0.27686   3.90351   0.14590   0.11436   0.15577   0.23504   0.00000   0.00000   2.00365   0.06622  
 41  0.0069   2181.298706  x:  4.79748   3.40712   5.33212   1.93091   0.53135   0.64729   2.52652   0.75472   0.89124   0.43523   0.55250   0.27663   3.90255   0.14634   0.11375   0.15562   0.23543   0.00000   0.00000   2.00421   0.06622  
 42  0.0032   2181.298665  x:  4.79467   3.40542   5.32912   1.93210   0.53309   0.64656   2.52542   0.75363   0.89129   0.43556   0.55252   0.27626   3.89821   0.14631   0.11363   0.15566   0.23543   0.00000   0.00000   2.00478   0.06625  
 43  0.0021   2181.298657  x:  4.79353   3.40577   5.32860   1.93044   0.53323   0.64600   2.52528   0.75356   0.89112   0.43537   0.55238   0.27625   3.89645   0.14631   0.11359   0.15565   0.23554   0.00000   0.00000   2.00468   0.06627  
 44  0.0013   2181.298649  x:  4.79180   3.40625   5.32760   1.93136   0.53272   0.64598   2.52515   0.75310   0.89147   0.43532   0.55246   0.27632   3.89423   0.14630   0.11360   0.15566   0.23548   0.00000   0.00000   2.00458   0.06628  
 45  0.0010   2181.298649  x:  4.79208   3.40649   5.32797   1.93162   0.53275   0.64600   2.52526   0.75318   0.89152   0.43533   0.55246   0.27632   3.89421   0.14630   0.11360   0.15567   0.23548   0.00000   0.00000   2.00457   0.06627  
 46  0.0003   2181.298649  x:  4.79202   3.40643   5.32833   1.93162   0.53281   0.64603   2.52521   0.75313   0.89150   0.43529   0.55248   0.27635   3.89414   0.14631   0.11361   0.15566   0.23548   0.00000   0.00000   2.00457   0.06627  
 47  0.0001   2181.298648  x:  4.79204   3.40652   5.32847   1.93170   0.53282   0.64598   2.52519   0.75316   0.89148   0.43529   0.55248   0.27634   3.89412   0.14629   0.11363   0.15567   0.23547   0.00000   0.00000   2.00459   0.06627  
 48  0.0000   2181.298648  x:  4.79195   3.40644   5.32836   1.93163   0.53281   0.64596   2.52513   0.75314   0.89146   0.43529   0.55248   0.27633   3.89409   0.14629   0.11363   0.15566   0.23547   0.00000   0.00000   2.00458   0.06628  
 49  0.0002   2181.298648  x:  4.79198   3.40639   5.32836   1.93162   0.53281   0.64595   2.52512   0.75313   0.89146   0.43528   0.55247   0.27633   3.89408   0.14628   0.11363   0.15566   0.23546   0.00000   0.00000   2.00458   0.06628  
 50  0.0000   2181.298648  x:  4.79200   3.40640   5.32837   1.93163   0.53281   0.64596   2.52513   0.75313   0.89146   0.43528   0.55247   0.27633   3.89409   0.14629   0.11363   0.15566   0.23546   0.00000   0.00000   2.00458   0.06628  
 51  0.0000   2181.298648  x:  4.79200   3.40639   5.32837   1.93162   0.53281   0.64596   2.52512   0.75313   0.89146   0.43528   0.55247   0.27633   3.89408   0.14629   0.11363   0.15566   0.23546   0.00000   0.00000   2.00458   0.06628  
 52  0.0000   2181.298648  x:  4.79201   3.40640   5.32837   1.93163   0.53281   0.64596   2.52513   0.75313   0.89146   0.43528   0.55247   0.27634   3.89408   0.14629   0.11363   0.15566   0.23547   0.00000   0.00000   2.00458   0.06628  
 53  0.0000   2181.298648  x:  4.79201   3.40640   5.32837   1.93163   0.53281   0.64596   2.52513   0.75313   0.89146   0.43528   0.55247   0.27634   3.89408   0.14629   0.11363   0.15566   0.23546   0.00000   0.00000   2.00458   0.06628  
 54  0.0000   2181.298648  x:  4.79201   3.40640   5.32837   1.93163   0.53281   0.64596   2.52513   0.75313   0.89146   0.43528   0.55247   0.27633   3.89408   0.14629   0.11363   0.15566   0.23546   0.00000   0.00000   2.00458   0.06628  