

TREE # 1

  0  0.0000   3429.781372  x:  0.51564   1.38542   1.25350   0.33105   1.13132   0.15094   1.02582   0.23610   0.62492   0.43249   0.08688   0.27208   0.92009   0.19086   0.00000   0.28139   0.00653   0.00205   0.03295   2.00000   0.20000   0.20000   0.20000  
  1 99.0000   3403.585297  x:  0.52253   1.38774   1.25650   0.34361   1.13264   0.15898   1.02466   0.23944   0.62523   0.43391   0.08993   0.27316   0.92676   0.19660   0.01067   0.27819   0.15606   0.04878   0.01753   1.99600   0.22277   0.19186   0.19565  
  2 1089.9318   3396.804920  x:  0.53108   1.39050   1.26017   0.35987   1.13406   0.16873   1.02269   0.24333   0.62539   0.43525   0.09374   0.27407   0.93543   0.19233   0.01106   0.26779   0.16345   0.02915   0.00153   1.99127   0.23286   0.17862   0.19297  
  3 215.4928   3389.398499  x:  0.54297   1.39433   1.26526   0.38242   1.13600   0.18218   1.01987   0.24867   0.62557   0.43706   0.09892   0.27527   0.94749   0.18639   0.01166   0.25332   0.17413   0.00274   0.00425   1.98472   0.24511   0.16007   0.18924  
  4 974.9174   3365.322536  x:  0.62145   1.41932   1.29869   0.52987   1.14771   0.26832   0.99920   0.28240   0.62551   0.44771   0.13050   0.28128   1.02753   0.14229   0.01134   0.15518   0.16838   0.02094   0.01065   1.94190   0.27746   0.03128   0.16633  
  5 380.0484   3354.350818  x:  0.67253   1.43524   1.32034   0.62066   1.15232   0.31669   0.98023   0.30000   0.62263   0.45145   0.14116   0.27895   1.08007   0.12416   0.01959   0.11118   0.18016   0.01372   0.00776   1.91347   0.20374   0.01283   0.15652  
  6 259.6172   3348.010047  x:  0.71735   1.44961   1.33970   0.70024   1.15705   0.35980   0.96477   0.31631   0.62110   0.45556   0.15146   0.27781   1.12605   0.10848   0.02550   0.07467   0.18486   0.01280   0.00710   1.88783   0.16679   0.03316   0.14813  
  7 991.0540   3339.641670  x:  0.81151   1.48408   1.38547   0.84201   1.16222   0.42385   0.92288   0.34213   0.61878   0.46055   0.13885   0.25796   1.22327   0.13665   0.09771   0.15786   0.17605   0.01445   0.00755   1.82222   0.13841   0.03635   0.15269  
  8 156.3683   3335.929764  x:  0.86639   1.51003   1.42128   0.87178   1.14665   0.39613   0.86245   0.32925   0.60939   0.44679   0.07569   0.21954   1.28350   0.08945   0.07396   0.18200   0.18039   0.01443   0.00755   1.76311   0.13836   0.03555   0.18388  
  9 52.5041   3328.833745  x:  1.00894   1.58555   1.52717   0.88311   1.08313   0.24841   0.65703   0.27491   0.58154   0.40106   0.12653   0.25139   1.44836   0.05181   0.06453   0.19383   0.18536   0.01434   0.00751   1.57245   0.13791   0.03391   0.33040  
 10 69.0915   3327.152025  x:  1.04453   1.60544   1.55621   0.87457   1.06755   0.21324   0.60136   0.27275   0.57833   0.39139   0.11131   0.24232   1.49293   0.08290   0.08214   0.16071   0.18370   0.01435   0.00753   1.51550   0.14115   0.03364   0.38083  
 11 91.6730   3323.735437  x:  1.09182   1.64322   1.61915   0.76382   1.07496   0.25279   0.53863   0.42435   0.63128   0.42652   0.10998   0.22944   1.58570   0.04093   0.12138   0.13766   0.18719   0.01396   0.00739   1.35865   0.13306   0.03173   0.57730  
 12 27.0665   3322.394295  x:  1.11024   1.65567   1.64446   0.73881   1.08754   0.31713   0.54404   0.43714   0.63035   0.41365   0.10828   0.23760   1.63550   0.06965   0.06581   0.14175   0.19094   0.01428   0.00751   1.33094   0.13028   0.02869   0.70063  
 13 21.0780   3319.124906  x:  1.14382   1.67679   1.69148   0.70993   1.11181   0.46244   0.59610   0.37485   0.59513   0.35626   0.09488   0.24284   1.75720   0.02981   0.10500   0.11947   0.19580   0.01478   0.00777   1.35686   0.13402   0.02799   1.04556  
 14 34.3455   3316.836464  x:  1.17905   1.69445   1.72087   0.76514   1.09721   0.47248   0.65633   0.35466   0.63514   0.45092   0.12733   0.17340   1.85175   0.02263   0.09650   0.10970   0.20110   0.01518   0.00796   1.45223   0.13588   0.02625   1.32301  
 15 24.9187   3315.268674  x:  1.20632   1.71022   1.73781   0.83477   1.08297   0.44500   0.69865   0.38636   0.67319   0.51040   0.07941   0.24740   1.91052   0.01777   0.09219   0.10477   0.20428   0.01533   0.00804   1.53986   0.13616   0.02525   1.49625  
 16 29.4038   3312.868863  x:  1.23886   1.75508   1.75585   0.94958   1.09563   0.36942   0.74257   0.55459   0.64185   0.40007   0.09721   0.23193   1.95420   0.02430   0.07983   0.11141   0.20580   0.01541   0.00815   1.67128   0.14268   0.02629   1.59608  
 17  9.6410   3304.533746  x:  1.22004   1.99467   1.83042   1.25430   1.38134   0.47258   0.60468   0.46890   0.81716   0.49840   0.11915   0.26752   1.83587   0.04465   0.09791   0.14479   0.19826   0.01419   0.00803   1.67050   0.15091   0.03557   1.42148  
 18  4.9532   3303.193787  x:  1.23310   2.03806   1.89678   1.30941   1.31639   0.45573   0.78445   0.44566   0.74417   0.54851   0.11823   0.27915   1.80998   0.04787   0.10525   0.14384   0.19699   0.01357   0.00788   1.53785   0.14639   0.03633   1.38434  
 19  7.8273   3301.531412  x:  1.30552   2.06233   2.18680   1.34295   0.98170   0.59697   0.78569   0.45642   0.82372   0.50538   0.13131   0.27848   1.76637   0.04708   0.11960   0.14588   0.19677   0.01200   0.00760   1.59149   0.14194   0.03863   1.38888  
 20  2.7496   3297.091854  x:  1.37961   1.94527   2.63496   1.64759   1.12671   0.67806   0.63737   0.57306   0.56639   0.59538   0.15888   0.27657   1.84401   0.03266   0.14142   0.14199   0.20479   0.00641   0.00663   1.60370   0.12423   0.04157   1.71072  
 21  2.5429   3294.610942  x:  1.44734   1.89766   2.77975   1.85174   1.26848   0.65345   0.69705   0.57788   0.72902   0.47170   0.18218   0.26216   1.95642   0.02433   0.15346   0.13195   0.21070   0.00307   0.00600   1.52252   0.10591   0.04177   1.90708  
 22 11.1477   3292.456814  x:  1.66757   1.91277   2.23526   1.94686   1.07285   0.76726   0.65258   0.61097   0.73723   0.45970   0.19644   0.25968   2.29202   0.02214   0.15698   0.13816   0.21269   0.00458   0.00680   1.45550   0.10596   0.04510   2.07610  
 23  3.0987   3291.747453  x:  1.84678   2.17937   2.21330   1.90804   1.14059   0.78555   0.71071   0.60906   0.73825   0.49195   0.19546   0.26772   2.40434   0.02842   0.15891   0.12961   0.21296   0.00540   0.00709   1.54242   0.09866   0.04552   2.12914  
 24  2.7092   3290.308947  x:  1.80252   2.52207   2.41723   2.27899   1.22460   0.82272   0.69666   0.64052   0.80808   0.45746   0.19182   0.24979   2.28101   0.01958   0.14577   0.12417   0.21924   0.01101   0.00914   1.49519   0.09278   0.04615   2.56767  
 25  1.3453   3288.650639  x:  1.91949   2.33089   2.84779   2.46121   1.38584   0.84568   0.79291   0.64045   0.89847   0.51286   0.17951   0.26053   2.70129   0.03235   0.13414   0.12427   0.22170   0.01342   0.01024   1.59301   0.09111   0.05009   2.82790  
 26  2.0734   3287.332753  x:  2.26895   2.78932   2.87013   2.85999   1.33581   1.01346   0.81907   0.70500   0.88388   0.61275   0.17347   0.26659   2.90678   0.03012   0.12377   0.13408   0.23123   0.00667   0.00870   1.60121   0.07970   0.05396   3.36364  
 27  0.7239   3287.035280  x:  2.57725   2.67978   3.09369   3.07284   1.43881   1.05587   0.87997   0.73546   0.93344   0.60862   0.17901   0.26611   2.92945   0.02163   0.14140   0.13022   0.23194   0.00755   0.00858   1.59323   0.07524   0.05537   3.67263  
 28  0.3656   3286.865981  x:  2.41329   2.81823   3.27194   3.24939   1.44108   1.09024   0.91235   0.76248   0.96650   0.61791   0.17872   0.27020   3.19228   0.02011   0.15081   0.12915   0.23156   0.00729   0.00814   1.60462   0.07256   0.05600   3.84250  
 29  0.5346   3286.831349  x:  2.46207   2.85383   3.28625   3.29523   1.45148   1.10000   0.92027   0.76811   0.97525   0.62359   0.17716   0.27070   3.18051   0.02118   0.14788   0.12753   0.23106   0.00693   0.00792   1.60629   0.07295   0.05508   3.90882  
 30  0.1446   3286.766541  x:  2.56585   2.92111   3.39738   3.43791   1.49334   1.12553   0.94764   0.78525   1.00443   0.64143   0.17562   0.27305   3.21547   0.02441   0.13956   0.12617   0.22965   0.00710   0.00777   1.60424   0.06955   0.05287   4.09015  
 31  0.3264   3286.725412  x:  2.58216   2.97275   3.45104   3.48536   1.51967   1.13510   0.95884   0.79923   1.01889   0.64459   0.18130   0.27394   3.25529   0.02483   0.13733   0.13425   0.22439   0.00755   0.00785   1.61313   0.06886   0.05044   4.12851  
 32  0.0583   3286.702788  x:  2.57859   2.99250   3.41762   3.46524   1.51592   1.13719   0.95113   0.80332   1.01265   0.64368   0.18505   0.27159   3.27400   0.02591   0.14086   0.13116   0.21946   0.00709   0.00795   1.60746   0.06883   0.04890   4.09178  
 33  0.0281   3286.691370  x:  2.56235   2.94665   3.36366   3.40387   1.49906   1.12870   0.93452   0.79621   0.99826   0.63986   0.18373   0.26797   3.25627   0.02572   0.13843   0.13182   0.21614   0.00731   0.00825   1.60120   0.06967   0.04924   4.00816  
 34  0.0465   3286.685011  x:  2.57799   2.95882   3.39485   3.43367   1.50078   1.14039   0.94210   0.80025   1.00422   0.64292   0.18146   0.26938   3.28649   0.02493   0.13832   0.13248   0.21290   0.00701   0.00801   1.60732   0.06912   0.05001   4.02646  
 35  0.0218   3286.682654  x:  2.57132   2.95306   3.40132   3.43474   1.50007   1.14009   0.94449   0.79834   1.00619   0.64117   0.18052   0.27063   3.28138   0.02477   0.13942   0.13133   0.21144   0.00722   0.00799   1.60722   0.06930   0.05060   4.01166  
 36  0.0134   3286.681836  x:  2.57334   2.95494   3.39653   3.43415   1.50008   1.13986   0.94442   0.79720   1.00513   0.64050   0.18121   0.27125   3.26583   0.02448   0.13992   0.13124   0.21105   0.00718   0.00799   1.60574   0.06927   0.05103   4.00060  
 37  0.0101   3286.681695  x:  2.56904   2.95693   3.39608   3.43656   1.50071   1.13934   0.94387   0.79758   1.00505   0.64074   0.18162   0.27098   3.26283   0.02455   0.13946   0.13144   0.21083   0.00719   0.00801   1.60645   0.06931   0.05100   3.99990  
 38  0.0034   3286.681642  x:  2.56609   2.95480   3.39646   3.43946   1.50094   1.13903   0.94379   0.79789   1.00500   0.64084   0.18181   0.27062   3.26263   0.02450   0.13965   0.13126   0.21090   0.00717   0.00802   1.60676   0.06931   0.05106   4.00224  
 39  0.0025   3286.681632  x:  2.56718   2.95326   3.39606   3.44040   1.50113   1.13894   0.94406   0.79782   1.00507   0.64092   0.18181   0.27058   3.26174   0.02450   0.13966   0.13134   0.21085   0.00717   0.00801   1.60661   0.06931   0.05105   4.00338  
 40  0.0012   3286.681621  x:  2.56621   2.95366   3.39367   3.44034   1.50045   1.13860   0.94411   0.79736   1.00485   0.64094   0.18172   0.27069   3.26111   0.02453   0.13966   0.13133   0.21087   0.00717   0.00801   1.60679   0.06934   0.05102   4.00562  
 41  0.0006   3286.681606  x:  2.56559   2.95296   3.39394   3.44110   1.50013   1.13844   0.94397   0.79697   1.00473   0.64074   0.18162   0.27076   3.26112   0.02447   0.13964   0.13133   0.21084   0.00719   0.00801   1.60681   0.06934   0.05102   4.01174  
 42  0.0013   3286.681549  x:  2.56586   2.95098   3.39524   3.44213   1.49996   1.13767   0.94311   0.79598   1.00413   0.64014   0.18168   0.27084   3.25883   0.02446   0.13969   0.13131   0.21088   0.00715   0.00802   1.60648   0.06938   0.05099   4.03518  
 43  0.0035   3286.681442  x:  2.56730   2.95162   3.39826   3.44424   1.50116   1.13665   0.94334   0.79558   1.00415   0.64014   0.18171   0.27071   3.26033   0.02466   0.13958   0.13141   0.21080   0.00718   0.00803   1.60685   0.06933   0.05098   4.08256  
 44  0.0088   3286.680910  x:  2.57128   2.95647   3.39460   3.44363   1.50275   1.13240   0.94390   0.79580   1.00263   0.63992   0.18192   0.26989   3.26411   0.02432   0.13993   0.13160   0.21073   0.00718   0.00801   1.60771   0.06936   0.05125   4.30209  
 45  0.0275   3286.680087  x:  2.57855   2.96590   3.39905   3.45462   1.50909   1.12667   0.94632   0.79851   1.00471   0.64158   0.18264   0.26976   3.26933   0.02416   0.13990   0.13106   0.21075   0.00723   0.00797   1.60580   0.06916   0.05109   4.76487  
 46  0.1186   3286.678344  x:  2.56537   2.94620   3.39522   3.43694   1.50457   1.12197   0.94113   0.79808   1.00600   0.64336   0.18198   0.27166   3.26605   0.02422   0.13961   0.13134   0.21064   0.00713   0.00800   1.60619   0.06938   0.05103   5.45889  
 47  0.1252   3286.676107  x:  2.57307   2.95327   3.39602   3.43644   1.50576   1.12107   0.94219   0.79972   1.00777   0.64172   0.18141   0.27096   3.25770   0.02310   0.14128   0.13140   0.21056   0.00718   0.00802   1.60981   0.06943   0.05131   7.02362  
 48  0.3036   3286.672976  x:  2.56531   2.95416   3.39462   3.43614   1.49826   1.13393   0.94165   0.79804   1.00773   0.64056   0.18039   0.27021   3.24509   0.02404   0.14043   0.13145   0.21071   0.00713   0.00812   1.60649   0.06942   0.05071   9.05600  
 49  0.5759   3286.670358  x:  2.55801   2.95039   3.39473   3.43797   1.49682   1.13718   0.94369   0.79735   1.00518   0.63950   0.18123   0.27073   3.25714   0.02285   0.14102   0.13165   0.21083   0.00714   0.00803   1.60454   0.06938   0.05092  12.58230  
 50  1.1192   3286.668647  x:  2.56561   2.95348   3.39304   3.43572   1.50075   1.14096   0.94606   0.79642   1.00299   0.64046   0.18224   0.27061   3.26507   0.02355   0.14030   0.13143   0.21088   0.00719   0.00799   1.60726   0.06936   0.05099  16.26793  
 51  1.4497   3286.667506  x:  2.56662   2.94839   3.39424   3.43869   1.50047   1.14099   0.94274   0.79621   1.00365   0.64081   0.18201   0.27068   3.25959   0.02290   0.14078   0.13125   0.21089   0.00717   0.00801   1.60681   0.06936   0.05078  23.03774  
 52  1.9032   3286.666403  x:  2.56481   2.95640   3.39441   3.43777   1.50136   1.13818   0.94299   0.79659   1.00519   0.64233   0.18161   0.27055   3.26118   0.02329   0.14085   0.13158   0.21085   0.00719   0.00800   1.60682   0.06935   0.05104  32.85121  
 53  2.8853   3286.665751  x:  2.56597   2.95155   3.39423   3.44005   1.50131   1.13750   0.94239   0.79627   1.00465   0.64119   0.18191   0.27047   3.26103   0.02284   0.14101   0.13139   0.21074   0.00717   0.00800   1.60625   0.06934   0.05087  46.89762  
 54  4.5281   3286.665170  x:  2.56441   2.95270   3.39354   3.43560   1.50016   1.13840   0.94449   0.79679   1.00505   0.64037   0.18179   0.27067   3.26023   0.02325   0.14061   0.13150   0.21097   0.00718   0.00801   1.60701   0.06938   0.05094  70.93828  
 55  6.4440   3286.664884  x:  2.56489   2.95132   3.39354   3.43773   1.49964   1.13724   0.94395   0.79734   1.00459   0.63987   0.18177   0.27059   3.25999   0.02289   0.14094   0.13145   0.21075   0.00716   0.00802   1.60648   0.06937   0.05088  96.14179  
 56 10.0615   3286.664622  x:  2.56467   2.95150   3.39448   3.43801   1.49965   1.13688   0.94353   0.79792   1.00430   0.64061   0.18154   0.27091   3.25887   0.02318   0.14066   0.13150   0.21099   0.00717   0.00802   1.60671   0.06938   0.05090  154.70947  
 57 12.3222   3286.664482  x:  2.56541   2.95195   3.39376   3.43855   1.49989   1.13775   0.94333   0.79807   1.00393   0.64046   0.18164   0.27078   3.26019   0.02290   0.14101   0.13146   0.21075   0.00717   0.00801   1.60671   0.06937   0.05092  202.62303  
 58 20.2386   3286.664352  x:  2.56443   2.95192   3.39390   3.43845   1.50073   1.13857   0.94295   0.79696   1.00427   0.64086   0.18168   0.27075   3.25996   0.02310   0.14073   0.13149   0.21097   0.00718   0.00800   1.60653   0.06936   0.05088  325.44207  
 59 25.5290   3286.664289  x:  2.56511   2.95288   3.39353   3.43779   1.50099   1.13807   0.94338   0.79701   1.00460   0.64075   0.18176   0.27061   3.26096   0.02291   0.14100   0.13146   0.21077   0.00717   0.00800   1.60670   0.06936   0.05093  418.47918  
 60 39.5699   3286.664232  x:  2.56475   2.95183   3.39420   3.43740   1.50048   1.13734   0.94383   0.79638   1.00498   0.64069   0.18181   0.27056   3.25997   0.02304   0.14078   0.13147   0.21091   0.00717   0.00802   1.60658   0.06937   0.05088  643.72148  
 61 51.2579   3286.664203  x:  2.56528   2.95261   3.39401   3.43729   1.50004   1.13807   0.94406   0.79688   1.00474   0.64069   0.18182   0.27056   3.26072   0.02292   0.14097   0.13146   0.21078   0.00717   0.00801   1.60675   0.06936   0.05093  823.41941  
 62 65.0257   3286.664182  x:  2.56524   2.95225   3.39416   3.43773   1.49984   1.13817   0.94381   0.79699   1.00455   0.64074   0.18180   0.27061   3.26038   0.02295   0.14092   0.13146   0.21083   0.00717   0.00802   1.60670   0.06936   0.05091  999.00000  
 63 106.0622   3286.664180  x:  2.56509   2.95209   3.39408   3.43795   1.50007   1.13797   0.94353   0.79707   1.00451   0.64073   0.18176   0.27065   3.26017   0.02298   0.14088   0.13147   0.21085   0.00717   0.00801   1.60666   0.06937   0.05090  999.00000  
 64  0.0004   3286.664180  x:  2.56482   2.95195   3.39369   3.43763   1.50015   1.13781   0.94346   0.79703   1.00448   0.64064   0.18174   0.27065   3.26001   0.02298   0.14089   0.13147   0.21085   0.00717   0.00801   1.60666   0.06937   0.05090  999.00000  
 65  0.0005   3286.664180  x:  2.56486   2.95201   3.39374   3.43767   1.50020   1.13783   0.94351   0.79706   1.00450   0.64062   0.18174   0.27065   3.26010   0.02298   0.14089   0.13147   0.21084   0.00717   0.00801   1.60666   0.06937   0.05090  999.00000  
 66  0.0001   3286.664180  x:  2.56485   2.95200   3.39374   3.43768   1.50019   1.13782   0.94350   0.79707   1.00449   0.64062   0.18174   0.27065   3.26008   0.02298   0.14089   0.13147   0.21084   0.00717   0.00801   1.60666   0.06937   0.05090  999.00000  