

TREE # 1

  0  0.0000   6981.996776  x:  0.32202   1.41859   1.64835   0.36014   1.32878   0.06546   1.55815   0.49227   0.66376   0.77353   1.27574   0.23630   0.00798   0.24630   0.04808   0.00000   0.00000   2.00000   0.20000   0.20000   0.20000  
  1 99.0000   6981.995741  x:  0.32202   1.41859   1.64835   0.36014   1.32878   0.06546   1.55815   0.49227   0.66376   0.77353   1.27574   0.23630   0.00798   0.24630   0.04808   0.00000   0.00000   2.00000   0.20000   0.20000   0.20000  
  2 605.9048   6970.818629  x:  0.34568   1.42207   1.65550   0.41375   1.33337   0.10230   1.55544   0.49458   0.65510   0.76552   1.29437   0.22096   0.01467   0.20914   0.03293   0.00000   0.00000   1.98179   0.15873   0.17109   0.18416  
  3 240.4556   6942.392343  x:  0.42684   1.43639   1.68246   0.59081   1.35153   0.22350   1.54969   0.50568   0.63079   0.74269   1.35846   0.17356   0.03678   0.09936   0.04724   0.00000   0.00000   1.91698   0.16927   0.07623   0.13497  
  4 749.5246   6926.128429  x:  0.50754   1.45179   1.71463   0.75549   1.36904   0.32501   1.54270   0.51182   0.60805   0.72089   1.42554   0.13903   0.04287   0.19053   0.04808   0.00000   0.00000   1.84123   0.16290   0.02645   0.12075  
  5 259.0360   6916.434224  x:  0.59573   1.46959   1.75335   0.93064   1.38781   0.42768   1.53495   0.51665   0.58574   0.69926   1.50062   0.13566   0.06857   0.24143   0.04798   0.00000   0.00000   1.75279   0.15722   0.10449   0.13314  
  6 406.8380   6912.369075  x:  0.64026   1.48494   1.79510   0.98920   1.39523   0.42771   1.53165   0.50918   0.59327   0.70506   1.54853   0.20846   0.04178   0.23942   0.04650   0.00000   0.00000   1.68363   0.15099   0.08765   0.21085  
  7 80.4469   6910.749481  x:  0.65839   1.49286   1.81792   1.00646   1.39825   0.41610   1.53102   0.50484   0.60045   0.71101   1.57088   0.21522   0.00000   0.23550   0.05021   0.00000   0.00000   1.65224   0.14704   0.09143   0.22150  
  8 100.1650   6910.749481  x:  0.65839   1.49286   1.81792   1.00646   1.39825   0.41610   1.53102   0.50484   0.60045   0.71101   1.57088   0.21522   0.00000   0.23550   0.05021   0.00000   0.00000   1.65224   0.14704   0.09143   0.22150  
  9 58.3689   6900.498658  x:  0.65856   1.49267   1.81838   1.00723   1.39782   0.41558   1.53040   0.50403   0.59981   0.71049   1.57154   0.21652   0.00675   0.23230   0.07963   0.00000   0.00000   1.65215   0.11991   0.08742   0.21828  
 10 477.4950   6895.226880  x:  0.66034   1.49339   1.82075   1.01053   1.39802   0.41574   1.53021   0.50370   0.59968   0.71052   1.57435   0.21652   0.01853   0.22348   0.12300   0.00000   0.00000   1.64972   0.13630   0.07796   0.20947  
 11 303.4852   6891.731408  x:  0.66769   1.49604   1.83099   1.02488   1.39824   0.41568   1.52865   0.50124   0.59837   0.70992   1.58619   0.19087   0.01916   0.18261   0.12598   0.00000   0.00000   1.63958   0.13518   0.04528   0.16224  
 12 88.0186   6890.102547  x:  0.67654   1.49927   1.84351   1.04218   1.39860   0.41566   1.52693   0.49849   0.59704   0.70941   1.60052   0.17910   0.03833   0.16221   0.12494   0.00000   0.00000   1.62605   0.13382   0.06516   0.12062  
 13 86.4076   6886.775428  x:  0.75396   1.52862   1.95790   1.19624   1.40368   0.41683   1.51466   0.47876   0.58944   0.70835   1.72639   0.15129   0.09232   0.17723   0.11394   0.00000   0.00000   1.49932   0.12237   0.04647   0.13417  
 14 31.4289   6885.170238  x:  0.79140   1.54330   2.01607   1.27226   1.40725   0.41804   1.51048   0.47220   0.58794   0.70963   1.78884   0.12530   0.07292   0.18500   0.12315   0.00000   0.00000   1.44243   0.11849   0.05697   0.13876  
 15 154.7735   6883.256578  x:  0.84214   1.56553   2.10881   1.38279   1.41796   0.42304   1.51415   0.47901   0.59645   0.72002   1.88160   0.19000   0.02532   0.16461   0.12879   0.00000   0.00000   1.39367   0.11225   0.06412   0.12994  
 16 60.2130   6882.509579  x:  0.86154   1.57810   2.16347   1.43460   1.43140   0.42954   1.53020   0.50316   0.61091   0.73325   1.92883   0.19922   0.01760   0.18964   0.13015   0.00000   0.00000   1.42185   0.10915   0.05729   0.11118  
 17 28.9880   6879.779726  x:  0.93057   1.63071   2.38792   1.63283   1.49430   0.45815   1.61064   0.61607   0.67328   0.78987   2.11530   0.19325   0.01948   0.17310   0.13176   0.00000   0.00000   1.57752   0.09553   0.06588   0.13215  
 18 83.1874   6879.266060  x:  0.90573   1.67040   2.47854   1.63800   1.54724   0.44204   1.69746   0.61364   0.62096   0.75630   2.14909   0.19593   0.01733   0.17361   0.13257   0.00000   0.00000   1.59403   0.09364   0.06629   0.13173  
 19  8.1093   6878.926267  x:  0.86544   1.70631   2.55787   1.61773   1.59917   0.41356   1.77445   0.59138   0.65046   0.78976   2.16766   0.19487   0.01904   0.17388   0.13331   0.00000   0.00000   1.57559   0.09034   0.06569   0.13043  
 20  8.7580   6878.827102  x:  0.85078   1.71020   2.59047   1.60611   1.61621   0.39519   1.75092   0.56429   0.66743   0.77206   2.18691   0.19486   0.01989   0.17381   0.13385   0.00000   0.00000   1.59143   0.09168   0.06595   0.13088  
 21  1.3933   6878.603468  x:  0.82308   1.71071   2.64119   1.57172   1.67297   0.41152   1.71589   0.61442   0.67717   0.75882   2.22259   0.19245   0.02516   0.17356   0.13624   0.00000   0.00000   1.57354   0.09077   0.06542   0.12959  
 22  1.7901   6878.184432  x:  0.84933   1.72946   2.67393   1.56273   1.67686   0.39217   1.74726   0.62976   0.62099   0.83648   2.27635   0.18940   0.03408   0.17283   0.14147   0.00000   0.00000   1.58650   0.09153   0.06544   0.12875  
 23  1.5851   6877.637058  x:  0.92877   1.79168   2.66025   1.61677   1.67951   0.45008   1.90065   0.61513   0.68221   0.79732   2.29900   0.18537   0.04610   0.17187   0.14963   0.00000   0.00000   1.59485   0.08925   0.06534   0.12655  
 24  3.2544   6877.553697  x:  0.94105   1.84845   2.66779   1.67178   1.72264   0.43521   1.89104   0.62147   0.68164   0.80457   2.25100   0.18492   0.04722   0.17135   0.15141   0.00000   0.00000   1.59951   0.08837   0.06558   0.12611  
 25  1.1875   6877.436227  x:  0.90660   1.82470   2.72205   1.75374   1.72227   0.39894   1.91473   0.64962   0.69150   0.80062   2.27626   0.18418   0.04649   0.16996   0.15495   0.00000   0.00000   1.59350   0.08769   0.06584   0.12534  
 26  0.4105   6877.255295  x:  0.92392   1.82702   2.81756   1.81287   1.76688   0.45420   1.93326   0.63072   0.68582   0.83059   2.35920   0.18462   0.04329   0.16817   0.16103   0.00000   0.00000   1.59900   0.08451   0.06645   0.12413  
 27  1.6253   6877.176965  x:  0.97191   1.86550   2.86435   1.80221   1.76457   0.44088   1.94100   0.65243   0.69633   0.82756   2.40617   0.18490   0.04173   0.16753   0.16370   0.00000   0.00000   1.59584   0.08260   0.06659   0.12342  
 28  1.9149   6877.157106  x:  0.95667   1.90134   2.84748   1.80929   1.77153   0.44065   1.94713   0.65567   0.69765   0.83013   2.44330   0.18603   0.03999   0.16850   0.16411   0.00000   0.00000   1.59329   0.08236   0.06697   0.12368  
 29  0.1377   6877.126445  x:  0.98894   1.89358   2.87436   1.81238   1.79430   0.43663   1.96669   0.65722   0.70080   0.83301   2.44349   0.18766   0.03751   0.17018   0.16450   0.00000   0.00000   1.58657   0.08220   0.06769   0.12402  
 30  0.2003   6877.121979  x:  0.98640   1.90215   2.89037   1.81510   1.78180   0.44590   1.96813   0.65789   0.70084   0.83427   2.43814   0.18770   0.03754   0.17029   0.16434   0.00000   0.00000   1.58576   0.08215   0.06778   0.12397  
 31  0.2113   6877.089559  x:  1.01265   1.93260   2.93692   1.86906   1.81121   0.45178   2.01657   0.66561   0.70802   0.84263   2.47770   0.18812   0.03943   0.17006   0.16116   0.00000   0.00000   1.58653   0.07996   0.06836   0.12252  
 32  0.0811   6877.081563  x:  1.01626   1.94037   2.95011   1.87235   1.81975   0.45186   2.02201   0.67150   0.71086   0.84543   2.49103   0.18705   0.03873   0.16901   0.15927   0.00000   0.00000   1.59165   0.07981   0.06788   0.12395  
 33  0.0191   6877.080913  x:  1.01607   1.94107   2.95446   1.87293   1.82165   0.45192   2.02196   0.67289   0.71140   0.84614   2.49407   0.18702   0.03875   0.16994   0.15900   0.00000   0.00000   1.59183   0.07970   0.06755   0.12437  
 34  0.0061   6877.080869  x:  1.01574   1.94096   2.95480   1.87256   1.82194   0.45188   2.02166   0.67295   0.71142   0.84619   2.49428   0.18695   0.03882   0.16993   0.15903   0.00000   0.00000   1.59146   0.07970   0.06737   0.12426  
 35  0.0008   6877.080868  x:  1.01577   1.94101   2.95484   1.87268   1.82198   0.45189   2.02177   0.67291   0.71143   0.84619   2.49429   0.18698   0.03882   0.16992   0.15904   0.00000   0.00000   1.59149   0.07970   0.06736   0.12428  
 36  0.0001   6877.080868  x:  1.01580   1.94104   2.95486   1.87271   1.82198   0.45190   2.02181   0.67292   0.71143   0.84619   2.49431   0.18698   0.03882   0.16992   0.15904   0.00000   0.00000   1.59149   0.07970   0.06735   0.12428  
 37  0.0000   6877.080868  x:  1.01580   1.94104   2.95486   1.87271   1.82198   0.45190   2.02181   0.67292   0.71143   0.84619   2.49431   0.18698   0.03882   0.16992   0.15904   0.00000   0.00000   1.59149   0.07970   0.06735   0.12428  