

TREE # 1

  0  0.0000   3505.428679  x:  0.34577   0.94007   0.87770   0.23611   0.76334   0.10768   0.68129   0.16100   0.44088   0.32152   0.06576   0.20918   0.60826   0.14121   0.00000   0.18908   0.02983   0.02683   0.01969   2.00000   0.20000   0.20000   0.20000  
  1 99.0000   3462.640392  x:  0.36809   0.95021   0.88920   0.27257   0.77252   0.13408   0.68443   0.17601   0.44826   0.32995   0.08167   0.21785   0.63025   0.15196   0.03202   0.18647   0.11532   0.00372   0.00000   1.98990   0.28612   0.18485   0.19932  
  2 614.6558   3458.969633  x:  0.37095   0.95151   0.89068   0.27725   0.77370   0.13747   0.68483   0.17794   0.44920   0.33104   0.08371   0.21896   0.63307   0.15333   0.03612   0.18613   0.12627   0.00080   0.00038   1.98861   0.29715   0.18290   0.19923  
  3 25081.5307   3449.272377  x:  0.39340   0.96170   0.90229   0.31371   0.78281   0.16356   0.68768   0.19274   0.45650   0.33930   0.09896   0.22729   0.65533   0.16137   0.06294   0.18250   0.19805   0.04494   0.00168   1.97870   0.36869   0.16690   0.19855  
  4 2258.5347   3396.309114  x:  0.52578   1.02237   0.97276   0.51669   0.83058   0.29553   0.69100   0.26566   0.49370   0.37851   0.15377   0.25719   0.79181   0.11923   0.05643   0.12539   0.22699   0.04181   0.00156   1.93069   0.28268   0.02894   0.19370  
  5 237.5366   3367.986310  x:  0.67776   1.09657   1.05881   0.73928   0.88422   0.43454   0.69256   0.34362   0.53673   0.42144   0.19593   0.28000   0.94908   0.08948   0.07121   0.08159   0.25283   0.03753   0.00140   1.86700   0.17857   0.12783   0.18753  
  6 504.4576   3352.395696  x:  0.77422   1.15435   1.12588   0.86173   0.91686   0.50009   0.69079   0.38284   0.56599   0.44474   0.18086   0.27076   1.05063   0.06319   0.06116   0.09956   0.13940   0.03139   0.00119   1.81198   0.23754   0.16733   0.18240  
  7 252.8953   3347.046117  x:  0.82420   1.19733   1.17580   0.90614   0.92757   0.50636   0.68080   0.38614   0.57820   0.44673   0.12613   0.23822   1.10479   0.10035   0.11983   0.17532   0.10928   0.03039   0.00116   1.76949   0.22347   0.15926   0.17695  
  8 116.3108   3344.157732  x:  0.85615   1.24311   1.22924   0.90771   0.92803   0.47320   0.66477   0.36807   0.58414   0.43753   0.07546   0.21459   1.14189   0.06829   0.09669   0.20214   0.13456   0.03112   0.00119   1.72089   0.21675   0.15699   0.16903  
  9 58.4582   3337.782680  x:  0.94548   1.41358   1.42946   0.85448   0.91966   0.30128   0.60382   0.28228   0.59992   0.39661   0.12411   0.25730   1.25532   0.04613   0.10962   0.21793   0.14664   0.03127   0.00120   1.53172   0.20270   0.14881   0.13479  
 10 66.2211   3336.291394  x:  0.95792   1.45975   1.48584   0.82449   0.92916   0.26751   0.60110   0.28333   0.60711   0.39016   0.10485   0.24111   1.28144   0.06451   0.12735   0.15701   0.14372   0.03143   0.00120   1.47908   0.20183   0.14495   0.11914  
 11 44.9267   3334.830964  x:  0.93041   1.52973   1.57844   0.72280   0.99214   0.28641   0.64860   0.36817   0.62366   0.40240   0.12813   0.21618   1.30496   0.06638   0.12127   0.16368   0.15058   0.03117   0.00120   1.40951   0.19148   0.14175   0.06592  
 12 17.9656   3334.025475  x:  0.89924   1.56918   1.63330   0.68795   1.03745   0.32629   0.66163   0.36111   0.61618   0.39554   0.10140   0.26645   1.32778   0.07186   0.11992   0.16214   0.15170   0.03098   0.00120   1.41671   0.18886   0.14097   0.00010  
 13 11.9538   3333.009022  x:  0.82530   1.64449   1.73837   0.67611   1.10736   0.37826   0.66954   0.29479   0.59527   0.40795   0.12585   0.22541   1.38792   0.06998   0.12347   0.15409   0.15390   0.03062   0.00120   1.49420   0.18730   0.14101   0.00010  
 14 10.1350   3330.801446  x:  0.66388   1.76464   1.90896   0.78589   1.13121   0.28257   0.70362   0.36778   0.64216   0.50622   0.10984   0.25443   1.49329   0.03817   0.15363   0.14705   0.15802   0.02936   0.00118   1.66649   0.17959   0.13959   0.00010  
 15  8.0207   3327.084504  x:  0.56987   1.84474   2.03374   0.99257   1.11282   0.28480   0.72390   0.47685   0.57480   0.33065   0.12673   0.24026   1.53260   0.03142   0.15628   0.13862   0.16235   0.02645   0.00112   1.66721   0.17026   0.13819   0.00010  
 16  7.1663   3315.972657  x:  0.55625   1.94254   2.22881   1.41498   1.04240   0.52333   0.62939   0.46178   0.71904   0.44981   0.14358   0.23449   1.48945   0.05354   0.13184   0.11109   0.18513   0.01668   0.00089   1.35716   0.12345   0.12478   0.00010  
 17 12.7363   3310.548114  x:  1.08316   1.94436   2.23721   1.35007   1.05823   0.56967   0.65479   0.53644   0.65793   0.49259   0.14724   0.24145   1.62649   0.00000   0.18389   0.08533   0.19865   0.01230   0.00080   1.51933   0.10777   0.11718   0.00010  
 18 11.5358   3309.936786  x:  1.09549   1.93869   2.23237   1.35251   1.06162   0.56325   0.65215   0.53990   0.66312   0.49304   0.15023   0.24174   1.64860   0.00000   0.14220   0.08933   0.20482   0.01213   0.00080   1.52629   0.10891   0.11724   0.00010  
 19 10.1745   3309.035068  x:  1.12066   1.92167   2.21744   1.35635   1.07164   0.55127   0.64561   0.54634   0.67666   0.49174   0.15604   0.24215   1.70182   0.07895   0.06759   0.09651   0.21674   0.01172   0.00078   1.53808   0.11111   0.11719   0.00010  
 20 38.3800   3305.327616  x:  1.22210   1.74248   1.92962   1.34057   1.20959   0.54300   0.62431   0.53688   0.82729   0.41611   0.16816   0.23909   2.19025   0.04496   0.12484   0.09026   0.24122   0.00799   0.00067   1.49422   0.11443   0.11105   0.00010  
 21  4.8812   3303.670729  x:  1.26864   1.75949   1.87421   1.40235   1.17319   0.55460   0.70766   0.52656   0.64262   0.53129   0.16149   0.25251   2.25800   0.03580   0.13985   0.09077   0.24831   0.00606   0.00061   1.44378   0.11775   0.10932   0.00010  
 22  5.0825   3301.164428  x:  1.45114   1.96980   1.99092   1.52618   1.05404   0.67150   0.69177   0.54906   0.74215   0.51059   0.16965   0.25206   1.99917   0.02138   0.16467   0.09419   0.25283   0.00294   0.00052   1.57221   0.12655   0.10911   0.00010  
 23  4.1842   3299.560016  x:  1.59217   1.88910   2.14481   1.72688   1.37379   0.55890   0.86426   0.47150   0.79103   0.49973   0.16841   0.26055   1.84809   0.00588   0.17606   0.11740   0.24606   0.00328   0.00058   1.56220   0.11838   0.09870   0.00010  
 24  1.8545   3298.729525  x:  1.61032   1.86445   2.19540   1.75107   1.40668   0.56226   0.80528   0.49476   0.76973   0.51197   0.16828   0.26158   1.85466   0.00000   0.18178   0.12249   0.24202   0.00363   0.00061   1.56251   0.11805   0.09561   0.00010  
 25  3.4185   3295.204839  x:  1.68835   1.83285   2.52162   1.84626   1.03010   0.78425   0.94480   0.49082   0.84961   0.49393   0.16494   0.26950   2.23725   0.00000   0.19908   0.15773   0.20599   0.00633   0.00084   1.54732   0.10627   0.06808   0.00010  
 26  3.7969   3293.372988  x:  1.71638   2.33269   2.27791   2.00036   1.16030   0.80689   0.87351   0.53234   0.84926   0.50925   0.16379   0.27184   2.36780   0.00000   0.17474   0.16082   0.19137   0.00689   0.00097   1.51558   0.09819   0.05254   0.00010  
 27  2.1470   3293.353438  x:  1.71791   2.35110   2.27019   2.00723   1.16582   0.80787   0.87030   0.53421   0.84911   0.50999   0.16375   0.27191   2.37296   0.00850   0.17386   0.16082   0.19079   0.00691   0.00097   1.51439   0.09787   0.05195   0.00010  
 28  8.8827   3291.463330  x:  1.80562   2.20548   2.58392   2.18985   1.26494   0.83109   0.77902   0.58840   0.82354   0.53838   0.16311   0.26818   2.40194   0.00000   0.17982   0.13665   0.18720   0.00668   0.00105   1.52032   0.09722   0.05284   0.00010  
 29  1.2043   3289.456354  x:  1.99060   2.42725   2.94162   2.67263   1.35450   0.96582   0.68842   0.71299   0.82184   0.59295   0.17025   0.26414   2.63765   0.00000   0.18689   0.10890   0.20089   0.00803   0.00133   1.57932   0.08528   0.07564   0.00010  
 30  0.5219   3288.261758  x:  2.29022   2.60660   3.27576   3.11186   1.31350   1.11806   0.88882   0.73908   0.92211   0.60525   0.17619   0.26869   2.93852   0.00000   0.15712   0.11667   0.20684   0.01058   0.00169   1.61868   0.07581   0.06711   0.00010  
 31  0.4098   3288.222201  x:  2.31127   2.61905   3.29921   3.14271   1.31070   1.12872   0.90280   0.74092   0.92912   0.60613   0.17661   0.26901   2.95958   0.01244   0.15515   0.11723   0.20726   0.01076   0.00171   1.62143   0.07515   0.06652   0.00010  
 32 28.7194   3288.014127  x:  2.34848   2.63472   3.31292   3.19364   1.32548   1.13906   0.90521   0.74658   0.93501   0.61030   0.17749   0.26959   2.98234   0.00000   0.16948   0.12196   0.20681   0.01072   0.00175   1.62128   0.07574   0.06684   0.00010  
 33  0.1590   3287.897389  x:  2.40691   2.64458   3.38501   3.30026   1.36730   1.15601   0.90842   0.76128   0.94575   0.62005   0.17931   0.27049   3.04230   0.00000   0.18743   0.12716   0.20543   0.01003   0.00179   1.61291   0.07325   0.06676   0.00010  
 34  0.5559   3287.718788  x:  2.58497   2.84323   3.50625   3.61929   1.46480   1.21718   0.94640   0.80121   1.00166   0.63926   0.18291   0.27084   3.23934   0.00000   0.17580   0.12706   0.19937   0.00974   0.00201   1.59476   0.06774   0.06864   0.00010  
 35  0.3331   3287.686476  x:  2.61174   2.85807   3.54463   3.66287   1.49079   1.21557   0.95705   0.80728   1.01144   0.64474   0.18340   0.27061   3.25642   0.00000   0.17921   0.12346   0.20187   0.00943   0.00204   1.60566   0.06813   0.06835   0.00010  
 36  0.0727   3287.656722  x:  2.65841   2.89216   3.63061   3.74414   1.53931   1.21515   0.97416   0.82368   1.02816   0.65732   0.18543   0.27101   3.30906   0.00000   0.17933   0.12399   0.20577   0.00834   0.00211   1.62179   0.06641   0.06715   0.00010  
 37  0.0954   3287.623488  x:  2.64471   2.94935   3.67367   3.72464   1.56265   1.19064   0.98853   0.83186   1.04178   0.66480   0.18441   0.27032   3.30829   0.00000   0.17608   0.12507   0.19942   0.00750   0.00219   1.62763   0.06630   0.06893   0.00010  
 38  0.0237   3287.582920  x:  2.59390   2.97135   3.68896   3.61169   1.53700   1.16263   0.98847   0.83281   1.04190   0.66450   0.18374   0.27074   3.27422   0.00000   0.17930   0.12493   0.20317   0.00839   0.00234   1.61355   0.06657   0.06844   0.00010  
 39  0.0366   3287.540671  x:  2.68488   3.01974   3.79976   3.67692   1.59797   1.16497   0.99080   0.86284   1.05874   0.68036   0.18647   0.27238   3.40308   0.00000   0.17812   0.12423   0.20728   0.00797   0.00267   1.61407   0.06463   0.06591   0.00010  
 40  0.0469   3287.480240  x:  2.71465   2.99718   3.75205   3.57875   1.59229   1.16532   0.96941   0.85993   1.04086   0.67465   0.18473   0.27264   3.45457   0.00000   0.17806   0.12536   0.19902   0.00901   0.00304   1.61361   0.06562   0.06912   0.00010  
 41  0.0365   3287.403459  x:  2.74668   2.90886   3.69044   3.46468   1.59094   1.16080   0.98161   0.83090   1.02192   0.66399   0.18453   0.27197   3.45819   0.00000   0.17897   0.12562   0.20412   0.00847   0.00349   1.62782   0.06577   0.06906   0.00010  
 42  0.0409   3287.319065  x:  2.72306   2.87054   3.55681   3.35313   1.55229   1.15519   0.99393   0.78344   1.01574   0.64635   0.18254   0.26961   3.33359   0.00000   0.17687   0.12266   0.20547   0.00720   0.00398   1.61561   0.06840   0.06750   0.00010  
 43  0.0663   3287.218948  x:  2.76382   2.99248   3.52818   3.48937   1.50936   1.22030   0.97069   0.78526   1.03037   0.64726   0.18254   0.27011   3.25739   0.00000   0.18105   0.12355   0.20044   0.00758   0.00481   1.59428   0.06705   0.06850   0.00010  
 44  0.0606   3287.141339  x:  2.76304   2.94173   3.59930   3.49837   1.49661   1.21973   0.95170   0.79759   1.01603   0.65843   0.18384   0.27203   3.21214   0.00000   0.17745   0.12570   0.20843   0.00713   0.00594   1.62714   0.06741   0.06687   0.00010  
 45  0.0352   3287.073207  x:  2.67011   2.81493   3.60626   3.49498   1.47913   1.19231   0.94120   0.79449   0.99596   0.65353   0.18090   0.27161   3.14297   0.00000   0.17866   0.12257   0.20035   0.00767   0.00707   1.60788   0.06893   0.06838   0.00010  
 46  0.0533   3287.041722  x:  2.60267   2.80836   3.58074   3.55624   1.50165   1.16609   0.95629   0.80222   1.00396   0.65078   0.18245   0.27104   3.16614   0.00000   0.17699   0.12617   0.20485   0.00729   0.00766   1.60531   0.06864   0.06800   0.00010  
 47  0.0406   3287.033367  x:  2.57342   2.83719   3.53614   3.54136   1.50275   1.15777   0.95461   0.80419   1.00676   0.64581   0.18200   0.27074   3.20171   0.00000   0.17831   0.12486   0.20368   0.00775   0.00779   1.61017   0.06881   0.06779   0.00010  
 48  0.0373   3287.032419  x:  2.56531   2.84179   3.53146   3.53465   1.50007   1.15668   0.95134   0.80394   1.00646   0.64636   0.18197   0.27078   3.20495   0.00000   0.17847   0.12455   0.20351   0.00748   0.00785   1.61167   0.06894   0.06767   0.00010  
 49  0.0085   3287.032251  x:  2.56077   2.83796   3.52823   3.53003   1.49429   1.15820   0.94921   0.80244   1.00477   0.64606   0.18199   0.27088   3.20571   0.00000   0.17831   0.12463   0.20371   0.00749   0.00787   1.61108   0.06902   0.06771   0.00010  
 50  0.0065   3287.032189  x:  2.56135   2.84072   3.53373   3.53536   1.49470   1.15936   0.95049   0.80205   1.00587   0.64659   0.18205   0.27088   3.21071   0.00000   0.17838   0.12459   0.20367   0.00750   0.00786   1.61108   0.06894   0.06775   0.00010  
 51  0.0047   3287.032173  x:  2.55992   2.84020   3.53334   3.53407   1.49496   1.15885   0.95083   0.80098   1.00577   0.64640   0.18203   0.27082   3.20987   0.00000   0.17837   0.12461   0.20365   0.00750   0.00786   1.61135   0.06896   0.06774   0.00010  
 52  0.0015   3287.032168  x:  2.55983   2.84044   3.53366   3.53423   1.49564   1.15864   0.95039   0.80083   1.00564   0.64643   0.18205   0.27081   3.20982   0.00000   0.17835   0.12463   0.20367   0.00750   0.00786   1.61130   0.06896   0.06773   0.00010  
 53  0.0006   3287.032168  x:  2.55967   2.84039   3.53356   3.53421   1.49564   1.15856   0.95036   0.80079   1.00560   0.64640   0.18205   0.27081   3.20966   0.00000   0.17836   0.12462   0.20367   0.00750   0.00786   1.61123   0.06896   0.06773   0.00010  
 54  0.0002   3287.032168  x:  2.55983   2.84044   3.53361   3.53429   1.49566   1.15846   0.95039   0.80080   1.00557   0.64635   0.18206   0.27082   3.20967   0.00000   0.17836   0.12462   0.20367   0.00750   0.00786   1.61123   0.06896   0.06773   0.00010  
 55  0.0001   3287.032168  x:  2.55984   2.84043   3.53360   3.53429   1.49561   1.15844   0.95038   0.80079   1.00558   0.64635   0.18205   0.27082   3.20964   0.00000   0.17836   0.12462   0.20367   0.00750   0.00786   1.61124   0.06896   0.06773   0.00010  
 56  0.0000   3287.032168  x:  2.55984   2.84038   3.53356   3.53431   1.49562   1.15840   0.95036   0.80079   1.00558   0.64635   0.18205   0.27082   3.20962   0.00000   0.17836   0.12462   0.20367   0.00750   0.00786   1.61124   0.06896   0.06773   0.00010  
 57  0.0000   3287.032168  x:  2.55984   2.84040   3.53357   3.53430   1.49562   1.15839   0.95036   0.80079   1.00558   0.64636   0.18205   0.27082   3.20962   0.00000   0.17836   0.12462   0.20367   0.00750   0.00786   1.61124   0.06896   0.06773   0.00010  
 58  0.0000   3287.032168  x:  2.55984   2.84039   3.53356   3.53431   1.49562   1.15839   0.95036   0.80079   1.00558   0.64636   0.18205   0.27082   3.20962   0.00000   0.17836   0.12462   0.20367   0.00750   0.00786   1.61124   0.06896   0.06773   0.00010  