

TREE # 1

  0  0.0000   6572.469706  x:  0.00000   0.36021   0.33058   0.18715   0.28472   0.06238   0.22222   0.00614   0.22375   0.21201   0.21919   0.12470   0.07874   0.08877   0.08821   0.01567   0.08288   2.00000   0.20000   0.20000   0.20000  
  1 99.0000   6238.062320  x:  0.31349   0.38553   0.35990   0.22266   0.30188   0.09479   0.25068   0.10608   0.23851   0.22542   0.25442   0.12797   0.08200   0.09333   0.09545   0.00000   0.06764   1.99610   0.20960   0.19649   0.18984  
  2 5484.7280   6083.787058  x:  0.28055   0.45530   0.43853   0.31347   0.35943   0.17059   0.33357   0.14987   0.28355   0.26657   0.34520   0.13675   0.09408   0.10930   0.12107   0.00000   0.00000   1.98233   0.17724   0.18043   0.14401  
  3 894.4678   6083.787058  x:  0.28055   0.45530   0.43853   0.31347   0.35943   0.17059   0.33357   0.14987   0.28355   0.26657   0.34520   0.13675   0.09408   0.10930   0.12107   0.00000   0.00000   1.98233   0.17724   0.18043   0.14401  
  4 11913.4518   6071.719883  x:  0.28055   0.45530   0.43854   0.31347   0.35943   0.17059   0.33357   0.14987   0.28355   0.26658   0.34521   0.13675   0.09408   0.10930   0.12107   0.00194   0.00545   1.98232   0.17724   0.18043   0.14401  
  5 363695.4657   6067.056581  x:  0.28273   0.45775   0.44122   0.31605   0.36104   0.17219   0.33576   0.15139   0.28483   0.26774   0.34789   0.13692   0.09429   0.10938   0.12150   0.00000   0.00614   1.98171   0.17776   0.17971   0.14185  
  6 620.4214   6042.434950  x:  0.30303   0.48547   0.47052   0.33973   0.37599   0.18227   0.35511   0.15844   0.29598   0.27756   0.37261   0.14305   0.10134   0.10425   0.12366   0.00000   0.01153   1.97307   0.12370   0.16767   0.09844  
  7 973.3443   6021.569463  x:  0.30927   0.50687   0.49009   0.34546   0.38088   0.17178   0.35756   0.14225   0.29749   0.27776   0.37855   0.15638   0.11674   0.08769   0.12149   0.00000   0.00743   1.95990   0.12294   0.14940   0.01904  
  8 407.6054   6015.748052  x:  0.31256   0.53047   0.51027   0.34813   0.38544   0.15563   0.35863   0.12162   0.29783   0.27629   0.38072   0.18096   0.14409   0.07132   0.13230   0.00000   0.00168   1.94006   0.12241   0.12522   0.02311  
  9 166.3244   6012.426491  x:  0.31460   0.55695   0.53227   0.34937   0.39011   0.13540   0.35885   0.09733   0.29752   0.27379   0.38115   0.20977   0.17617   0.05421   0.14525   0.00791   0.00388   1.91570   0.12334   0.09592   0.02446  
 10 894.0872   6010.346445  x:  0.31327   0.55944   0.53370   0.34824   0.39075   0.13271   0.35894   0.09694   0.29734   0.27318   0.37958   0.21347   0.18039   0.05706   0.14809   0.00000   0.00626   1.91069   0.12370   0.09082   0.02308  
 11 207.0757   6005.356491  x:  0.28751   0.57830   0.53608   0.33298   0.40802   0.12314   0.37021   0.14725   0.30062   0.26943   0.35389   0.25045   0.21956   0.06656   0.13053   0.00000   0.00370   1.82454   0.12229   0.00010   0.02125  
 12 100.7847   6004.896815  x:  0.28491   0.58115   0.53695   0.33169   0.41042   0.12199   0.37152   0.15193   0.30112   0.26900   0.35136   0.25522   0.22440   0.06879   0.12842   0.00000   0.00236   1.81260   0.12190   0.00239   0.02114  
 13 105.6531   6003.738033  x:  0.27647   0.58908   0.53797   0.32812   0.41881   0.11971   0.37402   0.16335   0.30248   0.26710   0.34338   0.27015   0.23816   0.06872   0.11029   0.00000   0.00524   1.76611   0.12209   0.00592   0.02046  
 14 234.9878   6000.099732  x:  0.27516   0.59375   0.53055   0.33797   0.43747   0.12962   0.36663   0.14088   0.30508   0.26321   0.34598   0.28830   0.24316   0.10032   0.06415   0.00000   0.00369   1.62263   0.12056   0.00378   0.02390  
 15 128.0518   5994.336248  x:  0.28305   0.57060   0.49881   0.34982   0.44705   0.14885   0.35626   0.13499   0.30966   0.26921   0.35104   0.30107   0.21494   0.07699   0.09678   0.00000   0.00394   1.35073   0.11642   0.00436   0.01881  
 16 124.0431   5992.762336  x:  0.29795   0.57476   0.51988   0.34006   0.41992   0.11604   0.36441   0.14284   0.30302   0.27404   0.35386   0.28250   0.18891   0.07798   0.09318   0.00000   0.00383   1.28431   0.11559   0.00373   0.02194  
 17 44.4737   5990.359351  x:  0.26587   0.59181   0.57119   0.31871   0.41304   0.14843   0.38525   0.12782   0.29058   0.25602   0.34168   0.24153   0.17307   0.07516   0.10204   0.00000   0.00379   1.25603   0.11571   0.00297   0.02473  
 18 13.1924   5972.971973  x:  0.18501   0.60988   0.66048   0.36077   0.37308   0.16355   0.31238   0.13097   0.38282   0.31756   0.40548   0.09588   0.24088   0.07782   0.11595   0.00000   0.00456   1.23745   0.11868   0.00429   0.03034  
 19 17.8155   5923.900909  x:  0.30136   0.60149   0.70771   0.39469   0.36694   0.20002   0.35497   0.13911   0.35781   0.28776   0.47403   0.00000   0.32854   0.09038   0.12825   0.00000   0.00622   1.25844   0.12553   0.00791   0.03297  
 20 58.7277   5856.887421  x:  0.28048   0.58069   0.89639   0.46487   0.26522   0.29218   0.56724   0.09918   0.36280   0.46193   0.75788   0.37201   0.03904   0.15730   0.13293   0.00000   0.00984   1.39658   0.14841   0.01329   0.03584  
 21 129.3233   5852.769763  x:  0.28270   0.60420   0.90258   0.47337   0.30299   0.27779   0.54897   0.10336   0.36472   0.45753   0.75106   0.37974   0.00000   0.15820   0.13752   0.00000   0.00995   1.40435   0.14884   0.01298   0.03786  
 22 85.8643   5848.342026  x:  0.25863   0.59684   0.93450   0.50164   0.36955   0.25649   0.51966   0.12781   0.26245   0.49336   0.78326   0.37804   0.01181   0.15870   0.14089   0.00000   0.00992   1.40299   0.14908   0.01281   0.03785  
 23  9.2337   5807.053752  x:  0.40844   0.81154   1.01932   0.48235   0.72746   0.18395   0.56149   0.18821   0.57522   0.49598   0.61525   0.40915   0.09999   0.17442   0.15904   0.00000   0.00749   1.38709   0.14791   0.00574   0.03513  
 24 14.5354   5793.631049  x:  0.33560   0.98929   0.94030   0.67159   0.67051   0.14241   0.58279   0.25061   0.60885   0.26811   0.65460   0.42302   0.10106   0.17151   0.17055   0.00000   0.00717   1.38130   0.14809   0.00540   0.03473  
 25 59.6434   5791.779956  x:  0.32557   1.11168   0.85289   0.68600   0.64415   0.15387   0.61497   0.23741   0.57385   0.33204   0.63354   0.39541   0.10336   0.17031   0.17246   0.00000   0.00697   1.38198   0.14768   0.00540   0.03544  
 26 17.8178   5790.201391  x:  0.35889   1.18687   0.84501   0.62608   0.60663   0.20631   0.54566   0.26039   0.55128   0.33380   0.67939   0.40932   0.10210   0.17107   0.17142   0.00000   0.00711   1.38514   0.14677   0.00608   0.03376  
 27  6.6289   5766.115901  x:  0.35793   1.25580   0.91312   0.58585   0.70968   0.14429   0.65961   0.23760   0.56262   0.33060   0.90750   0.32493   0.11068   0.13787   0.16144   0.00000   0.00625   1.43790   0.13110   0.01156   0.00803  
 28  2.8375   5763.749249  x:  0.39064   1.24938   0.96755   0.66392   0.67213   0.17312   0.63398   0.24483   0.54534   0.35335   0.82948   0.33826   0.11024   0.13950   0.15772   0.00000   0.00629   1.44588   0.12916   0.01216   0.00509  
 29 18.4477   5726.806122  x:  0.55999   1.30328   1.29365   1.01840   0.65374   0.23538   0.69415   0.26250   0.46213   0.47519   0.78413   0.24851   0.11422   0.14974   0.16566   0.00000   0.00893   1.58278   0.08442   0.01369   0.01783  
 30  1.7596   5696.393233  x:  0.64976   1.50373   1.51890   1.14999   0.84747   0.19588   0.92800   0.29840   0.46721   0.47456   1.22121   0.07488   0.12253   0.08671   0.17492   0.00000   0.00757   1.55462   0.08753   0.01295   0.02181  
 31  0.4443   5679.131759  x:  0.87485   1.72493   1.87855   1.34731   1.00823   0.25100   1.04411   0.40434   0.54594   0.39453   1.57633   0.20140   0.15815   0.16354   0.15386   0.00000   0.00876   1.43033   0.06473   0.01322   0.02634  
 32  0.4097   5670.479268  x:  1.09780   2.02081   2.20483   1.60911   1.14811   0.26394   1.20895   0.44079   0.57795   0.40158   1.89611   0.08201   0.19032   0.14118   0.15513   0.00000   0.00835   1.56145   0.04985   0.01301   0.03148  
 33  0.3621   5664.194791  x:  1.27816   2.22014   2.45861   1.84140   1.21797   0.29300   1.30208   0.46789   0.59552   0.41758   2.06052   0.02058   0.21284   0.12352   0.15184   0.00000   0.00765   1.68652   0.05363   0.01208   0.03681  
 34  1.6384   5660.161919  x:  1.61176   2.57616   2.90113   2.18923   1.36974   0.35388   1.46277   0.54330   0.66853   0.40931   2.42233   0.02572   0.26271   0.11973   0.15702   0.00000   0.00712   1.66008   0.04198   0.00981   0.04291  
 35  0.3794   5658.902512  x:  1.73361   2.71656   3.04612   2.31562   1.41951   0.36852   1.52453   0.55557   0.68879   0.41595   2.55011   0.00000   0.27907   0.12110   0.15646   0.00000   0.00712   1.65653   0.04087   0.01010   0.04454  
 36  0.2819   5658.350373  x:  1.94088   2.96118   3.29213   2.52469   1.50764   0.39174   1.63368   0.57816   0.72353   0.42444   2.78089   0.00000   0.30690   0.12290   0.15620   0.00000   0.00716   1.64732   0.03714   0.01064   0.04676  
 37  0.8452   5657.821375  x:  1.99670   3.03226   3.33056   2.56043   1.51500   0.39224   1.65794   0.57246   0.72373   0.42994   2.84654   0.00000   0.30296   0.12889   0.15450   0.00000   0.00746   1.62332   0.03820   0.01183   0.04482  
 38  0.0953   5655.685744  x:  2.35478   3.47767   3.67449   2.82909   1.60472   0.40506   1.84151   0.58327   0.73262   0.45353   3.32078   0.00000   0.27195   0.13161   0.15346   0.00000   0.00803   1.55341   0.03169   0.01499   0.03571  
 39  0.1929   5654.953504  x:  2.47340   3.62382   3.76777   2.89696   1.61982   0.39997   1.89539   0.58317   0.73320   0.45815   3.46932   0.00000   0.25434   0.11957   0.16254   0.00000   0.00780   1.60217   0.03204   0.01502   0.02973  
 40  0.1858   5654.888660  x:  2.48845   3.64233   3.77969   2.90565   1.62180   0.39936   1.90224   0.58319   0.73331   0.45873   3.48812   0.01491   0.25217   0.11807   0.16367   0.00000   0.00777   1.60831   0.03208   0.01502   0.02898  
 41 22.8699   5654.657168  x:  2.64028   3.81617   3.94780   3.03670   1.67282   0.40797   1.97836   0.60029   0.75201   0.46329   3.66053   0.01299   0.25608   0.11514   0.16647   0.00000   0.00748   1.64023   0.02999   0.01463   0.02725  
 42  0.3887   5654.435084  x:  2.71927   3.88188   4.05428   3.11745   1.70845   0.41629   2.01321   0.62273   0.77512   0.46175   3.71399   0.00000   0.27212   0.12030   0.16501   0.00000   0.00693   1.67889   0.02955   0.01290   0.02805  
 43  0.1078   5654.333152  x:  2.82350   3.96695   4.18256   3.21290   1.74817   0.42629   2.05877   0.65022   0.79953   0.46081   3.79102   0.00000   0.28640   0.12448   0.16369   0.00000   0.00652   1.69073   0.02891   0.01110   0.02771  
 44  0.2027   5654.236158  x:  2.90477   4.02825   4.26593   3.26926   1.76508   0.43090   2.09230   0.66845   0.80668   0.46233   3.86052   0.00000   0.28123   0.12462   0.16382   0.00000   0.00668   1.66792   0.02843   0.01050   0.02488  
 45  0.0976   5654.125988  x:  2.94387   4.00786   4.33094   3.31293   1.77806   0.44435   2.10413   0.70033   0.81319   0.46090   3.85212   0.00000   0.28588   0.12206   0.16370   0.00000   0.00743   1.62620   0.02772   0.00981   0.02543  
 46  0.0443   5654.055116  x:  2.90861   3.90851   4.31102   3.28873   1.76415   0.44887   2.07965   0.71980   0.80721   0.45738   3.76319   0.00000   0.28402   0.11925   0.16471   0.00000   0.00811   1.63451   0.02845   0.00964   0.02612  
 47  0.0742   5653.981829  x:  2.98794   3.92926   4.41731   3.36121   1.78796   0.45971   2.11305   0.75398   0.81187   0.45877   3.79628   0.00000   0.28207   0.11933   0.16563   0.00000   0.00869   1.66777   0.02778   0.00981   0.02517  
 48  0.1032   5653.947743  x:  3.00124   3.89459   4.44162   3.37605   1.79521   0.46503   2.12023   0.77091   0.80915   0.46211   3.76952   0.00000   0.28118   0.12536   0.16230   0.00000   0.00878   1.65800   0.02772   0.01049   0.02541  
 49  0.0215   5653.870343  x:  3.09456   3.92238   4.54295   3.45634   1.83948   0.47325   2.18349   0.80092   0.80821   0.47598   3.80525   0.00000   0.28094   0.12193   0.16377   0.00000   0.00704   1.66084   0.02708   0.01119   0.02508  
 50  0.0303   5653.856299  x:  3.10404   3.90572   4.54918   3.46367   1.84912   0.47468   2.19550   0.80755   0.80500   0.47724   3.79273   0.00000   0.28034   0.12071   0.16588   0.00000   0.00733   1.66069   0.02716   0.01217   0.02543  
 51  0.0113   5653.840203  x:  3.18788   3.98451   4.62455   3.52881   1.88824   0.47795   2.25096   0.81650   0.81200   0.48004   3.87035   0.00000   0.28303   0.12064   0.16741   0.00000   0.00738   1.66046   0.02649   0.01300   0.02494  
 52  0.0715   5653.822947  x:  3.22736   4.04208   4.63779   3.54822   1.91567   0.47549   2.29047   0.81111   0.81546   0.47821   3.91945   0.00000   0.28438   0.12035   0.16561   0.00000   0.00739   1.66332   0.02641   0.01313   0.02496  
 53  0.0277   5653.798935  x:  3.31614   4.09620   4.71272   3.60980   1.96478   0.48352   2.35858   0.83457   0.81981   0.47706   3.97270   0.00000   0.28360   0.11995   0.16219   0.00000   0.00765   1.66777   0.02575   0.01259   0.02521  
 54  0.0594   5653.782717  x:  3.31725   4.09344   4.69099   3.59550   1.97698   0.48432   2.37487   0.83740   0.81692   0.47621   3.96219   0.00000   0.27953   0.12122   0.16279   0.00000   0.00748   1.66592   0.02584   0.01145   0.02576  
 55  0.0125   5653.777894  x:  3.34872   4.12999   4.71108   3.61450   1.99378   0.48618   2.39805   0.83959   0.82027   0.47764   3.99275   0.00000   0.27996   0.12169   0.16493   0.00000   0.00751   1.66668   0.02559   0.01136   0.02568  
 56  0.0490   5653.775552  x:  3.34783   4.13850   4.70070   3.60599   1.99090   0.48933   2.39412   0.83759   0.82259   0.48064   3.99114   0.00000   0.28039   0.12164   0.16522   0.00000   0.00765   1.66818   0.02566   0.01127   0.02560  
 57  0.0034   5653.772888  x:  3.36811   4.15237   4.70930   3.61261   1.99812   0.49700   2.40467   0.84422   0.82433   0.48681   3.99339   0.00000   0.28017   0.12141   0.16457   0.00000   0.00757   1.66800   0.02552   0.01135   0.02562  
 58  0.0133   5653.771801  x:  3.34584   4.14198   4.67943   3.59026   1.98629   0.49853   2.38895   0.84060   0.82242   0.48538   3.97521   0.00000   0.27924   0.12168   0.16463   0.00000   0.00758   1.66760   0.02566   0.01154   0.02575  
 59  0.0127   5653.770557  x:  3.35182   4.15880   4.67533   3.58914   1.98594   0.50232   2.38912   0.84346   0.82474   0.48111   3.98109   0.00000   0.27995   0.12140   0.16457   0.00000   0.00755   1.66846   0.02562   0.01147   0.02566  
 60  0.0064   5653.770298  x:  3.35873   4.16072   4.68071   3.59361   1.98848   0.50381   2.39241   0.84696   0.82532   0.48072   3.98144   0.00000   0.28014   0.12144   0.16469   0.00000   0.00753   1.66783   0.02560   0.01153   0.02561  
 61  0.0074   5653.770280  x:  3.35983   4.16132   4.68063   3.59410   1.98909   0.50385   2.39303   0.84743   0.82530   0.48053   3.98123   0.00000   0.28002   0.12150   0.16467   0.00000   0.00755   1.66808   0.02559   0.01151   0.02562  
 62  0.0005   5653.770135  x:  3.36156   4.16272   4.67867   3.59615   1.98920   0.50254   2.39156   0.84750   0.82531   0.48064   3.97894   0.00000   0.28002   0.12146   0.16469   0.00000   0.00754   1.66818   0.02560   0.01153   0.02563  
 63  0.0006   5653.770073  x:  3.36262   4.16353   4.67552   3.59766   1.98881   0.50092   2.38910   0.84743   0.82532   0.48066   3.97567   0.00000   0.27997   0.12146   0.16466   0.00000   0.00754   1.66785   0.02560   0.01152   0.02564  
 64  0.0056   5653.770052  x:  3.36037   4.16070   4.67234   3.59525   1.98801   0.50037   2.38730   0.84705   0.82523   0.48050   3.97336   0.00000   0.27999   0.12147   0.16467   0.00000   0.00754   1.66750   0.02562   0.01151   0.02563  
 65  0.0008   5653.770027  x:  3.35697   4.15566   4.66629   3.59077   1.98732   0.49920   2.38488   0.84621   0.82500   0.48028   3.96972   0.00000   0.28005   0.12147   0.16468   0.00000   0.00754   1.66740   0.02565   0.01151   0.02561  
 66  0.0067   5653.770019  x:  3.35786   4.15615   4.66623   3.59096   1.98793   0.49910   2.38563   0.84612   0.82494   0.48035   3.97036   0.00000   0.28008   0.12145   0.16467   0.00000   0.00754   1.66772   0.02565   0.01153   0.02561  
 67  0.0009   5653.770002  x:  3.35893   4.15665   4.66674   3.59152   1.98757   0.49955   2.38571   0.84611   0.82467   0.48052   3.97109   0.00000   0.28006   0.12145   0.16466   0.00000   0.00754   1.66767   0.02564   0.01152   0.02562  
 68  0.0002   5653.769982  x:  3.35984   4.15468   4.66482   3.59048   1.98622   0.50006   2.38449   0.84571   0.82390   0.48086   3.97073   0.00000   0.28009   0.12146   0.16466   0.00000   0.00754   1.66758   0.02565   0.01151   0.02562  
 69  0.0032   5653.769980  x:  3.35916   4.15319   4.66348   3.58945   1.98595   0.49983   2.38385   0.84555   0.82389   0.48080   3.96981   0.00000   0.28011   0.12146   0.16467   0.00000   0.00754   1.66761   0.02566   0.01151   0.02561  
 70  0.0013   5653.769975  x:  3.35894   4.15138   4.66237   3.58857   1.98554   0.49967   2.38332   0.84531   0.82427   0.48050   3.96924   0.00000   0.28011   0.12146   0.16468   0.00000   0.00754   1.66765   0.02566   0.01152   0.02561  
 71  0.0004   5653.769971  x:  3.36031   4.15268   4.66390   3.58979   1.98560   0.50005   2.38410   0.84540   0.82456   0.48040   3.97063   0.00000   0.28006   0.12146   0.16467   0.00000   0.00754   1.66759   0.02565   0.01152   0.02562  
 72  0.0017   5653.769971  x:  3.36022   4.15264   4.66381   3.58973   1.98561   0.50002   2.38406   0.84540   0.82453   0.48041   3.97055   0.00000   0.28006   0.12146   0.16467   0.00000   0.00754   1.66759   0.02566   0.01152   0.02562  
 73  0.0002   5653.769970  x:  3.36014   4.15260   4.66373   3.58967   1.98559   0.50000   2.38404   0.84540   0.82450   0.48042   3.97047   0.00000   0.28007   0.12146   0.16467   0.00000   0.00754   1.66759   0.02566   0.01152   0.02562  
 74  0.0001   5653.769970  x:  3.35999   4.15253   4.66355   3.58956   1.98553   0.49996   2.38401   0.84539   0.82446   0.48044   3.97032   0.00000   0.28007   0.12146   0.16467   0.00000   0.00754   1.66759   0.02566   0.01152   0.02562  
 75  0.0002   5653.769970  x:  3.35982   4.15242   4.66329   3.58943   1.98535   0.49990   2.38403   0.84539   0.82444   0.48045   3.97013   0.00000   0.28007   0.12146   0.16467   0.00000   0.00754   1.66759   0.02566   0.01152   0.02562  
 76  0.0002   5653.769970  x:  3.35989   4.15242   4.66328   3.58947   1.98518   0.49991   2.38414   0.84539   0.82449   0.48042   3.97016   0.00000   0.28007   0.12146   0.16467   0.00000   0.00754   1.66759   0.02566   0.01152   0.02562  
 77  0.0001   5653.769970  x:  3.36005   4.15250   4.66348   3.58958   1.98527   0.49996   2.38416   0.84539   0.82453   0.48040   3.97032   0.00000   0.28006   0.12146   0.16467   0.00000   0.00754   1.66759   0.02566   0.01152   0.02562  
 78  0.0001   5653.769970  x:  3.36004   4.15250   4.66347   3.58958   1.98527   0.49996   2.38416   0.84539   0.82453   0.48040   3.97031   0.00000   0.28007   0.12146   0.16467   0.00000   0.00754   1.66759   0.02566   0.01152   0.02562  
 79  0.0002   5653.769970  x:  3.36004   4.15250   4.66347   3.58958   1.98527   0.49996   2.38416   0.84539   0.82452   0.48040   3.97031   0.00000   0.28007   0.12146   0.16467   0.00000   0.00754   1.66759   0.02566   0.01152   0.02562  
 80  0.0002   5653.769970  x:  3.36004   4.15250   4.66347   3.58958   1.98526   0.49995   2.38416   0.84539   0.82452   0.48040   3.97031   0.00000   0.28007   0.12146   0.16467   0.00000   0.00754   1.66759   0.02566   0.01152   0.02562  
 81  0.0002   5653.769970  x:  3.36003   4.15249   4.66346   3.58957   1.98526   0.49995   2.38416   0.84539   0.82452   0.48040   3.97030   0.00000   0.28007   0.12146   0.16467   0.00000   0.00754   1.66759   0.02566   0.01152   0.02562  
 82  0.0002   5653.769970  x:  3.36003   4.15249   4.66346   3.58957   1.98526   0.49995   2.38416   0.84539   0.82452   0.48040   3.97030   0.00000   0.28007   0.12146   0.16467   0.00000   0.00754   1.66759   0.02566   0.01152   0.02562  
 83  0.0002   5653.769970  x:  3.36003   4.15249   4.66346   3.58957   1.98526   0.49995   2.38416   0.84539   0.82452   0.48040   3.97030   0.00000   0.28007   0.12146   0.16467   0.00000   0.00754   1.66759   0.02566   0.01152   0.02562  
 84  0.0002   5653.769970  x:  3.36002   4.15249   4.66345   3.58956   1.98526   0.49995   2.38415   0.84539   0.82452   0.48040   3.97029   0.00000   0.28007   0.12146   0.16467   0.00000   0.00754   1.66759   0.02566   0.01152   0.02562  
 85  0.0002   5653.769970  x:  3.36002   4.15249   4.66345   3.58956   1.98526   0.49995   2.38415   0.84539   0.82452   0.48040   3.97029   0.00000   0.28007   0.12146   0.16467   0.00000   0.00754   1.66759   0.02566   0.01152   0.02562  
 86  0.0002   5653.769970  x:  3.36002   4.15248   4.66344   3.58956   1.98525   0.49995   2.38415   0.84539   0.82452   0.48040   3.97028   0.00000   0.28007   0.12146   0.16467   0.00000   0.00754   1.66759   0.02566   0.01152   0.02562  
 87  0.0002   5653.769970  x:  3.36001   4.15248   4.66344   3.58956   1.98525   0.49995   2.38415   0.84539   0.82452   0.48040   3.97028   0.00000   0.28007   0.12146   0.16467   0.00000   0.00754   1.66759   0.02566   0.01152   0.02562  
 88  0.0002   5653.769970  x:  3.36001   4.15248   4.66344   3.58955   1.98525   0.49995   2.38415   0.84539   0.82452   0.48040   3.97028   0.00000   0.28007   0.12146   0.16467   0.00000   0.00754   1.66759   0.02566   0.01152   0.02562  
 89  0.0002   5653.769970  x:  3.36001   4.15248   4.66343   3.58955   1.98525   0.49995   2.38415   0.84539   0.82452   0.48040   3.97028   0.00000   0.28007   0.12146   0.16467   0.00000   0.00754   1.66759   0.02566   0.01152   0.02562  
 90  0.0002   5653.769970  x:  3.36001   4.15248   4.66343   3.58954   1.98525   0.49994   2.38415   0.84539   0.82452   0.48040   3.97027   0.00000   0.28007   0.12146   0.16467   0.00000   0.00754   1.66759   0.02566   0.01152   0.02562  
 91  0.0002   5653.769970  x:  3.36000   4.15247   4.66342   3.58954   1.98524   0.49994   2.38415   0.84539   0.82451   0.48040   3.97027   0.00000   0.28007   0.12146   0.16467   0.00000   0.00754   1.66759   0.02566   0.01152   0.02562  
 92  0.0002   5653.769970  x:  3.36000   4.15247   4.66342   3.58954   1.98524   0.49994   2.38415   0.84539   0.82451   0.48040   3.97026   0.00000   0.28007   0.12146   0.16467   0.00000   0.00754   1.66759   0.02566   0.01152   0.02562  
 93  0.0002   5653.769970  x:  3.36000   4.15247   4.66342   3.58953   1.98524   0.49994   2.38415   0.84539   0.82451   0.48041   3.97026   0.00000   0.28007   0.12146   0.16467   0.00000   0.00754   1.66759   0.02566   0.01152   0.02562  
 94  0.0002   5653.769970  x:  3.35999   4.15247   4.66341   3.58953   1.98524   0.49994   2.38415   0.84539   0.82451   0.48041   3.97026   0.00000   0.28007   0.12146   0.16467   0.00000   0.00754   1.66759   0.02566   0.01152   0.02562  
 95  0.0002   5653.769970  x:  3.35999   4.15247   4.66341   3.58952   1.98524   0.49994   2.38415   0.84539   0.82451   0.48041   3.97025   0.00000   0.28007   0.12146   0.16467   0.00000   0.00754   1.66759   0.02566   0.01152   0.02562  
 96  0.0002   5653.769970  x:  3.35999   4.15246   4.66340   3.58952   1.98523   0.49994   2.38415   0.84539   0.82451   0.48041   3.97025   0.00000   0.28007   0.12146   0.16467   0.00000   0.00754   1.66759   0.02566   0.01152   0.02562  
 97  0.0002   5653.769970  x:  3.35998   4.15246   4.66340   3.58951   1.98523   0.49993   2.38415   0.84539   0.82451   0.48041   3.97024   0.00000   0.28007   0.12146   0.16467   0.00000   0.00754   1.66759   0.02566   0.01152   0.02562  
 98  0.0002   5653.769970  x:  3.35998   4.15246   4.66340   3.58951   1.98523   0.49993   2.38415   0.84539   0.82451   0.48041   3.97024   0.00000   0.28007   0.12146   0.16467   0.00000   0.00754   1.66759   0.02566   0.01152   0.02562  
 99  0.0002   5653.769970  x:  3.35998   4.15246   4.66339   3.58950   1.98523   0.49993   2.38414   0.84539   0.82451   0.48041   3.97024   0.00000   0.28007   0.12146   0.16467   0.00000   0.00754   1.66759   0.02566   0.01152   0.02562  
100  0.0002   5653.769970  x:  3.35997   4.15245   4.66339   3.58950   1.98522   0.49993   2.38414   0.84539   0.82451   0.48041   3.97023   0.00000   0.28007   0.12146   0.16467   0.00000   0.00754   1.66759   0.02566   0.01152   0.02562  
101  0.0002   5653.769970  x:  3.35997   4.15245   4.66339   3.58949   1.98522   0.49993   2.38414   0.84539   0.82451   0.48041   3.97023   0.00000   0.28007   0.12146   0.16467   0.00000   0.00754   1.66759   0.02566   0.01152   0.02562  
102  0.0002   5653.769970  x:  3.35997   4.15245   4.66338   3.58949   1.98522   0.49993   2.38414   0.84539   0.82451   0.48041   3.97022   0.00000   0.28007   0.12146   0.16467   0.00000   0.00754   1.66759   0.02566   0.01152   0.02562  
103  0.0002   5653.769970  x:  3.35997   4.15245   4.66338   3.58948   1.98522   0.49993   2.38414   0.84539   0.82450   0.48041   3.97022   0.00000   0.28007   0.12146   0.16467   0.00000   0.00754   1.66759   0.02566   0.01152   0.02562  
104  0.0002   5653.769970  x:  3.35996   4.15244   4.66338   3.58948   1.98521   0.49992   2.38414   0.84539   0.82450   0.48041   3.97022   0.00000   0.28007   0.12146   0.16467   0.00000   0.00754   1.66759   0.02566   0.01152   0.02562  
105  0.0002   5653.769970  x:  3.35996   4.15244   4.66337   3.58947   1.98521   0.49992   2.38414   0.84539   0.82450   0.48041   3.97021   0.00000   0.28007   0.12146   0.16467   0.00000   0.00754   1.66759   0.02566   0.01152   0.02562  
106  0.0002   5653.769970  x:  3.35996   4.15244   4.66337   3.58946   1.98521   0.49992   2.38414   0.84539   0.82450   0.48041   3.97021   0.00000   0.28007   0.12146   0.16467   0.00000   0.00754   1.66759   0.02566   0.01152   0.02562  
107  0.0002   5653.769970  x:  3.35996   4.15244   4.66337   3.58946   1.98521   0.49992   2.38414   0.84539   0.82450   0.48041   3.97020   0.00000   0.28007   0.12146   0.16467   0.00000   0.00754   1.66759   0.02566   0.01152   0.02562  
108  0.0002   5653.769970  x:  3.35996   4.15244   4.66336   3.58945   1.98521   0.49992   2.38413   0.84539   0.82450   0.48041   3.97020   0.00000   0.28007   0.12146   0.16467   0.00000   0.00754   1.66759   0.02566   0.01152   0.02562  
109  0.0002   5653.769970  x:  3.35995   4.15243   4.66336   3.58945   1.98520   0.49992   2.38413   0.84539   0.82450   0.48041   3.97019   0.00000   0.28007   0.12146   0.16467   0.00000   0.00754   1.66759   0.02566   0.01152   0.02562  
110  0.0002   5653.769970  x:  3.35995   4.15243   4.66336   3.58944   1.98520   0.49991   2.38413   0.84539   0.82450   0.48041   3.97019   0.00000   0.28007   0.12146   0.16467   0.00000   0.00754   1.66759   0.02566   0.01152   0.02562  
111  0.0002   5653.769970  x:  3.35995   4.15243   4.66336   3.58943   1.98520   0.49991   2.38413   0.84539   0.82450   0.48041   3.97019   0.00000   0.28007   0.12146   0.16467   0.00000   0.00754   1.66759   0.02566   0.01152   0.02562  
112  0.0002   5653.769970  x:  3.35995   4.15243   4.66336   3.58943   1.98520   0.49991   2.38413   0.84539   0.82450   0.48041   3.97018   0.00000   0.28007   0.12146   0.16467   0.00000   0.00754   1.66759   0.02566   0.01152   0.02562  
113  0.0002   5653.769970  x:  3.35995   4.15242   4.66335   3.58942   1.98520   0.49991   2.38413   0.84538   0.82450   0.48041   3.97018   0.00000   0.28007   0.12146   0.16467   0.00000   0.00754   1.66759   0.02566   0.01152   0.02562  
114  0.0002   5653.769970  x:  3.35994   4.15242   4.66335   3.58941   1.98519   0.49991   2.38413   0.84538   0.82450   0.48041   3.97018   0.00000   0.28007   0.12146   0.16467   0.00000   0.00754   1.66759   0.02566   0.01152   0.02562  
115  0.0002   5653.769970  x:  3.35994   4.15242   4.66335   3.58941   1.98519   0.49991   2.38413   0.84538   0.82450   0.48041   3.97017   0.00000   0.28007   0.12146   0.16467   0.00000   0.00754   1.66759   0.02566   0.01152   0.02562  
116  0.0001   5653.769970  x:  3.35994   4.15242   4.66335   3.58940   1.98519   0.49991   2.38412   0.84538   0.82449   0.48041   3.97017   0.00000   0.28007   0.12146   0.16467   0.00000   0.00754   1.66759   0.02566   0.01152   0.02562  
117  0.0001   5653.769970  x:  3.35994   4.15242   4.66335   3.58939   1.98519   0.49990   2.38412   0.84538   0.82449   0.48041   3.97017   0.00000   0.28007   0.12146   0.16467   0.00000   0.00754   1.66759   0.02566   0.01152   0.02562  
118  0.0001   5653.769970  x:  3.35994   4.15241   4.66335   3.58939   1.98519   0.49990   2.38412   0.84538   0.82449   0.48041   3.97016   0.00000   0.28007   0.12146   0.16467   0.00000   0.00754   1.66759   0.02566   0.01152   0.02562  
119  0.0001   5653.769970  x:  3.35994   4.15241   4.66335   3.58938   1.98519   0.49990   2.38412   0.84538   0.82449   0.48041   3.97016   0.00000   0.28007   0.12146   0.16467   0.00000   0.00754   1.66759   0.02566   0.01152   0.02562  
120  0.0001   5653.769970  x:  3.35994   4.15241   4.66335   3.58938   1.98518   0.49990   2.38412   0.84538   0.82449   0.48041   3.97016   0.00000   0.28007   0.12146   0.16467   0.00000   0.00754   1.66759   0.02566   0.01152   0.02562  
121  0.0001   5653.769970  x:  3.35994   4.15241   4.66335   3.58937   1.98518   0.49990   2.38412   0.84538   0.82449   0.48041   3.97015   0.00000   0.28007   0.12146   0.16467   0.00000   0.00754   1.66759   0.02566   0.01152   0.02562  
122  0.0001   5653.769970  x:  3.35994   4.15240   4.66335   3.58936   1.98518   0.49990   2.38412   0.84538   0.82449   0.48041   3.97015   0.00000   0.28007   0.12146   0.16467   0.00000   0.00754   1.66759   0.02566   0.01152   0.02562  
123  0.0001   5653.769970  x:  3.35994   4.15240   4.66335   3.58936   1.98518   0.49990   2.38411   0.84538   0.82449   0.48041   3.97015   0.00000   0.28007   0.12146   0.16467   0.00000   0.00754   1.66759   0.02566   0.01152   0.02562  
124  0.0001   5653.769970  x:  3.35994   4.15240   4.66335   3.58935   1.98518   0.49990   2.38411   0.84538   0.82449   0.48041   3.97014   0.00000   0.28007   0.12146   0.16467   0.00000   0.00754   1.66759   0.02566   0.01152   0.02562  
125  0.0001   5653.769970  x:  3.35994   4.15240   4.66335   3.58934   1.98518   0.49989   2.38411   0.84538   0.82449   0.48041   3.97014   0.00000   0.28007   0.12146   0.16467   0.00000   0.00754   1.66759   0.02566   0.01152   0.02562  
126  0.0001   5653.769970  x:  3.35994   4.15240   4.66335   3.58934   1.98518   0.49989   2.38411   0.84538   0.82449   0.48041   3.97014   0.00000   0.28007   0.12146   0.16467   0.00000   0.00754   1.66759   0.02566   0.01152   0.02562  
127  0.0001   5653.769970  x:  3.35994   4.15240   4.66335   3.58933   1.98517   0.49989   2.38411   0.84538   0.82449   0.48041   3.97014   0.00000   0.28007   0.12146   0.16467   0.00000   0.00754   1.66759   0.02566   0.01152   0.02562  
128  0.0001   5653.769970  x:  3.35994   4.15239   4.66335   3.58932   1.98517   0.49989   2.38411   0.84538   0.82449   0.48041   3.97013   0.00000   0.28007   0.12146   0.16467   0.00000   0.00754   1.66759   0.02566   0.01152   0.02562  
129  0.0001   5653.769970  x:  3.35994   4.15239   4.66335   3.58932   1.98517   0.49989   2.38411   0.84538   0.82449   0.48041   3.97013   0.00000   0.28007   0.12146   0.16467   0.00000   0.00754   1.66759   0.02566   0.01152   0.02562  
130  0.0001   5653.769970  x:  3.35994   4.15239   4.66335   3.58931   1.98517   0.49989   2.38410   0.84538   0.82449   0.48041   3.97013   0.00000   0.28007   0.12146   0.16467   0.00000   0.00754   1.66758   0.02566   0.01152   0.02562  
131  0.0001   5653.769970  x:  3.35995   4.15239   4.66336   3.58930   1.98517   0.49989   2.38410   0.84538   0.82449   0.48041   3.97013   0.00000   0.28007   0.12146   0.16467   0.00000   0.00754   1.66758   0.02566   0.01152   0.02562  
132  0.0001   5653.769970  x:  3.35995   4.15239   4.66336   3.58930   1.98517   0.49989   2.38410   0.84538   0.82449   0.48041   3.97012   0.00000   0.28007   0.12146   0.16467   0.00000   0.00754   1.66758   0.02566   0.01152   0.02562  
133  0.0000   5653.769970  x:  3.35995   4.15239   4.66336   3.58929   1.98517   0.49989   2.38410   0.84538   0.82449   0.48041   3.97012   0.00000   0.28007   0.12146   0.16467   0.00000   0.00754   1.66758   0.02566   0.01152   0.02562  
134  0.0000   5653.769970  x:  3.35995   4.15239   4.66337   3.58929   1.98517   0.49989   2.38410   0.84537   0.82449   0.48041   3.97012   0.00000   0.28007   0.12146   0.16467   0.00000   0.00754   1.66758   0.02566   0.01152   0.02562  
135  0.0000   5653.769970  x:  3.35996   4.15238   4.66337   3.58928   1.98517   0.49989   2.38409   0.84537   0.82449   0.48041   3.97012   0.00000   0.28007   0.12146   0.16467   0.00000   0.00754   1.66758   0.02566   0.01152   0.02562  
136  0.0000   5653.769970  x:  3.35996   4.15238   4.66338   3.58927   1.98517   0.49989   2.38409   0.84537   0.82449   0.48040   3.97011   0.00000   0.28007   0.12146   0.16467   0.00000   0.00754   1.66758   0.02566   0.01152   0.02562  
137  0.0000   5653.769970  x:  3.35999   4.15238   4.66341   3.58927   1.98518   0.49989   2.38408   0.84536   0.82450   0.48040   3.97012   0.00000   0.28007   0.12146   0.16467   0.00000   0.00754   1.66758   0.02566   0.01152   0.02562  
138  0.0000   5653.769970  x:  3.35998   4.15238   4.66340   3.58927   1.98518   0.49989   2.38409   0.84537   0.82450   0.48040   3.97012   0.00000   0.28007   0.12146   0.16467   0.00000   0.00754   1.66758   0.02566   0.01152   0.02562  
139  0.0000   5653.769970  x:  3.35997   4.15239   4.66338   3.58929   1.98517   0.49989   2.38409   0.84537   0.82450   0.48040   3.97012   0.00000   0.28007   0.12146   0.16467   0.00000   0.00754   1.66758   0.02566   0.01152   0.02562  
140  0.0000   5653.769970  x:  3.36000   4.15239   4.66342   3.58929   1.98518   0.49990   2.38409   0.84536   0.82450   0.48040   3.97012   0.00000   0.28007   0.12146   0.16467   0.00000   0.00754   1.66758   0.02566   0.01152   0.02562  
141  0.0000   5653.769970  x:  3.35999   4.15239   4.66341   3.58929   1.98518   0.49990   2.38409   0.84536   0.82450   0.48040   3.97012   0.00000   0.28007   0.12146   0.16467   0.00000   0.00754   1.66758   0.02566   0.01152   0.02562  
142  0.0000   5653.769970  x:  3.35999   4.15239   4.66341   3.58929   1.98518   0.49990   2.38409   0.84536   0.82450   0.48040   3.97012   0.00000   0.28007   0.12146   0.16467   0.00000   0.00754   1.66758   0.02566   0.01152   0.02562  
143  0.0000   5653.769970  x:  3.35999   4.15239   4.66341   3.58929   1.98518   0.49990   2.38409   0.84536   0.82450   0.48040   3.97012   0.00000   0.28007   0.12146   0.16467   0.00000   0.00754   1.66758   0.02566   0.01152   0.02562  
144  0.0000   5653.769970  x:  3.35999   4.15239   4.66341   3.58929   1.98518   0.49990   2.38409   0.84536   0.82450   0.48040   3.97012   0.00000   0.28007   0.12146   0.16467   0.00000   0.00754   1.66758   0.02566   0.01152   0.02562  
145  0.0032   5653.769970  x:  3.35999   4.15239   4.66341   3.58929   1.98518   0.49990   2.38409   0.84536   0.82450   0.48040   3.97012   0.00000   0.28007   0.12146   0.16467   0.00000   0.00754   1.66758   0.02566   0.01152   0.02562  
146  0.0025   5653.769970  x:  3.35999   4.15239   4.66341   3.58929   1.98518   0.49990   2.38409   0.84536   0.82450   0.48040   3.97012   0.00000   0.28007   0.12146   0.16467   0.00000   0.00754   1.66758   0.02566   0.01152   0.02562  
147  0.0009   5653.769970  x:  3.35999   4.15239   4.66341   3.58929   1.98518   0.49990   2.38409   0.84536   0.82450   0.48040   3.97012   0.00000   0.28007   0.12146   0.16467   0.00000   0.00754   1.66758   0.02566   0.01152   0.02562  
148  0.0007   5653.769970  x:  3.35999   4.15239   4.66341   3.58929   1.98518   0.49990   2.38409   0.84536   0.82450   0.48040   3.97012   0.00000   0.28007   0.12146   0.16467   0.00000   0.00754   1.66758   0.02566   0.01152   0.02562  
149  0.0017   5653.769970  x:  3.35999   4.15239   4.66341   3.58929   1.98518   0.49990   2.38409   0.84536   0.82450   0.48040   3.97012   0.00000   0.28007   0.12146   0.16467   0.00000   0.00754   1.66758   0.02566   0.01152   0.02562  
150  0.0003   5653.769970  x:  3.35999   4.15239   4.66341   3.58929   1.98518   0.49990   2.38409   0.84537   0.82450   0.48040   3.97012   0.00000   0.28007   0.12146   0.16467   0.00000   0.00754   1.66758   0.02566   0.01152   0.02562  
151  0.0008   5653.769970  x:  3.35999   4.15239   4.66341   3.58929   1.98518   0.49990   2.38409   0.84537   0.82450   0.48040   3.97012   0.00000   0.28007   0.12146   0.16467   0.00000   0.00754   1.66759   0.02566   0.01152   0.02562  
152  0.0012   5653.769970  x:  3.35999   4.15239   4.66341   3.58929   1.98518   0.49990   2.38410   0.84537   0.82450   0.48041   3.97012   0.00000   0.28007   0.12146   0.16467   0.00000   0.00754   1.66758   0.02566   0.01152   0.02562  
153  0.0003   5653.769970  x:  3.35998   4.15239   4.66340   3.58930   1.98518   0.49990   2.38410   0.84537   0.82450   0.48040   3.97012   0.00000   0.28007   0.12146   0.16467   0.00000   0.00754   1.66758   0.02566   0.01152   0.02562  
154  0.0003   5653.769970  x:  3.35998   4.15239   4.66340   3.58930   1.98518   0.49990   2.38410   0.84537   0.82450   0.48040   3.97012   0.00000   0.28007   0.12146   0.16467   0.00000   0.00754   1.66758   0.02566   0.01152   0.02562  
155  0.0003   5653.769970  x:  3.35998   4.15239   4.66340   3.58930   1.98518   0.49990   2.38410   0.84537   0.82450   0.48040   3.97012   0.00000   0.28007   0.12146   0.16467   0.00000   0.00754   1.66758   0.02566   0.01152   0.02562  
check convergence!
