

TREE # 1

  0  0.0000   6555.374463  x:  0.06375   1.05390   1.23137   0.25136   0.83706   0.17896   0.68087   0.16472   0.47699   0.52597   0.93451   0.15241   0.09145   0.10072   0.11486   0.08619   0.00000   2.00000   0.20000   0.20000   0.20000  
  1 99.0000   6545.152568  x:  0.07603   1.05695   1.23559   0.26064   0.83820   0.18084   0.68082   0.17023   0.47763   0.52581   0.93830   0.15513   0.09474   0.10225   0.11725   0.08422   0.05505   1.99743   0.20802   0.19492   0.19560  
  2 1196.0965   6488.507058  x:  0.23148   1.09683   1.29177   0.38231   0.85269   0.20450   0.67890   0.24223   0.48535   0.52261   0.98882   0.18983   0.13620   0.11314   0.12237   0.01675   0.04887   1.96281   0.27389   0.12564   0.13746  
  3 446.8942   6435.386614  x:  0.40634   1.14406   1.36274   0.52551   0.86776   0.22714   0.67106   0.32431   0.49160   0.51412   1.05171   0.22491   0.17674   0.12313   0.12853   0.09004   0.04061   1.91897   0.23507   0.02783   0.05444  
  4 948.6019   6411.274543  x:  0.48508   1.16691   1.39932   0.59200   0.87426   0.23519   0.66514   0.36086   0.49393   0.50845   1.08288   0.24046   0.19344   0.12728   0.13130   0.09248   0.04083   1.89547   0.17841   0.05269   0.00927  
  5 835.0589   6407.170333  x:  0.51090   1.17656   1.41615   0.61602   0.87695   0.23693   0.66205   0.37326   0.49518   0.50578   1.09626   0.24202   0.19458   0.12541   0.13391   0.09283   0.04108   1.88376   0.15894   0.05957   0.03241  
  6 402.4457   6401.865231  x:  0.52590   1.19923   1.46415   0.64814   0.88292   0.23112   0.65116   0.38445   0.49950   0.49766   1.12930   0.21756   0.16223   0.10351   0.13948   0.11975   0.03799   1.84606   0.17947   0.09446   0.04162  
  7 153.3374   6394.496823  x:  0.52263   1.23156   1.53867   0.67975   0.89057   0.21585   0.63261   0.38904   0.50610   0.48460   1.17701   0.16730   0.09847   0.06888   0.15130   0.11258   0.03893   1.78646   0.16821   0.09173   0.03743  
  8 260.8644   6384.200078  x:  0.43308   1.31644   1.75258   0.71697   0.91137   0.16087   0.58140   0.37240   0.52682   0.45099   1.30448   0.15046   0.06356   0.15308   0.19489   0.10710   0.03754   1.60953   0.15953   0.08718   0.03449  
  9 146.1893   6368.658326  x:  0.26159   1.44406   2.08512   0.74996   0.94662   0.08204   0.51394   0.34637   0.55895   0.40841   1.49650   0.19844   0.12590   0.10780   0.17872   0.09610   0.04099   1.33722   0.14311   0.07342   0.02920  
 10 314.9016   6365.389702  x:  0.20692   1.48240   2.19235   0.73546   0.97641   0.13400   0.56050   0.39069   0.56491   0.44138   1.54183   0.19664   0.11912   0.12223   0.12332   0.09417   0.04346   1.30563   0.13482   0.07185   0.02958  
 11 56.0843   6363.897089  x:  0.18259   1.51373   2.27533   0.71060   0.99233   0.16711   0.60383   0.41209   0.55784   0.46653   1.56573   0.20068   0.12813   0.10941   0.16838   0.09448   0.04212   1.32261   0.13067   0.07281   0.02775  
 12 45.4844   6361.691981  x:  0.20890   1.59607   2.46381   0.64631   0.98723   0.15424   0.65090   0.36874   0.51321   0.47456   1.59676   0.20184   0.13220   0.11086   0.15311   0.09487   0.04227   1.43744   0.12889   0.07270   0.02806  
 13 29.5792   6361.312548  x:  0.20519   1.60891   2.50567   0.64578   0.97704   0.15405   0.62164   0.38086   0.55725   0.48554   1.57812   0.20295   0.13239   0.11044   0.15208   0.09505   0.04220   1.47212   0.12844   0.07295   0.02808  
 14  8.0257   6360.838940  x:  0.18982   1.61536   2.55191   0.66687   0.96954   0.18367   0.59342   0.39907   0.55301   0.44190   1.53028   0.20300   0.13419   0.10988   0.15197   0.09435   0.04209   1.49392   0.12911   0.07262   0.02805  
 15  6.5973   6358.825645  x:  0.19719   1.62157   2.69218   0.76341   0.92063   0.16025   0.63213   0.40901   0.52518   0.47920   1.32308   0.20404   0.13331   0.10762   0.15251   0.09647   0.04043   1.44588   0.12763   0.07348   0.02715  
 16  6.8080   6355.415489  x:  0.29129   1.60930   2.79381   0.80058   1.00257   0.24858   0.63198   0.31073   0.57751   0.48928   1.29767   0.20822   0.13308   0.10040   0.15734   0.10113   0.03679   1.39089   0.12106   0.07564   0.02494  
 17  6.0831   6335.186339  x:  0.68976   1.49493   3.22026   0.88489   1.30119   0.10982   0.62471   0.64668   0.61721   0.39618   1.69703   0.20086   0.14876   0.07518   0.15994   0.11158   0.01656   1.32370   0.09551   0.08078   0.01302  
 18 17.9337   6329.001471  x:  0.63780   1.51523   3.27848   1.18931   1.13944   0.18495   0.60654   0.60993   0.55623   0.50400   1.99017   0.14433   0.20224   0.07330   0.15545   0.10880   0.01205   1.43764   0.09094   0.08101   0.01029  
 19 22.5793   6328.227927  x:  0.63184   1.55427   3.27135   1.21701   1.08808   0.19782   0.63585   0.60485   0.57519   0.48734   2.02361   0.20978   0.15387   0.06700   0.15686   0.10800   0.01159   1.44502   0.09013   0.07992   0.01012  
 20 11.5510   6326.944960  x:  0.64716   1.70382   3.23657   1.20834   0.98857   0.22158   0.70543   0.61070   0.64113   0.42591   2.04492   0.17166   0.18396   0.07118   0.15605   0.10858   0.01045   1.42165   0.08883   0.08091   0.01041  
 21  7.4909   6323.641156  x:  0.66972   2.08991   3.16518   1.19055   1.00210   0.26394   0.59693   0.65539   0.55824   0.50742   2.04281   0.19352   0.17108   0.07542   0.15683   0.10649   0.00790   1.39845   0.09117   0.08012   0.01308  
 22  6.8201   6320.663333  x:  0.61122   2.19552   3.18975   1.37337   1.22087   0.16278   0.69449   0.63960   0.62024   0.46391   2.05908   0.19255   0.17517   0.08498   0.15030   0.10181   0.00644   1.50824   0.09339   0.07909   0.01654  
 23  7.5516   6318.666809  x:  0.68513   1.91886   3.37276   1.34780   1.10948   0.20131   0.70142   0.65075   0.63149   0.45546   2.12917   0.19732   0.17157   0.09251   0.14940   0.09766   0.00507   1.48722   0.09989   0.07596   0.01932  
 24  4.5347   6311.427648  x:  0.78454   2.08955   3.83458   1.47057   1.19707   0.22288   0.71532   0.69484   0.65663   0.47427   2.21562   0.21489   0.15296   0.12822   0.14964   0.05776   0.00816   1.44521   0.08419   0.04543   0.02265  
 25  0.5988   6305.639986  x:  0.96916   2.34520   4.59690   1.68695   1.31903   0.25417   0.77402   0.76934   0.71817   0.49059   2.41756   0.18579   0.17475   0.12229   0.14108   0.05239   0.02045   1.41567   0.06744   0.06750   0.03063  
 26  0.5062   6302.941049  x:  1.07280   2.40142   4.92109   1.78914   1.35325   0.25860   0.79749   0.80022   0.74146   0.48604   2.51648   0.17373   0.18346   0.10455   0.14329   0.04837   0.02658   1.42193   0.07110   0.07055   0.02905  
 27  0.4954   6299.618737  x:  1.40001   2.73628   5.80303   2.14990   1.49203   0.28425   0.87529   0.92537   0.80560   0.48654   2.88220   0.18559   0.17453   0.09437   0.14954   0.04885   0.02632   1.44273   0.05601   0.06742   0.02422  
 28  0.6043   6298.109280  x:  1.63926   2.83850   6.24738   2.36067   1.54153   0.29850   0.92081   0.99857   0.82851   0.49176   3.12241   0.19806   0.16294   0.10604   0.15349   0.06371   0.02343   1.46411   0.05446   0.06504   0.01776  
 29  0.3938   6297.470111  x:  1.84870   2.98488   6.75220   2.57843   1.61340   0.31396   0.97782   1.06697   0.86111   0.50427   3.37030   0.18466   0.17275   0.10775   0.14757   0.05868   0.02308   1.45699   0.04870   0.05951   0.01946  
 30  0.5386   6297.169492  x:  1.92621   3.01369   6.90286   2.65343   1.63711   0.31843   1.00212   1.08639   0.86881   0.51399   3.46635   0.17450   0.18109   0.10626   0.14409   0.05444   0.02265   1.44911   0.04878   0.05810   0.02301  
 31  0.2339   6296.990462  x:  2.08312   3.14553   7.22721   2.80745   1.70819   0.33102   1.04998   1.13759   0.89297   0.52707   3.64813   0.17579   0.18215   0.10483   0.14771   0.05779   0.02086   1.44593   0.04567   0.06190   0.02419  
 32  0.3128   6296.923289  x:  2.15016   3.24537   7.35192   2.87423   1.75943   0.33627   1.07857   1.16158   0.90690   0.53259   3.73469   0.18269   0.17719   0.10702   0.14772   0.05686   0.02070   1.44994   0.04499   0.06159   0.02281  
 33  0.1021   6296.904261  x:  2.19281   3.31401   7.45074   2.91692   1.79127   0.34136   1.09767   1.17931   0.91767   0.53566   3.79450   0.17965   0.17937   0.10623   0.14668   0.05633   0.02114   1.45039   0.04393   0.06139   0.02245  
 34  0.1186   6296.892939  x:  2.18063   3.33969   7.42569   2.90016   1.79930   0.34482   1.10249   1.18125   0.91989   0.53593   3.79627   0.17666   0.18133   0.10521   0.14653   0.05686   0.02180   1.45084   0.04407   0.06192   0.02253  
 35  0.0239   6296.883856  x:  2.16929   3.36186   7.40880   2.88221   1.80215   0.35152   1.10791   1.18772   0.92120   0.53708   3.81039   0.17908   0.17932   0.10677   0.14729   0.05663   0.02193   1.45069   0.04393   0.06139   0.02303  
 36  0.0152   6296.878088  x:  2.14921   3.35130   7.38149   2.85856   1.79204   0.35394   1.10555   1.19111   0.91830   0.53654   3.81409   0.17912   0.17962   0.10588   0.14646   0.05694   0.02129   1.45101   0.04411   0.06110   0.02308  
 37  0.0147   6296.874505  x:  2.15606   3.36608   7.42921   2.86978   1.79970   0.35512   1.11235   1.20314   0.92152   0.53741   3.85171   0.17808   0.18038   0.10610   0.14692   0.05669   0.02122   1.45182   0.04381   0.06170   0.02259  
 38  0.0191   6296.872660  x:  2.14474   3.35583   7.43919   2.86680   1.79659   0.35312   1.11109   1.20464   0.92117   0.53703   3.85759   0.17849   0.17976   0.10614   0.14677   0.05658   0.02160   1.45109   0.04387   0.06160   0.02279  
 39  0.0072   6296.871797  x:  2.14828   3.36664   7.47031   2.87986   1.80372   0.35168   1.11364   1.20838   0.92332   0.53756   3.87141   0.17848   0.17995   0.10593   0.14683   0.05687   0.02155   1.45070   0.04367   0.06141   0.02279  
 40  0.0148   6296.871092  x:  2.13876   3.37510   7.47385   2.88180   1.80756   0.35025   1.11316   1.20794   0.92388   0.53749   3.87023   0.17836   0.18024   0.10616   0.14695   0.05687   0.02142   1.45046   0.04370   0.06132   0.02278  
 41  0.0050   6296.870847  x:  2.13363   3.37850   7.47534   2.88232   1.80717   0.35056   1.11251   1.20689   0.92391   0.53732   3.86751   0.17831   0.18017   0.10615   0.14676   0.05676   0.02143   1.45035   0.04369   0.06148   0.02284  
 42  0.0032   6296.870766  x:  2.13133   3.37815   7.47489   2.88203   1.80466   0.35157   1.11200   1.20596   0.92352   0.53716   3.86533   0.17849   0.17988   0.10609   0.14684   0.05680   0.02143   1.45045   0.04371   0.06146   0.02278  
 43  0.0016   6296.870742  x:  2.13277   3.38082   7.47973   2.88418   1.80511   0.35240   1.11295   1.20651   0.92383   0.53741   3.86789   0.17835   0.18000   0.10614   0.14684   0.05681   0.02143   1.45045   0.04368   0.06145   0.02280  
 44  0.0034   6296.870740  x:  2.13273   3.38025   7.47995   2.88435   1.80500   0.35242   1.11295   1.20647   0.92377   0.53744   3.86775   0.17838   0.18001   0.10612   0.14682   0.05680   0.02143   1.45046   0.04368   0.06145   0.02280  
 45  0.0004   6296.870738  x:  2.13257   3.38006   7.47997   2.88449   1.80515   0.35250   1.11308   1.20646   0.92376   0.53747   3.86745   0.17840   0.18003   0.10612   0.14683   0.05680   0.02143   1.45048   0.04368   0.06145   0.02280  
 46  0.0001   6296.870738  x:  2.13243   3.37975   7.47970   2.88446   1.80513   0.35247   1.11305   1.20647   0.92374   0.53745   3.86717   0.17837   0.18003   0.10613   0.14682   0.05680   0.02143   1.45046   0.04368   0.06145   0.02280  
 47  0.0002   6296.870737  x:  2.13257   3.37985   7.47996   2.88473   1.80521   0.35250   1.11311   1.20658   0.92377   0.53746   3.86722   0.17839   0.18000   0.10612   0.14683   0.05680   0.02143   1.45047   0.04368   0.06145   0.02280  
 48  0.0002   6296.870737  x:  2.13250   3.37996   7.47981   2.88469   1.80516   0.35249   1.11307   1.20661   0.92377   0.53745   3.86720   0.17838   0.18002   0.10612   0.14683   0.05680   0.02143   1.45048   0.04368   0.06145   0.02280  
 49  0.0001   6296.870737  x:  2.13251   3.37994   7.47980   2.88478   1.80514   0.35250   1.11306   1.20665   0.92377   0.53745   3.86714   0.17838   0.18002   0.10612   0.14683   0.05680   0.02143   1.45047   0.04368   0.06145   0.02280  
 50  0.0001   6296.870737  x:  2.13251   3.37994   7.47980   2.88477   1.80514   0.35249   1.11307   1.20664   0.92377   0.53745   3.86715   0.17838   0.18002   0.10612   0.14683   0.05680   0.02143   1.45046   0.04368   0.06145   0.02280  
 51  0.0000   6296.870737  x:  2.13250   3.37995   7.47978   2.88478   1.80514   0.35249   1.11307   1.20664   0.92377   0.53745   3.86715   0.17838   0.18002   0.10612   0.14683   0.05680   0.02143   1.45046   0.04368   0.06145   0.02280  