    7
BAM_027830  0.000000  0.539240  0.513333  0.528610  0.506769  0.376092
  0.528324
BA_3179xxx  0.539240  0.000000  0.131159  0.793988  0.520568  0.648820
  0.078771
BC_3136xxx  0.513333  0.131159  0.000000  0.766074  0.488518  0.614534
  0.084916
NT03BL3511  0.528610  0.793988  0.766074  0.000000  0.518541  0.539734
  0.762371
BPUM_2723x  0.506769  0.520568  0.488518  0.518541  0.000000  0.548900
  0.506164
BG13822xxx  0.376092  0.648820  0.614534  0.539734  0.548900  0.000000
  0.633178
NT02BT3151  0.528324  0.078771  0.084916  0.762371  0.506164  0.633178
  0.000000
