

TREE # 1

  0  0.0000   6518.799306  x:  0.00000   0.39391   0.34605   0.13067   0.27005   0.06770   0.27550   0.01964   0.26347   0.23652   0.26832   0.11992   0.08100   0.05044   0.06408   0.01669   0.04150   2.00000   0.20000  
  1 99.0000   6208.109657  x:  0.32093   0.41845   0.37635   0.18128   0.28949   0.09953   0.29730   0.07477   0.27452   0.24684   0.29894   0.12343   0.08450   0.06955   0.08256   0.00000   0.02632   1.99587   0.19478  
  2 5064.9040   6134.350141  x:  0.30644   0.44801   0.41106   0.23107   0.31849   0.13524   0.33031   0.11123   0.29133   0.26282   0.33765   0.12760   0.09036   0.08801   0.10238   0.00000   0.00000   1.98908   0.16307  
  3 912.5960   6134.350141  x:  0.30644   0.44801   0.41106   0.23107   0.31849   0.13524   0.33031   0.11123   0.29133   0.26282   0.33765   0.12760   0.09036   0.08801   0.10238   0.00000   0.00000   1.98908   0.16307  
  4 18854.3536   6122.265806  x:  0.30645   0.44801   0.41106   0.23108   0.31850   0.13524   0.33032   0.11123   0.29133   0.26282   0.33765   0.12760   0.09036   0.08801   0.10238   0.00189   0.00549   1.98908   0.16307  
  5 365257.1625   6116.535701  x:  0.30846   0.45045   0.41388   0.23458   0.32057   0.13746   0.33265   0.11345   0.29258   0.26399   0.34053   0.12788   0.09071   0.08880   0.10333   0.00000   0.00614   1.98844   0.16308  
  6 705.3387   6107.497491  x:  0.32004   0.46825   0.43222   0.24105   0.32780   0.13574   0.34141   0.10657   0.29821   0.26902   0.35256   0.12911   0.09174   0.07691   0.09462   0.00000   0.00716   1.98201   0.13112  
  7 430.3491   6096.011117  x:  0.34509   0.51044   0.47304   0.23899   0.33858   0.11617   0.35536   0.07311   0.30914   0.27809   0.37299   0.13201   0.09415   0.04284   0.06800   0.00000   0.00526   1.96298   0.13919  
  8 385.2678   6089.969165  x:  0.36363   0.54681   0.50507   0.22130   0.34356   0.08886   0.36344   0.04262   0.31684   0.28354   0.38338   0.13305   0.09578   0.06275   0.07510   0.00000   0.00354   1.94152   0.13885  
  9 290.2421   6086.947723  x:  0.37448   0.57668   0.52625   0.18953   0.34561   0.06535   0.36782   0.05901   0.32274   0.28628   0.38349   0.13163   0.09508   0.06300   0.07879   0.00000   0.00910   1.91385   0.13896  
 10 163.2961   6085.501409  x:  0.37652   0.58953   0.53099   0.17453   0.34786   0.06599   0.36705   0.07008   0.32392   0.28432   0.38112   0.12980   0.09434   0.06210   0.08040   0.00000   0.00391   1.89100   0.13788  
 11 98.5672   6081.316276  x:  0.37381   0.63693   0.52653   0.14943   0.35979   0.11085   0.34764   0.06196   0.31873   0.25961   0.37106   0.12073   0.09415   0.06363   0.07958   0.00000   0.00689   1.74188   0.13635  
 12 90.5283   6073.442455  x:  0.36118   0.69334   0.49308   0.19031   0.34367   0.09025   0.31696   0.07206   0.30956   0.23671   0.36403   0.11870   0.10603   0.06098   0.08505   0.00000   0.00589   1.43798   0.13178  
 13 195.8041   6070.938020  x:  0.35607   0.67905   0.47605   0.18483   0.34357   0.08945   0.34833   0.06899   0.31905   0.26729   0.36467   0.11923   0.09677   0.06965   0.06954   0.00000   0.00597   1.33293   0.13038  
 14 97.1211   6070.130868  x:  0.35685   0.66735   0.47399   0.18030   0.34563   0.09012   0.35888   0.06398   0.32179   0.27707   0.36678   0.12316   0.09484   0.06027   0.08427   0.00000   0.00605   1.30057   0.12969  
 15 94.0966   6067.735112  x:  0.38716   0.59392   0.51645   0.16768   0.36364   0.08701   0.34762   0.06779   0.31429   0.26348   0.39053   0.14326   0.10447   0.06397   0.07925   0.00000   0.00605   1.24305   0.12872  
 16 26.7385   6066.015277  x:  0.39945   0.56686   0.54323   0.17254   0.36595   0.08486   0.34088   0.06870   0.31565   0.25846   0.39300   0.11745   0.07966   0.06332   0.08176   0.00000   0.00600   1.22536   0.12897  
 17 38.5612   6049.881561  x:  0.39643   0.53254   0.69047   0.21383   0.31502   0.12318   0.35683   0.07145   0.37744   0.29273   0.30452   0.04736   0.16907   0.06477   0.08909   0.00000   0.00639   1.21259   0.12895  
 18 22.1334   5935.041526  x:  0.26004   0.70848   1.02326   0.34524   0.25469   0.23282   0.48123   0.11654   0.43988   0.32302   0.42038   0.27998   0.00000   0.09882   0.11098   0.00000   0.00771   1.33400   0.13349  
 19 50.2476   5812.064755  x:  0.29283   0.98859   1.02517   0.41650   0.61958   0.22155   0.72433   0.17121   0.34593   0.36132   0.94544   0.00000   0.20823   0.11942   0.16263   0.00000   0.00836   1.57280   0.13688  
 20 206.0112   5789.926276  x:  0.72396   1.05428   0.83040   0.45110   0.67332   0.24398   0.64206   0.18135   0.52005   0.42477   0.86853   0.05049   0.17920   0.12884   0.16754   0.00000   0.00892   1.62885   0.13414  
 21 90.6475   5787.545840  x:  0.80934   1.06395   0.81609   0.46530   0.65360   0.24598   0.72749   0.18284   0.44926   0.37346   0.81389   0.05809   0.17342   0.12910   0.16745   0.00000   0.00877   1.63261   0.13387  
 22 28.7639   5779.724450  x:  0.88771   1.12482   0.88367   0.46501   0.51471   0.31350   0.67284   0.19854   0.28780   0.53705   0.91564   0.04509   0.18834   0.13137   0.17362   0.00000   0.00916   1.59696   0.12222  
 23  1.3217   5750.513252  x:  0.91250   1.24792   1.03980   0.52070   0.47258   0.34484   0.79235   0.22029   0.43066   0.44031   1.09006   0.04312   0.21918   0.13393   0.18073   0.00000   0.00868   1.47499   0.07951  
 24 14.5336   5748.447917  x:  0.89116   1.26465   1.07409   0.55489   0.60387   0.31958   0.77503   0.22243   0.38511   0.48921   1.01086   0.06735   0.20629   0.13538   0.17975   0.00000   0.00857   1.46505   0.07608  
 25 19.0154   5715.295072  x:  0.90775   1.54385   1.44962   0.74609   0.81421   0.32709   0.99388   0.27208   0.56849   0.36826   1.21579   0.07636   0.22328   0.14209   0.19028   0.00000   0.00660   1.34241   0.08810  
 26  0.4029   5692.091833  x:  1.15814   1.85565   1.74952   0.91171   0.84779   0.38970   1.19150   0.33118   0.66134   0.33778   1.56970   0.00000   0.24124   0.14162   0.20171   0.00000   0.00652   1.41669   0.05667  
 27  0.4904   5692.091833  x:  1.15814   1.85565   1.74952   0.91171   0.84779   0.38970   1.19150   0.33118   0.66134   0.33778   1.56970   0.00000   0.24124   0.14162   0.20171   0.00000   0.00652   1.41669   0.05667  
 28  0.3966   5690.060419  x:  1.15829   1.85573   1.74964   0.91201   0.84787   0.38970   1.19152   0.33128   0.66133   0.33785   1.56985   0.00009   0.24132   0.14122   0.20130   0.00000   0.00692   1.41670   0.06326  
 29 643.7827   5689.099867  x:  1.16325   1.85801   1.75371   0.92344   0.85007   0.38821   1.19057   0.33343   0.65972   0.33968   1.57477   0.00564   0.24381   0.12249   0.18218   0.00000   0.01641   1.42013   0.06298  
 30 72.0251   5687.352251  x:  1.17146   1.86180   1.76046   0.94232   0.85372   0.38573   1.18902   0.33698   0.65707   0.34270   1.58291   0.01410   0.24746   0.09430   0.15269   0.00000   0.00949   1.42577   0.06313  
 31 361.3489   5682.910854  x:  1.25899   1.90278   1.83360   1.14118   0.89267   0.35843   1.17250   0.37259   0.62887   0.37344   1.66833   0.04264   0.24572   0.14697   0.09864   0.00000   0.00873   1.48502   0.06111  
 32 45.0006   5670.695879  x:  1.56904   2.05294   2.09826   1.83149   1.03290   0.26490   1.11991   0.49061   0.53529   0.47721   1.96803   0.07926   0.19473   0.10126   0.19578   0.00000   0.00787   1.68307   0.05339  
 33 206.5091   5670.093856  x:  1.58616   2.06690   2.11877   1.85930   1.04487   0.26760   1.12675   0.48925   0.54108   0.47843   1.98265   0.05165   0.18257   0.09988   0.19032   0.00000   0.00818   1.67739   0.05257  
 34 37.0889   5667.296017  x:  1.65986   2.14295   2.22345   1.94963   1.10606   0.29936   1.18260   0.46200   0.59233   0.46881   2.04056   0.00000   0.24571   0.09826   0.19349   0.00000   0.00821   1.60896   0.04840  
 35 41.7244   5666.084070  x:  1.72812   2.24900   2.34962   1.96187   1.12968   0.31863   1.27096   0.43547   0.58795   0.38158   2.09449   0.04939   0.19604   0.10014   0.19576   0.00000   0.00804   1.56688   0.04646  
 36 15.9143   5665.281308  x:  1.78259   2.35310   2.46989   1.92997   1.12394   0.30781   1.35008   0.43824   0.65909   0.41069   2.13808   0.09501   0.15140   0.10209   0.19763   0.00000   0.00787   1.57916   0.04483  
 37 16.5018   5664.545958  x:  1.83749   2.47750   2.61401   1.85469   1.10615   0.26962   1.41776   0.48433   0.65130   0.39683   2.18998   0.05706   0.19148   0.10246   0.19455   0.00000   0.00789   1.66491   0.04376  
 38 10.8507   5663.988745  x:  1.86807   2.57008   2.72690   1.78280   1.17527   0.35662   1.34346   0.47057   0.60064   0.45262   2.28790   0.05039   0.19996   0.10405   0.19220   0.00000   0.00775   1.68493   0.04296  
 39  3.0501   5663.061508  x:  1.90479   2.65400   2.84453   1.77418   1.16675   0.28385   1.25056   0.48340   0.62326   0.44266   2.47189   0.03026   0.22240   0.10635   0.18747   0.00000   0.00750   1.58205   0.04220  
 40  3.1569   5661.084386  x:  1.93550   2.69121   2.92634   1.85780   1.22921   0.34133   1.37276   0.54254   0.70984   0.38977   2.68631   0.00000   0.25750   0.10877   0.18391   0.00000   0.00701   1.58539   0.04063  
 41  4.7822   5661.084386  x:  1.93550   2.69121   2.92634   1.85780   1.22921   0.34133   1.37276   0.54254   0.70984   0.38977   2.68631   0.00000   0.25750   0.10877   0.18391   0.00000   0.00701   1.58539   0.04063  
 42  6.9504   5660.906262  x:  1.93551   2.69122   2.92635   1.85783   1.22922   0.34133   1.37277   0.54254   0.70984   0.38979   2.68631   0.00002   0.25753   0.10878   0.18383   0.00000   0.00709   1.58539   0.04190  
 43 281.7542   5660.882692  x:  1.93569   2.69130   2.92643   1.85819   1.22936   0.34139   1.37303   0.54245   0.70980   0.38994   2.68632   0.00028   0.25800   0.10893   0.18246   0.00000   0.00828   1.58541   0.04188  
 44 25.3477   5660.629498  x:  1.93863   2.69259   2.92784   1.86407   1.23167   0.34228   1.37722   0.54103   0.70920   0.39250   2.68639   0.00423   0.26541   0.11149   0.16076   0.00000   0.00759   1.58587   0.04184  
 45 50.4629   5660.550412  x:  1.94201   2.69408   2.92948   1.87079   1.23430   0.34323   1.38194   0.53949   0.70843   0.39517   2.68647   0.00000   0.26584   0.11619   0.15904   0.00000   0.00760   1.58641   0.04180  
 46  9.8972   5659.911253  x:  2.00982   2.72443   2.96270   2.00549   1.28626   0.36205   1.47557   0.50978   0.69183   0.44516   2.68853   0.00000   0.30216   0.12216   0.14758   0.00000   0.00767   1.59693   0.04086  
 47 36.5384   5659.544290  x:  2.04961   2.74331   2.98327   2.08299   1.31507   0.37161   1.52696   0.49714   0.68036   0.46534   2.69066   0.00000   0.28364   0.11136   0.13639   0.00000   0.00776   1.60278   0.04036  
 48 40.1207   5658.283323  x:  2.19761   2.82099   3.06703   2.36067   1.40974   0.39720   1.69355   0.48323   0.63194   0.48504   2.70505   0.00000   0.26891   0.10247   0.17310   0.00000   0.00755   1.62002   0.03789  
 49 29.5660   5657.108315  x:  2.42512   2.99690   3.25467   2.71310   1.47168   0.36257   1.78659   0.66916   0.75651   0.40620   2.77367   0.00000   0.27367   0.10396   0.17054   0.00000   0.00758   1.61191   0.03422  
 50 10.0163   5656.745764  x:  2.51878   3.11751   3.38558   2.79556   1.47611   0.33654   1.75387   0.62034   0.75465   0.36631   2.85051   0.00000   0.27764   0.10679   0.16634   0.00000   0.00759   1.64545   0.03370  
 51  5.1311   5656.558076  x:  2.56604   3.19118   3.46697   2.82288   1.47821   0.33454   1.72838   0.59977   0.78194   0.40107   2.90284   0.00000   0.27488   0.10530   0.17062   0.00000   0.00757   1.65115   0.03305  
 52 10.1214   5656.305874  x:  2.62147   3.30805   3.60337   2.82620   1.50785   0.40578   1.72418   0.63661   0.73307   0.43377   3.00285   0.00000   0.27600   0.10703   0.16907   0.00000   0.00758   1.61817   0.03165  
 53  4.5701   5656.147027  x:  2.63777   3.36558   3.68587   2.80227   1.52627   0.42289   1.77937   0.67559   0.72714   0.44877   3.07863   0.00000   0.27631   0.10780   0.16931   0.00000   0.00756   1.68851   0.03145  
 54  2.4536   5655.684220  x:  2.66720   3.49429   3.90282   2.73611   1.59098   0.37909   2.01476   0.67118   0.78711   0.41609   3.31552   0.00000   0.27537   0.11052   0.17000   0.00000   0.00753   1.64540   0.03023  
 55  3.0953   5655.054687  x:  2.74773   3.53526   4.03147   2.88381   1.75192   0.41848   1.96118   0.69633   0.80478   0.42534   3.55175   0.00000   0.27482   0.11592   0.16844   0.00000   0.00748   1.64718   0.03034  
 56  1.2808   5654.981450  x:  2.79109   3.56999   4.05086   2.92141   1.71396   0.38909   1.97426   0.71886   0.77231   0.45250   3.56531   0.00000   0.27519   0.11656   0.16767   0.00000   0.00748   1.63968   0.03034  
 57  1.1303   5654.760782  x:  3.00656   3.76956   4.13862   3.07566   1.63711   0.50719   2.07612   0.72635   0.80906   0.44218   3.58586   0.00000   0.27601   0.11840   0.16702   0.00000   0.00749   1.64954   0.02924  
 58  1.2949   5654.449281  x:  3.27236   4.05341   4.34327   3.30474   1.85894   0.48257   2.19581   0.78926   0.82240   0.46094   3.68712   0.00000   0.27938   0.11909   0.16622   0.00000   0.00752   1.66357   0.02685  
 59  1.8629   5654.347467  x:  3.23587   4.07102   4.54538   3.50738   1.87976   0.50038   2.26604   0.81247   0.82629   0.46887   3.83543   0.00000   0.28003   0.11855   0.16597   0.00000   0.00754   1.66814   0.02597  
 60  0.6762   5654.252813  x:  3.28203   4.10321   4.71687   3.58531   1.96225   0.49043   2.33255   0.83400   0.82341   0.47782   3.83695   0.00000   0.28014   0.11643   0.16597   0.00000   0.00756   1.66940   0.02587  
 61  0.3134   5654.185189  x:  3.45525   4.16980   4.74325   3.66669   2.04023   0.49360   2.42526   0.86362   0.82633   0.48717   4.06757   0.00000   0.28013   0.11564   0.16620   0.00000   0.00756   1.67152   0.02511  
 62  0.5522   5654.163746  x:  3.48836   4.33587   4.81411   3.75854   2.08949   0.50913   2.49499   0.88587   0.83545   0.49077   4.14014   0.00000   0.28115   0.11595   0.16684   0.00000   0.00755   1.67267   0.02447  
 63  0.2817   5654.156473  x:  3.55455   4.35488   4.91168   3.79074   2.10329   0.52701   2.53165   0.89870   0.84160   0.49199   4.17504   0.00000   0.28200   0.11636   0.16729   0.00000   0.00754   1.67257   0.02414  
 64  0.1490   5654.154164  x:  3.55244   4.36468   4.92177   3.79601   2.09982   0.53233   2.53612   0.90162   0.84271   0.49171   4.18931   0.00000   0.28198   0.11652   0.16738   0.00000   0.00754   1.67295   0.02417  
 65  0.0299   5654.153726  x:  3.56616   4.38382   4.93748   3.80922   2.10729   0.53373   2.54317   0.90793   0.84392   0.49236   4.21286   0.00000   0.28174   0.11646   0.16725   0.00000   0.00755   1.67371   0.02407  
 66  0.0273   5654.153671  x:  3.56604   4.38184   4.93777   3.80665   2.10695   0.53248   2.53962   0.90845   0.84405   0.49197   4.21073   0.00000   0.28188   0.11646   0.16727   0.00000   0.00754   1.67343   0.02408  
 67  0.0034   5654.153669  x:  3.56528   4.38192   4.93737   3.80648   2.10674   0.53238   2.53925   0.90845   0.84417   0.49179   4.21053   0.00000   0.28187   0.11645   0.16729   0.00000   0.00754   1.67343   0.02408  
 68  0.0008   5654.153669  x:  3.56523   4.38185   4.93731   3.80641   2.10668   0.53240   2.53926   0.90844   0.84418   0.49176   4.21050   0.00000   0.28187   0.11645   0.16729   0.00000   0.00754   1.67343   0.02408  
 69  0.0002   5654.153669  x:  3.56523   4.38183   4.93730   3.80639   2.10667   0.53240   2.53926   0.90844   0.84418   0.49175   4.21050   0.00000   0.28187   0.11645   0.16729   0.00000   0.00754   1.67343   0.02408  
 70  0.0001   5654.153669  x:  3.56523   4.38183   4.93730   3.80638   2.10667   0.53240   2.53927   0.90844   0.84418   0.49175   4.21050   0.00000   0.28187   0.11645   0.16729   0.00000   0.00754   1.67343   0.02408  
 71  0.0000   5654.153669  x:  3.56523   4.38183   4.93730   3.80638   2.10667   0.53240   2.53927   0.90845   0.84418   0.49175   4.21050   0.00000   0.28187   0.11645   0.16729   0.00000   0.00754   1.67343   0.02408  
 72  0.0000   5654.153669  x:  3.56523   4.38183   4.93730   3.80638   2.10667   0.53240   2.53927   0.90845   0.84418   0.49175   4.21050   0.00000   0.28187   0.11645   0.16729   0.00000   0.00754   1.67343   0.02408  