

TREE # 1

  0  0.0000   6434.697212  x:  0.00000   0.46041   0.41597   0.17193   0.31901   0.09783   0.24190   0.00393   0.25569   0.27587   0.29661   0.10920   0.01690   0.04484   0.11419   0.02207   0.02865   2.00000   0.20000   0.20000   0.20000  
  1 99.0000   6124.596476  x:  0.30239   0.48638   0.44702   0.22200   0.33849   0.12999   0.27760   0.13448   0.27204   0.28783   0.33216   0.12244   0.05637   0.07277   0.12125   0.00000   0.00906   1.99456   0.20915   0.18908   0.19285  
  2 3884.6392   6061.650078  x:  0.28134   0.52158   0.48832   0.28217   0.37175   0.16869   0.32644   0.14592   0.29407   0.30405   0.38206   0.13237   0.07276   0.09305   0.13008   0.00000   0.00000   1.98487   0.17085   0.16007   0.17676  
  3 669.4761   6061.650078  x:  0.28134   0.52158   0.48832   0.28217   0.37175   0.16869   0.32644   0.14592   0.29407   0.30405   0.38206   0.13237   0.07276   0.09305   0.13008   0.00000   0.00000   1.98487   0.17085   0.16007   0.17676  
  4 166720.3372   6049.627454  x:  0.28134   0.52158   0.48832   0.28217   0.37176   0.16869   0.32644   0.14592   0.29407   0.30405   0.38207   0.13237   0.07276   0.09305   0.13008   0.00200   0.00534   1.98487   0.17085   0.16006   0.17676  
  5 361209.8484   6045.113081  x:  0.28357   0.52367   0.49072   0.28518   0.37343   0.17043   0.32886   0.14761   0.29525   0.30493   0.38467   0.13273   0.07343   0.09364   0.13034   0.00000   0.00609   1.98421   0.17183   0.15814   0.17574  
  6 590.6178   6011.253076  x:  0.31686   0.55936   0.53086   0.32722   0.39769   0.19160   0.36293   0.16581   0.31234   0.31771   0.42373   0.13943   0.08311   0.09487   0.13047   0.00000   0.01541   1.97263   0.11391   0.11293   0.15424  
  7 1320.7574   5986.456763  x:  0.33159   0.59465   0.56615   0.33146   0.40599   0.17925   0.36739   0.14485   0.31826   0.32239   0.44042   0.14577   0.08283   0.06747   0.11603   0.00000   0.00728   1.95581   0.11250   0.02174   0.11674  
  8 358.0054   5980.007573  x:  0.33691   0.61947   0.58966   0.32624   0.40933   0.16432   0.36609   0.12565   0.32041   0.32399   0.44720   0.15881   0.08970   0.07628   0.11294   0.00000   0.00134   1.94033   0.11115   0.02429   0.08124  
  9 195.1062   5972.490115  x:  0.34408   0.65885   0.62662   0.31577   0.41388   0.13899   0.36266   0.09390   0.32326   0.32608   0.45663   0.17914   0.09950   0.08775   0.10796   0.01159   0.00000   1.91510   0.11048   0.02524   0.02285  
 10 1757.5045   5969.323265  x:  0.34215   0.66577   0.63215   0.31067   0.41478   0.13455   0.36216   0.09538   0.32347   0.32598   0.45608   0.17996   0.09621   0.08361   0.11317   0.00000   0.00356   1.90726   0.11094   0.02508   0.00760  
 11 197.1943   5968.133346  x:  0.33917   0.68099   0.64458   0.30144   0.41687   0.12542   0.36082   0.09458   0.32399   0.32585   0.45599   0.18381   0.09316   0.07441   0.11945   0.00000   0.01042   1.89091   0.11204   0.02607   0.01058  
 12 144.8808   5964.945204  x:  0.32392   0.73150   0.68336   0.27286   0.42805   0.10551   0.36087   0.11161   0.32643   0.32490   0.45521   0.19352   0.08017   0.05738   0.14771   0.00000   0.00597   1.82445   0.11017   0.03549   0.01523  
 13 102.9879   5963.577751  x:  0.30708   0.74836   0.69114   0.26176   0.43343   0.10658   0.35758   0.11988   0.32420   0.32056   0.45023   0.19536   0.07628   0.07606   0.15622   0.00000   0.00626   1.77920   0.10923   0.02608   0.01914  
 14 96.4089   5959.332030  x:  0.25187   0.78629   0.69532   0.26405   0.45270   0.14117   0.34750   0.12959   0.31445   0.30332   0.44012   0.19430   0.07353   0.07523   0.11874   0.00000   0.00686   1.60016   0.10745   0.02915   0.01736  
 15 115.1511   5955.052475  x:  0.25540   0.78571   0.66535   0.30506   0.43882   0.13313   0.33945   0.10519   0.31452   0.30674   0.43962   0.18278   0.08299   0.06907   0.14775   0.00000   0.00633   1.38348   0.10503   0.02804   0.01797  
 16 93.2272   5953.363659  x:  0.28390   0.77277   0.65170   0.29108   0.42512   0.11410   0.35373   0.12267   0.32245   0.32021   0.43716   0.18385   0.08756   0.07326   0.12805   0.00000   0.00662   1.30040   0.10413   0.02629   0.01800  
 17 65.2705   5952.133095  x:  0.31123   0.75403   0.65534   0.26343   0.43732   0.13537   0.36508   0.10653   0.32236   0.32048   0.44510   0.18617   0.06972   0.07438   0.13014   0.00000   0.00653   1.27038   0.10387   0.02773   0.01874  
 18 20.7038   5947.819910  x:  0.32582   0.68906   0.69040   0.23641   0.46676   0.15559   0.34509   0.12244   0.31155   0.30364   0.48404   0.23842   0.11381   0.05989   0.14879   0.00000   0.00651   1.24330   0.10560   0.02058   0.01519  
 19 18.4750   5925.026237  x:  0.31623   0.52817   0.88135   0.30665   0.52845   0.09585   0.29494   0.15960   0.31939   0.29865   0.60813   0.25563   0.02101   0.08598   0.12421   0.00000   0.00650   1.21546   0.11069   0.02718   0.01928  
 20 48.4699   5867.784478  x:  0.21293   0.44240   1.22365   0.39366   0.60398   0.09040   0.59716   0.11430   0.40250   0.40578   0.61363   0.07239   0.15576   0.09747   0.15646   0.00000   0.00517   1.25914   0.13074   0.03556   0.01559  
 21 75.9614   5784.577086  x:  0.60405   0.97301   1.28624   0.63852   0.54200   0.28642   0.61407   0.24082   0.32941   0.31183   0.49174   0.09272   0.15327   0.13146   0.18449   0.00000   0.00447   1.44359   0.16286   0.04654   0.01187  
 22 101.0509   5775.191296  x:  0.56027   1.05849   1.17212   0.62518   0.55471   0.31305   0.59353   0.23209   0.45872   0.41498   0.59051   0.16963   0.12259   0.12973   0.19194   0.00000   0.00441   1.47148   0.16559   0.04355   0.01078  
 23 72.6598   5769.251429  x:  0.51596   1.14567   1.01682   0.57917   0.59745   0.24853   0.65704   0.22684   0.42683   0.36569   0.82029   0.13865   0.12111   0.13407   0.18765   0.00000   0.00428   1.49299   0.16722   0.04631   0.01121  
 24 46.1835   5768.518708  x:  0.53104   1.15011   0.98798   0.58648   0.69878   0.21247   0.64771   0.22793   0.43249   0.36982   0.79975   0.12589   0.12917   0.13429   0.18435   0.00000   0.00447   1.49642   0.16611   0.04619   0.01072  
 25  6.0132   5766.820479  x:  0.52119   1.14001   0.97727   0.62267   0.73953   0.18198   0.71804   0.22128   0.41546   0.35067   0.77060   0.20325   0.09851   0.12972   0.18687   0.00000   0.00483   1.50138   0.16392   0.03991   0.00964  
 26  4.0155   5743.502735  x:  0.58373   1.13462   1.13112   0.68783   0.75140   0.18983   0.75957   0.23629   0.48816   0.29869   0.82754   0.17301   0.10946   0.12137   0.18552   0.00000   0.00963   1.53430   0.13707   0.03069   0.00010  
 27  4.6196   5719.617519  x:  0.67207   1.13747   1.37391   0.78992   0.78045   0.21370   0.80916   0.26333   0.42560   0.39934   0.93026   0.13503   0.11754   0.10996   0.17716   0.00000   0.01606   1.58880   0.09539   0.01287   0.00228  
 28  8.5264   5718.839044  x:  0.67977   1.13490   1.38048   0.79409   0.77879   0.20836   0.81845   0.26243   0.50064   0.32353   0.92837   0.13144   0.12026   0.11005   0.17702   0.00000   0.01617   1.58877   0.09421   0.01346   0.00261  
 29  5.7830   5710.738908  x:  0.74414   1.17256   1.47901   0.83836   0.79181   0.23990   0.82067   0.29270   0.44722   0.39864   1.03857   0.08837   0.15650   0.11842   0.18242   0.00000   0.01795   1.57685   0.07931   0.03794   0.00277  
 30  1.0288   5696.747835  x:  0.82288   1.34680   1.58097   0.91872   0.79811   0.27193   0.86062   0.31523   0.49442   0.40374   1.20479   0.06590   0.18871   0.12476   0.17909   0.00000   0.01481   1.50751   0.09455   0.05161   0.00498  
 31  0.3498   5675.612845  x:  1.07163   1.68894   2.01084   1.21885   0.93035   0.28688   1.06046   0.37137   0.65485   0.35972   1.58680   0.03311   0.23297   0.10711   0.16772   0.00000   0.01172   1.42580   0.05873   0.03920   0.00479  
 32  0.5999   5665.822238  x:  1.28079   1.99140   2.29220   1.44314   1.02005   0.29675   1.20255   0.41295   0.69522   0.36727   1.89686   0.00000   0.27198   0.10107   0.17059   0.00000   0.00481   1.53144   0.05947   0.03776   0.00614  
 33  0.3894   5665.822238  x:  1.28079   1.99140   2.29220   1.44314   1.02005   0.29675   1.20255   0.41295   0.69522   0.36727   1.89686   0.00000   0.27198   0.10107   0.17059   0.00000   0.00481   1.53144   0.05947   0.03776   0.00614  
 34  0.8263   5665.269105  x:  1.28086   1.99143   2.29221   1.44321   1.02005   0.29673   1.20255   0.41292   0.69513   0.36725   1.89689   0.00001   0.27198   0.10124   0.17069   0.00000   0.00659   1.53149   0.05644   0.03711   0.00637  
 35 307.7393   5665.140690  x:  1.28119   1.99160   2.29230   1.44353   1.02010   0.29672   1.20259   0.41290   0.69487   0.36721   1.89705   0.00008   0.27199   0.10189   0.17107   0.00000   0.00870   1.53155   0.05728   0.03476   0.00701  
 36 83.6781   5664.970551  x:  1.28214   1.99209   2.29255   1.44448   1.02025   0.29668   1.20270   0.41282   0.69410   0.36710   1.89751   0.00036   0.27207   0.10377   0.17210   0.00000   0.00774   1.53173   0.05699   0.02909   0.00781  
 37 83.5888   5664.861285  x:  1.28552   1.99383   2.29344   1.44783   1.02078   0.29653   1.20308   0.41253   0.69141   0.36672   1.89916   0.00219   0.27319   0.10999   0.17490   0.00000   0.00796   1.53226   0.05699   0.02859   0.00551  
 38 25.8075   5664.716621  x:  1.29137   1.99684   2.29499   1.45363   1.02169   0.29627   1.20375   0.41205   0.68678   0.36609   1.90201   0.00514   0.27497   0.11969   0.17932   0.00000   0.00777   1.53317   0.05688   0.02938   0.00752  
 39 135.9219   5662.535866  x:  1.47439   2.09163   2.34436   1.63534   1.05113   0.28839   1.22510   0.39859   0.55171   0.35621   1.99080   0.01650   0.26140   0.11241   0.17487   0.00000   0.00786   1.56127   0.05462   0.02966   0.00746  
 40 23.0051   5660.100754  x:  1.71730   2.22508   2.41847   1.87722   1.09780   0.28845   1.25803   0.40374   0.54064   0.48916   2.11021   0.00000   0.24101   0.11594   0.18341   0.00000   0.00791   1.58873   0.04976   0.03178   0.00723  
 41 42.2103   5659.469623  x:  1.78767   2.26587   2.44241   1.94735   1.11330   0.29152   1.26918   0.40951   0.54531   0.52383   2.14562   0.02022   0.26168   0.10905   0.17684   0.00000   0.00807   1.59476   0.04818   0.02967   0.00745  
 42 104.7758   5658.790425  x:  1.84308   2.31373   2.48047   2.00299   1.14015   0.31352   1.29024   0.44298   0.57988   0.49590   2.17877   0.00000   0.27996   0.11715   0.16069   0.00000   0.00811   1.58792   0.04636   0.02929   0.00767  
 43 16.0407   5658.395134  x:  1.89400   2.36165   2.52020   2.05393   1.16542   0.33366   1.31204   0.47317   0.61616   0.46320   2.21090   0.00000   0.29884   0.10767   0.18064   0.00000   0.00814   1.58176   0.04462   0.02975   0.00731  
 44 62.6291   5658.195506  x:  1.90577   2.38518   2.54467   2.06492   1.17070   0.33285   1.32411   0.47257   0.63988   0.44423   2.22350   0.00000   0.27453   0.10431   0.18756   0.00000   0.00817   1.58487   0.04408   0.03007   0.00723  
 45  9.5817   5657.887648  x:  1.92686   2.45925   2.62849   2.08194   1.16680   0.29526   1.36183   0.42554   0.68837   0.40833   2.26056   0.00000   0.28195   0.10605   0.18381   0.00000   0.00817   1.61563   0.04362   0.03012   0.00729  
 46  7.5531   5657.548472  x:  1.90164   2.57383   2.78488   2.05796   1.17396   0.27669   1.44377   0.47524   0.66042   0.43637   2.31801   0.00000   0.28188   0.10670   0.18305   0.00000   0.00822   1.63673   0.04221   0.03015   0.00731  
 47  3.6079   5657.276602  x:  1.88246   2.64410   2.89674   2.05600   1.22487   0.34261   1.44246   0.43973   0.64414   0.45550   2.38254   0.00000   0.28153   0.10785   0.18142   0.00000   0.00828   1.61412   0.04110   0.02999   0.00733  
 48  3.1794   5656.541446  x:  1.89429   2.72972   3.08283   2.13079   1.26454   0.34405   1.31795   0.50458   0.66805   0.44119   2.56538   0.00000   0.28039   0.10944   0.17973   0.00000   0.00833   1.65597   0.04116   0.03011   0.00735  
 49  2.7080   5655.589446  x:  1.98646   2.76061   3.20140   2.26407   1.29440   0.29484   1.46122   0.52744   0.70956   0.41475   2.74394   0.00000   0.27754   0.11228   0.17631   0.00000   0.00847   1.53010   0.03965   0.02932   0.00733  
 50  3.7029   5654.973114  x:  2.07500   2.76944   3.24139   2.34571   1.36335   0.35034   1.63386   0.53671   0.74252   0.39727   2.82017   0.00000   0.27673   0.11356   0.17487   0.00000   0.00847   1.62404   0.03956   0.02970   0.00737  
 51  6.2924   5654.579967  x:  2.31744   2.98889   3.29351   2.34580   1.45536   0.33941   1.65317   0.56103   0.75188   0.39915   2.70242   0.00000   0.27619   0.11395   0.17471   0.00000   0.00826   1.61902   0.03849   0.02964   0.00734  
 52  1.3456   5653.939697  x:  2.52818   3.28040   3.45884   2.62253   1.38891   0.44006   1.76512   0.60659   0.77698   0.40426   2.88249   0.00000   0.27614   0.11488   0.17269   0.00000   0.00768   1.63505   0.03451   0.02987   0.00730  
 53  1.3591   5653.783578  x:  2.55771   3.31624   3.53231   2.72215   1.51728   0.38978   1.80345   0.62088   0.77997   0.41032   2.96162   0.00000   0.27633   0.11451   0.17318   0.00000   0.00753   1.64364   0.03317   0.02993   0.00728  
 54  1.8376   5653.382495  x:  2.69239   3.34462   3.94513   3.04920   1.59861   0.40613   1.90050   0.65470   0.75879   0.45291   3.08026   0.00000   0.27770   0.11089   0.17749   0.00000   0.00727   1.64753   0.03186   0.03025   0.00718  
 55  0.3856   5653.104419  x:  2.91854   3.56466   4.03023   3.05867   1.69829   0.41554   2.01046   0.69414   0.75742   0.47627   3.52635   0.00000   0.27792   0.10993   0.17824   0.00000   0.00727   1.65428   0.03000   0.03054   0.00717  
 56  1.1167   5653.015177  x:  2.94702   3.81946   4.10170   3.26118   1.76356   0.43069   2.09636   0.72350   0.77028   0.47811   3.60777   0.00000   0.27687   0.11145   0.17779   0.00000   0.00752   1.65857   0.02873   0.03038   0.00724  
 57  0.4779   5652.964124  x:  3.08958   3.87428   4.28163   3.33873   1.80179   0.45632   2.16466   0.74978   0.78493   0.47587   3.67954   0.00000   0.27629   0.11290   0.17685   0.00000   0.00770   1.66131   0.02762   0.03019   0.00729  
 58  0.4326   5652.892258  x:  3.19266   3.93739   4.42249   3.40227   1.85837   0.47289   2.23416   0.77666   0.80311   0.46638   3.72157   0.00000   0.27584   0.11469   0.17523   0.00000   0.00790   1.66365   0.02734   0.02994   0.00737  
 59  0.2795   5652.862454  x:  3.31093   4.09338   4.57824   3.52881   1.94793   0.48763   2.33538   0.81729   0.81871   0.47124   3.88136   0.00000   0.27745   0.11197   0.17635   0.00000   0.00756   1.66671   0.02609   0.03026   0.00727  
 60  0.2365   5652.855681  x:  3.34614   4.13866   4.63575   3.56755   1.98092   0.49453   2.37314   0.83620   0.82275   0.47758   3.95280   0.00000   0.27670   0.11225   0.17686   0.00000   0.00756   1.66692   0.02583   0.03027   0.00727  
 61  0.0663   5652.854711  x:  3.36574   4.15908   4.66675   3.59066   1.99074   0.49935   2.38858   0.84382   0.82487   0.47964   3.97630   0.00000   0.27682   0.11249   0.17653   0.00000   0.00760   1.66766   0.02562   0.03023   0.00728  
 62  0.0560   5652.854546  x:  3.36205   4.15393   4.66623   3.59091   1.98593   0.50054   2.38582   0.84447   0.82442   0.48048   3.97169   0.00000   0.27699   0.11248   0.17636   0.00000   0.00761   1.66780   0.02565   0.03022   0.00729  
 63  0.0065   5652.854521  x:  3.36100   4.15357   4.66540   3.59111   1.98535   0.50041   2.38513   0.84517   0.82447   0.48062   3.97144   0.00000   0.27687   0.11245   0.17649   0.00000   0.00760   1.66778   0.02565   0.03023   0.00728  
 64  0.0012   5652.854516  x:  3.36005   4.15256   4.66344   3.58961   1.98514   0.49989   2.38416   0.84528   0.82450   0.48043   3.97034   0.00000   0.27691   0.11245   0.17647   0.00000   0.00760   1.66771   0.02566   0.03023   0.00728  
 65  0.0018   5652.854516  x:  3.36016   4.15254   4.66355   3.58948   1.98525   0.49988   2.38418   0.84541   0.82453   0.48040   3.97031   0.00000   0.27690   0.11246   0.17645   0.00000   0.00760   1.66771   0.02566   0.03023   0.00728  
 66  0.0002   5652.854516  x:  3.36019   4.15264   4.66369   3.58953   1.98529   0.49995   2.38427   0.84542   0.82452   0.48042   3.97032   0.00000   0.27691   0.11246   0.17646   0.00000   0.00760   1.66772   0.02566   0.03023   0.00728  