   10
BAM_010010  0.000000  2.008009  2.043639  2.244923  0.667510  0.316022
  1.621789  0.319931  1.991737  2.125495
BA_0861xxx  2.008009  0.000000  0.132212  2.397323  1.903938  1.976100
  2.258558  1.990810  0.019481  0.296194
BC_0878xxx  2.043639  0.132212  0.000000  2.457896  1.929715  1.962354
  2.294148  2.014656  0.136202  0.253333
BH1147xxxx  2.244923  2.397323  2.457896  0.000000  2.094748  2.282873
  2.721925  2.176097  2.387034  2.357746
NT03BL1121  0.667510  1.903938  1.929715  2.094748  0.000000  0.619589
  1.457047  0.608825  1.882962  1.919468
Bmo1874xxx  0.316022  1.976100  1.962354  2.282873  0.619589  0.000000
  1.578456  0.104965  1.958290  1.995734
BPUM_0926x  1.621789  2.258558  2.294148  2.721925  1.457047  1.578456
  0.000000  1.555147  2.254750  2.372330
BG13035xxx  0.319931  1.990810  2.014656  2.176097  0.608825  0.104965
  1.555147  0.000000  1.970651  2.049370
NT02BT0902  1.991737  0.019481  0.136202  2.387034  1.882962  1.958290
  2.254750  1.970651  0.000000  0.302094
KBAB4_0765  2.125495  0.296194  0.253333  2.357746  1.919468  1.995734
  2.372330  2.049370  0.302094  0.000000
