   13
BAM_010770  0.000000  1.071605  1.011621  1.271886  1.967019  1.219421
  2.383077  1.046497  1.104748  0.833063  0.756745  1.026589  0.954104
BA_3113xxx  1.071605  0.000000  0.102261  1.024866  2.305815  1.033081
  2.231170  0.780487  0.799951  0.945668  0.795081  0.020760  0.166095
BC_3081xxx  1.011621  0.102261  0.000000  0.972812  2.176662  1.053337
  2.340146  0.776488  0.778559  1.079771  0.852988  0.101907  0.077737
NT03BC0223  1.271886  1.024866  0.972812  0.000000  2.083192  1.335570
  2.067091  0.874408  1.025527  1.462105  1.147860  0.985593  0.956915
NT03BC1041  1.967019  2.305815  2.176662  2.083192  0.000000  1.887422
  2.815361  2.067428  1.944003  2.548434  2.093726  2.294314  2.190115
BH1034xxxx  1.219421  1.033081  1.053337  1.335570  1.887422  0.000000
  2.067792  0.892449  0.966459  1.439130  0.850556  1.065333  1.063281
BH2720xxxx  2.383077  2.231170  2.340146  2.067091  2.815361  2.067792
  0.000000  2.355662  3.112148  2.577624  2.096675  2.206563  2.337524
NT03BL1221  1.046497  0.780487  0.776488  0.874408  2.067428  0.892449
  2.355662  0.000000  0.696927  1.306372  0.907017  0.776853  0.762939
NT03BL1569  1.104748  0.799951  0.778559  1.025527  1.944003  0.966459
  3.112148  0.696927  0.000000  1.039463  0.784385  0.774891  0.776651
Bmo1951xxx  0.833063  0.945668  1.079771  1.462105  2.548434  1.439130
  2.577624  1.306372  1.039463  0.000000  0.283423  0.956113  1.106748
BG13084xxx  0.756745  0.795081  0.852988  1.147860  2.093726  0.850556
  2.096675  0.907017  0.784385  0.283423  0.000000  0.791537  0.908747
NT02BT3073  1.026589  0.020760  0.101907  0.985593  2.294314  1.065333
  2.206563  0.776853  0.774891  0.956113  0.791537  0.000000  0.157583
KBAB4_2891  0.954104  0.166095  0.077737  0.956915  2.190115  1.063281
  2.337524  0.762939  0.776651  1.106748  0.908747  0.157583  0.000000
