

TREE # 1

  0  0.0000   8744.454212  x:  0.05974   2.00634   1.60041   0.36159   1.41746   0.37517   1.51427   0.41407   1.19636   0.42038   0.28502   0.36606   1.16262   0.22781   0.00750   0.05288   0.06925   0.00891   0.00617   2.00000   0.20000   0.20000   0.20000  
  1 99.0000   8736.791775  x:  0.07296   2.00793   1.60333   0.37026   1.41706   0.37675   1.51356   0.41518   1.19417   0.41867   0.28413   0.36387   1.16588   0.22841   0.01254   0.05349   0.06893   0.00000   0.02065   1.99644   0.20885   0.19775   0.19860  
  2 530.3615   8728.732466  x:  0.11461   2.01291   1.61255   0.39773   1.41573   0.38168   1.51123   0.41866   1.18713   0.41315   0.28128   0.35682   1.17618   0.23014   0.02800   0.05528   0.06828   0.01257   0.05604   1.98517   0.23385   0.19050   0.19408  
  3 1814.4415   8641.126762  x:  0.45679   2.05199   1.68973   0.63408   1.39682   0.41856   1.48374   0.44316   1.11458   0.35498   0.25341   0.28826   1.26432   0.22863   0.12148   0.06076   0.06380   0.00387   0.00000   1.88946   0.20356   0.11966   0.15044  
  4 620.1816   8614.614289  x:  0.61050   2.06926   1.72463   0.74195   1.38707   0.43454   1.47006   0.45352   1.07964   0.32680   0.24021   0.25577   1.30447   0.22543   0.15806   0.06174   0.06214   0.00360   0.00028   1.84596   0.15227   0.08603   0.12978  
  5 7244.2145   8592.550072  x:  0.68652   2.08012   1.75550   0.82590   1.36996   0.44287   1.45202   0.46810   1.03126   0.29994   0.26899   0.25348   1.34531   0.15180   0.05212   0.03328   0.09102   0.00324   0.00030   1.78554   0.15331   0.09986   0.09287  
  6 248.5580   8588.485721  x:  0.69712   2.08263   1.76618   0.85112   1.36140   0.44388   1.44405   0.47470   1.00997   0.29178   0.28534   0.25726   1.36051   0.14594   0.02410   0.06728   0.08670   0.00325   0.00030   1.75861   0.15189   0.11679   0.07658  
  7 241.3973   8579.075423  x:  0.68698   2.08579   1.79200   0.90398   1.33448   0.44217   1.42050   0.49386   0.94800   0.27431   0.33445   0.27211   1.39999   0.18254   0.00000   0.06005   0.05075   0.00346   0.00032   1.68021   0.14772   0.16758   0.02049  
  8 203.9379   8575.842801  x:  0.67334   2.08627   1.80262   0.92339   1.32147   0.44042   1.40941   0.50218   0.92021   0.26860   0.35058   0.27424   1.41696   0.19756   0.00097   0.06069   0.06875   0.00327   0.00032   1.64519   0.14626   0.17879   0.00010  
  9 275.0292   8572.556250  x:  0.65555   2.08668   1.81534   0.94574   1.30556   0.43806   1.39587   0.51204   0.88716   0.26283   0.36627   0.27402   1.43706   0.21254   0.00000   0.05974   0.08103   0.00313   0.00032   1.60331   0.14545   0.18755   0.01140  
 10 328.7364   8572.556250  x:  0.65555   2.08668   1.81534   0.94574   1.30556   0.43806   1.39587   0.51204   0.88716   0.26283   0.36627   0.27402   1.43706   0.21254   0.00000   0.05974   0.08103   0.00313   0.00032   1.60331   0.14545   0.18755   0.01140  
 11 243.1439   8561.984203  x:  0.65563   2.08670   1.81537   0.94581   1.30555   0.43808   1.39587   0.51206   0.88715   0.26285   0.36624   0.27399   1.43710   0.21260   0.00016   0.05977   0.08097   0.00336   0.01391   1.60325   0.14604   0.18749   0.01140  
 12 10354.3449   8556.483740  x:  0.65883   2.08731   1.81662   0.94815   1.30538   0.43872   1.39576   0.51306   0.88664   0.26371   0.36525   0.27296   1.43850   0.21478   0.00640   0.06054   0.07835   0.00076   0.01394   1.60098   0.16775   0.18537   0.01096  
 13 473.9027   8555.938539  x:  0.65963   2.08744   1.81692   0.94874   1.30529   0.43884   1.39569   0.51328   0.88647   0.26390   0.36495   0.27266   1.43883   0.21529   0.00785   0.06074   0.07770   0.00344   0.01388   1.60045   0.17088   0.18480   0.01085  
 14 750.7675   8548.894868  x:  0.70041   2.09259   1.83093   0.97816   1.29764   0.44224   1.38912   0.52187   0.87403   0.27081   0.34728   0.25426   1.45461   0.23719   0.07041   0.07039   0.04453   0.00321   0.01391   1.57702   0.16181   0.15338   0.00668  
 15 172.2260   8540.176984  x:  0.79494   2.10479   1.86415   1.04639   1.28041   0.44980   1.37422   0.54209   0.84595   0.28735   0.31521   0.22135   1.49049   0.22530   0.11121   0.08423   0.08681   0.00279   0.01388   1.52222   0.15421   0.08627   0.02812  
 16 200.8730   8529.734725  x:  0.93020   2.12244   1.91282   1.14446   1.25534   0.46004   1.35265   0.57106   0.80653   0.31126   0.29217   0.19969   1.54164   0.17548   0.11055   0.04059   0.07289   0.00285   0.01390   1.44273   0.14808   0.05896   0.02035  
 17 255.2067   8512.132011  x:  1.24795   2.16402   2.02830   1.37523   1.19579   0.48366   1.30162   0.63885   0.71530   0.36697   0.26124   0.17419   1.66184   0.08459   0.12884   0.05148   0.06584   0.00273   0.01392   1.25746   0.13047   0.13331   0.00788  
 18 616.3888   8503.047211  x:  1.43835   2.18970   2.10214   1.51403   1.15947   0.49652   1.27133   0.67786   0.67171   0.39811   0.34040   0.26311   1.73264   0.08988   0.11828   0.06612   0.05321   0.00263   0.01390   1.17237   0.11880   0.12290   0.02722  
 19 229.6628   8501.003079  x:  1.48030   2.19574   2.12030   1.54489   1.15165   0.49930   1.26519   0.68571   0.66729   0.40303   0.35408   0.27572   1.74770   0.11476   0.11586   0.05463   0.06826   0.00248   0.01393   1.16627   0.11611   0.12666   0.00762  
 20 149.3303   8495.576551  x:  1.62764   2.21938   2.19596   1.65510   1.12600   0.50914   1.24757   0.70846   0.68402   0.40662   0.35167   0.24875   1.79654   0.23317   0.01432   0.07344   0.05179   0.00250   0.01394   1.22418   0.11630   0.12529   0.00131  
 21 82.6878   8494.778954  x:  1.65222   2.22338   2.20880   1.67353   1.12182   0.51090   1.24480   0.71223   0.68724   0.40704   0.35101   0.24400   1.80467   0.25456   0.00000   0.07133   0.04983   0.00250   0.01393   1.23454   0.11615   0.12826   0.00745  
 22 784.1921   8492.143758  x:  1.76260   2.24945   2.30113   1.76459   1.12075   0.54150   1.26197   0.72369   0.76998   0.37660   0.35993   0.25630   1.83734   0.21354   0.02691   0.06735   0.05218   0.00243   0.01393   1.40109   0.11278   0.13544   0.00744  
 23 29.5203   8491.410882  x:  1.77439   2.27647   2.40508   1.79461   1.17801   0.56823   1.34143   0.71200   0.80696   0.32737   0.33431   0.27950   1.82021   0.22039   0.02241   0.06817   0.05172   0.00237   0.01393   1.38258   0.10867   0.13536   0.00733  
 24  8.3865   8490.898908  x:  1.76971   2.30073   2.50562   1.81587   1.21648   0.56658   1.39775   0.69651   0.83600   0.36361   0.35943   0.25731   1.79948   0.21981   0.02364   0.06873   0.05181   0.00232   0.01393   1.37212   0.10510   0.13524   0.00727  
 25 12.4711   8490.075405  x:  1.74431   2.33838   2.68527   1.85364   1.23888   0.50875   1.43260   0.66639   0.76265   0.36958   0.37035   0.24991   1.76621   0.21363   0.03033   0.06850   0.05345   0.00236   0.01393   1.40169   0.10650   0.13552   0.00733  
 26  9.7243   8489.434844  x:  1.71313   2.35019   2.79669   1.88432   1.24227   0.48825   1.40680   0.70706   0.77396   0.40964   0.32640   0.28816   1.75442   0.21414   0.03202   0.06890   0.05473   0.00238   0.01392   1.40811   0.10612   0.13516   0.00742  
 27  7.3358   8487.780643  x:  1.64492   2.35636   3.00914   1.96885   1.25160   0.51422   1.29783   0.83075   0.83212   0.35303   0.36393   0.25690   1.76635   0.20967   0.04031   0.06970   0.05899   0.00244   0.01391   1.38028   0.10573   0.13357   0.00780  
 28 11.0578   8484.504144  x:  1.71737   2.34072   3.07681   2.10974   1.33172   0.75780   1.36718   0.73640   0.80812   0.41497   0.35949   0.26700   1.99189   0.21531   0.04349   0.07139   0.06722   0.00261   0.01387   1.41345   0.10574   0.13401   0.00924  
 29  4.6107   8482.189453  x:  1.87841   2.42692   3.02824   2.13099   1.28201   0.64170   1.59411   0.79404   0.87968   0.39430   0.36631   0.26539   2.15682   0.21301   0.05120   0.07228   0.07320   0.00273   0.01385   1.40843   0.10544   0.13386   0.00998  
 30  9.2122   8480.876718  x:  2.07717   2.68529   2.96991   2.05756   1.51385   0.60112   1.59966   0.92275   0.84758   0.41074   0.37858   0.25894   2.19311   0.21047   0.05642   0.07271   0.07531   0.00273   0.01384   1.44492   0.10049   0.13507   0.01010  
 31  5.9952   8480.365590  x:  2.14978   2.82386   2.96695   2.05215   1.55404   0.56428   1.54071   0.85375   0.89693   0.39999   0.37104   0.26602   2.20875   0.20771   0.06009   0.07255   0.07628   0.00277   0.01383   1.42691   0.09998   0.13460   0.01019  
 32  5.5898   8478.462649  x:  2.22652   3.32634   3.05478   2.24339   1.38436   0.75079   1.60439   0.89657   0.88671   0.41901   0.36608   0.26733   2.26224   0.20826   0.06314   0.07209   0.07645   0.00278   0.01381   1.41865   0.09021   0.13228   0.01120  
 33  2.6548   8475.889674  x:  2.44446   3.26114   3.21145   2.72241   1.58915   0.65252   1.67335   0.94860   0.91384   0.42794   0.36328   0.26876   2.36049   0.19888   0.07432   0.06943   0.07519   0.00286   0.01378   1.41380   0.07969   0.12948   0.01205  
 34  2.8316   8473.650068  x:  3.01423   2.96017   3.47837   2.78878   1.53511   0.74646   1.70199   0.95428   0.93266   0.43481   0.36086   0.27024   1.97561   0.18515   0.08833   0.06487   0.07293   0.00309   0.01373   1.39571   0.07960   0.12704   0.01234  
 35  4.7271   8472.557250  x:  3.16267   2.88984   3.80597   2.63103   1.54422   0.77245   1.71479   0.98789   0.93782   0.44383   0.35682   0.26856   2.40364   0.18036   0.08423   0.06334   0.06834   0.00311   0.01370   1.39086   0.07598   0.12226   0.01312  
 36  1.1737   8471.163415  x:  3.22448   2.99242   3.85209   3.03601   1.61969   0.73641   1.77458   1.01200   0.95151   0.45766   0.35553   0.26771   2.48117   0.17017   0.08232   0.06151   0.06197   0.00315   0.01365   1.40274   0.07657   0.11560   0.01395  
 37  1.1476   8470.217939  x:  3.54896   3.40033   4.08881   3.37303   1.73694   0.82096   1.92586   1.10583   1.00144   0.48840   0.36037   0.27072   2.60173   0.16509   0.09034   0.06595   0.06387   0.00305   0.01357   1.41289   0.06747   0.10980   0.01524  
 38  0.5400   8469.421197  x:  3.96880   3.72434   4.43532   3.60226   1.90817   0.90899   2.10700   1.21010   1.07825   0.52041   0.36485   0.28158   2.83031   0.18113   0.09219   0.06295   0.06948   0.00273   0.01345   1.43112   0.06290   0.11810   0.01509  
 39  0.3188   8469.220158  x:  4.15357   3.85682   4.64746   3.75389   2.00217   0.94324   2.19760   1.26046   1.12170   0.53543   0.36579   0.28874   2.96253   0.17286   0.09276   0.06381   0.06730   0.00271   0.01339   1.43707   0.05900   0.11708   0.01515  
 40  0.3984   8469.116764  x:  4.19567   3.85854   4.73726   3.78740   2.03787   0.94810   2.22762   1.27102   1.14239   0.53950   0.36420   0.29294   3.01546   0.16587   0.09173   0.06639   0.06522   0.00274   0.01336   1.43721   0.05886   0.11586   0.01487  
 41  0.1652   8469.068191  x:  4.28745   3.94934   4.89042   3.89525   2.10417   0.97159   2.29538   1.30131   1.17816   0.55168   0.36319   0.29825   3.10440   0.16893   0.09009   0.06397   0.06450   0.00279   0.01331   1.43797   0.05699   0.11923   0.01398  
 42  0.1583   8469.055244  x:  4.30871   3.98217   4.94097   3.93462   2.12278   0.98055   2.31836   1.31011   1.18961   0.55693   0.36234   0.29895   3.12929   0.17041   0.09057   0.06567   0.06551   0.00281   0.01329   1.43812   0.05651   0.11887   0.01362  
 43  0.0723   8469.051334  x:  4.29616   3.99819   4.95902   3.95101   2.12311   0.98532   2.32406   1.31186   1.19254   0.55989   0.36267   0.29871   3.12993   0.16965   0.09067   0.06520   0.06545   0.00285   0.01329   1.44046   0.05648   0.11842   0.01309  
 44  0.0171   8469.050449  x:  4.29672   4.00384   4.96658   3.95700   2.12374   0.98723   2.32583   1.31331   1.19328   0.56085   0.36272   0.29866   3.13131   0.16942   0.09100   0.06523   0.06545   0.00285   0.01328   1.44045   0.05634   0.11808   0.01289  
 45  0.0097   8469.049874  x:  4.28194   3.98902   4.95107   3.94261   2.11546   0.98416   2.31662   1.30948   1.18917   0.55944   0.36262   0.29818   3.12018   0.16965   0.09129   0.06524   0.06549   0.00283   0.01328   1.43926   0.05656   0.11792   0.01266  
 46  0.0174   8469.049638  x:  4.28328   3.98473   4.95160   3.93986   2.11665   0.98328   2.31623   1.30953   1.18938   0.55892   0.36260   0.29845   3.12158   0.16938   0.09123   0.06533   0.06542   0.00283   0.01328   1.43941   0.05657   0.11816   0.01246  
 47  0.0027   8469.049604  x:  4.28593   3.98810   4.95177   3.94228   2.11744   0.98378   2.31760   1.30991   1.18972   0.55899   0.36267   0.29839   3.12275   0.16953   0.09115   0.06533   0.06545   0.00283   0.01327   1.43965   0.05655   0.11823   0.01241  
 48  0.0022   8469.049594  x:  4.28632   3.98802   4.94987   3.94178   2.11685   0.98367   2.31720   1.30965   1.18935   0.55886   0.36267   0.29834   3.12226   0.16948   0.09116   0.06534   0.06543   0.00283   0.01327   1.43952   0.05656   0.11818   0.01241  
 49  0.0013   8469.049590  x:  4.28748   3.98844   4.95086   3.94238   2.11727   0.98387   2.31762   1.30985   1.18953   0.55901   0.36263   0.29841   3.12315   0.16944   0.09122   0.06532   0.06543   0.00283   0.01326   1.43945   0.05654   0.11816   0.01240  
 50  0.0005   8469.049583  x:  4.28706   3.98794   4.95031   3.94160   2.11707   0.98381   2.31722   1.30987   1.18937   0.55904   0.36267   0.29838   3.12298   0.16943   0.09124   0.06533   0.06544   0.00283   0.01325   1.43964   0.05655   0.11817   0.01242  
 51  0.0002   8469.049578  x:  4.28682   3.98825   4.95035   3.94194   2.11705   0.98384   2.31728   1.30986   1.18948   0.55904   0.36267   0.29836   3.12295   0.16944   0.09121   0.06533   0.06542   0.00283   0.01324   1.43955   0.05655   0.11818   0.01241  
 52  0.0002   8469.049578  x:  4.28647   3.98803   4.95019   3.94183   2.11697   0.98375   2.31721   1.30977   1.18947   0.55896   0.36266   0.29836   3.12264   0.16947   0.09119   0.06533   0.06543   0.00283   0.01323   1.43950   0.05655   0.11818   0.01241  
 53  0.0004   8469.049577  x:  4.28648   3.98797   4.95024   3.94184   2.11696   0.98373   2.31725   1.30974   1.18944   0.55894   0.36265   0.29837   3.12256   0.16946   0.09119   0.06533   0.06543   0.00283   0.01323   1.43951   0.05655   0.11818   0.01241  
 54  0.0001   8469.049577  x:  4.28653   3.98797   4.95031   3.94185   2.11699   0.98373   2.31728   1.30974   1.18943   0.55893   0.36265   0.29837   3.12258   0.16947   0.09119   0.06533   0.06543   0.00283   0.01323   1.43952   0.05655   0.11818   0.01241  
 55  0.0001   8469.049577  x:  4.28651   3.98797   4.95030   3.94184   2.11699   0.98373   2.31727   1.30973   1.18943   0.55893   0.36266   0.29837   3.12257   0.16947   0.09119   0.06533   0.06543   0.00283   0.01323   1.43952   0.05655   0.11818   0.01241  
 56  0.0000   8469.049577  x:  4.28651   3.98798   4.95031   3.94183   2.11700   0.98373   2.31728   1.30973   1.18942   0.55894   0.36266   0.29837   3.12258   0.16946   0.09119   0.06533   0.06543   0.00283   0.01323   1.43952   0.05655   0.11818   0.01241  