

TREE # 1

  0  0.0000   7398.618700  x:  0.17789   1.46711   1.59983   0.25524   1.29668   0.29323   1.26757   0.31181   0.75370   0.49015   0.27112   0.35335   1.34428   0.19257   0.03087   0.18379   0.11059   0.00000   0.00000   2.00000   0.20000  
  1 99.0000   7398.617870  x:  0.17789   1.46711   1.59983   0.25524   1.29668   0.29323   1.26757   0.31181   0.75370   0.49015   0.27112   0.35335   1.34428   0.19257   0.03087   0.18379   0.11059   0.00000   0.00000   2.00000   0.20000  
  2 542.7528   7350.560683  x:  0.48253   1.50959   1.67971   0.71764   1.35864   0.44446   1.29765   0.41868   0.67352   0.46192   0.26234   0.28440   1.48093   0.17281   0.13708   0.10493   0.29750   0.00000   0.00000   1.82274   0.18376  
  3 256.2003   7321.605579  x:  0.63854   1.53446   1.74056   0.94176   1.40089   0.51139   1.32603   0.47946   0.63403   0.45781   0.30125   0.29214   1.57106   0.08642   0.06775   0.16880   0.15260   0.00000   0.00000   1.69552   0.15503  
  4 216.9607   7317.424702  x:  0.66634   1.54040   1.75856   0.97866   1.41162   0.51958   1.33541   0.49171   0.62947   0.46194   0.31227   0.30050   1.59340   0.12126   0.08502   0.18408   0.10514   0.00000   0.00000   1.66282   0.14748  
  5 184.5203   7313.394332  x:  0.68557   1.55617   1.82317   0.98285   1.44285   0.49931   1.37335   0.51088   0.64318   0.49794   0.34249   0.34690   1.65447   0.18534   0.02605   0.21667   0.13122   0.00000   0.00000   1.57200   0.13552  
  6 56.7187   7310.722416  x:  0.69011   1.57348   1.89348   0.96348   1.47615   0.46956   1.41453   0.52468   0.65823   0.52893   0.32887   0.34928   1.71783   0.19841   0.00287   0.16850   0.12131   0.00000   0.00000   1.49779   0.12737  
  7 65.7080   7306.634071  x:  0.68772   1.61031   2.04823   0.90379   1.54925   0.39879   1.50336   0.54728   0.68252   0.58209   0.29741   0.34337   1.85882   0.15933   0.04832   0.17563   0.12678   0.00000   0.00000   1.35965   0.11248  
  8 110.3975   7303.948920  x:  0.67516   1.64624   2.21908   0.87982   1.63416   0.34973   1.57653   0.54100   0.62364   0.52641   0.29211   0.28654   2.02200   0.18253   0.02770   0.19398   0.13058   0.00000   0.00000   1.41149   0.10854  
  9 28.0776   7302.851349  x:  0.66415   1.66077   2.30179   0.87423   1.67507   0.33232   1.60596   0.53341   0.60086   0.50356   0.33306   0.31010   2.10289   0.17440   0.03765   0.17617   0.13245   0.00000   0.00000   1.45199   0.10569  
 10 54.6478   7302.363564  x:  0.63739   1.65563   2.35134   0.90239   1.69558   0.35075   1.59651   0.51397   0.63268   0.53593   0.30945   0.33147   2.15620   0.17443   0.03697   0.17932   0.13130   0.00000   0.00000   1.49828   0.10337  
 11 10.9644   7302.088216  x:  0.58174   1.63123   2.38457   0.92967   1.69040   0.36656   1.55304   0.48100   0.62927   0.54099   0.32213   0.31714   2.19107   0.17444   0.03759   0.17722   0.13196   0.00000   0.00000   1.48388   0.10502  
 12  5.5751   7301.932141  x:  0.55480   1.61507   2.40399   0.93784   1.67838   0.37744   1.52489   0.50797   0.61730   0.52462   0.30520   0.33285   2.20166   0.17470   0.03813   0.17568   0.13286   0.00000   0.00000   1.47781   0.10566  
 13  3.5113   7301.689152  x:  0.54653   1.59930   2.43070   0.94481   1.65300   0.38307   1.48819   0.56497   0.63102   0.52923   0.32191   0.31303   2.20443   0.17540   0.03939   0.17357   0.13466   0.00000   0.00000   1.48948   0.10476  
 14  3.9868   7300.883007  x:  0.62628   1.58865   2.47926   0.97744   1.57304   0.33195   1.41272   0.55082   0.61832   0.53929   0.30724   0.31680   2.17545   0.17702   0.04308   0.16522   0.13988   0.00000   0.00000   1.51512   0.10777  
 15  2.9459   7298.949585  x:  0.71067   1.56907   2.47625   1.02972   1.58026   0.48084   1.47360   0.48316   0.62158   0.50385   0.29775   0.29840   2.05004   0.18375   0.05322   0.14414   0.15692   0.00000   0.00000   1.53041   0.10516  
 16  4.1569   7298.258423  x:  0.65407   1.57067   2.37917   1.14133   1.61724   0.40772   1.54833   0.50600   0.59056   0.53455   0.29489   0.29203   2.04252   0.18448   0.05760   0.13812   0.16195   0.00000   0.00000   1.55101   0.10578  
 17  4.9980   7298.029782  x:  0.64734   1.61178   2.33191   1.17179   1.65213   0.37760   1.53059   0.50885   0.63727   0.49060   0.29435   0.29201   2.06911   0.18566   0.05763   0.13809   0.16359   0.00000   0.00000   1.54547   0.10507  
 18  3.2480   7297.689587  x:  0.66326   1.70103   2.27719   1.16804   1.70297   0.39937   1.47586   0.52538   0.60084   0.52455   0.29581   0.29130   2.13488   0.18586   0.05872   0.14007   0.16583   0.00000   0.00000   1.54503   0.10358  
 19  2.0887   7296.083745  x:  0.74773   1.73811   2.34415   1.28245   1.57430   0.46626   1.61987   0.54310   0.62492   0.51837   0.30852   0.29991   2.34590   0.18009   0.06419   0.16525   0.17166   0.00000   0.00000   1.54407   0.09861  
 20  1.2218   7295.082874  x:  0.81449   1.66180   2.52402   1.38911   1.76812   0.42713   1.61415   0.57039   0.62825   0.52923   0.31712   0.30573   2.26524   0.17274   0.07093   0.18181   0.17431   0.00000   0.00000   1.54192   0.09575  
 21  3.8060   7294.926014  x:  0.78792   1.76124   2.59383   1.43086   1.76101   0.43146   1.63341   0.57621   0.63209   0.53392   0.31778   0.30726   2.23385   0.16980   0.07311   0.18080   0.17348   0.00000   0.00000   1.54003   0.09409  
 22  0.7863   7294.160063  x:  0.87171   1.80154   2.70976   1.48965   1.83395   0.44489   1.70390   0.60825   0.66475   0.55553   0.31216   0.31073   2.41982   0.15811   0.08183   0.15692   0.17158   0.00000   0.00000   1.54247   0.09067  
 23  0.6935   7294.067016  x:  0.89277   1.79245   2.72516   1.54508   1.84762   0.44284   1.71390   0.61080   0.65682   0.55890   0.31224   0.30939   2.43168   0.15994   0.07980   0.15765   0.16988   0.00000   0.00000   1.52892   0.08847  
 24  0.0816   7294.020468  x:  0.90474   1.79258   2.72762   1.59037   1.85993   0.44264   1.72455   0.61103   0.65226   0.55996   0.31240   0.30792   2.41822   0.16455   0.07552   0.16031   0.16796   0.00000   0.00000   1.53298   0.08885  
 25  0.0456   7294.012245  x:  0.90856   1.80314   2.73154   1.59748   1.86381   0.44651   1.73221   0.61365   0.65796   0.56139   0.31292   0.30959   2.42515   0.16794   0.07197   0.15901   0.16786   0.00000   0.00000   1.53814   0.08841  
 26  0.0129   7294.011011  x:  0.90708   1.80145   2.73038   1.59273   1.86108   0.44679   1.72934   0.61346   0.65740   0.56106   0.31307   0.30932   2.42398   0.16884   0.07033   0.15924   0.16825   0.00000   0.00000   1.53590   0.08852  
 27  0.0044   7294.010965  x:  0.90738   1.80107   2.73119   1.59255   1.86158   0.44652   1.72945   0.61359   0.65704   0.56115   0.31294   0.30927   2.42403   0.16867   0.07031   0.15921   0.16835   0.00000   0.00000   1.53623   0.08851  
 28  0.0009   7294.010964  x:  0.90745   1.80112   2.73118   1.59272   1.86165   0.44647   1.72953   0.61357   0.65707   0.56114   0.31297   0.30928   2.42394   0.16865   0.07032   0.15920   0.16836   0.00000   0.00000   1.53625   0.08852  
 29  0.0002   7294.010964  x:  0.90745   1.80113   2.73115   1.59272   1.86164   0.44646   1.72953   0.61356   0.65708   0.56114   0.31296   0.30928   2.42392   0.16865   0.07032   0.15921   0.16836   0.00000   0.00000   1.53624   0.08852  
 30  0.0000   7294.010964  x:  0.90746   1.80113   2.73115   1.59272   1.86163   0.44646   1.72953   0.61356   0.65708   0.56114   0.31296   0.30928   2.42392   0.16865   0.07032   0.15920   0.16836   0.00000   0.00000   1.53624   0.08852  
 31  0.0000   7294.010964  x:  0.90746   1.80113   2.73115   1.59272   1.86163   0.44646   1.72953   0.61356   0.65708   0.56114   0.31296   0.30928   2.42392   0.16865   0.07032   0.15920   0.16836   0.00000   0.00000   1.53624   0.08852  