

TREE # 1

  0  0.0000   4619.435484  x:  0.10312   0.29647   0.19282   0.09375   0.15404   0.08569   0.19702   0.00000   0.23603   0.17642   0.32874   0.08817   0.05675   0.04935   0.09314   0.05713   0.01753   2.00000   0.20000   0.20000   0.20000  
  1 99.0000   4163.826997  x:  0.27978   0.49481   0.37261   0.31961   0.43109   0.34351   0.40785   1.24272   0.39817   0.38548   0.52632   0.12267   0.09368   0.10040   0.16972   0.01573   0.00000   1.96520   0.51198   0.19475   0.17316  
  2 2659.8730   4153.524267  x:  0.30286   0.52120   0.39638   0.34907   0.46729   0.37688   0.43519   1.40266   0.41951   0.41275   0.55267   0.12716   0.09844   0.10687   0.17974   0.01161   0.04970   1.96051   0.55110   0.19401   0.16943  
  3 35569.8346   4019.715556  x:  0.38986   0.76541   0.56954   0.44899   0.60708   0.41858   0.47927   1.38258   0.54468   0.50857   0.81383   0.12762   0.08860   0.07311   0.20413   0.21245   0.04622   1.89982   0.20161   0.17185   0.07798  
  4 385.8748   3963.632871  x:  0.45759   0.97730   0.70264   0.52308   0.71945   0.44010   0.51390   1.22481   0.65386   0.56970   1.05184   0.13575   0.09884   0.05938   0.21967   0.14312   0.04543   1.81295   0.27871   0.15167   0.01523  
  5 311.4752   3922.860640  x:  0.54461   1.25265   0.87294   0.61906   0.86719   0.46881   0.56066   1.02774   0.79533   0.64783   1.36319   0.14906   0.11571   0.04840   0.24250   0.02511   0.04468   1.69600   0.34439   0.12616   0.11288  
  6 2123.8494   3921.167412  x:  0.54546   1.25862   0.87439   0.62041   0.87091   0.46914   0.56252   1.02524   0.79774   0.64786   1.37155   0.14836   0.11579   0.05489   0.24211   0.00999   0.04482   1.69082   0.33796   0.12545   0.11116  
  7 193.7258   3918.066856  x:  0.53477   1.27860   0.84648   0.61435   0.88995   0.46593   0.58131   1.01692   0.79897   0.62232   1.42305   0.13556   0.11785   0.14847   0.22970   0.01595   0.04468   1.62942   0.33927   0.11936   0.11318  
  8 78.7300   3908.688714  x:  0.47539   1.31573   0.69970   0.57235   0.94319   0.44619   0.64907   1.03420   0.78501   0.50816   1.58312   0.06577   0.10548   0.14845   0.14838   0.01540   0.04487   1.39492   0.33214   0.04300   0.11516  
  9 78.9143   3904.400749  x:  0.43528   1.33295   0.60265   0.54085   0.96961   0.42713   0.68381   1.04527   0.78019   0.44217   1.67486   0.09521   0.15646   0.13738   0.16922   0.01546   0.04483   1.25460   0.32231   0.01681   0.11131  
 10 145.6404   3902.896974  x:  0.41318   1.34268   0.54851   0.52247   0.98336   0.41379   0.70067   1.05202   0.78239   0.41070   1.72576   0.09626   0.16923   0.12500   0.18527   0.01522   0.04481   1.18007   0.31777   0.05910   0.10950  
 11 145.7597   3902.175719  x:  0.40254   1.34428   0.51867   0.50731   0.98376   0.39207   0.69664   1.05654   0.80514   0.41859   1.74808   0.07984   0.15003   0.12432   0.22428   0.01493   0.04480   1.16504   0.31778   0.05251   0.10944  
 12 21.6208   3900.899710  x:  0.38916   1.34891   0.46234   0.47040   0.98240   0.32211   0.67034   1.07156   0.87580   0.45410   1.80011   0.10681   0.13647   0.12646   0.19896   0.01520   0.04485   1.17351   0.31650   0.05374   0.10949  
 13 15.9681   3897.060784  x:  0.45138   1.37189   0.46403   0.43138   1.03644   0.17876   0.61229   1.10294   0.88670   0.31889   1.93366   0.13551   0.09548   0.12441   0.20998   0.01492   0.04483   1.27035   0.30930   0.05437   0.10926  
 14  8.7430   3869.758328  x:  0.70518   1.23367   0.45114   0.25894   1.38362   0.32633   0.71573   0.98929   1.05610   0.29709   2.30764   0.05967   0.19992   0.10235   0.22551   0.01308   0.04310   1.44716   0.18080   0.06471   0.09166  
 15 10.0940   3861.877178  x:  0.69399   1.37354   0.59570   0.22248   1.29154   0.27489   0.69349   1.00042   0.99554   0.37266   2.31313   0.09637   0.15293   0.10081   0.22525   0.01269   0.04281   1.30256   0.14540   0.06366   0.08699  
 16 21.0835   3859.438770  x:  0.56367   1.48454   0.50274   0.41433   1.20827   0.34379   0.65167   0.98843   0.87875   0.42764   2.40697   0.14016   0.09924   0.09951   0.22981   0.01280   0.04267   1.36930   0.14304   0.06409   0.08739  
 17 10.3907   3856.916033  x:  0.32663   1.51933   0.59879   0.51369   1.20735   0.27808   0.67409   0.98653   0.88133   0.44384   2.45406   0.06456   0.18947   0.09675   0.22751   0.01372   0.04244   1.41108   0.14802   0.06550   0.08857  
 18  5.0794   3849.617934  x:  0.20549   1.46460   0.75288   0.76453   1.24159   0.22475   0.72092   0.92792   0.99259   0.43932   2.46489   0.19857   0.02493   0.09358   0.23012   0.01579   0.04154   1.28338   0.15300   0.06443   0.09106  
 19  7.2294   3843.904632  x:  0.41503   1.60691   0.73957   0.95437   1.14904   0.15585   0.61981   0.88645   1.04681   0.48470   2.44822   0.11462   0.11893   0.09040   0.22038   0.01839   0.04067   1.15879   0.15583   0.06421   0.09337  
 20 14.1954   3835.725169  x:  0.58874   2.19640   0.65917   0.58969   1.10314   0.29243   0.76778   0.81585   0.98232   0.54167   2.41820   0.13518   0.08390   0.08516   0.22198   0.02189   0.03946   1.26063   0.17551   0.06539   0.10011  
 21 15.1644   3832.198609  x:  0.58470   2.17370   0.73019   0.51647   1.35701   0.30868   0.60174   0.75709   0.81228   0.70770   2.67719   0.13148   0.08228   0.08408   0.21937   0.02382   0.03837   1.21768   0.17508   0.06593   0.10145  
 22  1.8882   3813.324177  x:  0.74309   2.30886   0.99440   0.81100   1.49437   0.19559   1.26759   0.34569   0.99115   0.83953   3.99512   0.05545   0.16482   0.07220   0.21078   0.03295   0.03107   1.28379   0.11665   0.07859   0.10517  
 23  8.2866   3810.085425  x:  0.66801   2.40886   1.06937   0.81990   1.47004   0.40003   1.11919   0.29946   1.24022   0.67466   4.17564   0.03789   0.18059   0.07456   0.20208   0.03454   0.02999   1.26712   0.10635   0.07834   0.10556  
 24 13.0187   3807.769506  x:  0.70973   2.50768   1.14482   0.67447   1.29208   0.51065   1.09095   0.26906   1.22354   0.68150   4.53229   0.05398   0.16415   0.09091   0.20160   0.03349   0.02889   1.25216   0.11718   0.07632   0.10623  
 25  0.7051   3806.157411  x:  0.69741   2.85476   1.01393   0.75083   1.57013   0.43001   1.10668   0.19852   1.26963   0.66087   4.43395   0.07199   0.14492   0.10336   0.19897   0.03253   0.02761   1.22296   0.11638   0.07315   0.10472  
 26  2.9865   3804.309259  x:  0.80583   3.12721   0.99699   0.62053   1.50507   0.44123   1.20310   0.12777   1.15943   0.73387   4.93396   0.08870   0.12248   0.09953   0.21015   0.03027   0.02551   1.20081   0.10568   0.06918   0.09790  
 27  0.5213   3803.228997  x:  0.81342   3.27351   0.89439   0.52447   1.46454   0.44900   1.13048   0.19210   1.14322   0.66240   5.02585   0.09536   0.12333   0.07721   0.21460   0.02594   0.02580   1.22466   0.10897   0.06432   0.08592  
 28  0.1475   3802.268942  x:  0.84774   3.38447   0.82549   0.60198   1.52038   0.38607   1.12696   0.20628   1.16758   0.62689   5.25389   0.08344   0.15035   0.10172   0.21242   0.02150   0.02503   1.24372   0.10650   0.05936   0.06899  
 29  0.1217   3801.228956  x:  0.91191   3.29343   0.91781   0.72118   1.56427   0.36896   1.15555   0.19194   1.21227   0.67273   5.66783   0.04640   0.18180   0.08732   0.21575   0.02656   0.02346   1.19557   0.10261   0.06135   0.05760  
 30  0.1637   3799.490247  x:  0.99847   3.27474   1.03321   0.59667   1.69758   0.47665   1.14904   0.26665   1.28648   0.71538   6.21571   0.08415   0.15910   0.07793   0.22241   0.03564   0.02193   1.21438   0.08978   0.07537   0.06250  
 31  0.1090   3797.317971  x:  1.14071   3.67734   1.01844   0.51841   1.97592   0.49268   1.20075   0.39190   1.41252   0.69701   7.03309   0.10100   0.12588   0.08985   0.22906   0.03777   0.01862   1.21882   0.08927   0.08078   0.06082  
 32  0.3651   3795.771924  x:  1.28373   4.07387   1.05492   0.56629   2.17520   0.50722   1.30716   0.45064   1.55528   0.67559   7.93171   0.10328   0.11735   0.09167   0.22468   0.03832   0.01472   1.19181   0.07289   0.08463   0.05745  
 33  0.8557   3794.104217  x:  1.43595   4.68477   1.20248   0.78752   2.41768   0.53905   1.52192   0.53554   1.78089   0.64938   9.05469   0.09203   0.13154   0.08163   0.20336   0.03394   0.00905   1.19485   0.06190   0.09092   0.07873  
 34  0.5164   3793.728900  x:  1.42241   4.72457   1.20951   0.83238   2.39471   0.53389   1.52418   0.54240   1.76748   0.65025   9.01612   0.08376   0.14141   0.08303   0.20710   0.03068   0.00921   1.20806   0.06521   0.08737   0.08016  
 35  0.1372   3793.318232  x:  1.49312   5.04684   1.27031   0.93081   2.49076   0.55883   1.56191   0.60069   1.81296   0.66892   9.57316   0.07038   0.15572   0.09099   0.22581   0.02540   0.00730   1.22444   0.06038   0.08000   0.07542  
 36  0.4348   3792.718412  x:  1.49641   5.35434   1.42704   1.07988   2.61164   0.64696   1.52063   0.69907   1.80761   0.75939   9.96932   0.08237   0.15262   0.08073   0.21921   0.02812   0.00837   1.19593   0.05598   0.06435   0.06681  
 37  0.1260   3792.353324  x:  1.46860   5.69308   1.56466   1.21961   2.74521   0.71565   1.56721   0.76689   1.88839   0.77686  10.13490   0.08792   0.13424   0.09588   0.21082   0.02904   0.00969   1.22063   0.05383   0.05632   0.07774  
 38  0.1747   3792.216096  x:  1.48850   5.99228   1.63875   1.31275   2.86981   0.74591   1.62666   0.81151   1.96881   0.77325  10.46892   0.09110   0.13184   0.09357   0.21256   0.02858   0.00944   1.23086   0.05010   0.05490   0.07789  
 39  0.4250   3791.961662  x:  1.46700   6.40160   1.70959   1.43387   3.03188   0.75938   1.73495   0.84413   2.08642   0.73231  10.70219   0.09959   0.13012   0.08077   0.21896   0.02751   0.01070   1.24825   0.04861   0.05917   0.07316  
 40  0.2810   3791.801894  x:  1.47542   6.78109   1.82321   1.53324   3.20205   0.79090   1.84691   0.88014   2.19049   0.74117  11.08498   0.10296   0.12355   0.09162   0.21594   0.02857   0.01168   1.23289   0.04543   0.06418   0.07040  
 41  0.2794   3791.731653  x:  1.48916   6.82276   1.85220   1.51590   3.22159   0.79246   1.89154   0.86183   2.19941   0.76424  11.19696   0.09882   0.12604   0.09173   0.21611   0.02913   0.01205   1.22525   0.04588   0.06977   0.06967  
 42  0.0871   3791.601896  x:  1.56658   7.30759   2.02549   1.59899   3.42192   0.84859   2.05267   0.88741   2.31527   0.82890  11.97917   0.09334   0.13183   0.08478   0.21834   0.02924   0.01210   1.23122   0.04183   0.07741   0.06961  
 43  0.5202   3791.507227  x:  1.67252   7.60338   2.14940   1.59287   3.52881   0.90118   2.15260   0.88404   2.38154   0.90820  12.71422   0.08750   0.14247   0.08554   0.21782   0.02755   0.01176   1.25756   0.04041   0.07990   0.07154  
 44  0.2933   3791.453900  x:  1.73936   7.99303   2.27289   1.65569   3.69146   0.95449   2.24357   0.91752   2.48820   0.94420  13.34902   0.08899   0.13921   0.08730   0.21716   0.02731   0.01210   1.26063   0.03780   0.07873   0.07103  
 45  0.6184   3791.323596  x:  1.84899   8.46227   2.39194   1.70788   3.90736   1.03484   2.28630   0.97593   2.66146   0.95823  14.21092   0.10091   0.11831   0.09263   0.21472   0.02779   0.01314   1.24906   0.03581   0.06399   0.06950  
 46  0.4863   3791.234619  x:  2.00460   8.98142   2.54194   1.76284   4.15869   1.10298   2.41986   1.00981   2.86251   0.99521  15.30870   0.10193   0.12609   0.08682   0.21565   0.02753   0.01322   1.26899   0.03325   0.06354   0.07224  
 47  0.5835   3791.209031  x:  2.02537   8.96080   2.52655   1.75243   4.16718   1.09595   2.41946   1.00650   2.88006   0.98721  15.36073   0.09986   0.13010   0.08591   0.21629   0.02767   0.01315   1.27054   0.03366   0.06417   0.07285  
 48  0.1350   3791.146844  x:  2.22532   9.57561   2.68170   1.83134   4.49768   1.15524   2.58348   1.05785   3.13203   1.02579  16.67290   0.08993   0.13707   0.08962   0.21727   0.02811   0.01382   1.27131   0.03087   0.06469   0.07268  
 49  0.7770   3791.113643  x:  2.32346   9.77658   2.70383   1.87627   4.63771   1.15204   2.64439   1.08966   3.21813   1.04503  17.15064   0.08392   0.14076   0.08978   0.21558   0.02816   0.01428   1.27058   0.03041   0.06678   0.07154  
 50  0.2391   3791.083790  x:  2.48709  10.25834   2.81072   1.96078   4.90139   1.18890   2.76912   1.14668   3.38937   1.09221  18.13858   0.08259   0.14230   0.08875   0.21466   0.02795   0.01493   1.27872   0.02851   0.06727   0.07157  
 51  1.1444   3791.040166  x:  2.64165  10.68220   2.87614   2.08536   5.14467   1.20506   2.86991   1.23620   3.48928   1.16521  18.90167   0.09657   0.13154   0.08622   0.21516   0.02696   0.01572   1.29604   0.02733   0.06702   0.07317  
 52  0.3942   3791.027517  x:  2.63279  10.66111   2.86336   2.10429   5.13604   1.19690   2.86726   1.24791   3.46302   1.17281  18.80403   0.09725   0.12865   0.08862   0.21612   0.02716   0.01574   1.28904   0.02753   0.06756   0.07281  
 53  0.0779   3791.019237  x:  2.70737  10.89378   2.91075   2.16065   5.26115   1.21243   2.93083   1.28406   3.53352   1.19957  19.23719   0.09592   0.12866   0.08984   0.21647   0.02732   0.01598   1.28670   0.02672   0.06822   0.07254  
 54  0.6437   3790.986892  x:  2.82894  11.39600   3.00308   2.33430   5.48176   1.25626   3.07829   1.38208   3.63885   1.25279  19.96591   0.09106   0.13720   0.08634   0.21620   0.02805   0.01524   1.28206   0.02544   0.07030   0.07225  
 55  0.1661   3790.960490  x:  2.80212  11.49290   3.02197   2.36545   5.46219   1.29542   3.09498   1.39850   3.64672   1.23268  19.93221   0.08994   0.13767   0.08794   0.21623   0.02818   0.01404   1.29165   0.02558   0.06686   0.07304  
 56  0.0549   3790.942669  x:  2.89940  11.91229   3.10880   2.45191   5.63878   1.35055   3.19872   1.45516   3.77101   1.25462  20.59705   0.09076   0.13567   0.08929   0.21622   0.02824   0.01366   1.30098   0.02450   0.06524   0.07338  
 57  1.0166   3790.915658  x:  2.98644  12.42392   3.22983   2.50014   5.83172   1.44081   3.33954   1.48830   3.94039   1.26619  21.35762   0.10038   0.12395   0.08831   0.21548   0.02866   0.01322   1.30261   0.02352   0.06832   0.07151  
 58  0.2527   3790.898287  x:  3.00280  12.48075   3.26482   2.47776   5.86202   1.46002   3.37113   1.47135   3.97072   1.28595  21.50725   0.10237   0.12397   0.08724   0.21643   0.02822   0.01350   1.29892   0.02356   0.07175   0.07164  
 59  0.0918   3790.870698  x:  3.19225  13.18275   3.44138   2.60367   6.19274   1.55421   3.57604   1.54605   4.18644   1.37212  22.74912   0.10242   0.12630   0.08657   0.21763   0.02771   0.01364   1.30135   0.02200   0.07477   0.07237  
 60  1.4493   3790.839113  x:  3.39940  14.01547   3.67408   2.74505   6.57521   1.69287   3.79970   1.62839   4.45216   1.47982  24.20705   0.09583   0.13144   0.08827   0.21722   0.02719   0.01397   1.30671   0.02049   0.07152   0.07315  
 61  0.8689   3790.814449  x:  3.42580  14.13569   3.72948   2.76297   6.63604   1.72919   3.82144   1.63598   4.49941   1.51056  24.44208   0.08933   0.13609   0.08975   0.21618   0.02712   0.01431   1.30873   0.02048   0.06654   0.07349  
 62  0.4885   3790.793991  x:  3.59944  14.93097   3.94315   2.89950   7.00031   1.86180   4.03429   1.71419   4.76041   1.59489  25.74191   0.09049   0.13512   0.08850   0.21522   0.02779   0.01448   1.31334   0.01924   0.06510   0.07251  
 63  1.0706   3790.766365  x:  3.80471  15.94849   4.19969   3.09247   7.48889   2.01313   4.32911   1.81644   5.10740   1.69201  27.30113   0.10023   0.12856   0.08540   0.21619   0.02914   0.01435   1.31759   0.01805   0.07025   0.07098  
 64  0.6115   3790.744639  x:  3.97678  16.67156   4.37664   3.25314   7.84486   2.11019   4.53041   1.90374   5.34856   1.77427  28.47894   0.09662   0.13079   0.08764   0.21671   0.02851   0.01420   1.32120   0.01712   0.06921   0.07222  
 65  1.0866   3790.726897  x:  4.03693  16.89219   4.41509   3.33047   7.97274   2.12183   4.59213   1.94398   5.42740   1.79908  28.82706   0.09292   0.13276   0.09006   0.21709   0.02762   0.01395   1.32151   0.01700   0.06816   0.07359  
 66  1.2610   3790.710703  x:  4.24735  17.77837   4.61835   3.53481   8.42847   2.22678   4.83662   2.05506   5.73539   1.89154  30.25838   0.09345   0.13192   0.08982   0.21659   0.02725   0.01383   1.32232   0.01600   0.06793   0.07350  
 67  1.8641   3790.689445  x:  4.49383  18.76368   4.82289   3.77947   8.97859   2.31537   5.10411   2.18976   6.10420   1.98552  31.87505   0.09924   0.12733   0.08678   0.21507   0.02744   0.01386   1.31989   0.01509   0.06843   0.07186  
 68  1.1198   3790.682518  x:  4.49312  18.72224   4.80575   3.77674   8.97670   2.29808   5.09132   2.18923   6.10295   1.97874  31.83530   0.09987   0.12695   0.08652   0.21512   0.02760   0.01390   1.31968   0.01521   0.06847   0.07170  
 69  0.1171   3790.667055  x:  4.76689  19.74752   5.03871   4.01530   9.55521   2.39575   5.37512   2.32150   6.50598   2.08552  33.62054   0.09821   0.12811   0.08871   0.21670   0.02777   0.01379   1.32608   0.01430   0.06802   0.07283  
 70  1.3081   3790.652299  x:  5.18537  21.24381   5.39852   4.32032  10.41581   2.52841   5.78645   2.49357   7.13521   2.24363  36.40413   0.09545   0.13087   0.08894   0.21641   0.02815   0.01366   1.32980   0.01320   0.06727   0.07303  
 71  0.7453   3790.650003  x:  5.17084  21.18575   5.39064   4.29825  10.38101   2.52327   5.77032   2.48202   7.11561   2.23904  36.32531   0.09576   0.13059   0.08873   0.21628   0.02810   0.01366   1.32893   0.01329   0.06734   0.07291  
 72  0.3217   3790.639706  x:  5.36567  22.00472   5.61477   4.43073  10.79001   2.61866   5.99527   2.55822   7.42222   2.33487  37.77928   0.10104   0.12567   0.08703   0.21561   0.02765   0.01350   1.32440   0.01273   0.06799   0.07186  
 73  1.0080   3790.631621  x:  5.55691  22.82159   5.85572   4.56187  11.18569   2.72044   6.22176   2.63372   7.72082   2.44027  39.23929   0.10191   0.12474   0.08719   0.21578   0.02748   0.01329   1.32380   0.01221   0.06801   0.07195  
 74  1.4627   3790.610355  x:  5.80604  24.14833   6.34689   4.71421  11.69571   2.93845   6.59384   2.72576   8.12676   2.65795  41.55301   0.10042   0.12580   0.08901   0.21695   0.02729   0.01283   1.32411   0.01157   0.06780   0.07302  
 75  1.6805   3790.605478  x:  5.92154  24.65201   6.49787   4.80978  11.94069   2.99550   6.73152   2.78115   8.30208   2.72820  42.43482   0.09916   0.12717   0.08879   0.21669   0.02761   0.01294   1.32583   0.01128   0.06754   0.07286  
 76  1.6400   3790.593909  x:  5.98232  24.96969   6.59733   4.91159  12.08881   3.01493   6.81248   2.84152   8.38032   2.78519  42.91397   0.09499   0.13177   0.08760   0.21556   0.02868   0.01366   1.33146   0.01117   0.06692   0.07210  
 77  0.6281   3790.577603  x:  6.24649  26.30421   6.96415   5.23146  12.68036   3.12944   7.17147   3.03117   8.77044   2.95529  44.98288   0.09810   0.12820   0.08814   0.21623   0.02794   0.01377   1.33269   0.01055   0.06803   0.07242  
 78  0.8115   3790.564912  x:  6.27018  26.57284   6.99456   5.37582  12.77222   3.11079   7.23501   3.11860   8.79669   2.96573  45.16392   0.10144   0.12450   0.08858   0.21669   0.02722   0.01374   1.33129   0.01054   0.06901   0.07274  
 79  0.4167   3790.554704  x:  6.49364  27.76580   7.30751   5.68285  13.29236   3.20180   7.54685   3.30266   9.15107   3.08831  46.95854   0.10119   0.12490   0.08817   0.21610   0.02756   0.01363   1.33031   0.01004   0.06877   0.07256  
 80  1.7066   3790.542147  x:  6.72492  29.07687   7.64066   6.00753  13.84557   3.29401   7.87454   3.50507   9.57226   3.17042  48.92626   0.09845   0.12839   0.08733   0.21512   0.02883   0.01329   1.32783   0.00961   0.06691   0.07207  
 81  1.0829   3790.527767  x:  6.81402  29.53777   7.76836   6.03771  14.03063   3.33262   7.98192   3.53819   9.78152   3.15870  49.77083   0.10003   0.12677   0.08803   0.21617   0.02848   0.01334   1.32796   0.00955   0.06672   0.07244  
 82  0.4952   3790.525499  x:  6.84111  29.67612   7.80720   6.06236  14.08972   3.34468   8.01741   3.55437   9.82961   3.16941  50.00000   0.10023   0.12655   0.08810   0.21626   0.02843   0.01335   1.32802   0.00950   0.06675   0.07248  
 83  6.4070   3790.525277  x:  6.82744  29.60796   7.78784   6.05118  14.06037   3.33846   7.99985   3.54693   9.80534   3.16407  50.00000   0.10005   0.12674   0.08804   0.21618   0.02847   0.01334   1.32794   0.00952   0.06672   0.07245  
 84 13.0793   3790.525277  x:  6.82744  29.60796   7.78784   6.05118  14.06037   3.33846   7.99985   3.54693   9.80534   3.16407  50.00000   0.10005   0.12674   0.08804   0.21618   0.02847   0.01334   1.32794   0.00952   0.06672   0.07245  
 85  0.0810   3790.524713  x:  6.82880  29.60611   7.78574   6.04262  14.06028   3.33971   7.99851   3.54289   9.81241   3.15896  50.00000   0.10144   0.12531   0.08851   0.21690   0.02827   0.01328   1.32845   0.00952   0.06655   0.07266  
 86  0.1305   3790.517629  x:  6.80947  29.38589   7.74026   5.96814  13.99545   3.33044   7.95216   3.49330   9.76390   3.16043  50.00000   0.10096   0.12554   0.08814   0.21616   0.02790   0.01363   1.32811   0.00952   0.06782   0.07258  
 87  0.0475   3790.516162  x:  6.79273  29.44908   7.74925   5.96578  13.99335   3.34065   7.96094   3.49282   9.79171   3.12328  50.00000   0.09774   0.12786   0.08819   0.21615   0.02782   0.01377   1.33030   0.00952   0.06856   0.07270  
 88  0.0102   3790.514658  x:  6.75442  29.47162   7.74484   5.98038  13.95841   3.35057   7.95368   3.50215   9.76909   3.09692  50.00000   0.10123   0.12565   0.08806   0.21591   0.02786   0.01375   1.32781   0.00952   0.06805   0.07252  
 89  0.0235   3790.514233  x:  6.73312  29.49164   7.74928   5.99487  13.93665   3.35716   7.95266   3.51081   9.74671   3.09086  50.00000   0.10006   0.12622   0.08807   0.21622   0.02791   0.01381   1.32769   0.00952   0.06787   0.07268  
 90  0.0232   3790.514026  x:  6.73264  29.50045   7.75838   5.99518  13.92935   3.36126   7.95404   3.51232   9.72892   3.10458  50.00000   0.10038   0.12609   0.08823   0.21613   0.02781   0.01382   1.32814   0.00952   0.06805   0.07268  
 91  0.0087   3790.513487  x:  6.74031  29.55447   7.77961   5.95623  13.92648   3.37862   7.95372   3.49921   9.73247   3.10179  50.00000   0.10028   0.12602   0.08790   0.21614   0.02782   0.01381   1.32887   0.00952   0.06853   0.07253  
 92  0.0092   3790.511671  x:  6.81556  29.62232   7.77621   5.85853  13.95487   3.38060   7.91173   3.48002   9.70699   3.11134  50.00000   0.09839   0.12801   0.08819   0.21623   0.02803   0.01371   1.32721   0.00952   0.06760   0.07272  
 93  0.0219   3790.510517  x:  6.85610  29.65540   7.72955   5.87677  13.99832   3.34425   7.89067   3.50622   9.69020   3.09910  50.00000   0.09874   0.12780   0.08822   0.21613   0.02785   0.01382   1.32736   0.00952   0.06792   0.07275  
 94  0.0451   3790.510459  x:  6.86053  29.66974   7.73055   5.87084  14.00023   3.34540   7.89007   3.50567   9.68809   3.09816  50.00000   0.09890   0.12751   0.08809   0.21616   0.02788   0.01379   1.32802   0.00952   0.06821   0.07266  
 95  0.0123   3790.510427  x:  6.86061  29.66152   7.72791   5.87535  13.99797   3.34354   7.89078   3.50631   9.68510   3.09746  50.00000   0.09886   0.12757   0.08817   0.21614   0.02791   0.01373   1.32826   0.00952   0.06817   0.07267  
 96  0.0017   3790.510164  x:  6.87305  29.65664   7.73416   5.87305  13.99513   3.34154   7.89660   3.49979   9.68140   3.09569  50.00000   0.09875   0.12767   0.08814   0.21612   0.02789   0.01374   1.32813   0.00952   0.06817   0.07267  
 97  0.0023   3790.509870  x:  6.90607  29.64538   7.75074   5.86913  13.98919   3.33601   7.91189   3.48406   9.67138   3.09161  50.00000   0.09869   0.12772   0.08812   0.21614   0.02788   0.01378   1.32808   0.00952   0.06809   0.07267  
 98  0.0462   3790.509865  x:  6.90644  29.64487   7.75097   5.86973  13.99046   3.33633   7.91156   3.48471   9.67162   3.09187  50.00000   0.09879   0.12764   0.08814   0.21616   0.02790   0.01379   1.32831   0.00952   0.06807   0.07268  
 99  0.0004   3790.509828  x:  6.90780  29.63785   7.75247   5.86864  13.99199   3.33955   7.90946   3.48524   9.67084   3.09087  50.00000   0.09874   0.12768   0.08813   0.21615   0.02790   0.01379   1.32825   0.00952   0.06810   0.07267  
100  0.0011   3790.509792  x:  6.91129  29.62298   7.75599   5.86708  13.99662   3.34679   7.90490   3.48720   9.66928   3.08897  50.00000   0.09865   0.12776   0.08812   0.21615   0.02788   0.01378   1.32815   0.00952   0.06814   0.07267  
101  0.0187   3790.509790  x:  6.91138  29.62312   7.75594   5.86673  13.99719   3.34683   7.90530   3.48729   9.66909   3.08897  50.00000   0.09865   0.12776   0.08812   0.21615   0.02788   0.01378   1.32816   0.00952   0.06814   0.07267  
102  0.0001   3790.509779  x:  6.91164  29.62178   7.75480   5.86225  14.00255   3.34688   7.91006   3.48744   9.66672   3.08865  50.00000   0.09862   0.12778   0.08813   0.21614   0.02788   0.01378   1.32817   0.00952   0.06811   0.07267  
103  0.0087   3790.509779  x:  6.91151  29.62119   7.75470   5.86213  14.00231   3.34680   7.91010   3.48728   9.66666   3.08860  50.00000   0.09861   0.12780   0.08812   0.21615   0.02788   0.01378   1.32814   0.00952   0.06812   0.07267  
104  0.0005   3790.509779  x:  6.91156  29.62115   7.75476   5.86204  14.00232   3.34678   7.91010   3.48732   9.66666   3.08860  50.00000   0.09861   0.12780   0.08812   0.21615   0.02788   0.01378   1.32814   0.00952   0.06812   0.07267  
105  0.0000   3790.509779  x:  6.91221  29.62045   7.75557   5.86078  14.00219   3.34650   7.90998   3.48788   9.66672   3.08857  50.00000   0.09861   0.12781   0.08812   0.21615   0.02788   0.01378   1.32812   0.00952   0.06813   0.07267  
106  0.0013   3790.509779  x:  6.91232  29.62011   7.75580   5.86042  14.00201   3.34643   7.90991   3.48797   9.66680   3.08853  50.00000   0.09859   0.12782   0.08812   0.21615   0.02788   0.01378   1.32814   0.00952   0.06812   0.07267  
107  0.0003   3790.509779  x:  6.91233  29.62006   7.75584   5.86038  14.00200   3.34642   7.90990   3.48799   9.66680   3.08852  50.00000   0.09859   0.12782   0.08812   0.21615   0.02788   0.01378   1.32814   0.00952   0.06812   0.07267  
108  0.0000   3790.509779  x:  6.91220  29.61999   7.75595   5.86043  14.00206   3.34637   7.90987   3.48800   9.66679   3.08852  50.00000   0.09859   0.12782   0.08812   0.21615   0.02788   0.01378   1.32814   0.00952   0.06812   0.07267  
109  0.0000   3790.509779  x:  6.91184  29.61995   7.75612   5.86069  14.00225   3.34627   7.90981   3.48797   9.66675   3.08852  50.00000   0.09860   0.12781   0.08812   0.21615   0.02788   0.01378   1.32814   0.00952   0.06812   0.07267  
110  0.0005   3790.509779  x:  6.91184  29.61999   7.75609   5.86072  14.00226   3.34628   7.90982   3.48796   9.66675   3.08852  50.00000   0.09860   0.12781   0.08812   0.21615   0.02788   0.01378   1.32814   0.00952   0.06812   0.07267  