   10
BAM_025170  0.000000  1.369587  1.382869  1.633154  1.687834  1.060922
  0.843397  0.860467  1.330143  1.306703
BA_4692xxx  1.369587  0.000000  0.060074  1.506800  1.428437  1.294584
  1.206855  1.249483  0.009331  0.103981
BC_4467xxx  1.382869  0.060074  0.000000  1.541101  1.433968  1.332877
  1.226716  1.283243  0.054595  0.105157
NT03BC2990  1.633154  1.506800  1.541101  0.000000  1.024456  1.619498
  1.559776  1.636739  1.517615  1.542968
BH3042xxxx  1.687834  1.428437  1.433968  1.024456  0.000000  1.606139
  1.631781  1.596873  1.405839  1.431462
NT03BL3125  1.060922  1.294584  1.332877  1.619498  1.606139  0.000000
  0.997159  0.959563  1.311468  1.357836
BPUM_2452x  0.843397  1.206855  1.226716  1.559776  1.631781  0.997159
  0.000000  0.894147  1.177695  1.209487
BG10346xxx  0.860467  1.249483  1.283243  1.636739  1.596873  0.959563
  0.894147  0.000000  1.249332  1.288328
NT02BT4452  1.330143  0.009331  0.054595  1.517615  1.405839  1.311468
  1.177695  1.249332  0.000000  0.100057
KBAB4_4305  1.306703  0.103981  0.105157  1.542968  1.431462  1.357836
  1.209487  1.288328  0.100057  0.000000
