

TREE # 1

  0  0.0000   2863.787357  x:  0.24651   0.67435   0.57531   0.14309   0.63319   0.00000   0.69696   0.39514   0.36760   0.36837   0.68261   0.14258   0.07405   0.10629   0.09932   0.03728   0.04770   2.00000   0.20000   0.20000  
  1 99.0000   2828.232317  x:  0.27503   0.68043   0.58090   0.19765   0.63743   0.02015   0.69929   0.39927   0.37366   0.37454   0.69892   0.14438   0.08145   0.10866   0.11629   0.00000   0.01032   1.99646   0.12203   0.19271  
  2 407.5558   2823.382935  x:  0.28234   0.68245   0.58280   0.20995   0.63885   0.02394   0.70040   0.40051   0.37561   0.37650   0.70342   0.14433   0.08354   0.10918   0.11992   0.00000   0.00000   1.99513   0.12376   0.19085  
  3 432.0276   2817.738014  x:  0.31963   0.70307   0.60305   0.21416   0.64712   0.00000   0.71572   0.39811   0.39361   0.39531   0.74197   0.12562   0.08167   0.09551   0.09551   0.00000   0.00000   1.97877   0.11971   0.16791  
  4 93.6235   2817.738014  x:  0.31963   0.70307   0.60305   0.21416   0.64712   0.00000   0.71572   0.39811   0.39361   0.39531   0.74197   0.12562   0.08167   0.09551   0.09551   0.00000   0.00000   1.97877   0.11971   0.16791  
  5 131.0886   2806.337279  x:  0.36105   0.71597   0.61496   0.28764   0.65714   0.02586   0.72420   0.40639   0.40498   0.40689   0.76971   0.13132   0.10019   0.10826   0.13563   0.00000   0.00000   1.96926   0.17099   0.15612  
  6 220.5705   2772.113542  x:  0.50032   0.75769   0.65322   0.53074   0.68684   0.10472   0.75006   0.42797   0.44119   0.44419   0.86465   0.14596   0.15093   0.13761   0.24519   0.00000   0.00000   1.93852   0.09321   0.11051  
  7 452.0925   2758.528851  x:  0.60094   0.80021   0.69372   0.65926   0.70079   0.10286   0.78156   0.41914   0.46901   0.47456   0.94950   0.09707   0.10478   0.05613   0.14214   0.00000   0.00000   1.90480   0.08917   0.04592  
  8 119.8481   2755.437724  x:  0.63465   0.82051   0.71340   0.68532   0.70178   0.07450   0.79996   0.40255   0.47730   0.48510   0.98724   0.11161   0.09839   0.09598   0.08990   0.00000   0.00000   1.88671   0.08832   0.01543  
  9 89.1854   2751.425545  x:  0.67170   0.85253   0.74441   0.68935   0.69865   0.00000   0.83390   0.36309   0.48463   0.49764   1.04507   0.14688   0.07999   0.09165   0.09440   0.00000   0.00000   1.85493   0.08686   0.02072  
 10 57.3701   2751.425545  x:  0.67170   0.85253   0.74441   0.68935   0.69865   0.00000   0.83390   0.36309   0.48463   0.49764   1.04507   0.14688   0.07999   0.09165   0.09440   0.00000   0.00000   1.85493   0.08686   0.02072  
 11 44.0194   2748.661207  x:  0.67328   0.85339   0.74521   0.69187   0.69938   0.00064   0.83490   0.36335   0.48512   0.49823   1.04652   0.14818   0.08136   0.09364   0.09967   0.00000   0.00000   1.85406   0.10599   0.02127  
 12 296.6186   2743.269765  x:  0.70644   0.86908   0.75933   0.74833   0.71248   0.01243   0.85428   0.36465   0.49240   0.50815   1.07730   0.17883   0.10908   0.13453   0.21375   0.00000   0.00000   1.83760   0.09847   0.02407  
 13 98.8222   2735.204916  x:  0.80196   0.91625   0.80192   0.90781   0.74791   0.03578   0.91171   0.36506   0.51278   0.53602   1.16587   0.18606   0.09760   0.08015   0.23401   0.00000   0.00000   1.78973   0.09216   0.00010  
 14 63.9060   2730.334103  x:  0.89779   0.96385   0.84491   1.06833   0.78302   0.05761   0.96964   0.36466   0.53291   0.56372   1.25514   0.19194   0.08832   0.02921   0.24722   0.00000   0.00000   1.74160   0.08489   0.02541  
 15 1091.1754   2717.499052  x:  1.19831   1.11733   0.98358   1.56630   0.88281   0.09347   1.15474   0.34813   0.58917   0.64391   1.53589   0.21215   0.05060   0.15947   0.13974   0.00000   0.00000   1.59276   0.06399   0.05392  
 16 225.8195   2715.306510  x:  1.23615   1.14626   1.01016   1.61629   0.85601   0.00000   1.18336   0.29300   0.56595   0.62392   1.57400   0.20324   0.07646   0.15708   0.13741   0.00000   0.00000   1.60410   0.06368   0.05162  
 17 22.0776   2714.701559  x:  1.26061   1.16696   1.02843   1.65169   0.84424   0.00000   1.20838   0.26077   0.55308   0.61588   1.60041   0.16479   0.06168   0.16175   0.15058   0.00000   0.00000   1.61746   0.06327   0.05204  
 18 35.3899   2710.530024  x:  1.52369   1.45404   1.25184   2.18516   1.06451   0.00000   1.76027   0.26857   0.64825   0.87196   1.95122   0.00000   0.24387   0.14580   0.17925   0.00000   0.00000   1.97995   0.05008   0.03227  
 19 10.6952   2707.698923  x:  1.65494   1.58437   1.34429   2.57086   1.13811   0.00000   2.00853   0.22886   0.64873   0.89809   2.15603   0.23480   0.04877   0.12034   0.20893   0.00000   0.00000   2.05848   0.04907   0.04152  
 20 16.3084   2705.174596  x:  1.80694   1.63766   1.39399   2.87496   1.10752   0.00000   1.99851   0.32973   0.71574   0.77166   2.29494   0.19180   0.09504   0.10571   0.23005   0.00000   0.00000   1.67316   0.04606   0.03235  
 21  7.1153   2704.747001  x:  1.87734   1.68266   1.46463   2.99041   1.07613   0.00000   1.80148   0.34310   0.66812   0.87098   2.30549   0.18246   0.10100   0.10563   0.22859   0.00000   0.00000   1.68669   0.04647   0.03117  
 22  2.3927   2704.483359  x:  1.93730   1.74729   1.54585   3.06690   1.09098   0.00000   1.72974   0.33874   0.75155   0.79590   2.29184   0.18332   0.09710   0.10649   0.22354   0.00000   0.00000   1.74496   0.04577   0.03147  
 23  1.4915   2703.645846  x:  2.06070   1.88621   1.67721   3.25802   1.23354   0.00000   1.82902   0.21107   0.65350   0.74525   2.26091   0.17089   0.10819   0.10618   0.20107   0.00000   0.00000   1.70498   0.04354   0.02935  
 24  1.3292   2702.838233  x:  2.17685   1.94442   1.70747   3.45590   1.01554   0.00000   2.03217   0.15829   0.70964   0.82166   2.33937   0.17167   0.09682   0.10691   0.18023   0.00000   0.00000   1.69880   0.04196   0.02841  
 25  2.9158   2702.693510  x:  2.21301   1.94976   1.71266   3.49494   0.96922   0.00000   2.07358   0.22717   0.66093   0.79068   2.39688   0.17030   0.09630   0.10793   0.17516   0.00000   0.00000   1.72853   0.04175   0.02832  
 26  2.6706   2702.576941  x:  2.27194   1.91694   1.70016   3.48427   1.01077   0.00000   2.05961   0.20862   0.67534   0.78329   2.61834   0.16915   0.09781   0.10776   0.17393   0.00000   0.00000   1.74748   0.04159   0.02769  
 27  0.7990   2702.533228  x:  2.29447   1.96200   1.74155   3.46610   1.01082   0.00000   2.06780   0.21601   0.68022   0.79699   2.69683   0.17780   0.09015   0.10647   0.17622   0.00000   0.00000   1.73179   0.04031   0.02809  
 28  1.0162   2702.362206  x:  2.32847   2.20772   1.81785   3.62201   1.01066   0.00000   2.15679   0.23574   0.70135   0.82660   2.84236   0.17325   0.09978   0.10453   0.18476   0.00000   0.00000   1.71199   0.03914   0.02527  
 29  0.4156   2702.234366  x:  2.59440   2.18374   2.00245   3.82801   1.01944   0.00000   2.30159   0.23745   0.71275   0.87057   2.85927   0.18101   0.09546   0.10452   0.19104   0.00000   0.00000   1.72277   0.03707   0.02576  
 30  0.5289   2702.179900  x:  2.66715   2.30142   1.97918   4.00675   1.04091   0.00000   2.36213   0.22833   0.72467   0.87805   2.93265   0.17912   0.09703   0.10762   0.18867   0.00000   0.00000   1.74284   0.03572   0.02595  
 31  0.3271   2702.149042  x:  2.61527   2.31262   2.05649   4.11768   1.05177   0.00000   2.41028   0.22180   0.73534   0.87839   2.99598   0.17345   0.10056   0.11151   0.18470   0.00000   0.00000   1.74686   0.03543   0.02618  
 32  0.2207   2702.136237  x:  2.67639   2.34704   2.04236   4.13066   1.05776   0.00000   2.44235   0.22401   0.74267   0.88899   3.00779   0.17650   0.09589   0.11314   0.18433   0.00000   0.00000   1.74370   0.03532   0.02821  
 33  0.0857   2702.130520  x:  2.70238   2.37187   2.07571   4.18373   1.06146   0.00000   2.48194   0.22796   0.75038   0.90069   3.05120   0.17612   0.09621   0.11233   0.18545   0.00000   0.00000   1.73594   0.03467   0.02895  
 34  0.0674   2702.126469  x:  2.68581   2.37341   2.07777   4.21297   1.06250   0.00000   2.49304   0.22758   0.75153   0.90635   3.06238   0.16794   0.10444   0.11011   0.18543   0.00000   0.00000   1.74040   0.03471   0.02939  
 35  0.0159   2702.123815  x:  2.69168   2.38079   2.07933   4.21345   1.06287   0.00000   2.49211   0.22616   0.75341   0.90239   3.05650   0.15881   0.11248   0.11001   0.18435   0.00000   0.00000   1.74336   0.03462   0.03068  
 36  0.0062   2702.122771  x:  2.67619   2.37030   2.07614   4.20638   1.06168   0.00000   2.48034   0.22663   0.75024   0.90083   3.04799   0.15366   0.11742   0.11049   0.18542   0.00000   0.00000   1.74116   0.03476   0.03125  
 37  0.0140   2702.122713  x:  2.67699   2.37248   2.07711   4.21093   1.06163   0.00000   2.48311   0.22657   0.75043   0.90170   3.05200   0.15331   0.11801   0.11062   0.18535   0.00000   0.00000   1.74169   0.03472   0.03144  
 38  0.0052   2702.122711  x:  2.67684   2.37220   2.07679   4.21046   1.06146   0.00000   2.48298   0.22656   0.75051   0.90146   3.05187   0.15330   0.11804   0.11059   0.18535   0.00000   0.00000   1.74165   0.03472   0.03146  
 39  0.0006   2702.122711  x:  2.67691   2.37218   2.07683   4.21051   1.06146   0.00000   2.48296   0.22654   0.75045   0.90142   3.05191   0.15334   0.11800   0.11059   0.18535   0.00000   0.00000   1.74163   0.03472   0.03146  
 40  0.0001   2702.122711  x:  2.67691   2.37220   2.07685   4.21055   1.06147   0.00000   2.48294   0.22655   0.75045   0.90142   3.05191   0.15334   0.11800   0.11059   0.18535   0.00000   0.00000   1.74164   0.03472   0.03146  
 41  0.0000   2702.122711  x:  2.67693   2.37221   2.07685   4.21055   1.06147   0.00000   2.48294   0.22655   0.75046   0.90142   3.05191   0.15334   0.11800   0.11059   0.18535   0.00000   0.00000   1.74163   0.03472   0.03146  
 42  0.0000   2702.122711  x:  2.67693   2.37221   2.07685   4.21055   1.06147   0.00000   2.48294   0.22655   0.75046   0.90142   3.05191   0.15334   0.11800   0.11059   0.18535   0.00000   0.00000   1.74163   0.03472   0.03146  
 43  0.0000   2702.122711  x:  2.67693   2.37221   2.07685   4.21055   1.06147   0.00000   2.48294   0.22655   0.75046   0.90142   3.05191   0.15334   0.11800   0.11059   0.18535   0.00000   0.00000   1.74163   0.03472   0.03146  
 44  0.0009   2702.122711  x:  2.67693   2.37221   2.07685   4.21055   1.06147   0.00000   2.48294   0.22655   0.75046   0.90142   3.05191   0.15334   0.11800   0.11059   0.18535   0.00000   0.00000   1.74163   0.03472   0.03146  
 45  0.0006   2702.122711  x:  2.67693   2.37221   2.07685   4.21055   1.06147   0.00000   2.48294   0.22655   0.75046   0.90142   3.05191   0.15334   0.11800   0.11059   0.18535   0.00000   0.00000   1.74163   0.03472   0.03146  