Supplemental results for CODEML (seqf: cds2.phylip  treef: tree.H0.nwk)

Number of codon sites with 0,1,2,3 position differences
   2 vs.    1     54   106   103    61  -1.0000 (0.6479 -1.0000)
   3 vs.    1     54   103   103    63  -1.0000 (0.6437 -1.0000)
   3 vs.    2    252    69     5     0   0.0824 (0.0279 0.3393)
   4 vs.    1     44   113   129    80   0.3991 (0.8659 2.1694)
   4 vs.    2     50   100    98    68   0.4220 (0.7745 1.8350)
   4 vs.    3     57    89   103    66   0.5377 (0.7875 1.4645)
   5 vs.    1     49   123   144    90   0.3832 (0.8712 2.2733)
   5 vs.    2     57    96   112    60   0.5296 (0.7585 1.4321)
   5 vs.    3     60    92   107    65   0.5083 (0.7611 1.4972)
   5 vs.    4     70   149   112    43   0.2343 (0.5156 2.2005)
   6 vs.    1    104   149   121    82  -1.0000 (0.5406 -1.0000)
   6 vs.    2     41   120    88    61  -1.0000 (0.6238 -1.0000)
   6 vs.    3     42   117    87    63  -1.0000 (0.6396 -1.0000)
   6 vs.    4     37   107   128    73  -1.0000 (0.8379 -1.0000)
   6 vs.    5     45   111   126    85  -1.0000 (0.8251 -1.0000)
   7 vs.    1    105   163   104    51  -1.0000 (0.3967 -1.0000)
   7 vs.    2     60   101   106    55  -1.0000 (0.6229 -1.0000)
   7 vs.    3     64   100   100    57   0.2553 (0.6266 2.4544)
   7 vs.    4     51   100   108    81   0.2259 (0.8047 3.5621)
   7 vs.    5     62    93   130    84   0.4644 (0.8479 1.8256)
   7 vs.    6     98   128    85    54   0.1620 (0.4405 2.7188)
   8 vs.    1    143   163   152    98   0.2320 (0.5334 2.2987)
   8 vs.    2     61    99   111    49   0.2668 (0.6243 2.3401)
   8 vs.    3     65    99   106    49   0.3508 (0.6224 1.7740)
   8 vs.    4     48   102   121    86   0.4423 (0.8967 2.0272)
   8 vs.    5     52   125   139    81   0.5042 (0.8415 1.6691)
   8 vs.    6    124   165   103    61   0.1361 (0.4071 2.9911)
   8 vs.    7     97   150   112    60   0.2271 (0.5007 2.2048)
   9 vs.    1     55   104   103    60  -1.0000 (0.6452 -1.0000)
   9 vs.    2    320     5     0     0   0.1856 (0.0026 0.0142)
   9 vs.    3    249    70     5     0   0.0810 (0.0282 0.3477)
   9 vs.    4     50   100   100    64   0.4335 (0.7613 1.7564)
   9 vs.    5     58    94   112    59   0.5418 (0.7554 1.3944)
   9 vs.    6     41   118    89    60  -1.0000 (0.6275 -1.0000)
   9 vs.    7     59   102   105    54   0.1481 (0.6225 4.2040)
   9 vs.    8     62    99   107    50   0.3025 (0.6266 2.0712)
  10 vs.    1     57   102   105    59  -1.0000 (0.6317 -1.0000)
  10 vs.    2    232    87     6     0   0.1068 (0.0433 0.4051)
  10 vs.    3    223    93     8     0   0.0921 (0.0448 0.4858)
  10 vs.    4     51    99   106    59   0.5548 (0.7753 1.3974)
  10 vs.    5     53    92   116    63   0.4418 (0.7798 1.7653)
  10 vs.    6     42   115    92    59  -1.0000 (0.6123 -1.0000)
  10 vs.    7     61   107    99    54   0.2166 (0.6067 2.8011)
  10 vs.    8     57   105   106    50   0.2808 (0.6324 2.2519)
  10 vs.    9    231    88     6     0   0.1050 (0.0433 0.4123)

