

TREE # 1

  0  0.0000  15521.277028  x:  0.06075   0.12647   0.13218   0.10652   0.14156   0.00000   0.14061   0.02229   0.12999   0.15879   0.16182   0.07285   0.01956   0.04955   0.03393   0.00997   0.07938   2.00000   0.20000  
  1 99.0000  12712.126452  x:  0.28693   0.31296   0.30830   0.28251   0.32527   1.34073   0.34424   0.36917   0.40442   0.36619   0.28106   0.11355   0.08156   0.11376   0.09291   0.00000   0.05376   1.96960   0.52662  
  2 16256.9004  12468.057994  x:  0.39234   0.45290   0.45064   0.37439   0.38988   1.37223   0.41804   0.42089   0.56574   0.50230   0.39500   0.13490   0.09248   0.14060   0.10709   0.71103   0.00000   1.93409   0.52383  
  3 3610.3708  11804.334044  x:  0.79926   0.98618   1.00036   0.75518   0.63100   0.92253   0.71857   0.52291   1.17947   1.02077   0.87751   0.17508   0.07117   0.19411   0.11655   0.46809   0.00000   1.71893   0.19317  
  4 970.4283  11641.519583  x:  0.95881   1.19409   1.21588   0.90564   0.72799   0.66057   0.84328   0.54689   1.41594   1.22210   1.07160   0.18889   0.06264   0.20500   0.11748   0.36424   0.00000   1.60262   0.41690  
  5 2532.9130  11635.555181  x:  0.97863   1.18734   1.21449   0.91948   0.75515   0.66235   0.88158   0.52580   1.40572   1.20063   1.08149   0.16206   0.05851   0.13363   0.10097   0.36566   0.00000   1.54827   0.41413  
  6 94.1075  11635.226014  x:  0.98019   1.18655   1.21416   0.92051   0.75731   0.66241   0.88469   0.52385   1.40464   1.19861   1.08216   0.16093   0.05944   0.13125   0.10151   0.36574   0.00445   1.54371   0.41384  
  7 237.7768  11624.988097  x:  1.03845   1.15109   1.19727   0.95716   0.83845   0.66359   1.00321   0.44397   1.35777   1.11513   1.10476   0.14078   0.12165   0.12151   0.14793   0.36830   0.00000   1.36710   0.40119  
  8 195.7133  11620.785309  x:  1.07049   1.13118   1.18752   0.97394   0.87636   0.66783   1.06299   0.39968   1.33672   1.07435   1.11466   0.11077   0.11224   0.16102   0.11556   0.37031   0.00000   1.28300   0.39587  
  9 178.3421  11620.113598  x:  1.08446   1.12246   1.18359   0.97529   0.88061   0.66990   1.07961   0.37938   1.33791   1.06841   1.11506   0.14023   0.10619   0.16232   0.10079   0.37025   0.00000   1.27690   0.39522  
 10 33.8545  11620.004216  x:  1.08598   1.12151   1.18318   0.97540   0.88101   0.67013   1.08138   0.37718   1.33811   1.06785   1.11507   0.14297   0.10508   0.16243   0.09981   0.37024   0.00224   1.27641   0.39517  
 11 228.1371  11618.851975  x:  1.11936   1.10086   1.17502   0.97582   0.88570   0.67500   1.11739   0.32946   1.34641   1.06053   1.11343   0.17607   0.05748   0.16352   0.11350   0.37011   0.00136   1.27638   0.39488  
 12 58.8708  11617.140868  x:  1.20024   1.04781   1.16678   0.96122   0.87308   0.67896   1.19392   0.22805   1.38923   1.08112   1.09117   0.15302   0.08126   0.16440   0.11033   0.36736   0.00153   1.33805   0.39712  
 13 19.4522  11613.891539  x:  1.32773   0.97986   1.21422   0.86110   0.82881   0.64725   1.30156   0.29015   1.38974   1.15883   0.97665   0.15726   0.07890   0.16511   0.11079   0.36034   0.00161   1.30544   0.38994  
 14  8.3645  11596.175891  x:  1.90160   1.00593   1.63042   0.79990   0.88069   0.58754   1.17026   0.26135   1.10500   1.20767   0.89036   0.15221   0.08599   0.16373   0.11180   0.30219   0.00236   1.35098   0.37659  
 15 13.6943  11501.019091  x:  3.27337   0.14610   2.06746   1.27921   1.37327   0.15148   0.60920   0.72398   1.49593   1.35567   1.40482   0.14488   0.10191   0.16124   0.12157   0.03096   0.00551   1.29560   0.27408  
 16 33.1081  11486.336077  x:  3.29815   0.17401   2.12170   1.30409   1.40871   0.11200   0.66765   0.74909   1.52755   1.33105   1.44090   0.14625   0.10141   0.16278   0.12180   0.00294   0.00588   1.32455   0.26521  
 17 55.4104  11465.477692  x:  2.89025   0.58218   1.77959   1.65995   1.23232   0.18011   0.82748   0.42407   1.35442   1.88208   1.24247   0.15308   0.09814   0.15865   0.12339   0.00207   0.00609   1.11323   0.24079  
 18  6.2890  11444.428660  x:  2.61341   0.93059   1.46710   2.10109   1.34286   0.11344   1.26238   0.52206   1.16911   1.93574   1.07154   0.16855   0.08112   0.17071   0.11933   0.01505   0.00656   1.32415   0.22736  
 19 35.3516  11422.686062  x:  2.30640   1.32218   1.54187   1.96623   1.37766   0.14241   1.28568   0.37112   1.68844   1.51344   0.75164   0.16536   0.08813   0.16490   0.11879   0.02078   0.00687   1.20111   0.21412  
 20 28.4675  11410.503482  x:  2.01216   1.29110   1.72770   1.23405   1.29587   0.22546   1.43236   0.26370   1.73130   1.44819   1.47853   0.15362   0.09664   0.16172   0.11916   0.02268   0.00718   1.14411   0.20690  
 21 17.3421  11409.756979  x:  1.95502   1.27455   1.74746   1.16881   1.43310   0.22367   1.43423   0.24306   1.73010   1.49704   1.47751   0.15715   0.09295   0.16370   0.11836   0.02180   0.00731   1.16049   0.20564  
 22  6.5663  11403.777631  x:  1.73439   1.15608   1.98387   1.46384   1.47140   0.18448   1.60520   0.28359   1.71345   1.49444   1.50600   0.16951   0.07617   0.17025   0.10929   0.01204   0.00931   1.24585   0.18748  
 23  1.1511  11401.550149  x:  1.85631   1.37420   1.72691   1.41738   1.52951   0.14911   1.62232   0.34164   1.73347   1.47426   1.56196   0.16163   0.08247   0.17181   0.10631   0.00778   0.01005   1.27747   0.18004  
 24  5.8398  11398.814956  x:  1.81672   1.43302   1.72331   1.49496   1.56285   0.11718   1.66267   0.34808   1.78275   1.49274   1.62387   0.16205   0.08127   0.17407   0.10568   0.00283   0.01045   1.31615   0.19009  
 25  0.2133  11394.433440  x:  1.79198   1.56998   1.69925   1.58810   1.58070   0.08121   1.69865   0.25986   1.93686   1.59003   1.76283   0.15786   0.08978   0.17183   0.11433   0.01004   0.00915   1.24477   0.19259  
 26  0.2380  11388.216760  x:  1.93220   1.54747   1.85773   1.72794   1.73528   0.00000   1.76597   0.21672   2.07580   1.66657   1.89574   0.15804   0.09413   0.16995   0.11857   0.00732   0.00877   1.18376   0.16696  
 27  0.3470  11388.216760  x:  1.93220   1.54747   1.85773   1.72794   1.73528   0.00000   1.76597   0.21672   2.07580   1.66657   1.89574   0.15804   0.09413   0.16995   0.11857   0.00732   0.00877   1.18376   0.16696  
 28  1.3829  11388.084159  x:  1.93283   1.54798   1.85834   1.72832   1.73581   0.00225   1.76624   0.21770   2.07618   1.66699   1.89607   0.15803   0.09406   0.17020   0.11797   0.00535   0.00978   1.18448   0.16548  
 29 61.6999  11387.560185  x:  1.93727   1.55162   1.86265   1.73100   1.73956   0.01803   1.76825   0.22461   2.07896   1.67001   1.89846   0.15796   0.09367   0.17196   0.11389   0.00763   0.01215   1.18930   0.15931  
 30 128.0551  11384.080704  x:  1.96591   1.57529   1.89056   1.74837   1.76375   0.11850   1.78158   0.26907   2.09725   1.68988   1.91398   0.15811   0.09186   0.18308   0.09038   0.00629   0.00459   1.21815   0.15530  
 31 450.2922  11382.022880  x:  1.98808   1.59368   1.91220   1.76178   1.78229   0.19544   1.79194   0.30318   2.11151   1.70531   1.92603   0.15855   0.09088   0.19130   0.07498   0.00662   0.01055   1.23991   0.16014  
 32 2279.9373  11377.958746  x:  2.04067   1.63771   1.96374   1.79211   1.81987   0.35911   1.81500   0.37425   2.14592   1.74059   1.95487   0.16748   0.09874   0.19841   0.12786   0.00656   0.01176   1.28800   0.15617  
 33 266.5361  11376.962242  x:  2.06273   1.65732   1.98574   1.80185   1.82131   0.38588   1.82160   0.38178   2.16255   1.75299   1.96789   0.15848   0.09138   0.16171   0.13246   0.00653   0.01189   1.29407   0.15504  
 34 51.9712  11372.959178  x:  2.27330   1.84717   2.19502   1.87924   1.76053   0.42320   1.86842   0.33657   2.33106   1.85704   2.09727   0.18283   0.15462   0.14067   0.12184   0.00640   0.01209   1.27789   0.14090  
 35 36.0601  11366.288147  x:  2.60807   2.14452   2.52329   2.00111   1.66364   0.46721   1.94619   0.26065   2.59774   2.02114   2.30387   0.11909   0.14397   0.17789   0.13273   0.00623   0.01254   1.25119   0.12060  
 36 329.8787  11365.427491  x:  2.68613   2.16364   2.55422   2.02124   1.68168   0.43287   2.00051   0.26083   2.63385   2.04315   2.35689   0.17721   0.08711   0.18048   0.13214   0.00623   0.01242   1.30450   0.11975  
 37 15.4744  11364.202266  x:  2.86983   2.12646   2.56343   2.06047   1.81666   0.33845   2.17140   0.29788   2.67432   2.07942   2.48398   0.13942   0.12730   0.18062   0.12960   0.00621   0.01223   1.35921   0.11485  
 38 12.2585  11363.790270  x:  2.95131   2.09926   2.56486   2.07419   1.89230   0.33292   2.21010   0.28623   2.67516   2.09117   2.53444   0.15389   0.11453   0.18046   0.13048   0.00619   0.01230   1.30561   0.11027  
 39 10.6435  11363.336714  x:  3.07027   2.05338   2.57570   2.08325   1.97342   0.34461   2.18432   0.20873   2.65477   2.08965   2.59294   0.14845   0.11855   0.18077   0.13005   0.00622   0.01214   1.32464   0.11199  
 40  6.8940  11362.317189  x:  3.36903   1.92321   2.64992   2.03649   2.01400   0.29640   2.05017   0.32973   2.65500   2.13212   2.67519   0.14795   0.11524   0.18248   0.12885   0.00631   0.01163   1.31548   0.11265  
 41  3.9524  11360.982164  x:  3.56120   1.88980   2.80238   1.91549   2.00759   0.34916   2.28231   0.30825   2.71948   2.09077   2.63552   0.14825   0.10949   0.18505   0.12729   0.00647   0.01078   1.29470   0.11337  
 42  2.5319  11359.783998  x:  3.49527   2.02034   2.84220   2.02122   2.17456   0.33709   2.38771   0.26477   2.85308   2.44494   2.68147   0.14927   0.10670   0.18805   0.12486   0.00660   0.00982   1.31534   0.10803  
 43  2.8627  11358.317869  x:  3.39814   2.39419   2.91624   2.47646   2.35704   0.29875   2.45936   0.34256   2.89626   2.43705   2.96323   0.14904   0.10471   0.19137   0.12218   0.00680   0.00863   1.31624   0.10195  
 44  4.5306  11357.587253  x:  3.50943   2.38432   2.88829   2.65654   2.34867   0.37931   2.49254   0.33433   3.22746   2.41841   3.08854   0.14887   0.11048   0.19028   0.12220   0.00686   0.00834   1.31935   0.09712  
 45  1.8188  11356.172929  x:  3.88347   2.52963   3.18169   2.71582   2.41289   0.47853   2.61912   0.35591   3.33368   2.57669   3.20957   0.14786   0.12388   0.19010   0.11997   0.00697   0.00785   1.34190   0.08653  
 46  2.1947  11355.843173  x:  4.03096   2.54366   3.15403   2.69316   2.26763   0.56840   2.69825   0.34620   3.25268   2.67687   3.33717   0.14744   0.12969   0.18855   0.11972   0.00696   0.00796   1.33668   0.08618  
 47  1.1077  11355.214097  x:  4.29047   2.70585   3.28248   2.42835   2.36576   0.64638   2.70358   0.37741   3.36405   2.67494   3.42704   0.14881   0.13652   0.18825   0.11802   0.00688   0.00831   1.34815   0.08529  
 48  1.0005  11354.813952  x:  4.48319   2.57236   3.68553   2.71622   2.43710   0.68589   2.81293   0.38553   3.46476   2.77849   3.37530   0.15541   0.13159   0.18897   0.11750   0.00680   0.00871   1.34641   0.08154  
 49  0.8737  11354.521930  x:  4.71446   2.75959   3.75347   2.82527   2.53522   0.73756   2.93145   0.40406   3.63499   2.90490   3.54456   0.15373   0.12930   0.19088   0.11868   0.00679   0.00903   1.33365   0.07542  
 50  0.6174  11354.211492  x:  4.83047   2.95578   3.75881   2.92394   2.65337   0.75901   3.05227   0.42110   3.80805   3.03796   3.79769   0.15038   0.12517   0.19400   0.12169   0.00679   0.00958   1.32223   0.07289  
 51  0.2895  11354.103023  x:  4.97707   3.04379   3.94712   3.03616   2.75898   0.78298   3.17143   0.43642   3.94845   3.16766   3.97833   0.15348   0.13011   0.19558   0.12168   0.00683   0.00950   1.33005   0.06894  
 52  0.3818  11354.057933  x:  5.10561   3.11498   3.99040   3.13436   2.80811   0.77332   3.22284   0.44311   3.98828   3.22801   3.93569   0.15534   0.13358   0.19541   0.12151   0.00685   0.00931   1.33688   0.06817  
 53  0.2345  11354.036779  x:  5.12070   3.11316   4.09064   3.14047   2.83857   0.77169   3.25985   0.44550   4.02967   3.26885   4.03758   0.15503   0.13391   0.19484   0.12208   0.00686   0.00919   1.33786   0.06753  
 54  0.1589  11354.028793  x:  5.19496   3.15920   4.13165   3.17678   2.86900   0.77317   3.29762   0.44915   4.07539   3.31005   4.08033   0.15441   0.13318   0.19484   0.12268   0.00686   0.00919   1.33384   0.06636  
 55  0.1386  11354.026981  x:  5.20788   3.16628   4.12414   3.17382   2.86637   0.76838   3.29671   0.44784   4.07660   3.30867   4.07647   0.15434   0.13284   0.19485   0.12273   0.00686   0.00921   1.33214   0.06646  
 56  0.0157  11354.026385  x:  5.22011   3.17020   4.13083   3.17331   2.86782   0.76563   3.30015   0.44679   4.08393   3.31151   4.08678   0.15462   0.13327   0.19501   0.12265   0.00686   0.00922   1.33289   0.06636  
 57  0.0109  11354.026284  x:  5.21200   3.16321   4.12555   3.16856   2.86346   0.76347   3.29464   0.44546   4.07745   3.30546   4.08045   0.15444   0.13318   0.19490   0.12266   0.00686   0.00924   1.33292   0.06650  
 58  0.0100  11354.026273  x:  5.21198   3.16333   4.12558   3.16917   2.86417   0.76254   3.29484   0.44530   4.07687   3.30592   4.07965   0.15446   0.13319   0.19487   0.12268   0.00686   0.00923   1.33274   0.06649  
 59  0.0011  11354.026272  x:  5.21168   3.16338   4.12547   3.16892   2.86431   0.76241   3.29490   0.44530   4.07675   3.30602   4.07981   0.15446   0.13320   0.19487   0.12269   0.00686   0.00923   1.33280   0.06649  
 60  0.0004  11354.026272  x:  5.21167   3.16338   4.12538   3.16883   2.86431   0.76239   3.29491   0.44529   4.07673   3.30602   4.07981   0.15446   0.13319   0.19488   0.12269   0.00686   0.00923   1.33280   0.06649  
 61  0.0001  11354.026272  x:  5.21169   3.16336   4.12538   3.16881   2.86431   0.76239   3.29493   0.44530   4.07673   3.30602   4.07979   0.15446   0.13319   0.19488   0.12269   0.00686   0.00923   1.33280   0.06649  
 62  0.0000  11354.026272  x:  5.21170   3.16334   4.12539   3.16882   2.86431   0.76239   3.29493   0.44530   4.07674   3.30602   4.07979   0.15446   0.13319   0.19488   0.12269   0.00686   0.00923   1.33280   0.06649  
 63  0.0000  11354.026272  x:  5.21170   3.16334   4.12539   3.16882   2.86431   0.76239   3.29493   0.44530   4.07674   3.30602   4.07979   0.15446   0.13319   0.19488   0.12269   0.00686   0.00923   1.33280   0.06649  