

TREE # 1

  0  0.0000  12166.899218  x:  0.00000   0.18225   0.10494   0.07334   0.11771   0.10162   0.08486   0.10823   0.07545   0.11047   0.11413   0.02396   0.05696   0.07948   0.05029   0.06221   0.06442   0.04572   0.09666   2.00000   0.20000  
  1 99.0000   9327.854004  x: 17.50190   0.54688   0.69489   0.68890   0.43930   0.29891   0.46265   0.32314   0.42198   0.26022   0.22392   0.51620   1.00462   0.18294   0.19903   0.14446   0.09481   0.02824   0.06776   1.95731   0.61954  
  2 80400.3836   9039.796755  x: 17.50544   0.62941   0.77723   0.71121   0.50783   0.38097   0.57591   0.40309   0.49226   0.29944   0.20258   0.44843   1.02685   0.13803   0.17042   0.13581   0.05409   0.01901   0.02487   1.96522   0.18420  
  3 687.8698   9027.250034  x: 17.50369   0.64670   0.79433   0.71915   0.52202   0.39692   0.59676   0.41887   0.50620   0.30796   0.20151   0.43940   1.03456   0.13773   0.17247   0.13989   0.06175   0.04240   0.05556   1.96113   0.15584  
  4 714.2123   8894.992884  x: 17.44440   1.02263   1.16529   0.89983   0.83179   0.74162   1.04483   0.76017   0.80747   0.49407   0.18670   0.25784   1.20893   0.13540   0.21860   0.21240   0.16029   0.00977   0.07436   1.85888   0.16148  
  5 594.2157   8885.159163  x: 17.43536   1.06809   1.20956   0.93824   0.86137   0.76948   1.08094   0.78691   0.82881   0.50107   0.21645   0.28487   1.24556   0.15041   0.23503   0.19872   0.14235   0.06547   0.03250   1.83491   0.16151  
  6 329.7335   8854.619051  x: 17.40539   1.20365   1.33991   1.09893   0.92974   0.81673   1.14002   0.82969   0.85402   0.48361   0.34515   0.45270   1.39821   0.23524   0.31362   0.12518   0.07203   0.02925   0.05178   1.72899   0.12758  
  7 325.4533   8846.792163  x: 17.39586   1.24569   1.37937   1.17188   0.94309   0.81546   1.13751   0.82742   0.84571   0.46162   0.35969   0.50093   1.46685   0.24704   0.31785   0.15894   0.11162   0.02283   0.03752   1.68502   0.10786  
  8 213.1800   8824.401131  x: 17.36815   1.38477   1.50843   1.44080   0.97760   0.79126   1.11329   0.80130   0.79888   0.36237   0.28715   0.57273   1.71747   0.15282   0.19457   0.19993   0.05852   0.02381   0.04471   1.55974   0.10125  
  9 202.8537   8818.502889  x: 17.36016   1.42601   1.54524   1.54342   0.98075   0.76954   1.09659   0.78400   0.78314   0.33513   0.21943   0.55012   1.81123   0.16668   0.19254   0.13313   0.08185   0.02866   0.03644   1.54180   0.09562  
 10 125.2791   8816.810124  x: 17.35690   1.43816   1.55476   1.59140   0.97511   0.75144   1.08807   0.77272   0.78293   0.33936   0.20191   0.52259   1.85338   0.19300   0.21181   0.14763   0.06023   0.03055   0.03490   1.56219   0.09334  
 11 61.6484   8812.587848  x: 17.34529   1.47074   1.57576   1.76329   0.93959   0.67217   1.07702   0.73211   0.80799   0.40100   0.28338   0.44470   1.99798   0.19609   0.19029   0.13847   0.06538   0.03027   0.03583   1.73336   0.09384  
 12 52.8873   8811.371029  x: 17.33972   1.46924   1.56373   1.82503   0.93240   0.66430   1.12962   0.74859   0.80365   0.37419   0.25218   0.49292   2.03593   0.19721   0.19280   0.14383   0.07035   0.02962   0.03832   1.85535   0.09721  
 13 18.2259   8810.642143  x: 17.33673   1.42374   1.48702   1.90988   0.93641   0.68225   1.15391   0.78458   0.81948   0.41998   0.23385   0.51638   2.05750   0.19657   0.18637   0.14305   0.06979   0.02946   0.03821   1.84800   0.09444  
 14  5.6197   8809.214276  x: 17.33581   1.41012   1.38890   2.05876   0.95296   0.73525   1.20224   0.82027   0.79846   0.35698   0.27699   0.46257   2.03920   0.19860   0.19275   0.14387   0.07029   0.02989   0.03935   1.82644   0.09306  
 15  8.5512   8785.310938  x: 17.30823   2.57691   0.79491   4.31174   0.78959   1.05028   1.39617   0.64644   1.15896   0.37308   0.22499   0.39640   0.84699   0.18053   0.26206   0.18507   0.11042   0.03469   0.06990   1.57937   0.07635  
 16 13.8024   8775.948497  x: 17.30117   3.08973   0.65864   5.12634   0.96408   1.08304   1.25229   0.94461   0.88750   0.53940   0.21201   0.37505   0.34872   0.27040   0.18898   0.20100   0.12331   0.03603   0.08177   1.59586   0.07001  
 17 47.7287   8774.003443  x: 17.29728   3.13385   0.63686   5.26664   1.18183   0.91187   1.20834   1.03293   1.03948   0.46080   0.21226   0.38041   0.24309   0.31689   0.14011   0.20347   0.12315   0.03581   0.08325   1.60785   0.06803  
 18  8.1917   8771.028308  x: 17.28988   3.14438   0.68742   5.43366   1.47487   0.64708   1.43104   0.95184   0.98258   0.51274   0.21286   0.38012   0.12924   0.22414   0.22925   0.20046   0.12330   0.03676   0.08305   1.58967   0.06726  
 19  6.4806   8760.745494  x: 17.26593   3.09504   1.00357   5.79418   1.66952   0.87503   1.54229   0.86235   1.02050   0.53648   0.20758   0.41685   0.00000   0.31335   0.11235   0.19328   0.11573   0.03781   0.08158   1.75963   0.06976  
 20  4.3956   8760.745494  x: 17.26593   3.09504   1.00357   5.79418   1.66952   0.87503   1.54229   0.86235   1.02050   0.53648   0.20758   0.41685   0.00000   0.31335   0.11235   0.19328   0.11573   0.03781   0.08158   1.75963   0.06976  
 21 18.6148   8760.522205  x: 17.26583   3.09521   1.00376   5.79423   1.66955   0.87518   1.54254   0.86272   1.02069   0.53654   0.20789   0.41702   0.00007   0.31321   0.11235   0.19274   0.11489   0.03682   0.08015   1.75956   0.07183  
 22 154.4654   8758.921690  x: 17.26460   3.09738   1.00613   5.79478   1.66976   0.87698   1.54561   0.86730   1.02295   0.53717   0.21188   0.41909   0.00081   0.31117   0.11213   0.18569   0.10394   0.02462   0.06199   1.75909   0.07108  
 23 209.4705   8757.899912  x: 17.26199   3.10196   1.01116   5.79596   1.67022   0.88078   1.55208   0.87696   1.02772   0.53845   0.21950   0.42303   0.00240   0.30734   0.11217   0.17415   0.08651   0.03724   0.04905   1.75818   0.07088  
 24 92.3900   8756.999829  x: 17.25510   3.11399   1.02434   5.79908   1.67140   0.89069   1.56888   0.90183   1.03995   0.54153   0.23515   0.43091   0.00660   0.30102   0.11592   0.15961   0.07283   0.03252   0.06217   1.75606   0.07031  
 25 53.6408   8752.197070  x: 17.19655   3.21590   1.13620   5.82598   1.68154   0.97424   1.70959   1.10841   1.14135   0.56567   0.33633   0.47995   0.04287   0.25797   0.15654   0.13851   0.11893   0.03504   0.05697   1.74006   0.06513  
 26 100.9369   8746.708697  x: 17.11544   3.35593   1.29123   5.86713   1.69778   1.08695   1.89266   1.36716   1.26775   0.58958   0.34807   0.47256   0.09899   0.21871   0.21920   0.22677   0.07922   0.03371   0.05826   1.73082   0.05909  
 27 135.3009   8740.822974  x: 17.02525   3.50714   1.46108   5.91914   1.71873   1.20379   2.07322   1.60746   1.38298   0.60129   0.24054   0.40306   0.17149   0.17695   0.25225   0.18188   0.09187   0.03441   0.05772   1.74032   0.05450  
 28 125.4973   8737.607072  x: 16.89369   3.67459   1.66572   6.02289   1.74762   1.29287   2.17209   1.65965   1.38149   0.52835   0.17624   0.52446   0.32882   0.25409   0.18544   0.18180   0.09202   0.03442   0.05764   1.86078   0.05269  
 29 23.6493   8735.623486  x: 16.77880   3.79426   1.81735   6.11247   1.76939   1.34520   2.21770   1.64587   1.36768   0.50286   0.22841   0.47091   0.46794   0.27579   0.10950   0.19090   0.09318   0.03355   0.05901   1.93656   0.05197  
 30 35.7684   8734.509544  x: 16.70094   3.86736   1.91140   6.17117   1.78213   1.37413   2.24097   1.62794   1.35916   0.49717   0.26383   0.43216   0.56014   0.32821   0.11956   0.18482   0.09350   0.03442   0.05760   1.97452   0.05103  
 31 88.3627   8731.829390  x: 16.39849   4.02884   2.14039   6.35342   1.79331   1.39455   2.24746   1.49324   1.37215   0.64885   0.25855   0.46442   0.86473   0.24777   0.18606   0.18618   0.09524   0.03436   0.05822   1.91506   0.04677  
 32 19.1234   8728.681236  x: 15.76565   4.05710   2.25745   6.47386   1.67889   1.27774   2.26081   1.47419   1.41552   0.55334   0.26271   0.46358   1.16363   0.10026   0.31949   0.18319   0.09667   0.03420   0.05810   2.01159   0.04946  
 33 11.0364   8717.301278  x: 12.98019   3.94362   2.53640   6.80341   1.40851   0.96590   2.35427   1.62303   1.68863   0.56654   0.23022   0.44541   2.24279   0.31871   0.12744   0.17870   0.09375   0.03481   0.05772   1.78355   0.04905  
 34 35.3029   8701.146533  x:  8.73123   3.54320   2.76877   6.97354   2.08073   1.48171   2.46966   1.75705   1.57564   0.73337   0.20503   0.45231   3.54692   0.33823   0.11745   0.17144   0.09373   0.03513   0.05734   1.78053   0.04915  
 35 52.3190   8699.989819  x:  8.39996   3.57669   2.93665   6.80490   2.15406   1.47964   2.49957   1.68914   1.55529   0.62116   0.20938   0.45142   3.56470   0.32308   0.12974   0.17071   0.09362   0.03522   0.05756   1.64761   0.04812  
 36  9.0449   8697.346679  x:  7.56056   3.66846   3.47795   6.11752   2.28440   1.32704   2.58081   1.48785   1.64060   0.72596   0.21524   0.46280   3.51295   0.33163   0.12649   0.16899   0.09337   0.03517   0.05735   1.71004   0.05015  
 37 14.6464   8695.509913  x:  7.19133   3.47106   3.77075   5.37639   2.36673   1.13432   2.55598   1.70049   1.39952   0.75165   0.22564   0.46646   4.00416   0.30272   0.15145   0.17078   0.09330   0.03506   0.05738   1.71564   0.04998  
 38  3.6351   8694.534275  x:  7.06088   3.31926   3.83765   4.93186   2.43565   1.15457   2.51430   1.68989   1.58179   0.66723   0.23751   0.47184   4.32048   0.29234   0.16023   0.17238   0.09363   0.03499   0.05746   1.73963   0.04911  
 39  6.8578   8693.749535  x:  7.30336   3.35099   3.64879   4.49500   2.17328   1.35780   2.65300   1.55446   1.51703   0.65908   0.25050   0.47515   4.31622   0.27581   0.17148   0.17282   0.09386   0.03488   0.05771   1.74203   0.05005  
 40  2.1100   8693.291284  x:  7.50769   3.47598   3.50620   4.32226   2.10713   1.40512   2.40482   1.60361   1.49675   0.63795   0.25531   0.47561   4.10268   0.26398   0.17774   0.17336   0.09371   0.03479   0.05794   1.74241   0.05121  
 41  1.7303   8692.533590  x:  7.53500   3.44691   3.15666   4.29525   2.22623   1.17541   2.43202   1.56356   1.44836   0.58923   0.26448   0.47211   3.61331   0.24336   0.18590   0.17434   0.09340   0.03463   0.05843   1.74335   0.05276  
 42  1.2941   8691.576438  x:  6.76405   3.06904   2.94664   4.22050   1.91716   1.28243   2.24875   1.52788   1.34134   0.56264   0.26688   0.46082   3.12899   0.22602   0.18900   0.17249   0.09303   0.03449   0.05883   1.72177   0.05632  
 43  1.6673   8690.755118  x:  6.08902   2.72552   2.89707   3.71635   1.90016   1.11505   2.11079   1.42003   1.28779   0.57031   0.24555   0.43742   3.17468   0.24514   0.17291   0.16940   0.09198   0.03463   0.05853   1.68625   0.06013  
 44  0.7733   8690.396336  x:  6.12188   2.76703   2.78776   3.83213   1.84240   1.08502   2.06092   1.33437   1.26983   0.54351   0.23541   0.43444   3.17782   0.26207   0.16704   0.16994   0.09143   0.03464   0.05774   1.68516   0.06186  
 45  0.2049   8690.316130  x:  6.03000   2.74377   2.73657   3.69495   1.78919   1.05763   2.02426   1.30378   1.23387   0.52686   0.23744   0.43739   3.09778   0.25681   0.16896   0.17065   0.09148   0.03449   0.05761   1.68719   0.06336  
 46  0.2671   8690.278151  x:  5.99678   2.68892   2.76331   3.68222   1.77171   1.05326   2.01857   1.30683   1.23646   0.52759   0.24012   0.43983   3.07469   0.25134   0.16864   0.17113   0.09184   0.03434   0.05768   1.69086   0.06417  
 47  0.0704   8690.271350  x:  5.93962   2.70813   2.72562   3.66738   1.76955   1.04867   2.01234   1.30717   1.23431   0.52566   0.24041   0.43790   3.07490   0.24999   0.16885   0.17069   0.09181   0.03434   0.05773   1.69037   0.06447  
 48  0.1493   8690.269136  x:  5.93838   2.69153   2.71812   3.66243   1.76549   1.04878   2.00578   1.30394   1.23067   0.52303   0.24025   0.43537   3.05750   0.24905   0.16972   0.17015   0.09168   0.03438   0.05778   1.68944   0.06469  
 49  0.0434   8690.268919  x:  5.93951   2.69384   2.71975   3.66056   1.76615   1.04923   2.00643   1.30319   1.23033   0.52376   0.24021   0.43519   3.05867   0.24915   0.17008   0.17010   0.09159   0.03439   0.05778   1.68913   0.06470  
 50  0.0055   8690.268901  x:  5.93767   2.69277   2.71910   3.66087   1.76570   1.04904   2.00593   1.30302   1.23032   0.52375   0.24022   0.43530   3.05793   0.24921   0.17017   0.17013   0.09156   0.03440   0.05778   1.68905   0.06471  
 51  0.0033   8690.268901  x:  5.93779   2.69275   2.71902   3.66062   1.76563   1.04899   2.00594   1.30313   1.23034   0.52370   0.24021   0.43532   3.05795   0.24921   0.17017   0.17013   0.09156   0.03440   0.05778   1.68904   0.06471  
 52  0.0004   8690.268901  x:  5.93774   2.69274   2.71904   3.66063   1.76561   1.04899   2.00594   1.30312   1.23033   0.52370   0.24021   0.43532   3.05788   0.24921   0.17017   0.17013   0.09156   0.03440   0.05778   1.68904   0.06471  
 53  0.0001   8690.268901  x:  5.93774   2.69274   2.71903   3.66062   1.76561   1.04899   2.00594   1.30312   1.23033   0.52370   0.24021   0.43532   3.05788   0.24921   0.17017   0.17013   0.09156   0.03440   0.05778   1.68904   0.06471  