

TREE # 1

  0  0.0000   7641.989690  x:  0.00000   0.56506   0.49263   0.11220   0.42467   0.12899   0.32135   0.03520   0.33118   0.18715   0.13945   0.11657   0.49508   0.14048   0.09429   0.11814   0.03866   0.05564   0.04658   2.00000   0.20000   0.20000  
  1 99.0000   7263.872061  x:  0.22447   0.63404   0.55674   0.23823   0.48391   0.21701   0.38382   0.21676   0.38094   0.23247   0.19333   0.18388   0.56492   0.16029   0.11167   0.14051   0.14227   0.00039   0.00000   1.97761   0.43313   0.19930  
  2 2115.1285   7259.925473  x:  0.22628   0.63460   0.55726   0.23925   0.48439   0.21772   0.38433   0.21823   0.38134   0.23284   0.19377   0.18443   0.56548   0.16045   0.11181   0.14069   0.14310   0.00000   0.00020   1.97743   0.43500   0.19930  
  3 86402.5323   7259.925473  x:  0.22628   0.63460   0.55726   0.23925   0.48439   0.21772   0.38433   0.21823   0.38134   0.23284   0.19377   0.18443   0.56548   0.16045   0.11181   0.14069   0.14310   0.00000   0.00020   1.97743   0.43500   0.19930  
  4 726.5739   7254.571913  x:  0.22638   0.63476   0.55740   0.23942   0.48453   0.21785   0.38445   0.21834   0.38145   0.23291   0.19385   0.18453   0.56564   0.16047   0.11181   0.14069   0.14310   0.00067   0.00779   1.97738   0.43479   0.19930  
  5 9575.9882   7253.301924  x:  0.22672   0.63534   0.55789   0.24000   0.48503   0.21831   0.38489   0.21873   0.38184   0.23317   0.19415   0.18489   0.56618   0.16053   0.11184   0.14068   0.14308   0.00000   0.00786   1.97723   0.43406   0.19930  
  6 673.3558   7230.226088  x:  0.23339   0.72824   0.62883   0.21825   0.52954   0.19016   0.40270   0.19945   0.40755   0.23045   0.13417   0.10413   0.63966   0.13960   0.09794   0.16676   0.11737   0.00000   0.01022   1.91611   0.40693   0.21959  
  7 230.9931   7214.982718  x:  0.20960   0.82672   0.69998   0.14969   0.56604   0.12641   0.40281   0.15453   0.42075   0.21599   0.15777   0.14559   0.71845   0.13043   0.09996   0.19196   0.10895   0.00000   0.01058   1.81276   0.42249   0.25793  
  8 227.8265   7206.347880  x:  0.14008   0.86777   0.72382   0.13863   0.57812   0.15444   0.38993   0.17584   0.40262   0.20157   0.15725   0.13431   0.77109   0.16354   0.13045   0.17098   0.15438   0.00000   0.00785   1.65625   0.44593   0.32761  
  9 114.6050   7197.473557  x:  0.07073   0.87843   0.72425   0.15938   0.56709   0.16709   0.36844   0.18680   0.37803   0.19865   0.16006   0.14198   0.79823   0.13476   0.09715   0.13828   0.12868   0.00000   0.00442   1.46709   0.41671   0.42704  
 10 174.1525   7190.173555  x:  0.08449   0.86200   0.70993   0.18244   0.53984   0.14557   0.36519   0.17554   0.37581   0.21877   0.15721   0.14472   0.78660   0.15624   0.11810   0.17990   0.12352   0.00000   0.00526   1.27724   0.36194   0.56055  
 11 132.7859   7185.868594  x:  0.13536   0.85121   0.70422   0.17096   0.54299   0.15894   0.39565   0.18223   0.39658   0.22734   0.16388   0.14208   0.76619   0.13731   0.10434   0.17833   0.13095   0.00000   0.00686   1.17683   0.38176   0.68088  
 12 108.2712   7180.901928  x:  0.16172   0.84495   0.70080   0.12860   0.56710   0.16988   0.41722   0.17390   0.41238   0.20478   0.16311   0.14269   0.74424   0.14384   0.11469   0.13540   0.13009   0.00000   0.00664   1.13828   0.34230   0.86343  
 13 94.6840   7151.608776  x:  0.19127   0.86410   0.72168   0.19959   0.69149   0.17757   0.42011   0.14354   0.44572   0.13916   0.14885   0.16891   0.72765   0.15759   0.12411   0.13076   0.11923   0.00000   0.00053   1.13069   0.33890   1.85602  
 14 181.1625   7124.654697  x:  0.19049   0.90629   0.76019   0.30463   0.89239   0.18968   0.41217   0.12109   0.48963   0.05738   0.13666   0.20849   0.71866   0.17325   0.13000   0.11561   0.10661   0.00000   0.00961   1.12645   0.32141   3.56373  
 15 3970.6354   6998.442830  x:  0.08251   1.07726   0.90026   0.46463   1.56387   0.14257   0.41454   0.23100   0.65682   0.31273   0.18343   0.26653   0.70531   0.18918   0.12698   0.09701   0.13696   0.00000   0.01618   1.20861   0.18764  10.19446  
 16 3509.2954   6988.245438  x:  0.08729   1.08824   0.90845   0.47039   1.56999   0.14666   0.43896   0.25063   0.65378   0.33180   0.18628   0.27064   0.73418   0.21687   0.15017   0.08305   0.07476   0.00000   0.01669   1.21720   0.20281  10.61261  
 17 829.6395   6968.200745  x:  0.12043   1.10577   0.91642   0.44122   1.43711   0.19747   0.56620   0.30303   0.57428   0.28130   0.19275   0.29162   0.90362   0.22383   0.13867   0.13387   0.04299   0.00000   0.01567   1.26824   0.17297  11.54149  
 18 451.7741   6957.045313  x:  0.15877   1.12627   0.93119   0.47368   1.31510   0.17693   0.63908   0.28247   0.55078   0.28590   0.16754   0.31314   1.01809   0.23344   0.12904   0.07296   0.07550   0.00000   0.01579   1.29833   0.16543  12.03802  
 19 486.0545   6950.316912  x:  0.09336   1.14983   0.94870   0.47555   1.18337   0.26278   0.70690   0.18718   0.68210   0.30381   0.13837   0.33800   1.05387   0.26572   0.10120   0.08126   0.07603   0.00000   0.01584   1.32348   0.16820  12.34526  
 20 82.4024   6946.674911  x:  0.08738   1.20162   0.99659   0.48802   1.07821   0.26280   0.68433   0.21145   0.76496   0.26284   0.20737   0.29558   1.03002   0.28484   0.08546   0.07473   0.07518   0.00000   0.01501   1.33949   0.16417  12.51247  
 21 38.4581   6940.300035  x:  0.09948   1.29201   1.07524   0.47552   0.97539   0.26963   0.64498   0.31382   0.81097   0.23336   0.13154   0.35909   0.96683   0.28576   0.08215   0.08166   0.07762   0.00000   0.01434   1.36035   0.16652  12.78158  
 22 40.2066   6903.307074  x:  0.21259   1.61063   1.29279   0.49586   0.85213   0.51772   0.61102   0.20046   0.54844   0.31674   0.22344   0.34703   0.89480   0.14726   0.20965   0.10897   0.09811   0.00000   0.01582   1.47687   0.18743  14.37259  
 23 57.8204   6859.507328  x:  0.14030   1.54979   1.15224   0.54577   1.04316   0.30729   0.91190   0.37401   0.65263   0.22789   0.32722   0.30361   1.23762   0.22955   0.10319   0.16608   0.15807   0.00000   0.01545   1.59864   0.23630  16.43160  
 24 127.0246   6853.027191  x:  0.24545   1.45572   1.10883   0.49222   1.07109   0.36405   0.69822   0.39058   0.75138   0.24220   0.32538   0.31265   1.44921   0.22859   0.08793   0.16917   0.15647   0.00000   0.01544   1.61323   0.23628  16.73498  
 25 44.6295   6851.350185  x:  0.21991   1.35923   1.24484   0.50357   1.07830   0.35770   0.71422   0.40046   0.77566   0.23975   0.32439   0.31552   1.47389   0.15441   0.16514   0.16882   0.15716   0.00000   0.01552   1.60796   0.23475  17.02788  
 26  5.1893   6844.595970  x:  0.22525   1.29295   1.55840   0.51479   1.14549   0.39118   0.73048   0.38315   0.70814   0.28659   0.32058   0.33391   1.48808   0.28564   0.02887   0.16605   0.15775   0.00000   0.01661   1.57854   0.23144  18.29363  
 27 27.2541   6802.072829  x:  0.19100   3.19416   1.71951   0.93537   1.75422   0.66854   0.96781   0.48481   0.79701   0.61799   0.24030   0.58285   1.82804   0.00000   0.33422   0.11151   0.15960   0.00000   0.02702   1.27207   0.15621  35.15748  
 28 86.2078   6785.225062  x:  0.22295   3.23742   1.90343   0.94657   1.76436   0.69904   0.97002   0.50403   0.84158   0.61558   0.26455   0.57121   1.99139   0.23344   0.15415   0.13485   0.16233   0.00000   0.02686   1.33935   0.12107  37.28020  
 29  2.0212   6777.205248  x:  0.23811   2.99878   2.06346   0.94039   1.71733   0.63697   1.00941   0.56536   0.92117   0.54152   0.32295   0.50486   2.25729   0.27076   0.05284   0.15343   0.17422   0.00000   0.02476   1.55095   0.13787  37.61928  
 30  0.3749   6772.092863  x:  0.23005   2.99923   2.27101   0.99946   1.77651   0.61008   1.06466   0.63043   0.99318   0.51211   0.35387   0.46597   2.53631   0.21673   0.07187   0.15946   0.17587   0.00000   0.02390   1.61199   0.11631  40.08757  
 31  1.9725   6764.708496  x:  0.17761   3.12621   2.67775   1.20113   1.96790   0.49464   1.26312   0.77614   1.12102   0.48178   0.40793   0.35566   3.17467   0.10812   0.24757   0.13679   0.15545   0.00000   0.02231   1.60119   0.10924  46.01094  
 32  1.6672   6762.849001  x:  0.17960   3.37427   2.79035   1.28013   2.08554   0.51842   1.31921   0.81966   1.13085   0.50143   0.40503   0.34886   3.39026   0.11523   0.22255   0.13997   0.15403   0.00000   0.02205   1.56282   0.09539  49.22963  
 33  1.7889   6760.140270  x:  0.19564   3.77014   2.84369   1.37070   2.23275   0.57342   1.38090   0.86292   1.10223   0.53128   0.38279   0.34458   3.63778   0.18045   0.11796   0.15004   0.15357   0.00000   0.02091   1.51051   0.09402  52.99587  
 34  2.2044   6758.981087  x:  0.19016   4.14123   3.01961   1.50488   2.38295   0.61380   1.47946   0.93219   1.14105   0.55032   0.37104   0.32820   3.97332   0.19304   0.14674   0.15158   0.14756   0.00000   0.01933   1.52574   0.08429  57.91901  
 35  2.0061   6758.426458  x:  0.19200   4.29915   3.05988   1.54962   2.41753   0.65536   1.50653   0.95204   1.15758   0.55105   0.35666   0.33269   4.07580   0.19982   0.14676   0.15536   0.14987   0.00000   0.01772   1.58044   0.08613  59.62993  
 36  1.0175   6757.967459  x:  0.19342   4.56955   3.15779   1.62821   2.49260   0.72559   1.55090   0.98547   1.18828   0.55924   0.33853   0.34640   4.24950   0.19958   0.13413   0.15940   0.15504   0.00000   0.01553   1.62472   0.08072  62.78979  
 37  1.7567   6757.400399  x:  0.17582   4.62610   3.18086   1.64923   2.45766   0.80107   1.53168   0.96272   1.22747   0.55226   0.32460   0.38517   4.16151   0.14984   0.17918   0.14894   0.16245   0.00000   0.01249   1.62746   0.08191  63.14251  
 38  0.1014   6757.012273  x:  0.15367   4.67151   3.28774   1.70126   2.48620   0.82903   1.55256   0.96757   1.26510   0.53796   0.34113   0.37568   4.20565   0.14247   0.19407   0.14627   0.16222   0.00000   0.00952   1.57796   0.07797  64.40314  
 39  0.4511   6756.773981  x:  0.14380   4.55072   3.30381   1.69348   2.47006   0.81519   1.54310   0.95259   1.26680   0.51664   0.36391   0.35598   4.15150   0.16525   0.17119   0.15038   0.16087   0.00000   0.00799   1.55725   0.08017  63.54750  
 40  0.4622   6756.675220  x:  0.14684   4.53022   3.29932   1.69866   2.48418   0.81788   1.54260   0.94455   1.25685   0.51659   0.36295   0.35684   4.13172   0.18568   0.14616   0.15355   0.15978   0.00000   0.00753   1.59106   0.08039  63.46276  
 41  0.0407   6756.576473  x:  0.14311   4.38576   3.23815   1.67849   2.47100   0.79877   1.51534   0.90766   1.23124   0.51931   0.36198   0.36469   3.98151   0.18794   0.14867   0.14930   0.15551   0.00000   0.00775   1.58861   0.08222  61.82945  
 42  0.6253   6756.520698  x:  0.13637   4.38215   3.23442   1.71005   2.50410   0.80131   1.52004   0.89927   1.22715   0.51857   0.35705   0.36483   3.96411   0.17843   0.15814   0.14885   0.15421   0.00000   0.00654   1.58477   0.08226  61.99445  
 43  0.0724   6756.464655  x:  0.14070   4.34341   3.18194   1.72119   2.53393   0.77226   1.51951   0.89445   1.20295   0.52463   0.35067   0.35932   3.94843   0.17347   0.16003   0.15133   0.15265   0.00000   0.00731   1.58235   0.08296  61.57631  
 44  0.2877   6756.419064  x:  0.14436   4.33913   3.16881   1.75145   2.53851   0.76648   1.51719   0.89716   1.21349   0.51913   0.35305   0.35631   3.96359   0.16949   0.15969   0.15478   0.15812   0.00000   0.00696   1.58382   0.08244  61.76940  
 45  0.0477   6756.355216  x:  0.15262   4.26113   3.10449   1.78282   2.51192   0.74588   1.49201   0.87964   1.21579   0.51810   0.35262   0.36104   3.89522   0.17347   0.16361   0.15129   0.16109   0.00000   0.00735   1.58202   0.08355  61.03329  
 46  0.2120   6756.311344  x:  0.16094   4.32568   3.11520   1.83828   2.51136   0.74777   1.49914   0.89282   1.22876   0.51819   0.35066   0.35801   3.96346   0.18260   0.15341   0.14897   0.16100   0.00000   0.00723   1.58243   0.08292  61.94163  
 47  0.3396   6756.287090  x:  0.16085   4.29479   3.10773   1.86523   2.50038   0.74351   1.49397   0.88615   1.22337   0.51687   0.35209   0.35951   3.93815   0.18062   0.15105   0.14834   0.15790   0.00000   0.00722   1.58235   0.08282  61.79749  
 48  0.0552   6756.263399  x:  0.15771   4.32884   3.13160   1.89216   2.47937   0.75421   1.50114   0.89589   1.22685   0.51534   0.35364   0.36230   3.96296   0.17124   0.16234   0.15113   0.15589   0.00000   0.00746   1.58340   0.08240  62.26751  
 49  0.1604   6756.258821  x:  0.15540   4.31936   3.12931   1.90025   2.47777   0.75488   1.50114   0.89305   1.22162   0.51479   0.35413   0.36256   3.94901   0.17618   0.15764   0.15263   0.15571   0.00000   0.00741   1.58332   0.08266  62.20408  
 50  0.0394   6756.253894  x:  0.14622   4.33683   3.14109   1.91132   2.47877   0.76359   1.50817   0.89457   1.21746   0.51680   0.35142   0.36571   3.94414   0.17537   0.15822   0.15185   0.15683   0.00000   0.00747   1.58039   0.08236  62.39221  
 51  0.0367   6756.250518  x:  0.13864   4.33106   3.15539   1.91732   2.47768   0.76281   1.51381   0.89890   1.21802   0.51493   0.35362   0.36180   3.95119   0.17618   0.15793   0.15132   0.15715   0.00000   0.00757   1.58248   0.08232  62.46749  
 52  0.0314   6756.249033  x:  0.13485   4.32232   3.15178   1.91873   2.47778   0.76536   1.50984   0.89868   1.21947   0.51445   0.35291   0.36217   3.94347   0.17412   0.15930   0.15123   0.15718   0.00000   0.00754   1.58559   0.08253  62.40267  
 53  0.0189   6756.246984  x:  0.13025   4.32448   3.15140   1.91862   2.47872   0.77132   1.50371   0.90212   1.22404   0.51460   0.35314   0.36140   3.94699   0.17533   0.15835   0.15157   0.15677   0.00000   0.00758   1.58262   0.08240  62.44163  
 54  0.0124   6756.246813  x:  0.13034   4.32762   3.14927   1.91950   2.47985   0.77187   1.50377   0.90288   1.22298   0.51530   0.35265   0.36150   3.94965   0.17564   0.15825   0.15160   0.15672   0.00000   0.00762   1.58353   0.08238  62.46701  
 55  0.0118   6756.246407  x:  0.12998   4.32383   3.14337   1.91818   2.47760   0.77320   1.50219   0.90323   1.22032   0.51526   0.35380   0.36117   3.95055   0.17531   0.15852   0.15144   0.15682   0.00000   0.00759   1.58316   0.08244  62.42307  
 56  0.0072   6756.246362  x:  0.12996   4.32507   3.14412   1.91704   2.47727   0.77376   1.50273   0.90362   1.22042   0.51538   0.35357   0.36129   3.95275   0.17549   0.15827   0.15142   0.15683   0.00000   0.00756   1.58320   0.08244  62.43437  
 57  0.0039   6756.246286  x:  0.12949   4.32053   3.14291   1.91701   2.47523   0.77325   1.50292   0.90350   1.22009   0.51554   0.35313   0.36157   3.95249   0.17545   0.15836   0.15147   0.15679   0.00000   0.00756   1.58300   0.08246  62.40446  
 58  0.0081   6756.246275  x:  0.12981   4.32032   3.14280   1.91631   2.47498   0.77302   1.50297   0.90337   1.22016   0.51586   0.35322   0.36157   3.95266   0.17550   0.15827   0.15146   0.15682   0.00000   0.00757   1.58302   0.08247  62.39983  
 59  0.0008   6756.246257  x:  0.12938   4.32144   3.14385   1.91751   2.47556   0.77339   1.50351   0.90351   1.22019   0.51651   0.35331   0.36146   3.95321   0.17542   0.15837   0.15148   0.15680   0.00000   0.00756   1.58306   0.08244  62.42180  
 60  0.0068   6756.246256  x:  0.12950   4.32162   3.14385   1.91763   2.47554   0.77335   1.50350   0.90357   1.22029   0.51651   0.35331   0.36147   3.95337   0.17544   0.15837   0.15148   0.15681   0.00000   0.00756   1.58310   0.08244  62.42425  
 61  0.0012   6756.246252  x:  0.12956   4.32146   3.14379   1.91747   2.47550   0.77316   1.50334   0.90385   1.22012   0.51655   0.35329   0.36146   3.95268   0.17543   0.15837   0.15148   0.15680   0.00000   0.00756   1.58308   0.08244  62.41956  
 62  0.0006   6756.246252  x:  0.12960   4.32153   3.14379   1.91748   2.47545   0.77314   1.50330   0.90394   1.22013   0.51655   0.35329   0.36147   3.95259   0.17542   0.15838   0.15148   0.15680   0.00000   0.00756   1.58309   0.08244  62.41971  
 63  0.0002   6756.246252  x:  0.12962   4.32154   3.14377   1.91749   2.47546   0.77317   1.50335   0.90392   1.22015   0.51654   0.35329   0.36147   3.95263   0.17542   0.15838   0.15148   0.15680   0.00000   0.00756   1.58308   0.08244  62.42024  
 64  0.0001   6756.246252  x:  0.12968   4.32156   3.14370   1.91750   2.47546   0.77322   1.50343   0.90394   1.22018   0.51654   0.35330   0.36146   3.95257   0.17543   0.15837   0.15148   0.15680   0.00000   0.00756   1.58308   0.08244  62.42087  
 65  0.0004   6756.246252  x:  0.12970   4.32155   3.14371   1.91749   2.47546   0.77320   1.50340   0.90397   1.22017   0.51654   0.35329   0.36147   3.95252   0.17543   0.15838   0.15148   0.15680   0.00000   0.00756   1.58308   0.08244  62.42065  
 66  0.0001   6756.246252  x:  0.12973   4.32151   3.14376   1.91750   2.47549   0.77324   1.50341   0.90397   1.22017   0.51655   0.35329   0.36147   3.95257   0.17543   0.15838   0.15148   0.15680   0.00000   0.00756   1.58308   0.08244  62.42124  
 67  0.0001   6756.246252  x:  0.12973   4.32151   3.14376   1.91749   2.47549   0.77323   1.50340   0.90397   1.22017   0.51655   0.35329   0.36147   3.95257   0.17543   0.15838   0.15148   0.15680   0.00000   0.00756   1.58308   0.08244  62.42121  