Supplemental results for CODEML (seqf: cds2.phylip  treef: tree.H0.nwk)

Number of codon sites with 0,1,2,3 position differences
   2 vs.    1     41    48    33    17  -1.0000 (0.3337 -1.0000)
   3 vs.    1     39    48    33    19  -1.0000 (0.3407 -1.0000)
   3 vs.    2    111    27     2     0   0.0237 (0.0092 0.3886)
   4 vs.    1     30    61    38    13  -1.0000 (0.3580 -1.0000)
   4 vs.    2     40    49    33    18  -1.0000 (0.3593 -1.0000)
   4 vs.    3     38    52    33    17  -1.0000 (0.3491 -1.0000)
   5 vs.    1     29    59    35    19  -1.0000 (0.4244 -1.0000)
   5 vs.    2     38    53    31    18  -1.0000 (0.3462 -1.0000)
   5 vs.    3     39    55    28    18  -1.0000 (0.3426 -1.0000)
   5 vs.    4     52    61    21     9   0.0808 (0.1969 2.4379)
   6 vs.    1     47    70    20     5  -1.0000 (0.1620 -1.0000)
   6 vs.    2     33    58    38    10  -1.0000 (0.3235 -1.0000)
   6 vs.    3     31    59    37    12  -1.0000 (0.3233 -1.0000)
   6 vs.    4     34    67    28    13  -1.0000 (0.2860 -1.0000)
   6 vs.    5     36    55    36    15  -1.0000 (0.3683 -1.0000)
   7 vs.    1     50    79    11     2  -1.0000 (0.0689 -1.0000)
   7 vs.    2     42    44    40    13  -1.0000 (0.3371 -1.0000)
   7 vs.    3     36    50    39    14  -1.0000 (0.3465 -1.0000)
   7 vs.    4     41    50    34    17   0.2322 (0.4039 1.7395)
   7 vs.    5     35    51    39    17   0.1317 (0.4248 3.2263)
   7 vs.    6     52    63    18     9  -1.0000 (0.1634 -1.0000)
   8 vs.    1     68    61    10     3   0.0589 (0.0853 1.4488)
   8 vs.    2     44    40    39    16  -1.0000 (0.3399 -1.0000)
   8 vs.    3     38    48    35    18  -1.0000 (0.3412 -1.0000)
   8 vs.    4     31    54    44    13  -1.0000 (0.3618 -1.0000)
   8 vs.    5     29    56    39    18  -1.0000 (0.4233 -1.0000)
   8 vs.    6     47    72    19     4  -1.0000 (0.1408 -1.0000)
   8 vs.    7     53    70    13     6  -1.0000 (0.0865 -1.0000)
   9 vs.    1     41    48    33    17  -1.0000 (0.3337 -1.0000)
   9 vs.    2    140     0     0     0  -1.0000 (0.0000 0.0000)
   9 vs.    3    111    27     2     0   0.0237 (0.0092 0.3886)
   9 vs.    4     40    49    33    18  -1.0000 (0.3593 -1.0000)
   9 vs.    5     38    53    31    18  -1.0000 (0.3462 -1.0000)
   9 vs.    6     33    58    38    10  -1.0000 (0.3235 -1.0000)
   9 vs.    7     42    44    40    13  -1.0000 (0.3371 -1.0000)
   9 vs.    8     44    40    39    16  -1.0000 (0.3399 -1.0000)
  10 vs.    1     37    52    33    17  -1.0000 (0.3348 -1.0000)
  10 vs.    2     99    38     3     0   0.0253 (0.0155 0.6103)
  10 vs.    3    103    36     1     0   0.0319 (0.0154 0.4839)
  10 vs.    4     36    54    38    12  -1.0000 (0.3367 -1.0000)
  10 vs.    5     34    58    35    13  -1.0000 (0.3303 -1.0000)
  10 vs.    6     32    57    36    14  -1.0000 (0.3294 -1.0000)
  10 vs.    7     39    49    37    14  -1.0000 (0.3588 -1.0000)
  10 vs.    8     39    46    39    15  -1.0000 (0.3459 -1.0000)
  10 vs.    9     99    38     3     0   0.0253 (0.0155 0.6103)

