

TREE # 1

  0  0.0000   2826.728155  x:  0.31843   0.99854   0.82924   0.21565   0.95280   0.00000   0.99814   0.54095   0.51842   0.49856   0.99070   0.18949   0.06735   0.11909   0.13489   0.00988   0.01903   2.00000   0.20000  
  1 99.0000   2806.822869  x:  0.32232   0.99819   0.82886   0.22310   0.95187   0.00044   0.99703   0.54011   0.51777   0.49795   0.99220   0.18857   0.06765   0.11836   0.13621   0.00000   0.00915   1.99970   0.16406  
  2 529.2503   2804.010561  x:  0.32742   0.99956   0.83021   0.23096   0.95269   0.00138   0.99789   0.54097   0.51882   0.49891   0.99495   0.18898   0.06844   0.11855   0.13785   0.00000   0.00000   1.99809   0.16292  
  3 239.7286   2803.682855  x:  0.32954   1.00082   0.83143   0.23096   0.95340   0.00000   0.99905   0.54123   0.51978   0.49980   0.99702   0.18850   0.06783   0.11792   0.13656   0.00000   0.00000   1.99661   0.16240  
  4 84.4869   2803.682855  x:  0.32954   1.00082   0.83143   0.23096   0.95340   0.00000   0.99905   0.54123   0.51978   0.49980   0.99702   0.18850   0.06783   0.11792   0.13656   0.00000   0.00000   1.99661   0.16240  
  5 178.6712   2786.288631  x:  0.33768   1.00065   0.83121   0.24590   0.95205   0.00095   0.99744   0.54001   0.51897   0.49905   1.00046   0.18705   0.06859   0.11675   0.13936   0.00000   0.00000   1.99558   0.09997  
  6 427.4033   2732.563795  x:  0.99653   1.07492   0.90120   1.36847   0.94083   0.11120   0.97629   0.53633   0.54425   0.52130   1.31536   0.14080   0.15042   0.07339   0.35862   0.00000   0.00000   1.85276   0.06165  
  7 139.6397   2724.932585  x:  1.05971   1.07337   0.90202   1.47783   0.89235   0.05181   0.97363   0.45793   0.52319   0.51457   1.35919   0.07636   0.11961   0.08646   0.17234   0.00000   0.00000   1.83367   0.06372  
  8 52.8015   2723.551348  x:  1.07382   1.07133   0.90136   1.50378   0.87069   0.02101   0.97593   0.42047   0.51468   0.51388   1.37274   0.09319   0.14972   0.11820   0.13159   0.00000   0.00000   1.82701   0.06406  
  9 62.8711   2722.811212  x:  1.07596   1.06930   0.90036   1.50917   0.85742   0.00000   0.97916   0.39598   0.50982   0.51472   1.37842   0.08913   0.15350   0.11832   0.13588   0.00000   0.00000   1.82365   0.06491  
 10 33.0374   2722.127737  x:  1.07878   1.07187   0.90645   1.51820   0.85136   0.00000   1.01729   0.35108   0.51909   0.54426   1.39774   0.09533   0.17226   0.08644   0.13168   0.00000   0.00000   1.80293   0.06439  
 11 22.3185   2720.112552  x:  1.08588   1.09217   0.94095   1.54660   0.86974   0.00000   1.19523   0.21952   0.57659   0.67910   1.47446   0.06830   0.17762   0.10679   0.14340   0.00000   0.00000   1.71223   0.05853  
 12 40.4837   2716.441181  x:  1.04113   1.07206   0.96249   1.73413   1.00811   0.00000   1.52896   0.27664   0.45421   0.60302   1.59927   0.12538   0.12561   0.09633   0.18112   0.00000   0.00000   1.63363   0.06019  
 13  5.8057   2713.513367  x:  1.10886   1.20060   1.10516   1.85099   0.97824   0.00000   1.55898   0.39264   0.69977   0.61132   1.69333   0.10998   0.14232   0.08945   0.21717   0.00000   0.00000   1.76352   0.06127  
 14  7.0542   2711.962767  x:  1.28961   1.48731   1.34004   1.79046   1.02055   0.00000   1.51141   0.41297   0.58339   0.65469   1.80372   0.12075   0.13570   0.08202   0.23531   0.00000   0.00000   1.78621   0.05607  
 15  7.2248   2711.008456  x:  1.43304   1.55036   1.24420   1.77077   1.08157   0.00000   1.40833   0.33075   0.60120   0.70074   1.84939   0.20812   0.04370   0.08661   0.23048   0.00000   0.00000   1.65384   0.05746  
 16  1.8815   2709.660410  x:  1.62635   1.64033   1.17994   1.73421   1.05041   0.00000   1.58019   0.25462   0.65674   0.56830   2.03812   0.15968   0.08546   0.09448   0.20888   0.00000   0.00000   1.65417   0.05663  
 17  2.9353   2708.700362  x:  1.66431   1.63872   1.16959   1.79555   0.93494   0.00000   1.69371   0.26083   0.58045   0.69280   2.18120   0.14453   0.09197   0.10484   0.18923   0.00000   0.00000   1.76698   0.05832  
 18  4.7252   2708.169347  x:  1.57434   1.63227   1.34919   1.89531   0.84058   0.00000   1.72273   0.24669   0.59819   0.67891   2.26509   0.19202   0.04301   0.10769   0.18119   0.00000   0.00000   1.70462   0.05631  
 19  2.7142   2707.704858  x:  1.50100   1.58417   1.48617   2.00204   0.91168   0.00000   1.67570   0.21627   0.59083   0.69337   2.32145   0.10198   0.13675   0.11023   0.17766   0.00000   0.00000   1.64965   0.05618  
 20  2.5283   2707.017122  x:  1.52692   1.62774   1.55815   2.17098   1.03306   0.00000   1.70554   0.11088   0.62125   0.69763   2.40917   0.14027   0.10906   0.11074   0.18368   0.00000   0.00000   1.76311   0.05399  
 21  1.5368   2705.018640  x:  1.76491   1.80328   1.57656   2.53686   0.99055   0.00000   1.84478   0.17374   0.65482   0.77343   2.65868   0.15313   0.13149   0.10806   0.20978   0.00000   0.00000   1.71426   0.04421  
 22  3.6316   2704.257707  x:  1.94300   1.95368   1.64915   2.82165   0.94848   0.00000   2.03466   0.15217   0.64519   0.81102   2.24899   0.11295   0.17331   0.10907   0.20564   0.00000   0.00000   1.70103   0.04395  
 23  1.6633   2703.140041  x:  2.39459   1.72614   1.87087   3.16421   1.00023   0.00000   2.15803   0.22399   0.69911   0.84839   2.48598   0.14271   0.12827   0.10868   0.19386   0.00000   0.00000   1.77803   0.04184  
 24  0.6826   2702.479389  x:  2.30401   2.13795   1.75069   3.60062   1.04364   0.00000   2.18680   0.25000   0.73905   0.85575   2.79779   0.10228   0.15686   0.10966   0.18054   0.00000   0.00000   1.77536   0.03922  
 25  1.4937   2702.290664  x:  2.48316   2.20002   1.88541   3.85948   1.04119   0.00000   2.29374   0.23664   0.74068   0.87997   2.86887   0.13545   0.13364   0.11061   0.18110   0.00000   0.00000   1.74229   0.03630  
 26  0.3307   2702.183918  x:  2.56306   2.23210   1.95041   4.00888   1.03208   0.00000   2.34058   0.22919   0.73371   0.88835   2.88936   0.15301   0.12250   0.11078   0.18249   0.00000   0.00000   1.72318   0.03651  
 27  0.2360   2702.140455  x:  2.64719   2.31783   2.04391   4.21981   1.05438   0.00000   2.42226   0.22456   0.73819   0.89115   2.97409   0.14184   0.12749   0.11082   0.18451   0.00000   0.00000   1.74670   0.03512  
 28  0.1730   2702.133958  x:  2.65088   2.34734   2.05341   4.24305   1.05857   0.00000   2.43986   0.22701   0.74262   0.88896   3.02054   0.13735   0.13272   0.11081   0.18593   0.00000   0.00000   1.74370   0.03506  
 29  0.0291   2702.128763  x:  2.67261   2.37508   2.07605   4.24983   1.06239   0.00000   2.47680   0.22865   0.74854   0.89354   3.06881   0.13830   0.13244   0.11101   0.18548   0.00000   0.00000   1.73969   0.03455  
 30  0.0254   2702.126452  x:  2.67790   2.37395   2.08201   4.21999   1.06268   0.00000   2.49082   0.22845   0.74959   0.89871   3.06401   0.14292   0.12754   0.11083   0.18502   0.00000   0.00000   1.74239   0.03464  
 31  0.0192   2702.126095  x:  2.68683   2.38366   2.08905   4.23553   1.06389   0.00000   2.49901   0.22704   0.75096   0.90291   3.06350   0.14411   0.12631   0.11069   0.18558   0.00000   0.00000   1.74252   0.03452  
 32  0.0126   2702.126006  x:  2.68652   2.38618   2.08766   4.23748   1.06367   0.00000   2.49808   0.22663   0.75276   0.90453   3.06461   0.14347   0.12692   0.11078   0.18539   0.00000   0.00000   1.74202   0.03452  
 33  0.0021   2702.125995  x:  2.68719   2.38555   2.08852   4.23759   1.06349   0.00000   2.49790   0.22650   0.75327   0.90489   3.06535   0.14344   0.12697   0.11077   0.18540   0.00000   0.00000   1.74252   0.03452  
 34  0.0010   2702.125994  x:  2.68717   2.38530   2.08880   4.23742   1.06339   0.00000   2.49761   0.22648   0.75328   0.90486   3.06546   0.14349   0.12692   0.11076   0.18542   0.00000   0.00000   1.74244   0.03452  
 35  0.0004   2702.125994  x:  2.68715   2.38548   2.08898   4.23740   1.06338   0.00000   2.49754   0.22649   0.75328   0.90486   3.06557   0.14351   0.12689   0.11077   0.18541   0.00000   0.00000   1.74241   0.03452  
 36  0.0001   2702.125994  x:  2.68713   2.38548   2.08892   4.23732   1.06338   0.00000   2.49749   0.22650   0.75326   0.90485   3.06549   0.14350   0.12690   0.11077   0.18541   0.00000   0.00000   1.74242   0.03452  
 37  0.0001   2702.125994  x:  2.68715   2.38549   2.08891   4.23729   1.06338   0.00000   2.49747   0.22650   0.75326   0.90485   3.06547   0.14350   0.12690   0.11076   0.18541   0.00000   0.00000   1.74243   0.03452  
 38  0.0001   2702.125994  x:  2.68720   2.38551   2.08891   4.23728   1.06338   0.00000   2.49746   0.22650   0.75326   0.90484   3.06547   0.14351   0.12690   0.11076   0.18541   0.00000   0.00000   1.74243   0.03452  
 39  0.0000   2702.125994  x:  2.68719   2.38550   2.08891   4.23729   1.06338   0.00000   2.49747   0.22650   0.75326   0.90485   3.06548   0.14351   0.12690   0.11076   0.18541   0.00000   0.00000   1.74243   0.03452  
 40  0.0000   2702.125994  x:  2.68719   2.38550   2.08891   4.23729   1.06338   0.00000   2.49747   0.22650   0.75326   0.90485   3.06548   0.14351   0.12690   0.11076   0.18542   0.00000   0.00000   1.74243   0.03452  
 41  0.0000   2702.125994  x:  2.68719   2.38550   2.08891   4.23729   1.06338   0.00000   2.49747   0.22650   0.75326   0.90485   3.06548   0.14351   0.12690   0.11076   0.18542   0.00000   0.00000   1.74243   0.03452  