

TREE # 1

  0  0.0000  10597.438030  x:  0.00000   0.32244   0.23264   0.13003   0.19123   0.09384   0.17739   0.14468   0.12057   0.16067   0.16317   0.10379   0.08039   0.05230   0.04861   0.07425   0.08800   2.00000   0.20000  
  1 99.0000   8891.455774  x:  5.18407   0.54104   0.52852   0.53456   0.41417   0.29726   0.39824   0.31143   0.38851   0.33147   0.57204   0.17392   0.16814   0.18084   0.11418   0.03460   0.05427   1.95116   0.68295  
  2 19591.7820   8600.479334  x:  5.19036   0.65161   0.63638   0.61273   0.49864   0.38987   0.54018   0.40564   0.49066   0.42117   0.64468   0.14522   0.16558   0.13452   0.04568   0.00000   0.04940   1.95369   0.32427  
  3 710.7109   8534.951340  x:  5.19273   0.69169   0.67547   0.64110   0.52924   0.42341   0.59158   0.43975   0.52765   0.45364   0.67105   0.13488   0.16470   0.11791   0.02134   0.00349   0.04799   1.95455   0.19414  
  4 85214.6732   8505.616564  x:  5.18046   0.73526   0.71801   0.67683   0.56188   0.45749   0.64166   0.47434   0.56366   0.48438   0.70365   0.13785   0.17370   0.13320   0.09184   0.00246   0.06565   1.94427   0.15029  
  5 819.7215   8392.909709  x:  5.08363   0.97679   0.95377   0.87359   0.74387   0.64718   0.92134   0.66755   0.76429   0.65654   0.88353   0.13489   0.20741   0.14329   0.14841   0.00880   0.10996   1.88521   0.21546  
  6 1195.5141   8381.264505  x:  5.07144   1.00972   0.98680   0.92932   0.75463   0.64948   0.92399   0.66668   0.75780   0.63978   0.93184   0.16030   0.22329   0.19060   0.14176   0.00984   0.04669   1.84327   0.21058  
  7 178.1595   8357.047897  x:  5.03591   1.12653   1.10565   1.17178   0.77175   0.62245   0.88199   0.62473   0.68767   0.52258   1.13934   0.24663   0.25472   0.32332   0.06431   0.00766   0.11568   1.64022   0.17757  
  8 268.8623   8335.455351  x:  5.01044   1.21513   1.19932   1.41654   0.76976   0.57071   0.81485   0.57594   0.63165   0.42180   1.34144   0.20580   0.13632   0.20675   0.09236   0.00781   0.08975   1.40924   0.16666  
  9 175.3151   8333.142232  x:  5.00605   1.20806   1.19536   1.46190   0.75906   0.54804   0.79487   0.57085   0.64805   0.44388   1.37362   0.24296   0.15696   0.16386   0.09663   0.00781   0.08672   1.37570   0.16364  
 10 63.3914   8330.605110  x:  4.99885   1.16508   1.16159   1.54389   0.73525   0.50022   0.76429   0.57630   0.70150   0.52038   1.42305   0.24765   0.12330   0.18025   0.09050   0.00767   0.08848   1.34056   0.15930  
 11 47.2467   8328.108208  x:  4.98947   1.05690   1.08024   1.69676   0.75898   0.48536   0.81577   0.63684   0.68387   0.50634   1.48611   0.27253   0.09716   0.17126   0.09084   0.00765   0.08746   1.39918   0.15755  
 12 19.0936   8321.130304  x:  4.96972   1.05528   1.21954   2.04825   0.87082   0.49061   0.78411   0.49508   0.75146   0.52155   1.31453   0.24827   0.10581   0.15729   0.09053   0.00745   0.08339   1.60509   0.15368  
 13  6.8228   8302.215951  x:  4.94985   1.04453   1.52426   2.67883   0.92923   0.44729   0.91551   0.66070   0.76299   0.55375   0.66418   0.19425   0.16187   0.15486   0.06501   0.00682   0.07649   1.53256   0.12263  
 14 38.8371   8297.536242  x:  4.94097   1.12759   1.43018   2.62078   0.74029   0.74113   1.00568   0.56902   0.78701   0.57508   0.80990   0.21816   0.13901   0.15522   0.05776   0.00672   0.07446   1.48673   0.11362  
 15 10.2005   8294.172379  x:  4.93232   1.30266   1.40592   2.49424   0.58273   0.73842   1.00426   0.65560   0.79610   0.56779   1.04997   0.17997   0.17013   0.14824   0.06045   0.00675   0.07162   1.59109   0.11368  
 16 17.4580   8288.920193  x:  4.91892   1.51180   1.27515   2.10069   0.85198   0.67947   0.93649   0.75527   0.79931   0.59820   1.49995   0.19128   0.15724   0.14465   0.05566   0.00681   0.06857   1.59524   0.10391  
 17 18.6494   8286.455152  x:  4.91445   1.56282   1.26375   1.91982   0.92644   0.52137   1.11634   0.66955   0.84903   0.58004   1.68014   0.20929   0.14091   0.14573   0.05606   0.00698   0.06750   1.57983   0.10265  
 18 16.8345   8281.470732  x:  4.89915   1.40471   1.52735   1.78387   0.96123   0.55141   1.21316   0.64527   0.68227   0.75449   1.88383   0.13222   0.20655   0.14250   0.06542   0.00768   0.06336   1.59508   0.10492  
 19  3.9895   8270.288275  x:  4.85661   1.00843   2.14680   1.49029   0.99618   0.74954   1.23421   0.81753   0.94813   0.63039   2.21169   0.19617   0.15000   0.14627   0.07824   0.00942   0.05694   1.63035   0.10741  
 20 22.0462   8263.162080  x:  4.84192   1.65816   1.60203   1.85030   1.08464   0.80784   1.32188   0.85252   1.02355   0.63965   1.92733   0.12080   0.22738   0.15467   0.08939   0.01069   0.05424   1.64025   0.11163  
 21  5.4798   8262.169673  x:  4.84006   1.76840   1.56971   1.89484   1.08325   0.80683   1.33828   0.86828   0.98602   0.67848   1.87872   0.21816   0.13659   0.15386   0.09013   0.01090   0.05461   1.67184   0.11230  
 22 11.8971   8248.585503  x:  4.73675   1.84873   2.01426   2.57682   1.17759   0.89568   1.56641   0.99826   1.06269   0.77880   1.95855   0.22248   0.20459   0.19909   0.08842   0.01292   0.06892   1.71150   0.08531  
 23  0.9014   8240.864524  x:  4.61024   2.12215   2.40050   3.08772   1.40710   0.95298   1.83895   1.15672   1.21375   0.84125   2.37633   0.24409   0.13675   0.13522   0.11357   0.01693   0.06756   1.64304   0.07336  
 24  0.4254   8238.287418  x:  4.56289   2.24797   2.50363   3.13377   1.51027   0.95797   1.91991   1.20511   1.25857   0.86295   2.68520   0.25704   0.14867   0.16570   0.10654   0.01869   0.06976   1.65493   0.07509  
 25  0.4210   8236.989194  x:  4.50601   2.40374   2.64369   3.27957   1.61765   0.98068   2.01603   1.26797   1.30860   0.89707   2.98432   0.26835   0.15434   0.18369   0.10145   0.02044   0.06637   1.65487   0.06757  
 26  0.5685   8236.108229  x:  4.43560   2.64580   2.77355   3.51332   1.76423   0.99002   2.09810   1.32945   1.36568   0.92406   3.37765   0.27534   0.13916   0.16995   0.09550   0.02302   0.05816   1.65206   0.06442  
 27  0.2663   8235.964399  x:  4.42827   2.67244   2.79470   3.58516   1.78107   0.99293   2.08131   1.32490   1.36565   0.92739   3.41935   0.27136   0.14621   0.17051   0.09121   0.02332   0.06505   1.66143   0.06412  
 28  0.0514   8235.819353  x:  4.44044   2.65383   2.78555   3.67254   1.76353   0.99441   1.99899   1.28080   1.34158   0.91865   3.36967   0.26490   0.15126   0.17226   0.08822   0.02361   0.06131   1.66686   0.06495  
 29  0.0374   8235.754757  x:  4.45501   2.63368   2.77600   3.64145   1.74476   0.99840   1.96803   1.25596   1.33300   0.91200   3.34601   0.26942   0.14581   0.17124   0.09280   0.02381   0.06184   1.65045   0.06471  
 30  0.0233   8235.696328  x:  4.46726   2.64122   2.77025   3.58980   1.73760   0.99798   1.95503   1.24112   1.33136   0.90687   3.36928   0.27404   0.14129   0.16923   0.09594   0.02437   0.06290   1.64796   0.06554  
 31  0.0260   8235.560574  x:  4.46656   2.75984   2.84612   3.59349   1.78547   1.00840   1.99886   1.25665   1.36112   0.91861   3.56402   0.28082   0.14150   0.17236   0.09621   0.02714   0.06075   1.66546   0.06371  
 32  0.0617   8235.060612  x:  4.60166   2.71462   2.84871   3.54872   1.69096   1.01681   1.96257   1.20199   1.34438   0.90503   3.29214   0.25154   0.16268   0.16936   0.09504   0.03300   0.05532   1.68226   0.06583  
 33  0.0418   8234.800488  x:  4.68087   2.73747   2.88692   3.53593   1.68593   1.02933   2.04019   1.24027   1.36420   0.91859   3.21127   0.24965   0.16575   0.16764   0.09074   0.03820   0.05758   1.66894   0.06438  
 34  0.0800   8234.587309  x:  4.72353   2.78447   2.89731   3.63061   1.75206   1.04003   2.02656   1.26941   1.36456   0.93175   3.36132   0.28400   0.14118   0.17082   0.08749   0.04294   0.05449   1.64688   0.06289  
 35  0.0581   8234.415228  x:  4.80620   2.65385   2.79889   3.60169   1.73390   1.03228   1.99015   1.28560   1.34107   0.92458   3.24007   0.28131   0.14014   0.16977   0.09132   0.04547   0.05410   1.65643   0.06460  
 36  0.0827   8234.360594  x:  4.81336   2.66080   2.79966   3.63493   1.76850   1.02894   2.00992   1.30728   1.35500   0.92814   3.33299   0.27039   0.15004   0.16841   0.09174   0.04665   0.05369   1.67047   0.06365  
 37  0.0639   8234.331945  x:  4.82855   2.67144   2.79122   3.62053   1.77220   1.01989   2.01972   1.28870   1.36402   0.92338   3.40454   0.26507   0.15440   0.16867   0.09256   0.04733   0.05382   1.66302   0.06366  
 38  0.0177   8234.263879  x:  4.87811   2.64056   2.76164   3.66427   1.73935   1.00277   2.06069   1.26214   1.36780   0.92407   3.34803   0.26308   0.15426   0.17081   0.08992   0.04766   0.05303   1.66066   0.06357  
 39  0.0202   8234.115977  x:  4.89354   2.68382   2.77519   3.75094   1.73451   1.00141   2.11410   1.25750   1.37608   0.94203   3.42342   0.30234   0.12435   0.16798   0.09193   0.04454   0.05566   1.68200   0.06321  
 40  0.0255   8233.303423  x:  5.18036   2.72559   2.87439   3.95091   1.75820   1.07455   2.14853   1.31529   1.41598   0.97439   3.58517   0.29112   0.14270   0.16141   0.09535   0.04517   0.05092   1.70124   0.06064  
 41  0.0521   8231.678051  x:  6.22140   2.94280   3.26059   4.51335   1.78471   1.35214   2.29933   1.51334   1.55971   1.09251   3.94410   0.26075   0.18531   0.16036   0.10024   0.03981   0.05103   1.73311   0.05223  
 42  0.8117   8231.051647  x:  6.57370   2.96255   3.29466   4.53407   1.75061   1.41663   2.28912   1.54611   1.57418   1.10729   3.86010   0.25081   0.18970   0.16585   0.09884   0.03617   0.05432   1.73517   0.05359  
 43  0.3945   8230.422432  x:  7.19610   3.28633   3.51029   4.74927   1.88381   1.52945   2.47448   1.69348   1.69319   1.18075   4.13016   0.27439   0.16340   0.17745   0.09233   0.03584   0.05981   1.72907   0.04813  
 44  0.5230   8230.108559  x:  7.51662   3.51604   3.55017   4.74999   2.05419   1.50736   2.58290   1.74903   1.76343   1.19968   4.25860   0.29536   0.13871   0.17642   0.09195   0.03526   0.05849   1.74002   0.04744  
 45  0.1769   8229.942771  x:  7.87016   3.69451   3.65312   4.90022   2.20718   1.52171   2.68746   1.80815   1.83978   1.23360   4.45930   0.29587   0.14449   0.17477   0.09340   0.03464   0.05798   1.75383   0.04476  
 46  0.4197   8229.835541  x:  7.93346   3.68102   3.63891   4.94340   2.31379   1.45658   2.68815   1.77341   1.84888   1.22777   4.46747   0.28284   0.16530   0.17205   0.09533   0.03572   0.05730   1.75615   0.04504  
 47  0.0901   8229.790481  x:  8.04802   3.67953   3.69534   5.04418   2.38943   1.43228   2.71576   1.76457   1.85930   1.24501   4.43674   0.29228   0.15578   0.17499   0.09409   0.03463   0.05827   1.74997   0.04434  
 48  0.0825   8229.778413  x:  7.94925   3.60693   3.69569   5.01335   2.36674   1.41833   2.69208   1.74231   1.83630   1.24113   4.35052   0.29096   0.15352   0.17497   0.09427   0.03482   0.05823   1.74957   0.04501  
 49  0.1005   8229.775426  x:  7.93955   3.59927   3.71212   4.99945   2.36957   1.41976   2.69565   1.74240   1.83654   1.24365   4.35046   0.28843   0.15589   0.17425   0.09480   0.03504   0.05802   1.75229   0.04494  
 50  0.0164   8229.774572  x:  7.93349   3.59667   3.71859   4.98349   2.37278   1.42051   2.69810   1.73885   1.83678   1.24543   4.36099   0.28931   0.15610   0.17441   0.09465   0.03482   0.05812   1.75127   0.04493  
 51  0.0079   8229.774250  x:  7.93601   3.59346   3.71817   4.97693   2.37333   1.42290   2.69825   1.73756   1.83692   1.24658   4.36717   0.28924   0.15567   0.17449   0.09446   0.03501   0.05811   1.75109   0.04493  
 52  0.0047   8229.774126  x:  7.94203   3.59350   3.71786   4.97995   2.37383   1.42535   2.69878   1.73718   1.83784   1.24767   4.37003   0.28923   0.15554   0.17436   0.09451   0.03490   0.05808   1.75180   0.04492  
 53  0.0046   8229.774063  x:  7.94395   3.59531   3.71659   4.98336   2.37401   1.42748   2.69905   1.73642   1.83884   1.24821   4.36780   0.28941   0.15564   0.17439   0.09453   0.03494   0.05808   1.75167   0.04490  
 54  0.0015   8229.774046  x:  7.94110   3.59599   3.71616   4.98283   2.37324   1.42814   2.69914   1.73625   1.83912   1.24816   4.36647   0.28932   0.15561   0.17439   0.09453   0.03493   0.05808   1.75173   0.04491  
 55  0.0020   8229.774041  x:  7.94206   3.59711   3.71678   4.98396   2.37451   1.42800   2.69989   1.73654   1.83985   1.24831   4.36804   0.28929   0.15562   0.17440   0.09453   0.03493   0.05809   1.75174   0.04490  
 56  0.0012   8229.774037  x:  7.94154   3.59626   3.71752   4.98459   2.37420   1.42817   2.69974   1.73676   1.83995   1.24846   4.36835   0.28935   0.15560   0.17440   0.09454   0.03493   0.05808   1.75172   0.04490  
 57  0.0004   8229.774036  x:  7.94316   3.59707   3.71830   4.98552   2.37465   1.42835   2.70023   1.73715   1.84049   1.24871   4.36913   0.28932   0.15563   0.17440   0.09454   0.03494   0.05808   1.75175   0.04489  
 58  0.0010   8229.774036  x:  7.94310   3.59688   3.71820   4.98530   2.37449   1.42830   2.70011   1.73705   1.84035   1.24872   4.36882   0.28933   0.15562   0.17440   0.09454   0.03494   0.05808   1.75175   0.04489  
 59  0.0003   8229.774036  x:  7.94322   3.59696   3.71815   4.98524   2.37445   1.42823   2.70007   1.73702   1.84034   1.24881   4.36881   0.28933   0.15562   0.17440   0.09454   0.03494   0.05808   1.75176   0.04489  
 60  0.0001   8229.774036  x:  7.94299   3.59706   3.71805   4.98525   2.37452   1.42817   2.70006   1.73704   1.84038   1.24882   4.36893   0.28933   0.15562   0.17440   0.09454   0.03494   0.05808   1.75175   0.04489  
 61  0.0001   8229.774036  x:  7.94298   3.59704   3.71804   4.98523   2.37451   1.42817   2.70005   1.73704   1.84037   1.24882   4.36890   0.28933   0.15562   0.17440   0.09454   0.03494   0.05808   1.75175   0.04489  
 62  0.0001   8229.774036  x:  7.94297   3.59702   3.71803   4.98522   2.37451   1.42816   2.70004   1.73704   1.84037   1.24882   4.36888   0.28933   0.15562   0.17440   0.09454   0.03494   0.05808   1.75175   0.04489  
 63  0.0001   8229.774036  x:  7.94296   3.59701   3.71802   4.98521   2.37451   1.42816   2.70003   1.73704   1.84036   1.24882   4.36887   0.28933   0.15562   0.17440   0.09454   0.03494   0.05808   1.75175   0.04489  
 64  0.0001   8229.774036  x:  7.94296   3.59701   3.71802   4.98520   2.37450   1.42816   2.70003   1.73704   1.84036   1.24882   4.36887   0.28933   0.15562   0.17440   0.09454   0.03494   0.05808   1.75175   0.04489  
 65  0.0001   8229.774036  x:  7.94296   3.59701   3.71802   4.98520   2.37450   1.42816   2.70003   1.73704   1.84036   1.24881   4.36887   0.28933   0.15562   0.17440   0.09454   0.03494   0.05808   1.75175   0.04489  
 66  0.0001   8229.774036  x:  7.94296   3.59701   3.71802   4.98520   2.37450   1.42816   2.70003   1.73704   1.84036   1.24881   4.36886   0.28933   0.15562   0.17440   0.09454   0.03494   0.05808   1.75175   0.04489  
 67  0.0001   8229.774036  x:  7.94296   3.59701   3.71801   4.98520   2.37450   1.42816   2.70003   1.73704   1.84036   1.24881   4.36886   0.28933   0.15562   0.17440   0.09454   0.03494   0.05808   1.75175   0.04489  