    8
BAM_029380  0.000000  2.060531  2.734720  1.792005  2.810665  3.159287
  1.285532  1.304048
NT03BC3335  2.060531  0.000000  3.510923  1.170347  3.340781  3.493160
  1.624926  1.607098
BH2306xxxx  2.734720  3.510923  0.000000  2.897956  1.536210  3.900103
  2.898210  2.922659
BH3423xxxx  1.792005  1.170347  2.897956  0.000000  2.971112  3.100973
  1.655854  1.639427
BG13821xxx  2.810665  3.340781  1.536210  2.971112  0.000000  3.386830
  2.948280  3.000595
NT02BT4451  3.159287  3.493160  3.900103  3.100973  3.386830  0.000000
  3.150073  3.145825
NT02BT4949  1.285532  1.624926  2.898210  1.655854  2.948280  3.150073
  0.000000  0.083900
KBAB4_4773  1.304048  1.607098  2.922659  1.639427  3.000595  3.145825
  0.083900  0.000000
