

TREE # 1

  0  0.0000   3348.100938  x:  0.41207   0.98516   0.99291   0.08076   0.93797   0.30556   0.74184   0.16237   0.37423   0.64749   0.63656   0.16053   0.00000   0.20119   0.03931   0.02651   0.03817   2.00000   0.20000   0.20000  
  1 99.0000   3307.214255  x:  0.43551   0.99574   1.00350   0.15495   0.94530   0.32038   0.74373   0.17427   0.38372   0.65061   0.66157   0.16740   0.03778   0.19636   0.10746   0.00000   0.00848   1.98863   0.27553   0.19545  
  2 524.8642   3301.698467  x:  0.44134   0.99837   1.00613   0.17328   0.94711   0.32405   0.74419   0.17722   0.38608   0.65138   0.66779   0.16904   0.04698   0.19513   0.12413   0.00264   0.00142   1.98581   0.29388   0.19431  
  3 7695.3387   3295.709845  x:  0.46204   1.00777   1.01565   0.23214   0.95306   0.33647   0.74518   0.18738   0.39446   0.65360   0.68994   0.16989   0.06745   0.18824   0.16508   0.00643   0.04960   1.97621   0.33064   0.18976  
  4 888.7675   3247.161656  x:  0.59353   1.06920   1.07915   0.51812   0.98297   0.40411   0.74075   0.24617   0.44756   0.65978   0.83146   0.10830   0.04414   0.10711   0.20189   0.00570   0.04305   1.92159   0.17474   0.15177  
  5 255.4694   3235.944129  x:  0.65064   1.10205   1.11466   0.58559   0.99648   0.42960   0.73864   0.27265   0.47469   0.66502   0.89157   0.07415   0.01128   0.08881   0.12625   0.00535   0.03936   1.88867   0.20048   0.13706  
  6 214.6265   3230.748919  x:  0.68815   1.12577   1.14044   0.61311   1.00488   0.44437   0.73608   0.28929   0.49284   0.66853   0.93080   0.08230   0.03959   0.09674   0.07147   0.00520   0.03763   1.86426   0.20066   0.13065  
  7 270.7523   3219.848383  x:  0.86783   1.26491   1.29743   0.53937   1.04197   0.49407   0.71244   0.36062   0.58517   0.68814   1.11430   0.09044   0.00864   0.27137   0.07301   0.00479   0.03466   1.71180   0.17820   0.09384  
  8 100.4403   3201.931385  x:  1.17566   1.52731   1.59271   0.24649   1.10430   0.56336   0.65883   0.45767   0.72498   0.71498   1.43307   0.14659   0.02077   0.14113   0.13751   0.00455   0.03347   1.41806   0.15776   0.07981  
  9 138.5950   3200.042200  x:  1.21885   1.59914   1.66117   0.22764   1.11935   0.55421   0.63311   0.36692   0.63589   0.67795   1.51051   0.07592   0.05126   0.14801   0.14276   0.00455   0.03337   1.36921   0.15439   0.19053  
 10 22.4318   3199.327481  x:  1.22484   1.63353   1.69182   0.24002   1.12955   0.54732   0.63760   0.31717   0.58064   0.66420   1.54711   0.12723   0.02305   0.14727   0.14018   0.00448   0.03286   1.36447   0.15610   0.20477  
 11 15.4303   3198.180011  x:  1.19292   1.70899   1.74637   0.24368   1.15629   0.51972   0.70476   0.27234   0.50300   0.67959   1.61030   0.10601   0.04112   0.14279   0.14138   0.00446   0.03265   1.40181   0.15549   0.11017  
 12  7.6099   3194.027288  x:  0.91556   2.00857   1.94402   0.34954   1.30382   0.45930   0.95963   0.30926   0.61277   0.82139   1.77261   0.10051   0.04066   0.13427   0.14727   0.00398   0.02856   1.55877   0.13736   0.23238  
 13  7.2512   3183.826472  x:  0.72459   2.33969   2.20665   0.59462   1.47958   0.77764   0.60560   0.41612   0.72433   0.60204   1.68376   0.06057   0.08083   0.11240   0.15422   0.00301   0.01982   1.64117   0.12452   0.09431  
 14  6.6554   3172.757150  x:  1.14094   2.27978   2.21133   0.89949   1.16036   0.69571   0.52764   0.62741   0.56708   0.93396   1.56052   0.03842   0.10286   0.09525   0.15969   0.00179   0.00866   1.36615   0.10545   0.06035  
 15  9.8305   3165.752137  x:  1.60022   2.01973   2.05132   0.99076   0.93864   0.64235   0.71557   0.58270   0.72627   0.72695   1.77942   0.02333   0.12513   0.09316   0.17847   0.00110   0.00252   1.47384   0.11470   0.05708  
 16 15.2989   3164.049333  x:  1.70297   1.83732   1.93524   0.98814   1.14433   0.73753   0.73465   0.49551   0.74420   0.82679   1.89661   0.01557   0.13347   0.09838   0.18447   0.00096   0.00158   1.46494   0.11305   0.05549  
 17  7.6624   3162.323123  x:  1.76029   1.66992   1.89772   1.02555   1.32157   0.58984   0.66408   0.55708   0.73558   0.80752   2.04257   0.01512   0.13937   0.10747   0.19063   0.00130   0.00563   1.47321   0.11830   0.04814  
 18  3.0923   3161.096887  x:  1.78788   1.67021   1.99556   1.06838   1.31619   0.76141   0.86051   0.52631   0.73151   0.75855   1.96172   0.00663   0.14637   0.11703   0.19281   0.00146   0.00782   1.39626   0.11074   0.05613  
 19  2.8758   3160.044459  x:  1.83567   1.73289   2.11075   1.11529   1.24873   0.84401   0.87097   0.40342   0.80841   0.83752   1.91836   0.00000   0.15410   0.12238   0.19517   0.00161   0.00941   1.46480   0.11017   0.04585  
 20  5.2731   3157.545137  x:  1.88606   1.97531   2.37666   1.26261   1.26758   0.97410   0.83526   0.61465   0.69633   0.87983   2.02735   0.00067   0.16412   0.14521   0.20820   0.00161   0.00930   1.70837   0.10871   0.10025  
 21  2.4328   3157.202121  x:  1.87852   1.99026   2.38973   1.27736   1.27155   0.96766   0.83302   0.61509   0.70197   0.87610   2.03628   0.00000   0.16527   0.14623   0.20849   0.00161   0.00927   1.70006   0.10819   0.09679  
 22  6.7646   3153.014650  x:  2.03321   2.12396   2.77849   1.58808   1.48040   0.85607   0.86695   0.61049   0.81561   0.80359   2.25216   0.00000   0.18615   0.13349   0.21744   0.00183   0.01015   1.66094   0.08487   0.05274  
 23  1.3773   3149.691344  x:  1.83948   2.33408   2.77027   1.80416   1.25723   1.02388   0.77761   0.63321   0.83641   0.84846   2.69882   0.00000   0.19749   0.12445   0.22398   0.00203   0.01085   1.50483   0.08243   0.00010  
 24  3.3930   3149.691344  x:  1.83948   2.33408   2.77027   1.80416   1.25723   1.02388   0.77761   0.63321   0.83641   0.84846   2.69882   0.00000   0.19749   0.12445   0.22398   0.00203   0.01085   1.50483   0.08243   0.00010  
 25  1.9434   3148.979993  x:  1.83955   2.33412   2.77030   1.80433   1.25730   1.02389   0.77766   0.63324   0.83644   0.84848   2.69885   0.00000   0.19721   0.12433   0.22374   0.00844   0.01031   1.50475   0.08604   0.00010  
 26 284.1339   3148.902912  x:  1.83968   2.33419   2.77034   1.80467   1.25742   1.02387   0.77772   0.63324   0.83647   0.84850   2.69890   0.00000   0.19655   0.12406   0.22314   0.00770   0.00852   1.50469   0.08805   0.00010  
 27 53.2530   3148.866929  x:  1.83993   2.33431   2.77039   1.80536   1.25764   1.02381   0.77782   0.63322   0.83649   0.84850   2.69898   0.00000   0.19516   0.12347   0.22185   0.00803   0.00673   1.50467   0.08743   0.00010  
 28 29.6805   3148.528065  x:  1.84458   2.33659   2.77138   1.81796   1.26173   1.02280   0.77960   0.63293   0.83691   0.84864   2.70044   0.00000   0.17040   0.11347   0.19892   0.00799   0.00767   1.50398   0.08764   0.00010  
 29 36.0768   3148.379726  x:  1.85396   2.34113   2.77331   1.84358   1.26986   1.02053   0.78297   0.63219   0.83762   0.84878   2.70328   0.00000   0.16343   0.13238   0.18720   0.00803   0.00764   1.50254   0.08732   0.00010  
 30 10.4643   3145.738024  x:  2.14879   2.48447   2.83581   2.64687   1.52320   0.94863   0.88747   0.61106   0.86207   0.85545   2.79171   0.00000   0.21284   0.11761   0.16079   0.00837   0.00765   1.45994   0.07602   0.00019  
 31 15.5252   3144.687593  x:  2.26244   2.54109   2.86276   2.95436   1.61935   0.92178   0.92626   0.60704   0.87496   0.86170   2.82546   0.00000   0.17661   0.12071   0.20934   0.00835   0.00771   1.44965   0.07167   0.00022  
 32 117.7211   3144.272703  x:  2.32216   2.59773   2.93463   3.08005   1.63777   0.92205   0.90951   0.68547   0.94514   0.93410   2.83428   0.00000   0.17846   0.12091   0.21030   0.00827   0.00772   1.57865   0.07115   0.00028  
 33  5.1429   3143.937042  x:  2.40730   2.75805   3.18740   3.16327   1.59560   0.97213   0.85877   0.78094   0.95322   0.95693   2.86073   0.00000   0.17931   0.12160   0.21018   0.00810   0.00772   1.52654   0.06690   0.00045  
 34  2.3014   3143.731933  x:  2.46062   2.85764   3.36565   3.21012   1.57557   1.02521   0.88586   0.74199   0.92893   0.91530   2.88817   0.00000   0.17885   0.12206   0.21073   0.00776   0.00772   1.58033   0.06715   0.00063  
 35  3.2190   3143.547693  x:  2.49862   2.91784   3.51318   3.24489   1.59170   1.09028   0.98484   0.68519   1.00026   0.96838   2.92987   0.00000   0.17915   0.12285   0.21046   0.00740   0.00771   1.56915   0.06469   0.00089  
 36  2.4111   3143.190634  x:  2.56609   2.90752   3.66642   3.34293   1.76084   1.14612   1.03787   0.78372   0.99378   0.99490   3.09486   0.00000   0.17669   0.12437   0.21083   0.00612   0.00771   1.56300   0.06360   0.00174  
 37  1.0007   3143.105996  x:  2.59874   2.92033   3.69528   3.37855   1.77665   1.11230   0.98986   0.75578   1.02827   1.00287   3.15548   0.00000   0.17576   0.12467   0.21073   0.00583   0.00773   1.55901   0.06411   0.00202  
 38  1.5443   3143.040856  x:  2.66918   2.99021   3.71310   3.43380   1.76456   1.05182   1.03697   0.78447   1.04882   0.99609   3.25536   0.00000   0.17643   0.12511   0.21002   0.00582   0.00780   1.56200   0.06313   0.00254  
 39  0.7366   3142.922790  x:  2.81583   3.16363   3.74984   3.56929   1.85341   1.09931   1.04584   0.79356   1.04725   1.04702   3.44401   0.00000   0.17912   0.12600   0.20861   0.00610   0.00798   1.57474   0.05962   0.00382  
 40  1.2392   3142.891249  x:  2.83715   3.21237   3.76843   3.64383   1.87616   1.12944   1.04823   0.80872   1.09115   1.01463   3.43722   0.00000   0.17997   0.12610   0.20817   0.00625   0.00803   1.57278   0.05874   0.00447  
 41  0.5749   3142.819894  x:  2.86589   3.31414   3.82993   3.86664   1.87489   1.15236   1.06801   0.81652   1.08720   1.05376   3.34804   0.00000   0.18138   0.12602   0.20725   0.00662   0.00812   1.57091   0.05818   0.00642  
 42  0.8802   3142.798496  x:  2.92169   3.26283   3.95641   3.94080   1.93747   1.12931   1.08398   0.81777   1.09778   1.06161   3.37830   0.00000   0.18218   0.12576   0.20712   0.00695   0.00806   1.57290   0.05727   0.00815  
 43  0.2468   3142.794680  x:  2.94321   3.25617   3.96120   3.95989   1.92774   1.15228   1.08830   0.82016   1.10255   1.06244   3.41287   0.00000   0.18208   0.12563   0.20740   0.00705   0.00799   1.57321   0.05716   0.00937  
 44  0.0800   3142.792563  x:  2.95283   3.28776   3.96526   3.96134   1.95305   1.14875   1.09608   0.82089   1.10686   1.06469   3.43033   0.00000   0.18196   0.12558   0.20779   0.00713   0.00794   1.57423   0.05699   0.01106  
 45  0.0639   3142.792302  x:  2.95339   3.29741   3.97555   3.96990   1.95524   1.15211   1.09940   0.82285   1.10884   1.06750   3.44152   0.00000   0.18199   0.12566   0.20804   0.00716   0.00796   1.57416   0.05680   0.01262  
 46  0.0212   3142.792252  x:  2.95801   3.29779   3.97936   3.96842   1.95461   1.15327   1.09976   0.82341   1.10960   1.06822   3.43984   0.00000   0.18203   0.12570   0.20813   0.00716   0.00797   1.57403   0.05678   0.01445  
 47  0.0058   3142.792245  x:  2.95600   3.29768   3.98028   3.96775   1.95423   1.15325   1.09938   0.82348   1.10969   1.06817   3.44027   0.00000   0.18201   0.12568   0.20813   0.00716   0.00797   1.57419   0.05679   0.01603  
 48  0.0027   3142.792240  x:  2.95652   3.29824   3.98015   3.96679   1.95413   1.15347   1.09903   0.82362   1.10964   1.06816   3.44056   0.00000   0.18199   0.12566   0.20810   0.00716   0.00796   1.57430   0.05679   0.02140  
 49  0.0016   3142.792203  x:  2.95645   3.29814   3.98030   3.96706   1.95417   1.15343   1.09894   0.82381   1.10939   1.06801   3.44066   0.00000   0.18205   0.12569   0.20805   0.00717   0.00797   1.57417   0.05679   0.05753  
 50  0.0045   3142.792071  x:  2.95602   3.29721   3.98069   3.96954   1.95427   1.15283   1.09932   0.82423   1.10849   1.06741   3.43986   0.00000   0.18203   0.12576   0.20801   0.00720   0.00799   1.57356   0.05680   0.48603  
 51  0.1029   3142.790363  x:  2.95318   3.29114   3.98324   3.98576   1.95498   1.14893   1.10182   0.82695   1.10259   1.06349   3.43464   0.00006   0.18190   0.12623   0.20772   0.00741   0.00813   1.56962   0.05683   3.28309  
 52 1780297.3882   3142.785765  x:  2.95161   3.29026   3.98895   4.00180   1.95504   1.14534   1.10217   0.83331   1.09257   1.05668   3.43226   0.00028   0.18179   0.12698   0.20698   0.00784   0.00830   1.56445   0.05685  12.56705  
 53  3.6692   3142.701278  x:  2.98144   3.36525   4.00061   3.94369   1.95473   1.16564   1.08325   0.84450   1.09765   1.05811   3.48151   0.00174   0.18008   0.12687   0.20610   0.00864   0.00795   1.57386   0.05633  73.29174  
 54  7.5906   3142.475839  x:  3.10178   3.61496   4.02230   3.88992   2.00210   1.21705   1.07959   0.86219   1.14667   1.08520   3.64059   0.00970   0.16110   0.12702   0.20760   0.01071   0.00712   1.59372   0.05392  400.71657  
 55 136.1641   3142.224743  x:  3.09918   3.53565   4.01049   4.10660   2.04410   1.18061   1.15524   0.83997   1.16288   1.10369   3.61233   0.01621   0.14966   0.12979   0.21133   0.00899   0.00851   1.57851   0.05443  666.97060  
 56 82.8289   3142.162005  x:  3.20207   3.65260   4.13559   4.23046   2.11595   1.21413   1.19159   0.86632   1.19562   1.13144   3.73173   0.01907   0.14680   0.13035   0.21163   0.00763   0.00815   1.57864   0.05168  783.44696  
 57 87.8759   3142.150666  x:  3.21301   3.67813   4.14710   4.20867   2.11821   1.22107   1.18019   0.87545   1.19318   1.12806   3.74999   0.01994   0.14570   0.13032   0.21038   0.00699   0.00790   1.58075   0.05188  819.32727  
 58 30.5970   3142.149171  x:  3.23465   3.70565   4.17289   4.22488   2.12732   1.22836   1.18123   0.88290   1.19401   1.12899   3.77401   0.02021   0.14583   0.13056   0.21026   0.00720   0.00799   1.58096   0.05156  830.41457  
 59  9.4535   3142.149066  x:  3.24162   3.71000   4.18064   4.23666   2.13128   1.22987   1.18419   0.88348   1.19563   1.13084   3.78057   0.02026   0.14595   0.13054   0.21048   0.00715   0.00801   1.58106   0.05147  832.58375  
 60  1.5979   3142.149052  x:  3.24320   3.71193   4.18177   4.23878   2.13241   1.23019   1.18480   0.88356   1.19634   1.13133   3.78203   0.02026   0.14580   0.13053   0.21049   0.00717   0.00801   1.58117   0.05145  832.44638  
 61  0.1098   3142.149051  x:  3.24301   3.71212   4.18151   4.23834   2.13243   1.23017   1.18476   0.88359   1.19645   1.13136   3.78189   0.02023   0.14584   0.13055   0.21047   0.00717   0.00800   1.58120   0.05145  831.55305  
 62  0.6987   3142.149051  x:  3.24312   3.71223   4.18163   4.23848   2.13249   1.23020   1.18478   0.88365   1.19647   1.13138   3.78200   0.02023   0.14583   0.13055   0.21047   0.00717   0.00801   1.58119   0.05145  831.54721  
 63  0.0044   3142.149051  x:  3.24312   3.71222   4.18162   4.23847   2.13249   1.23020   1.18478   0.88365   1.19647   1.13138   3.78199   0.02023   0.14583   0.13055   0.21047   0.00717   0.00801   1.58119   0.05145  831.54322  
 64  0.0226   3142.149051  x:  3.24312   3.71222   4.18162   4.23847   2.13249   1.23020   1.18477   0.88365   1.19647   1.13138   3.78199   0.02023   0.14583   0.13055   0.21047   0.00717   0.00801   1.58119   0.05145  831.54222  
 65  0.0195   3142.149051  x:  3.24312   3.71222   4.18162   4.23847   2.13249   1.23020   1.18477   0.88365   1.19647   1.13138   3.78199   0.02023   0.14583   0.13055   0.21047   0.00717   0.00801   1.58119   0.05145  831.54222  
 66  0.0182   3142.149051  x:  3.24312   3.71222   4.18162   4.23847   2.13249   1.23020   1.18477   0.88365   1.19647   1.13138   3.78199   0.02023   0.14583   0.13055   0.21047   0.00717   0.00801   1.58119   0.05145  831.54222  
 67  0.0447   3142.149051  x:  3.24312   3.71222   4.18162   4.23847   2.13249   1.23020   1.18477   0.88365   1.19647   1.13138   3.78199   0.02023   0.14583   0.13055   0.21047   0.00717   0.00801   1.58119   0.05145  831.54222  
 68  0.0149   3142.149051  x:  3.24312   3.71222   4.18162   4.23847   2.13249   1.23020   1.18477   0.88365   1.19647   1.13138   3.78199   0.02023   0.14583   0.13055   0.21047   0.00717   0.00801   1.58119   0.05145  831.54222  
 69  0.0069   3142.149051  x:  3.24312   3.71222   4.18162   4.23847   2.13249   1.23020   1.18477   0.88365   1.19647   1.13138   3.78199   0.02023   0.14583   0.13055   0.21047   0.00717   0.00801   1.58119   0.05145  831.54222  
 70  0.0055   3142.149051  x:  3.24312   3.71222   4.18162   4.23847   2.13249   1.23020   1.18477   0.88365   1.19647   1.13138   3.78199   0.02023   0.14583   0.13055   0.21047   0.00717   0.00801   1.58119   0.05145  831.54222  
 71  0.0016   3142.149051  x:  3.24312   3.71222   4.18162   4.23847   2.13249   1.23020   1.18477   0.88365   1.19647   1.13138   3.78199   0.02023   0.14584   0.13055   0.21047   0.00717   0.00801   1.58119   0.05145  831.54222  
 72  0.0018   3142.149051  x:  3.24312   3.71222   4.18162   4.23847   2.13249   1.23020   1.18477   0.88365   1.19647   1.13138   3.78199   0.02023   0.14584   0.13055   0.21047   0.00717   0.00801   1.58119   0.05145  831.54222  