

TREE # 1

  0  0.0000   8244.176681  x:  0.04242   0.57128   0.61540   0.13518   0.47617   0.00000   0.53445   0.17974   0.37246   0.26172   0.12516   0.16543   0.56073   0.10456   0.03786   0.09139   0.07642   0.03363   0.05355   2.00000   0.20000  
  1 99.0000   7770.938634  x:  0.07067   0.57147   0.61688   0.15203   0.47707   0.05195   0.53556   0.18015   0.37262   0.26062   0.13279   0.16890   0.56471   0.10440   0.04378   0.10128   0.08431   0.02726   0.03532   2.00104   0.03256  
  2 2928.3736   7722.146142  x:  0.14263   0.58300   0.63156   0.19597   0.48832   0.09927   0.54650   0.18797   0.38331   0.26854   0.15635   0.18272   0.58738   0.10908   0.05949   0.12628   0.10574   0.02760   0.00000   1.99580   0.04207  
  3 745.4162   7695.439344  x:  0.24282   0.60230   0.65570   0.25995   0.50643   0.14798   0.56426   0.20001   0.40127   0.28241   0.19078   0.20264   0.62424   0.11426   0.07967   0.15933   0.13464   0.05038   0.03645   1.98634   0.04770  
  4 2080.6148   7646.802047  x:  0.34890   0.64569   0.70697   0.34090   0.54146   0.06572   0.59987   0.22009   0.44063   0.31656   0.22980   0.22169   0.69846   0.10520   0.08082   0.17010   0.13984   0.04755   0.03441   1.96062   0.02493  
  5 638.9111   7635.114979  x:  0.37016   0.66375   0.72968   0.37109   0.55635   0.07459   0.61664   0.22541   0.45478   0.32603   0.22742   0.21141   0.73281   0.08307   0.06357   0.14759   0.11443   0.01383   0.04476   1.94901   0.02515  
  6 320.6815   7628.849493  x:  0.37574   0.68172   0.75247   0.39510   0.57055   0.08757   0.63343   0.22871   0.46728   0.33319   0.21635   0.19356   0.76740   0.06650   0.05239   0.12027   0.08907   0.03247   0.04035   1.93674   0.02461  
  7 377.5453   7622.138742  x:  0.35248   0.71307   0.79246   0.42297   0.59273   0.10385   0.66185   0.22955   0.48556   0.34114   0.18841   0.15608   0.82829   0.08487   0.08497   0.09771   0.08488   0.03119   0.04024   1.91337   0.02300  
  8 233.8789   7614.980339  x:  0.28523   0.75848   0.85151   0.44966   0.61997   0.12902   0.70064   0.22294   0.50680   0.34621   0.16931   0.12606   0.91881   0.06537   0.07925   0.12854   0.11487   0.03207   0.03782   1.87681   0.02128  
  9 226.6894   7607.773329  x:  0.18579   0.81114   0.92205   0.46972   0.64259   0.16684   0.74027   0.20442   0.52368   0.34292   0.21262   0.16472   1.02922   0.06245   0.09282   0.13727   0.10835   0.03412   0.03437   1.83089   0.01990  
 10 223.8759   7605.695620  x:  0.19617   0.83359   0.96079   0.44589   0.60116   0.17015   0.72197   0.15542   0.49308   0.30147   0.21253   0.16990   1.10023   0.05968   0.09016   0.12199   0.12401   0.03385   0.03445   1.79850   0.02022  
 11 36.7274   7604.975264  x:  0.20260   0.84124   0.97588   0.43260   0.58033   0.17128   0.71240   0.14223   0.48207   0.28884   0.20881   0.16813   1.12932   0.06227   0.09207   0.13606   0.10878   0.03410   0.03470   1.78369   0.02031  
 12 78.3590   7604.082362  x:  0.21075   0.84380   0.99605   0.39055   0.52808   0.18031   0.68837   0.17889   0.48210   0.30789   0.20923   0.16949   1.17775   0.06342   0.09076   0.13546   0.10990   0.03411   0.03483   1.74737   0.02014  
 13 24.5327   7603.635494  x:  0.20799   0.81955   0.98604   0.39958   0.52236   0.18183   0.66155   0.15764   0.49224   0.33529   0.22199   0.15636   1.19108   0.05766   0.09627   0.13534   0.10972   0.03428   0.03465   1.70662   0.02054  
 14  5.2411   7602.553499  x:  0.20846   0.77083   0.96454   0.42491   0.55623   0.18093   0.63162   0.16899   0.47580   0.33147   0.19624   0.18043   1.21326   0.05461   0.09881   0.13592   0.10963   0.03423   0.03455   1.60718   0.02059  
 15 11.3961   7601.489363  x:  0.21529   0.75020   0.95447   0.42189   0.58643   0.18006   0.64295   0.19067   0.45618   0.30679   0.22784   0.15217   1.22368   0.05640   0.09727   0.13586   0.10879   0.03405   0.03456   1.55101   0.02063  
 16 14.6918   7592.671173  x:  0.31965   0.79497   0.97573   0.28848   0.68684   0.20566   0.86892   0.13634   0.57606   0.31191   0.21516   0.18190   1.25147   0.05961   0.09423   0.13865   0.10803   0.03245   0.03553   1.44023   0.02074  
 17  9.5834   7578.134129  x:  0.32965   0.93985   1.09434   0.52631   0.57383   0.19876   0.99704   0.22571   0.61809   0.26661   0.21058   0.19825   1.33643   0.00000   0.14968   0.14376   0.10610   0.03181   0.03363   1.57827   0.02585  
 18 21.7096   7576.067710  x:  0.33530   0.98505   1.13483   0.53612   0.63947   0.20870   0.93042   0.22966   0.58578   0.31146   0.21633   0.19449   1.36837   0.08235   0.07698   0.14412   0.10740   0.03159   0.03350   1.63426   0.02609  
 19 19.8864   7574.629683  x:  0.35163   1.04314   1.17669   0.49420   0.74969   0.21272   0.82533   0.24197   0.55150   0.34522   0.22309   0.19185   1.39301   0.03070   0.12315   0.14539   0.10580   0.03116   0.03356   1.69167   0.02591  
 20 15.2344   7571.025875  x:  0.38209   1.10491   1.22422   0.53133   0.77612   0.21407   0.71207   0.26552   0.73114   0.23150   0.24310   0.17835   1.40267   0.04473   0.10996   0.14487   0.10663   0.03079   0.03253   1.66389   0.02407  
 21  1.9068   7551.386779  x:  0.54342   1.28686   1.35519   0.76448   0.74148   0.20481   0.77866   0.24737   0.66880   0.35006   0.28039   0.16777   1.52172   0.02060   0.12761   0.14314   0.10857   0.02860   0.02781   1.51926   0.01539  
 22  8.0586   7548.952321  x:  0.57532   1.08406   1.26400   0.76252   0.78006   0.19318   0.82895   0.25172   0.70819   0.32716   0.28067   0.17332   1.78596   0.01267   0.13529   0.14491   0.11056   0.02907   0.02611   1.68532   0.01528  
 23 10.2675   7539.580903  x:  0.65684   1.15341   1.35745   0.87189   0.75314   0.20879   0.88200   0.25461   0.64642   0.36912   0.28303   0.17170   1.94596   0.00000   0.15618   0.14731   0.11867   0.03372   0.01925   1.65438   0.01593  
 24  0.3590   7539.580903  x:  0.65684   1.15341   1.35745   0.87189   0.75314   0.20879   0.88200   0.25461   0.64642   0.36912   0.28303   0.17170   1.94596   0.00000   0.15618   0.14731   0.11867   0.03372   0.01925   1.65438   0.01593  
 25  0.7241   7539.373523  x:  0.65688   1.15342   1.35745   0.87191   0.75314   0.20883   0.88200   0.25461   0.64642   0.36911   0.28301   0.17167   1.94596   0.00001   0.15619   0.14732   0.11867   0.03371   0.01907   1.65437   0.01668  
 26 542.8060   7538.546758  x:  0.65874   1.15370   1.35778   0.87276   0.75316   0.21053   0.88211   0.25476   0.64608   0.36873   0.28155   0.17047   1.94635   0.00048   0.15709   0.14799   0.11891   0.03315   0.00913   1.65422   0.01665  
 27 143.4922   7538.110760  x:  0.66475   1.15461   1.35883   0.87552   0.75322   0.21600   0.88245   0.25523   0.64500   0.36753   0.27712   0.16684   1.94758   0.00150   0.15947   0.14989   0.11975   0.04280   0.00542   1.65376   0.01663  
 28 74.5232   7536.371295  x:  0.71246   1.16188   1.36722   0.89747   0.75346   0.25877   0.88506   0.25893   0.63655   0.35831   0.24579   0.14248   1.95741   0.00318   0.17216   0.16134   0.12641   0.03841   0.00823   1.65009   0.01645  
 29 77.0838   7535.909608  x:  0.72191   1.16336   1.36893   0.90186   0.75331   0.26671   0.88549   0.25960   0.63504   0.35680   0.24394   0.14251   1.95942   0.00000   0.17123   0.16065   0.12512   0.03849   0.00816   1.64933   0.01639  
 30 111.0665   7531.812810  x:  0.94630   1.19963   1.41051   1.00681   0.74576   0.44418   0.89405   0.27457   0.60195   0.32720   0.24207   0.18129   2.00868   0.00000   0.21808   0.15380   0.12923   0.03884   0.00791   1.63077   0.01498  
 31 321.9490   7530.822337  x:  1.00590   1.21340   1.42595   1.03754   0.72957   0.45784   0.89066   0.27736   0.60714   0.34728   0.27113   0.17672   2.02786   0.00000   0.20108   0.17592   0.14574   0.03914   0.00767   1.62528   0.01472  
 32 37.5475   7528.670986  x:  1.13833   1.25050   1.46736   1.11068   0.67404   0.44114   0.87399   0.28024   0.63411   0.42051   0.33521   0.13438   2.08051   0.00000   0.20796   0.15172   0.12910   0.03733   0.00911   1.61265   0.01438  
 33 61.5985   7527.436864  x:  1.24381   1.29320   1.51606   1.18118   0.61472   0.37551   0.84612   0.26885   0.64912   0.45077   0.28809   0.16781   2.14572   0.00000   0.20687   0.15545   0.13016   0.03761   0.00892   1.60536   0.01400  
 34 23.7805   7527.030254  x:  1.28236   1.31892   1.54698   1.21689   0.60530   0.34290   0.84333   0.26911   0.63279   0.41644   0.29299   0.15091   2.19139   0.00000   0.20612   0.15085   0.13914   0.03853   0.00822   1.60797   0.01377  
 35 13.9332   7526.906868  x:  1.29130   1.32789   1.55810   1.22811   0.60552   0.33155   0.84422   0.26988   0.62871   0.40447   0.29627   0.14780   2.20861   0.00000   0.20842   0.15884   0.13045   0.03830   0.00839   1.60970   0.01370  
 36 29.3790   7526.448754  x:  1.27329   1.37000   1.61484   1.26452   0.65484   0.28556   0.87451   0.28258   0.64468   0.36960   0.30019   0.16606   2.30780   0.00000   0.20050   0.15319   0.12966   0.03716   0.00927   1.62639   0.01362  
 37  9.9236   7525.919265  x:  1.27333   1.43184   1.69899   1.32629   0.72520   0.28403   0.92493   0.29942   0.68658   0.38077   0.29304   0.15805   2.45866   0.00000   0.20378   0.15605   0.13051   0.03794   0.00866   1.63910   0.01267  
 38 17.0528   7525.529537  x:  1.22116   1.46434   1.75671   1.34137   0.70613   0.32609   0.91606   0.24958   0.64543   0.40501   0.29590   0.15867   2.60559   0.00000   0.20147   0.15556   0.12988   0.03776   0.00879   1.62958   0.01253  
 39  4.6994   7525.221475  x:  1.18223   1.47841   1.79417   1.34073   0.66296   0.36578   0.88445   0.30406   0.62197   0.41588   0.29457   0.16134   2.72910   0.00000   0.19968   0.15561   0.12957   0.03770   0.00883   1.61993   0.01237  
 40  8.0567   7524.927997  x:  1.19322   1.46209   1.79605   1.32739   0.63582   0.39939   0.84213   0.29777   0.67998   0.38276   0.29859   0.15627   2.81681   0.00000   0.19778   0.15596   0.12966   0.03778   0.00871   1.63785   0.01242  
 41  3.2309   7523.386617  x:  1.43492   1.30718   1.69530   1.24994   0.64448   0.39984   0.94162   0.30465   0.65572   0.39085   0.28125   0.15558   3.11712   0.00000   0.18368   0.15824   0.12848   0.03837   0.00800   1.68727   0.01280  
 42  3.0009   7522.624800  x:  1.51697   1.35378   1.71636   1.27160   0.70969   0.40277   0.90494   0.30594   0.66038   0.38149   0.27773   0.15205   3.12816   0.00000   0.17596   0.15938   0.12702   0.03855   0.00791   1.54774   0.01257  
 43  3.3021   7521.340815  x:  1.60971   1.58380   1.86640   1.41377   0.75324   0.46161   0.83286   0.32351   0.62440   0.40963   0.27009   0.14929   2.97229   0.00000   0.16390   0.16035   0.12561   0.03892   0.00742   1.65824   0.01265  
 44  4.5230   7520.992360  x:  1.60741   1.62823   1.92380   1.49115   0.66283   0.48996   0.93379   0.32425   0.65963   0.38028   0.26823   0.14991   2.91601   0.00000   0.16056   0.16024   0.12494   0.03895   0.00744   1.63978   0.01250  
 45  3.4714   7520.511356  x:  1.65391   1.46388   2.00188   1.73071   0.67523   0.51493   0.89817   0.33098   0.65012   0.38908   0.27048   0.15089   2.92728   0.00000   0.15908   0.15711   0.12213   0.03882   0.00794   1.63665   0.01199  
 46  0.7981   7519.993419  x:  1.82766   1.59736   2.00567   1.67162   0.66474   0.55143   0.90309   0.33435   0.64922   0.39042   0.27216   0.15577   3.01333   0.00000   0.15945   0.15249   0.11869   0.03852   0.00860   1.63594   0.01111  
 47  0.9301   7519.791604  x:  1.97635   1.61606   2.03757   1.66141   0.64789   0.60514   0.88778   0.33713   0.64025   0.39982   0.26987   0.15780   3.03626   0.00000   0.16637   0.15133   0.12045   0.03807   0.00793   1.63542   0.01118  
 48  0.1082   7519.777136  x:  1.98649   1.63612   1.99871   1.69729   0.64686   0.61246   0.88532   0.33927   0.64096   0.40128   0.27060   0.15759   3.06148   0.00000   0.16574   0.15189   0.12077   0.03818   0.00802   1.63656   0.01113  
 49  0.1978   7519.755210  x:  2.03306   1.62976   2.04529   1.70657   0.64840   0.62561   0.88583   0.34267   0.64349   0.40451   0.27244   0.15694   3.10693   0.00000   0.16345   0.15355   0.12137   0.03853   0.00831   1.63732   0.01098  
 50  0.1517   7519.752026  x:  2.04241   1.63638   2.05970   1.72248   0.65118   0.62798   0.88791   0.34528   0.64531   0.40480   0.27263   0.15649   3.13131   0.00000   0.16407   0.15342   0.12075   0.03834   0.00812   1.63864   0.01091  
 51  0.0266   7519.751105  x:  2.04248   1.64320   2.06651   1.72632   0.65321   0.62668   0.88897   0.34624   0.64548   0.40432   0.27253   0.15672   3.14068   0.00000   0.16420   0.15316   0.12097   0.03842   0.00823   1.63916   0.01091  
 52  0.0109   7519.750973  x:  2.04194   1.64563   2.06785   1.72668   0.65357   0.62531   0.88904   0.34611   0.64547   0.40428   0.27255   0.15685   3.14231   0.00000   0.16408   0.15330   0.12107   0.03839   0.00819   1.63897   0.01090  
 53  0.0029   7519.750945  x:  2.04251   1.64591   2.06805   1.72695   0.65340   0.62459   0.88903   0.34588   0.64554   0.40432   0.27259   0.15677   3.14216   0.00000   0.16413   0.15333   0.12099   0.03841   0.00821   1.63893   0.01090  
 54  0.0007   7519.750937  x:  2.04331   1.64561   2.06796   1.72712   0.65334   0.62430   0.88910   0.34579   0.64557   0.40427   0.27261   0.15676   3.14206   0.00000   0.16412   0.15329   0.12102   0.03840   0.00820   1.63901   0.01090  
 55  0.0007   7519.750937  x:  2.04353   1.64555   2.06790   1.72711   0.65339   0.62423   0.88918   0.34581   0.64559   0.40423   0.27259   0.15678   3.14206   0.00000   0.16412   0.15330   0.12102   0.03840   0.00820   1.63902   0.01090  
 56  0.0002   7519.750937  x:  2.04353   1.64555   2.06788   1.72709   0.65342   0.62420   0.88921   0.34583   0.64560   0.40423   0.27259   0.15677   3.14203   0.00000   0.16412   0.15330   0.12102   0.03840   0.00820   1.63901   0.01090  
 57  0.0000   7519.750937  x:  2.04353   1.64555   2.06788   1.72709   0.65342   0.62420   0.88921   0.34583   0.64560   0.40423   0.27259   0.15677   3.14203   0.00000   0.16412   0.15330   0.12102   0.03840   0.00820   1.63901   0.01090  