   11
BAM_000520  0.000000  0.577911  0.579020  0.708633  0.680426  0.252122
  0.088715  0.225122  0.085352  0.577911  0.576418
BA_0040xxx  0.577911  0.000000  0.010442  0.699024  0.631571  0.596228
  0.566183  0.592937  0.562957  0.000010  0.035196
BC_0047xxx  0.579020  0.010442  0.000000  0.707604  0.632520  0.595752
  0.567276  0.593498  0.564043  0.010442  0.035262
NT03BC0085  0.708633  0.699024  0.707604  0.000000  0.514476  0.758556
  0.698291  0.769050  0.699394  0.699024  0.698217
BH0058xxxx  0.680426  0.631571  0.632520  0.514476  0.000000  0.703208
  0.651890  0.711966  0.671811  0.631571  0.634751
NT03BL0059  0.252122  0.596228  0.595752  0.758556  0.703208  0.000000
  0.251545  0.312419  0.247228  0.596228  0.597854
Bmo2616xxx  0.088715  0.566183  0.567276  0.698291  0.651890  0.251545
  0.000000  0.235097  0.052368  0.566183  0.562481
BPUM_0027x  0.225122  0.592937  0.593498  0.769050  0.711966  0.312419
  0.235097  0.000000  0.232941  0.592937  0.579142
BG10106xxx  0.085352  0.562957  0.564043  0.699394  0.671811  0.247228
  0.052368  0.232941  0.000000  0.562957  0.559297
NT02BT0050  0.577911  0.000010  0.010442  0.699024  0.631571  0.596228
  0.566183  0.592937  0.562957  0.000000  0.035196
KBAB4_0037  0.576418  0.035196  0.035262  0.698217  0.634751  0.597854
  0.562481  0.579142  0.559297  0.035196  0.000000
