

TREE # 1

  0  0.0000   2244.129252  x:  0.94831   1.18166   0.94075   0.31286   1.06965   0.33287   0.99498   0.39275   0.48718   0.25907   0.33913   0.33568   1.22095   0.25199   0.00000   0.22626   0.14064   0.00081   0.00981   2.00000   0.20000   0.20000   0.20000  
  1 99.0000   2243.893658  x:  0.94850   1.18182   0.94099   0.31314   1.06956   0.33286   0.99501   0.39276   0.48723   0.25910   0.33920   0.33563   1.22108   0.25195   0.00030   0.22612   0.14085   0.00000   0.00901   1.99991   0.20061   0.19957   0.20000  
  2 157.8428   2242.594095  x:  0.95042   1.18340   0.94333   0.31592   1.06838   0.33276   0.99530   0.39276   0.48763   0.25936   0.33974   0.33504   1.22242   0.25123   0.00135   0.22459   0.14269   0.00000   0.00000   1.99920   0.20017   0.19484   0.20003  
  3 381.7132   2242.235321  x:  0.95187   1.18464   0.94517   0.31787   1.06737   0.33269   0.99559   0.39274   0.48795   0.25954   0.34013   0.33463   1.22342   0.25039   0.00000   0.22384   0.14289   0.00000   0.00000   1.99855   0.20059   0.19114   0.20005  
  4 306.5353   2236.324203  x:  0.99569   1.22489   1.00329   0.35408   1.02313   0.32119   1.00872   0.38586   0.49559   0.26031   0.34622   0.32542   1.25427   0.27161   0.01453   0.25826   0.07221   0.00000   0.00000   1.96807   0.19876   0.07305   0.20094  
  5 109.0949   2232.600032  x:  1.04148   1.26920   1.06605   0.37997   0.96682   0.30664   1.02599   0.37604   0.50280   0.25990   0.35053   0.31803   1.28647   0.31964   0.00000   0.33815   0.08853   0.00000   0.00000   1.92741   0.19893   0.04220   0.20199  
  6 61.3182   2232.600032  x:  1.04148   1.26920   1.06605   0.37997   0.96682   0.30664   1.02599   0.37604   0.50280   0.25990   0.35053   0.31803   1.28647   0.31964   0.00000   0.33815   0.08853   0.00000   0.00000   1.92741   0.19893   0.04220   0.20199  
  7 195.0355   2229.471792  x:  1.05264   1.27823   1.07914   0.39625   0.96061   0.30656   1.02844   0.37699   0.50547   0.26231   0.35438   0.31535   1.29467   0.32015   0.01846   0.32835   0.12175   0.00000   0.00000   1.92173   0.22959   0.08794   0.20199  
  8 106.7107   2217.326127  x:  1.18092   1.38055   1.22950   0.58093   0.87168   0.29722   1.04851   0.37612   0.52831   0.28424   0.39261   0.27823   1.38583   0.26483   0.12267   0.16960   0.38375   0.00000   0.00000   1.87457   0.18316   0.03332   0.20198  
  9 73.5218   2214.613642  x:  1.22798   1.41859   1.28621   0.64132   0.83449   0.29289   1.05750   0.37384   0.53565   0.28967   0.40287   0.26844   1.41797   0.22086   0.10420   0.11290   0.38490   0.00000   0.00000   1.85867   0.15679   0.05720   0.20198  
 10 78.5817   2211.342602  x:  1.28240   1.46280   1.35205   0.70999   0.79210   0.28868   1.06893   0.37193   0.54459   0.29603   0.41456   0.25840   1.45522   0.16949   0.07934   0.05409   0.37521   0.00000   0.00000   1.83951   0.16976   0.05799   0.20198  
 11 357.5014   2200.155160  x:  1.56088   1.68935   1.69070   1.04747   0.56988   0.26833   1.13258   0.36109   0.58709   0.32449   0.46592   0.21990   1.64459   0.03652   0.08768   0.16871   0.27446   0.00000   0.00000   1.74301   0.16103   0.06252   0.20198  
 12 91.9534   2195.132869  x:  1.71535   1.81464   1.87991   1.22332   0.45091   0.26772   1.17275   0.35954   0.60741   0.33811   0.48607   0.21327   1.74872   0.09883   0.14581   0.15933   0.15849   0.00000   0.00000   1.69596   0.15377   0.06180   0.20198  
 13 143.9842   2192.747832  x:  1.82991   1.90462   2.02869   1.26863   0.44879   0.39103   1.24511   0.41721   0.59677   0.33839   0.43695   0.31406   1.81682   0.18884   0.03647   0.18122   0.18320   0.00000   0.00000   1.71899   0.14588   0.06178   0.20198  
 14 19.3668   2191.698846  x:  1.91310   1.96728   2.13937   1.21413   0.47528   0.49619   1.32390   0.45737   0.56667   0.29510   0.36667   0.28940   1.86099   0.16134   0.07513   0.17714   0.16785   0.00000   0.00000   1.79092   0.14127   0.06166   0.20198  
 15 12.2969   2190.595068  x:  2.04089   2.05674   2.30924   1.02584   0.45783   0.55994   1.44589   0.44817   0.58679   0.28397   0.48527   0.29159   1.92875   0.14728   0.09903   0.17329   0.17050   0.00000   0.00000   1.93053   0.13585   0.06133   0.20197  
 16 10.6580   2190.030410  x:  2.11535   2.10129   2.40072   0.90853   0.42754   0.53729   1.49818   0.41277   0.63283   0.30588   0.46076   0.23961   1.98308   0.17111   0.07403   0.17585   0.19168   0.00000   0.00000   1.98344   0.13579   0.06110   0.20197  
 17 11.1999   2189.739692  x:  2.16872   2.11901   2.45175   0.84289   0.43544   0.49605   1.50996   0.39763   0.65295   0.32754   0.42608   0.29016   2.04779   0.15564   0.09395   0.17102   0.19387   0.00000   0.00000   1.97727   0.13272   0.06026   0.20196  
 18  5.5360   2188.941685  x:  2.34363   2.14152   2.58314   0.72400   0.55194   0.37724   1.49075   0.43431   0.58178   0.30125   0.44023   0.28465   2.30897   0.17047   0.08246   0.17095   0.20961   0.00000   0.00000   1.87566   0.12329   0.05848   0.20195  
 19  5.7200   2188.590910  x:  2.42579   2.12335   2.61956   0.72884   0.60773   0.39482   1.46557   0.47744   0.62959   0.36199   0.45704   0.26035   2.43315   0.16849   0.08944   0.17160   0.20372   0.00000   0.00000   1.86710   0.11712   0.05859   0.20194  
 20  4.5210   2187.522096  x:  2.66764   2.02005   2.67782   0.88016   0.56958   0.44721   1.40532   0.45745   0.72837   0.26334   0.46306   0.27269   2.76036   0.17798   0.09015   0.17534   0.21621   0.00000   0.00000   1.99275   0.11536   0.06139   0.20190  
 21  4.4477   2186.626854  x:  2.84738   1.97022   2.73753   1.00384   0.42399   0.49624   1.46816   0.45768   0.58667   0.37238   0.45497   0.27632   2.90000   0.17823   0.09927   0.17511   0.23022   0.00000   0.00000   2.04034   0.11577   0.06381   0.20186  
 22  4.3471   2185.541059  x:  3.02796   2.04668   2.90435   1.12118   0.30751   0.56662   1.67498   0.53306   0.65730   0.33403   0.46741   0.27341   2.83252   0.17422   0.11660   0.16956   0.24518   0.00000   0.00000   1.83347   0.10172   0.06322   0.20181  
 23  3.1728   2184.306480  x:  3.25709   2.33561   3.28765   1.37880   0.52505   0.52666   1.76960   0.39380   0.68851   0.36541   0.48269   0.26742   2.61754   0.18422   0.12306   0.17147   0.24896   0.00000   0.00000   1.80372   0.09519   0.06571   0.20172  
 24  4.0649   2183.709949  x:  3.34902   2.50970   3.49553   1.48199   0.55843   0.39749   1.75366   0.55297   0.71520   0.36426   0.47660   0.27620   2.52610   0.18863   0.12419   0.17264   0.25264   0.00000   0.00000   1.89824   0.09576   0.06789   0.20168  
 25  5.1359   2182.836224  x:  3.32575   2.96790   3.93781   1.47409   0.40721   0.60368   1.72294   0.56447   0.74241   0.36568   0.50214   0.26583   3.05400   0.17377   0.13163   0.16528   0.23986   0.00000   0.00000   1.92423   0.09154   0.07234   0.20153  
 26  1.0319   2182.317255  x:  3.39998   3.13454   4.17236   1.59666   0.44959   0.56891   2.04774   0.59598   0.78929   0.37893   0.51997   0.25951   3.40430   0.17128   0.12280   0.16245   0.22368   0.00000   0.00000   2.02152   0.08135   0.07461   0.20142  
 27  2.5928   2181.706258  x:  4.27123   2.98162   4.58334   1.66651   0.50545   0.57696   2.35141   0.65040   0.85196   0.38694   0.54451   0.25728   3.61316   0.14895   0.12171   0.15266   0.21044   0.00000   0.00000   1.99776   0.07708   0.07603   0.20116  
 28  0.8948   2181.508223  x:  4.58800   3.06231   4.83949   1.72766   0.50331   0.61262   2.37274   0.68447   0.86165   0.39635   0.55013   0.26228   3.66458   0.14316   0.12148   0.14960   0.21396   0.00000   0.00000   1.99228   0.07070   0.07581   0.20103  
 29  1.0862   2181.330825  x:  4.71641   3.23364   5.20992   1.85675   0.51595   0.62750   2.43569   0.72761   0.86594   0.42301   0.54747   0.27512   3.76105   0.13950   0.11928   0.15158   0.24544   0.00000   0.00000   2.00373   0.06838   0.07263   0.20075  
 30  0.2630   2181.284915  x:  4.84499   3.43625   5.37475   1.93221   0.53784   0.63957   2.55581   0.75618   0.89370   0.43688   0.55435   0.27618   3.93248   0.14049   0.10922   0.15463   0.23554   0.00000   0.00000   2.01563   0.06499   0.07221   0.20049  
 31  0.2026   2181.273117  x:  4.84067   3.47592   5.39387   1.94864   0.54208   0.64579   2.57098   0.76136   0.90001   0.44002   0.55556   0.27666   3.95471   0.14309   0.10945   0.15587   0.23281   0.00000   0.00000   2.00945   0.06521   0.07183   0.20036  
 32  0.0483   2181.266864  x:  4.90852   3.52047   5.48435   1.98653   0.54822   0.65717   2.60941   0.77650   0.91232   0.44540   0.55948   0.27781   4.00376   0.14480   0.11233   0.15567   0.23361   0.00000   0.00000   2.00292   0.06374   0.07154   0.20014  
 33  0.1001   2181.266046  x:  4.94158   3.52157   5.50500   1.99528   0.54621   0.66028   2.61642   0.77989   0.91410   0.44726   0.55940   0.27837   4.01446   0.14557   0.11241   0.15513   0.23322   0.00000   0.00000   2.01084   0.06367   0.07168   0.19999  
 34  0.0255   2181.265983  x:  4.94875   3.51570   5.50782   1.99569   0.54546   0.66033   2.61870   0.78059   0.91433   0.44729   0.55927   0.27831   4.01825   0.14559   0.11215   0.15500   0.23328   0.00000   0.00000   2.00971   0.06361   0.07173   0.19986  
 35  0.0061   2181.265978  x:  4.94849   3.51556   5.50638   1.99583   0.54533   0.66030   2.61837   0.78063   0.91422   0.44730   0.55922   0.27835   4.01912   0.14568   0.11206   0.15506   0.23330   0.00000   0.00000   2.00964   0.06363   0.07173   0.19974  
 36  0.0011   2181.265976  x:  4.94861   3.51607   5.50625   1.99635   0.54535   0.66038   2.61823   0.78074   0.91423   0.44732   0.55925   0.27838   4.01997   0.14569   0.11206   0.15508   0.23330   0.00000   0.00000   2.00972   0.06362   0.07173   0.19957  
 37  0.0006   2181.265976  x:  4.94810   3.51550   5.50579   1.99638   0.54533   0.66038   2.61780   0.78066   0.91416   0.44727   0.55924   0.27837   4.01956   0.14565   0.11209   0.15506   0.23330   0.00000   0.00000   2.00970   0.06363   0.07172   0.19941  
 38  0.0006   2181.265976  x:  4.94819   3.51564   5.50588   1.99667   0.54537   0.66039   2.61788   0.78067   0.91420   0.44727   0.55924   0.27836   4.01951   0.14565   0.11209   0.15506   0.23329   0.00000   0.00000   2.00970   0.06362   0.07172   0.19919  
 39  0.0002   2181.265976  x:  4.94814   3.51565   5.50579   1.99667   0.54536   0.66038   2.61789   0.78066   0.91419   0.44726   0.55924   0.27836   4.01941   0.14565   0.11208   0.15506   0.23330   0.00000   0.00000   2.00970   0.06362   0.07172   0.19903  
 40  0.0001   2181.265975  x:  4.94806   3.51565   5.50570   1.99675   0.54532   0.66040   2.61787   0.78064   0.91419   0.44726   0.55925   0.27837   4.01930   0.14565   0.11209   0.15506   0.23329   0.00000   0.00000   2.00969   0.06362   0.07173   0.19836  
 41  0.0001   2181.265975  x:  4.94802   3.51568   5.50586   1.99676   0.54529   0.66044   2.61794   0.78067   0.91420   0.44730   0.55926   0.27837   4.01943   0.14565   0.11209   0.15506   0.23329   0.00000   0.00000   2.00968   0.06362   0.07173   0.19548  
 42  0.0004   2181.265975  x:  4.94776   3.51580   5.50642   1.99683   0.54518   0.66062   2.61821   0.78083   0.91425   0.44747   0.55934   0.27835   4.01983   0.14563   0.11210   0.15506   0.23328   0.00000   0.00000   2.00966   0.06362   0.07173   0.17035  
 43  0.0086   2181.265967  x:  4.94747   3.51573   5.50555   1.99685   0.54518   0.66061   2.61812   0.78095   0.91434   0.44757   0.55935   0.27831   4.01929   0.14563   0.11207   0.15505   0.23332   0.00000   0.00000   2.00971   0.06362   0.07173   0.07100  
 44  0.0124   2181.265967  x:  4.94747   3.51573   5.50555   1.99685   0.54518   0.66061   2.61812   0.78095   0.91434   0.44757   0.55935   0.27831   4.01929   0.14563   0.11207   0.15505   0.23332   0.00000   0.00000   2.00971   0.06362   0.07173   0.07100  
 45  0.2787   2181.265964  x:  4.94717   3.51496   5.50436   1.99614   0.54529   0.66032   2.61729   0.78058   0.91415   0.44723   0.55919   0.27838   4.01857   0.14565   0.11209   0.15506   0.23330   0.00000   0.00000   2.00950   0.06364   0.07173   0.06355  
 46  0.0054   2181.265964  x:  4.94717   3.51496   5.50436   1.99614   0.54529   0.66032   2.61729   0.78058   0.91415   0.44723   0.55919   0.27838   4.01857   0.14565   0.11209   0.15506   0.23330   0.00000   0.00000   2.00950   0.06364   0.07173   0.06355  
 47  0.0036   2181.265964  x:  4.94712   3.51491   5.50415   1.99609   0.54529   0.66031   2.61724   0.78058   0.91416   0.44723   0.55919   0.27838   4.01848   0.14564   0.11209   0.15506   0.23330   0.00000   0.00000   2.00949   0.06364   0.07173   0.06152  
 48  8.0994   2181.265964  x:  4.94741   3.51507   5.50423   1.99614   0.54533   0.66034   2.61738   0.78068   0.91426   0.44726   0.55921   0.27839   4.01864   0.14565   0.11208   0.15506   0.23330   0.00000   0.00000   2.00947   0.06363   0.07173   0.05847  
 49  0.0016   2181.265963  x:  4.94785   3.51548   5.50590   1.99651   0.54531   0.66042   2.61772   0.78067   0.91425   0.44725   0.55919   0.27844   4.01942   0.14565   0.11209   0.15506   0.23327   0.00000   0.00000   2.00949   0.06362   0.07172   0.05539  
 50  0.0008   2181.265957  x:  4.94940   3.51666   5.50746   1.99733   0.54554   0.66049   2.61866   0.78098   0.91461   0.44739   0.55922   0.27843   4.02040   0.14566   0.11204   0.15506   0.23333   0.00000   0.00000   2.00932   0.06359   0.07172   0.00010  
 51  0.0100   2181.265954  x:  4.94767   3.51535   5.50550   1.99653   0.54532   0.66035   2.61765   0.78058   0.91415   0.44723   0.55920   0.27837   4.01912   0.14565   0.11208   0.15506   0.23330   0.00000   0.00000   2.00952   0.06363   0.07172   0.00010  
 52  0.0035   2181.265954  x:  4.94780   3.51544   5.50555   1.99653   0.54531   0.66038   2.61774   0.78060   0.91413   0.44725   0.55924   0.27835   4.01925   0.14565   0.11209   0.15506   0.23329   0.00000   0.00000   2.00953   0.06363   0.07172   0.00010  
 53  0.0001   2181.265954  x:  4.94803   3.51555   5.50560   1.99661   0.54535   0.66035   2.61780   0.78062   0.91415   0.44724   0.55924   0.27835   4.01927   0.14565   0.11209   0.15506   0.23330   0.00000   0.00000   2.00954   0.06362   0.07172   0.00010  
 54  0.0001   2181.265954  x:  4.94798   3.51553   5.50570   1.99659   0.54532   0.66036   2.61783   0.78068   0.91415   0.44726   0.55925   0.27837   4.01933   0.14564   0.11210   0.15506   0.23329   0.00000   0.00000   2.00961   0.06363   0.07172   0.00010  
 55  0.0000   2181.265954  x:  4.94812   3.51563   5.50580   1.99668   0.54536   0.66035   2.61789   0.78069   0.91417   0.44726   0.55924   0.27836   4.01938   0.14565   0.11209   0.15507   0.23330   0.00000   0.00000   2.00969   0.06362   0.07172   0.00010  
 56  0.0001   2181.265954  x:  4.94811   3.51564   5.50581   1.99666   0.54534   0.66039   2.61789   0.78067   0.91419   0.44727   0.55924   0.27836   4.01943   0.14565   0.11209   0.15506   0.23330   0.00000   0.00000   2.00969   0.06362   0.07172   0.00010  
 57  0.0000   2181.265954  x:  4.94813   3.51565   5.50580   1.99666   0.54535   0.66039   2.61788   0.78066   0.91419   0.44727   0.55924   0.27836   4.01943   0.14565   0.11209   0.15506   0.23330   0.00000   0.00000   2.00970   0.06362   0.07172   0.00010  
 58  0.0000   2181.265954  x:  4.94814   3.51564   5.50581   1.99666   0.54535   0.66038   2.61789   0.78066   0.91419   0.44727   0.55924   0.27836   4.01943   0.14565   0.11209   0.15506   0.23330   0.00000   0.00000   2.00970   0.06362   0.07172   0.00010  
 59  0.0000   2181.265954  x:  4.94814   3.51564   5.50581   1.99666   0.54535   0.66038   2.61788   0.78066   0.91419   0.44727   0.55924   0.27836   4.01943   0.14565   0.11209   0.15506   0.23330   0.00000   0.00000   2.00970   0.06362   0.07172   0.00010  
 60  0.0000   2181.265954  x:  4.94814   3.51564   5.50581   1.99666   0.54535   0.66038   2.61788   0.78066   0.91419   0.44727   0.55924   0.27836   4.01943   0.14565   0.11209   0.15506   0.23330   0.00000   0.00000   2.00970   0.06362   0.07172   0.00010  