

TREE # 1

  0  0.0000   3431.135280  x:  0.50613   1.35482   1.22962   0.32410   1.09935   0.14363   0.99223   0.21670   0.61407   0.41854   0.09858   0.26462   0.87865   0.18978   0.00213   0.26714   0.01321   0.00000   0.03159   2.00000   0.20000   0.20000   0.20000  
  1 99.0000   3427.384080  x:  0.50636   1.35490   1.22972   0.32453   1.09940   0.14391   0.99220   0.21683   0.61409   0.41860   0.09866   0.26465   0.87889   0.18992   0.00241   0.26703   0.01622   0.02139   0.03123   1.99987   0.20082   0.20002   0.19958  
  2 4555.4639   3401.380745  x:  0.52133   1.36008   1.23636   0.35220   1.10274   0.16220   0.99017   0.22522   0.61519   0.42207   0.10362   0.26674   0.89399   0.19672   0.01871   0.25859   0.17390   0.01722   0.00000   1.99112   0.25203   0.20070   0.17412  
  3 584.1435   3398.434603  x:  0.52562   1.36155   1.23826   0.36014   1.10369   0.16743   0.98956   0.22761   0.61549   0.42305   0.10504   0.26733   0.89833   0.19849   0.02318   0.25607   0.21737   0.01598   0.00658   1.98862   0.26607   0.20082   0.16686  
  4 5761.6125   3369.814931  x:  0.61055   1.38768   1.27387   0.52059   1.11618   0.26256   0.96527   0.26705   0.61373   0.43392   0.12764   0.27102   0.98864   0.14590   0.00853   0.15538   0.24493   0.01544   0.00685   1.94560   0.18764   0.15190   0.04083  
  5 157.4616   3355.042529  x:  0.69560   1.41675   1.31243   0.67025   1.12979   0.34924   0.94274   0.30623   0.61589   0.44685   0.14484   0.27307   1.07828   0.12214   0.03849   0.08307   0.21620   0.01624   0.00635   1.89551   0.23853   0.09398   0.02184  
  6 313.9611   3344.122901  x:  0.77600   1.44396   1.34885   0.81110   1.14123   0.42940   0.91907   0.34150   0.61677   0.45774   0.15854   0.27329   1.16309   0.10403   0.06993   0.03390   0.21370   0.01644   0.00620   1.84849   0.23067   0.04026   0.07370  
  7 714.2025   3332.766686  x:  0.87386   1.47899   1.39578   0.97398   1.15291   0.51731   0.88683   0.38070   0.61901   0.46986   0.16523   0.26863   1.26590   0.10174   0.13505   0.10908   0.19986   0.01671   0.00601   1.78731   0.21254   0.01412   0.08381  
  8 322.7425   3323.382319  x:  1.02527   1.53419   1.46974   1.22244   1.17021   0.64946   0.83590   0.44003   0.62342   0.48842   0.17222   0.26015   1.42470   0.09090   0.23031   0.18949   0.17344   0.01728   0.00551   1.69097   0.19011   0.09620   0.11066  
  9 955.2539   3320.197918  x:  1.07923   1.57890   1.52965   1.22634   1.15258   0.60019   0.79002   0.42590   0.64730   0.48728   0.08887   0.22689   1.47404   0.01999   0.26383   0.19172   0.17728   0.01725   0.00553   1.63690   0.18695   0.09495   0.11122  
 10 34.2330   3319.031258  x:  1.09386   1.59249   1.54829   1.22221   1.14652   0.58093   0.77627   0.42080   0.65469   0.48676   0.09142   0.23410   1.48732   0.00000   0.27641   0.19227   0.17821   0.01725   0.00553   1.62130   0.18516   0.09479   0.11118  
 11 68.2776   3315.928163  x:  1.11328   1.61449   1.58797   1.20088   1.14105   0.54331   0.76295   0.42470   0.66140   0.48213   0.08984   0.20564   1.51066   0.00000   0.31987   0.14578   0.17309   0.01716   0.00564   1.60440   0.15583   0.09185   0.08982  
 12 18.4805   3313.265113  x:  1.11198   1.61774   1.60657   1.19710   1.14881   0.54736   0.77273   0.44192   0.65594   0.47628   0.08351   0.18272   1.52052   0.00000   0.19348   0.13303   0.16940   0.01713   0.00566   1.60947   0.15738   0.09043   0.08527  
 13 26.7014   3312.481300  x:  1.10411   1.64581   1.73421   1.15724   1.19192   0.54913   0.82044   0.51890   0.64458   0.45134   0.06007   0.22393   1.58153   0.00000   0.18933   0.13306   0.17010   0.01711   0.00565   1.62179   0.14990   0.09061   0.08506  
 14  6.2362   3311.571072  x:  1.10793   1.69786   1.92467   1.10404   1.23951   0.52519   0.86040   0.59172   0.64871   0.44220   0.09506   0.18780   1.67873   0.00000   0.19191   0.14026   0.17347   0.01708   0.00564   1.62412   0.14279   0.09088   0.08774  
 15 31.7492   3310.223001  x:  1.04820   1.71964   2.14272   1.11548   1.32988   0.56409   0.87914   0.50524   0.70448   0.57519   0.09054   0.20705   1.79793   0.00000   0.18097   0.14246   0.17403   0.01701   0.00562   1.72343   0.13425   0.09211   0.08903  
 16  7.5762   3309.025960  x:  1.01299   1.73186   2.25932   1.19323   1.36129   0.56566   0.85196   0.38656   0.64275   0.49943   0.09875   0.20979   1.86821   0.00000   0.17558   0.14298   0.17506   0.01693   0.00563   1.77469   0.13712   0.09256   0.08976  
 17  7.1198   3303.730885  x:  0.91011   1.70990   2.32250   1.64460   1.24475   0.44177   0.69916   0.49826   0.79545   0.41677   0.12323   0.24001   1.88478   0.00000   0.13725   0.14382   0.18168   0.01655   0.00561   1.53777   0.12035   0.09148   0.09187  
 18  4.0977   3303.449849  x:  0.91041   1.71094   2.32508   1.67133   1.23460   0.43572   0.68842   0.50610   0.80038   0.41489   0.12481   0.24228   1.88539   0.02862   0.13474   0.14395   0.18214   0.01653   0.00561   1.52327   0.11926   0.09141   0.09203  
 19 29.2693   3301.156732  x:  1.20835   1.82769   2.26061   1.66916   1.09573   0.49884   0.62133   0.55669   0.62478   0.54422   0.13167   0.26392   1.86997   0.03612   0.11903   0.14747   0.18533   0.01634   0.00561   1.49874   0.11422   0.09122   0.09369  
 20  7.4690   3299.778853  x:  1.48874   1.93061   2.17182   1.59662   1.05270   0.64672   0.63924   0.52488   0.76061   0.45906   0.14434   0.26950   1.88180   0.04577   0.11080   0.15010   0.18638   0.01621   0.00558   1.53794   0.10837   0.09173   0.09519  
 21  7.8718   3298.690276  x:  1.60910   1.92973   2.06815   1.62924   1.01702   0.54912   0.72187   0.53193   0.80202   0.46039   0.14583   0.28214   2.12170   0.04761   0.10983   0.15277   0.18953   0.01604   0.00559   1.62230   0.11395   0.09117   0.09694  
 22  1.6938   3297.129734  x:  1.64859   1.98595   1.97075   1.57622   1.19742   0.59376   0.72428   0.48011   0.78631   0.48133   0.15399   0.29087   2.34378   0.04961   0.10960   0.14706   0.19407   0.01573   0.00560   1.45095   0.11167   0.08667   0.09453  
 23  4.2206   3296.338068  x:  1.64107   2.13145   2.04691   1.62886   1.23178   0.62910   0.60064   0.53199   0.80655   0.47952   0.15907   0.29189   2.30206   0.04643   0.11569   0.14543   0.19409   0.01558   0.00559   1.51950   0.11661   0.08575   0.09467  
 24  2.9002   3295.068543  x:  1.65325   2.47920   2.27397   1.83843   1.19998   0.65525   0.77500   0.48598   0.82300   0.51681   0.16276   0.29808   2.11208   0.04098   0.12600   0.13881   0.19314   0.01528   0.00553   1.51707   0.11198   0.08354   0.09292  
 25  5.2088   3292.026051  x:  2.04139   2.44855   2.70017   2.15996   1.55889   0.55274   0.81677   0.56545   0.82467   0.58048   0.17892   0.30185   2.37504   0.00752   0.16889   0.10667   0.20113   0.01399   0.00562   1.60976   0.09131   0.07486   0.07682  
 26  0.9200   3291.210652  x:  2.04331   2.38599   2.82002   2.17323   1.43186   0.65299   0.80684   0.57304   0.82790   0.58001   0.18213   0.30046   2.47654   0.00000   0.17669   0.10070   0.20200   0.01374   0.00564   1.59000   0.09028   0.07294   0.07384  
 27  3.0756   3291.210652  x:  2.04331   2.38599   2.82002   2.17323   1.43186   0.65299   0.80684   0.57304   0.82790   0.58001   0.18213   0.30046   2.47654   0.00000   0.17669   0.10070   0.20200   0.01374   0.00564   1.59000   0.09028   0.07294   0.07384  
 28  0.6021   3290.863120  x:  2.04336   2.38600   2.82004   2.17346   1.43190   0.65332   0.80692   0.57326   0.82797   0.58003   0.18168   0.29999   2.47666   0.00003   0.17679   0.10188   0.20211   0.00994   0.00848   1.58983   0.09481   0.07227   0.07368  
 29 106.8092   3290.744230  x:  2.04339   2.38597   2.82001   2.17375   1.43191   0.65371   0.80696   0.57349   0.82800   0.57998   0.18102   0.29928   2.47678   0.00005   0.17693   0.10347   0.20227   0.00629   0.00854   1.58976   0.09389   0.07134   0.07345  
 30 61.0124   3290.365747  x:  2.04396   2.38556   2.81973   2.17845   1.43208   0.66013   0.80771   0.57742   0.82860   0.57945   0.17063   0.28819   2.47887   0.00028   0.17891   0.12727   0.20491   0.00730   0.00805   1.58826   0.09398   0.05744   0.06984  
 31 29.6667   3290.349959  x:  2.04402   2.38551   2.81970   2.17897   1.43208   0.66082   0.80778   0.57783   0.82866   0.57939   0.16991   0.28733   2.47910   0.00000   0.17883   0.12754   0.20514   0.00739   0.00861   1.58808   0.09368   0.05784   0.06953  
 32 14.3419   3290.221990  x:  2.04505   2.38478   2.81919   2.18752   1.43224   0.67223   0.80902   0.58467   0.82971   0.57850   0.15894   0.27385   2.48287   0.00000   0.17759   0.12952   0.20871   0.00720   0.00737   1.58489   0.09412   0.06560   0.06507  
 33 53.9674   3290.075940  x:  2.04728   2.38322   2.81815   2.20582   1.43221   0.69597   0.81136   0.59854   0.83186   0.57676   0.15050   0.25811   2.49095   0.00000   0.17793   0.12262   0.20669   0.00716   0.00750   1.57840   0.09354   0.06132   0.07477  
 34 15.5179   3289.833603  x:  2.05227   2.37996   2.81606   2.24587   1.43132   0.74618   0.81567   0.62691   0.83642   0.57333   0.15803   0.24819   2.50864   0.00000   0.17624   0.11472   0.20462   0.00708   0.00762   1.56558   0.09213   0.05190   0.06413  
 35 20.8485   3289.135102  x:  2.06979   2.36944   2.80964   2.38276   1.42664   0.91397   0.82870   0.71939   0.85204   0.56233   0.20038   0.23737   2.56925   0.00000   0.18229   0.12704   0.20900   0.00713   0.00765   1.52297   0.08724   0.06013   0.06910  
 36 66.5764   3288.859608  x:  2.08580   2.37109   2.81465   2.46471   1.40948   0.97809   0.82079   0.73260   0.86353   0.56426   0.17140   0.27641   2.60758   0.00000   0.16332   0.13131   0.19955   0.00711   0.00747   1.52574   0.08590   0.06176   0.07130  
 37  9.8057   3288.688851  x:  2.09939   2.37480   2.82118   2.52625   1.39252   1.01581   0.81257   0.73271   0.87124   0.56762   0.15218   0.29886   2.63691   0.00000   0.18414   0.12736   0.20422   0.00711   0.00771   1.53480   0.08506   0.06073   0.06834  
 38 19.8580   3288.319755  x:  2.14573   2.39851   2.85455   2.70080   1.32464   1.07071   0.78680   0.69302   0.88486   0.58656   0.16579   0.28624   2.72254   0.00000   0.17412   0.12271   0.23306   0.00701   0.00777   1.58840   0.08434   0.05508   0.07332  
 39  9.9040   3288.079628  x:  2.17749   2.41724   2.88009   2.81547   1.27843   1.09785   0.77546   0.66659   0.89239   0.59860   0.17804   0.26945   2.77895   0.00000   0.17938   0.12734   0.20508   0.00709   0.00774   1.61991   0.08383   0.06239   0.07056  
 40 27.0203   3287.826131  x:  2.23481   2.48076   2.95967   2.97741   1.21666   1.05164   0.85708   0.67883   0.89369   0.59831   0.17626   0.27267   2.85764   0.00000   0.17895   0.12557   0.20623   0.00705   0.00786   1.57056   0.08013   0.06181   0.06993  
 41  3.8693   3287.641664  x:  2.29958   2.58828   3.10732   3.12057   1.33300   1.01129   0.88890   0.74522   0.93770   0.57276   0.17852   0.27468   2.91166   0.00000   0.17889   0.12402   0.20527   0.00703   0.00794   1.62649   0.07690   0.06359   0.07072  
 42  1.9520   3287.559385  x:  2.33162   2.64272   3.18782   3.18472   1.40707   1.00630   0.88029   0.74747   0.95769   0.61803   0.18056   0.27302   2.93741   0.00000   0.17897   0.12388   0.20516   0.00703   0.00800   1.60526   0.07409   0.06343   0.07024  
 43  3.1615   3287.520561  x:  2.34819   2.66592   3.23321   3.21326   1.44215   1.01960   0.87902   0.72970   0.92617   0.60773   0.17995   0.27295   2.95274   0.00000   0.17871   0.12451   0.20536   0.00706   0.00801   1.59319   0.07355   0.06291   0.06985  
 44  1.3150   3287.406774  x:  2.38970   2.69168   3.36956   3.27265   1.45739   1.07092   0.93750   0.74069   0.92477   0.65358   0.17585   0.27377   2.99944   0.00000   0.17879   0.12858   0.20612   0.00726   0.00798   1.62628   0.07321   0.06173   0.06918  
 45  0.6028   3287.326623  x:  2.42803   2.71136   3.45914   3.31469   1.45156   1.09128   0.91859   0.74699   0.98121   0.62783   0.17713   0.27004   3.04354   0.00000   0.17822   0.12871   0.20681   0.00738   0.00795   1.60670   0.07284   0.06105   0.06843  
 46  1.5545   3287.302905  x:  2.45925   2.72589   3.46793   3.33640   1.45412   1.09324   0.90635   0.77124   0.96840   0.63826   0.17799   0.27173   3.07665   0.00000   0.17790   0.12349   0.20666   0.00734   0.00794   1.60801   0.07266   0.06292   0.06902  
 47  0.4089   3287.284001  x:  2.50265   2.75288   3.45876   3.37212   1.47789   1.11302   0.93690   0.75931   0.98869   0.63747   0.17993   0.27169   3.12452   0.00000   0.17773   0.12054   0.20660   0.00727   0.00793   1.60999   0.07159   0.06380   0.06944  
 48  0.4439   3287.259691  x:  2.57038   2.81438   3.45421   3.44444   1.49247   1.12743   0.94086   0.78745   0.99629   0.64216   0.17998   0.27062   3.20079   0.00000   0.17784   0.12401   0.20676   0.00721   0.00790   1.61168   0.06998   0.06210   0.06915  
 49  0.5552   3287.251339  x:  2.55372   2.85508   3.50329   3.49781   1.48319   1.15452   0.94635   0.79598   1.00301   0.64360   0.18123   0.27089   3.19941   0.00000   0.17786   0.12324   0.20676   0.00715   0.00791   1.61266   0.06920   0.06222   0.06944  
 50  0.1809   3287.249090  x:  2.54405   2.83819   3.51772   3.53114   1.49385   1.15040   0.94820   0.79872   1.00362   0.64469   0.18166   0.27060   3.20262   0.00000   0.17791   0.12338   0.20674   0.00714   0.00792   1.61100   0.06914   0.06210   0.06945  
 51  0.1002   3287.248624  x:  2.55845   2.83365   3.53299   3.53247   1.49349   1.15694   0.94953   0.80038   1.00489   0.64557   0.18196   0.27076   3.20648   0.00000   0.17794   0.12351   0.20676   0.00716   0.00794   1.61121   0.06900   0.06212   0.06946  
 52  0.0323   3287.248536  x:  2.55989   2.83895   3.53207   3.53382   1.49438   1.15838   0.94998   0.80057   1.00522   0.64612   0.18203   0.27080   3.20693   0.00000   0.17795   0.12358   0.20677   0.00716   0.00794   1.61135   0.06900   0.06213   0.06945  
 53  0.0096   3287.248527  x:  2.55929   2.84014   3.53317   3.53389   1.49514   1.15860   0.95026   0.80076   1.00548   0.64632   0.18205   0.27082   3.20984   0.00000   0.17794   0.12358   0.20677   0.00716   0.00794   1.61147   0.06898   0.06214   0.06944  
 54  0.0052   3287.248526  x:  2.55997   2.84056   3.53360   3.53453   1.49565   1.15851   0.95041   0.80082   1.00563   0.64640   0.18205   0.27082   3.20982   0.00000   0.17793   0.12358   0.20676   0.00716   0.00794   1.61147   0.06896   0.06215   0.06944  
 55  0.0012   3287.248526  x:  2.55992   2.84054   3.53369   3.53445   1.49567   1.15844   0.95040   0.80082   1.00563   0.64640   0.18205   0.27082   3.20979   0.00000   0.17793   0.12358   0.20676   0.00716   0.00794   1.61148   0.06896   0.06215   0.06944  
 56  0.0001   3287.248526  x:  2.55993   2.84054   3.53370   3.53445   1.49567   1.15843   0.95040   0.80082   1.00563   0.64640   0.18205   0.27082   3.20979   0.00000   0.17793   0.12358   0.20676   0.00716   0.00794   1.61148   0.06896   0.06215   0.06944  
 57  0.0000   3287.248526  x:  2.55993   2.84055   3.53370   3.53445   1.49567   1.15843   0.95041   0.80082   1.00563   0.64640   0.18205   0.27082   3.20979   0.00000   0.17793   0.12358   0.20676   0.00716   0.00794   1.61148   0.06896   0.06215   0.06944  
 58  0.0000   3287.248526  x:  2.55993   2.84055   3.53370   3.53445   1.49567   1.15843   0.95041   0.80082   1.00563   0.64640   0.18205   0.27082   3.20979   0.00000   0.17793   0.12358   0.20676   0.00716   0.00794   1.61148   0.06896   0.06215   0.06944  