

TREE # 1

  0  0.0000   8857.693263  x:  0.00000   0.28185   0.39063   0.16039   0.35549   0.06063   0.25688   0.10025   0.18545   0.11417   0.14179   0.07938   0.27712   0.09529   0.04035   0.11883   0.10008   0.07875   0.06900   2.00000   0.20000   0.20000   0.20000  
  1 99.0000   8240.826297  x:  1.70319   0.52900   0.61034   0.41785   0.47186   0.26160   0.42774   0.36321   0.35910   0.25298   0.25084   0.28046   0.48836   0.15617   0.16797   0.16854   0.10038   0.05396   0.00000   1.96391   0.11119   0.04889   0.18503  
  2 3980.6357   8216.022480  x:  1.71524   0.53937   0.62475   0.42615   0.47785   0.26614   0.43727   0.36934   0.36381   0.25473   0.25041   0.27975   0.49671   0.15363   0.16615   0.17161   0.10276   0.07628   0.05631   1.95940   0.10434   0.01491   0.18490  
  3 1132.3855   8207.111797  x:  1.70698   0.55423   0.64765   0.43713   0.48703   0.27088   0.45190   0.37608   0.36946   0.25555   0.24776   0.27488   0.50861   0.14951   0.16222   0.17622   0.10305   0.08256   0.05118   1.95100   0.11293   0.00569   0.18179  
  4 373.5238   8167.382904  x:  1.65251   0.66016   0.81075   0.51551   0.55226   0.30472   0.55595   0.42427   0.40983   0.26144   0.22915   0.24072   0.59343   0.12059   0.13485   0.20931   0.10650   0.13603   0.04430   1.89141   0.14459   0.02140   0.16051  
  5 3571.7783   8087.620877  x:  1.56631   0.80812   1.04106   0.62477   0.64258   0.34897   0.70115   0.48948   0.46497   0.26733   0.20292   0.19191   0.71221   0.08128   0.09788   0.25339   0.10922   0.19405   0.00741   1.80642   0.07711   0.01497   0.12906  
  6 3706.0080   8062.630682  x:  1.50058   0.88561   1.17627   0.69186   0.68257   0.34524   0.76953   0.51470   0.48646   0.25920   0.24290   0.22470   0.78644   0.15411   0.18436   0.22836   0.12807   0.08945   0.03954   1.73044   0.06342   0.01387   0.11566  
  7 292.7053   8057.206823  x:  1.49572   0.89825   1.20879   0.70836   0.68239   0.32462   0.77468   0.51211   0.48425   0.24780   0.25105   0.23486   0.80501   0.13475   0.17299   0.19905   0.09237   0.04891   0.05428   1.69846   0.06353   0.01457   0.09880  
  8 144.4957   8052.687717  x:  1.49372   0.90370   1.24629   0.72894   0.66991   0.27282   0.76520   0.49739   0.47306   0.22448   0.27276   0.26388   0.82869   0.12845   0.18551   0.15834   0.06606   0.06804   0.05071   1.63883   0.06223   0.01475   0.05123  
  9 125.0364   8047.163279  x:  1.49709   0.90324   1.27304   0.74385   0.65692   0.22499   0.75280   0.48266   0.46336   0.20569   0.27951   0.27700   0.84588   0.11357   0.18726   0.15667   0.07881   0.06455   0.05283   1.58638   0.06217   0.01483   0.00010  
 10 206.8038   8045.070997  x:  1.50342   0.88792   1.29629   0.75848   0.64787   0.16710   0.73430   0.46635   0.46532   0.20560   0.26149   0.26420   0.86180   0.11735   0.20953   0.18526   0.05210   0.06150   0.05653   1.50598   0.06244   0.01469   0.00010  
 11 75.7868   8043.494340  x:  1.50817   0.85142   1.29829   0.76352   0.66635   0.14702   0.72442   0.46516   0.48463   0.23989   0.24212   0.24061   0.86456   0.11163   0.21674   0.16175   0.06443   0.06269   0.05547   1.42299   0.06201   0.01458   0.00010  
 12 37.4648   8042.055281  x:  1.50647   0.80178   1.28902   0.76230   0.70526   0.15798   0.72374   0.47367   0.48889   0.26118   0.26530   0.25099   0.85802   0.09984   0.20994   0.18281   0.06226   0.06788   0.05185   1.34315   0.06073   0.01437   0.00010  
 13 37.2228   8041.170074  x:  1.51355   0.77549   1.28716   0.75936   0.73186   0.17628   0.72959   0.48143   0.46154   0.23210   0.25451   0.23242   0.84947   0.10598   0.20905   0.18595   0.06381   0.07258   0.04839   1.31399   0.06106   0.01419   0.00010  
 14 20.8196   8039.486651  x:  1.51742   0.77582   1.32276   0.73982   0.72588   0.16321   0.73010   0.48246   0.48740   0.24159   0.22083   0.23982   0.81343   0.12571   0.18564   0.20555   0.06953   0.08771   0.03646   1.37582   0.06260   0.01393   0.00010  
 15  6.0109   8038.418989  x:  1.51824   0.78017   1.33356   0.74515   0.71538   0.15207   0.73378   0.48407   0.49155   0.24919   0.26615   0.19088   0.81320   0.12124   0.18969   0.20977   0.07114   0.09121   0.03372   1.39820   0.06360   0.01393   0.00010  
 16  8.0717   8022.579091  x:  1.45339   0.81029   1.36186   0.91058   0.69187   0.17338   0.80043   0.52432   0.44596   0.29346   0.24439   0.22916   0.94103   0.00000   0.30941   0.21781   0.07751   0.09188   0.03210   1.42003   0.07025   0.01469   0.00010  
 17  6.3219   8014.407126  x:  1.40985   0.84724   1.40774   1.03612   0.69746   0.16635   0.83223   0.53786   0.44116   0.29805   0.25553   0.26175   1.04256   0.14105   0.17045   0.21085   0.08937   0.08687   0.03546   1.35860   0.07614   0.01544   0.00010  
 18 45.0974   8011.885178  x:  1.41159   0.90835   1.46662   0.95941   0.79731   0.14651   0.80879   0.51573   0.52596   0.22303   0.26852   0.26703   0.96696   0.12933   0.18643   0.20447   0.09005   0.08217   0.03905   1.31476   0.07793   0.01567   0.00010  
 19 17.3051   8011.063523  x:  1.41189   0.93082   1.50896   0.90215   0.83965   0.09932   0.81422   0.56247   0.47227   0.25576   0.26931   0.27178   0.94702   0.12969   0.18551   0.20246   0.09022   0.08014   0.04031   1.30943   0.07795   0.01573   0.00010  
 20  7.4391   8004.560039  x:  1.37216   0.87236   1.70155   0.75962   1.02020   0.02012   0.73302   0.65243   0.51119   0.22020   0.26115   0.26120   1.34396   0.12063   0.16354   0.20735   0.09398   0.07647   0.03857   1.42186   0.07390   0.01564   0.00010  
 21  3.6833   7990.144955  x:  1.29835   1.10589   2.02003   0.61319   0.83195   0.15757   1.01306   0.52775   0.50256   0.24545   0.23928   0.22916   1.61282   0.09986   0.11370   0.22174   0.10559   0.07396   0.03005   1.31248   0.06395   0.01483   0.00010  
 22 12.3494   7980.864358  x:  1.20862   1.26223   2.13833   1.01197   0.84087   0.09595   1.04982   0.70653   0.55260   0.19466   0.22354   0.21149   1.48383   0.08794   0.07633   0.22957   0.11241   0.07106   0.02535   1.30527   0.05530   0.01424   0.00010  
 23 20.3059   7978.870588  x:  1.20752   1.18772   2.25665   1.15358   0.93312   0.06501   1.11363   0.56885   0.51372   0.23179   0.22431   0.21316   1.41877   0.08725   0.07781   0.22751   0.11221   0.06775   0.02696   1.35996   0.05488   0.01432   0.00010  
 24 11.3979   7976.662079  x:  1.18992   1.00974   2.51633   1.22444   0.84493   0.11923   1.12564   0.62681   0.53515   0.21277   0.23002   0.21813   1.32806   0.07886   0.10413   0.22211   0.10978   0.06221   0.03104   1.36966   0.05469   0.01438   0.00010  
 25  6.2139   7969.535013  x:  1.08995   1.39805   2.57406   1.37950   0.93634   0.16299   1.02891   0.64246   0.49395   0.26784   0.22660   0.20432   1.41333   0.05869   0.19903   0.24221   0.10463   0.07234   0.02480   1.33812   0.04890   0.01324   0.00010  
 26  2.2983   7967.236494  x:  1.06612   1.44118   2.50568   1.39363   0.96300   0.03634   1.23844   0.70107   0.56392   0.21192   0.22222   0.21393   1.45039   0.05522   0.22372   0.24353   0.10346   0.07440   0.02374   1.34079   0.04750   0.01296   0.00010  
 27 11.6363   7960.228983  x:  0.94411   1.61136   2.83525   1.57742   1.04673   0.02369   1.32123   0.75809   0.59217   0.22191   0.25949   0.24759   1.47464   0.04339   0.24520   0.22928   0.09629   0.08074   0.02916   1.29686   0.05033   0.01341   0.00010  
 28  0.4503   7956.495012  x:  0.81177   1.75889   3.27090   1.69311   1.11535   0.03155   1.42949   0.83139   0.60992   0.23585   0.27484   0.25906   1.66548   0.02923   0.24509   0.21504   0.09161   0.07960   0.03541   1.26683   0.04200   0.01339   0.00010  
 29  0.5088   7954.753730  x:  0.72903   1.88368   3.50879   1.76186   1.18514   0.00000   1.55296   0.88161   0.62235   0.22791   0.25465   0.24853   1.81476   0.04314   0.22454   0.20998   0.08934   0.08260   0.03508   1.28097   0.04104   0.01341   0.00010  
 30  0.2594   7954.753730  x:  0.72903   1.88368   3.50879   1.76186   1.18514   0.00000   1.55296   0.88161   0.62235   0.22791   0.25465   0.24853   1.81476   0.04314   0.22454   0.20998   0.08934   0.08260   0.03508   1.28097   0.04104   0.01341   0.00010  
 31  0.2163   7954.747352  x:  0.72905   1.88369   3.50880   1.76187   1.18514   0.00000   1.55297   0.88162   0.62235   0.22791   0.25464   0.24852   1.81476   0.04313   0.22451   0.21001   0.08937   0.08260   0.03506   1.28097   0.04126   0.01342   0.00010  
 32 55.0609   7954.717397  x:  0.73029   1.88432   3.50912   1.76203   1.18526   0.00047   1.55346   0.88190   0.62216   0.22766   0.25419   0.24779   1.81501   0.04244   0.22275   0.21192   0.09110   0.08225   0.03352   1.28100   0.04124   0.01420   0.00010  
 33 15.8780   7954.679103  x:  0.73204   1.88521   3.50956   1.76227   1.18543   0.00111   1.55415   0.88230   0.62190   0.22731   0.25358   0.24678   1.81536   0.04151   0.22032   0.21450   0.09341   0.08188   0.03173   1.28105   0.04124   0.01341   0.00010  
 34 123.0264   7954.639263  x:  0.73539   1.88692   3.51043   1.76272   1.18576   0.00229   1.55546   0.88306   0.62146   0.22671   0.25274   0.24523   1.81603   0.04091   0.21667   0.21785   0.09589   0.08328   0.03402   1.28113   0.04123   0.01343   0.00010  
 35 23.1337   7954.496477  x:  0.76262   1.90093   3.51763   1.76647   1.18831   0.01036   1.56624   0.88924   0.61881   0.22309   0.25124   0.23884   1.82159   0.05167   0.20120   0.22265   0.08742   0.08138   0.03472   1.28158   0.04112   0.01356   0.00010  
 36 11.6247   7954.322678  x:  0.80409   1.92273   3.52910   1.77228   1.19213   0.01884   1.58290   0.89856   0.61691   0.22016   0.25539   0.23807   1.83032   0.07444   0.19036   0.22246   0.09321   0.08302   0.03367   1.28209   0.04084   0.01334   0.00010  
 37 32.0832   7954.168423  x:  0.84413   1.94488   3.54145   1.77823   1.19584   0.01968   1.59974   0.90743   0.61897   0.22180   0.26220   0.24510   1.83945   0.07666   0.17564   0.21250   0.09661   0.08388   0.03328   1.28170   0.04042   0.01356   0.00010  
 38 27.8363   7954.004251  x:  0.89177   1.97390   3.55940   1.78651   1.20092   0.00919   1.62209   0.91833   0.62619   0.22839   0.25632   0.24613   1.85227   0.07379   0.17958   0.21126   0.09864   0.07586   0.03676   1.27980   0.03974   0.01363   0.00010  
 39 19.9700   7953.816696  x:  0.93069   1.99828   3.57492   1.79367   1.20540   0.00000   1.64107   0.92751   0.63215   0.23351   0.25092   0.24646   1.86328   0.06997   0.18521   0.21206   0.09699   0.08009   0.03495   1.27819   0.03916   0.01354   0.00010  
 40 91.4049   7953.708069  x:  0.95919   2.02148   3.59337   1.80263   1.21228   0.00187   1.66152   0.93758   0.63162   0.22875   0.25983   0.25239   1.87591   0.05966   0.19843   0.22091   0.09295   0.07945   0.03537   1.27788   0.03876   0.01346   0.00010  
 41 16.0954   7953.601748  x:  0.98022   2.04602   3.61706   1.81459   1.22196   0.01204   1.68535   0.94958   0.62782   0.21860   0.26050   0.24519   1.89178   0.04568   0.21300   0.21458   0.09441   0.07967   0.03515   1.27834   0.03849   0.01352   0.00010  
 42 16.6270   7953.235589  x:  0.96805   2.15659   3.77676   1.89870   1.28185   0.03896   1.80929   1.01306   0.66283   0.24415   0.25719   0.24873   1.99437   0.04096   0.21871   0.21522   0.09386   0.08012   0.03488   1.28508   0.03653   0.01356   0.00010  
 43  6.9019   7952.837210  x:  0.94666   2.26806   3.94798   1.98781   1.33369   0.00951   1.92913   1.07015   0.66735   0.22671   0.25764   0.25077   2.10157   0.04724   0.21106   0.21436   0.09461   0.07999   0.03498   1.28351   0.03404   0.01354   0.00010  
 44 32.7628   7952.736506  x:  0.94976   2.30074   4.03407   2.01685   1.30768   0.02010   1.93179   1.05502   0.65480   0.23254   0.24612   0.26292   2.13195   0.04666   0.21201   0.21461   0.09454   0.08026   0.03487   1.26695   0.03371   0.01350   0.00010  
 45  3.2370   7952.657523  x:  0.95444   2.32559   4.10923   2.04002   1.28287   0.02175   1.92831   1.03932   0.65327   0.24321   0.25886   0.24987   2.15437   0.04559   0.21311   0.21459   0.09446   0.08042   0.03479   1.26688   0.03346   0.01350   0.00010  
 46 10.0743   7952.624931  x:  0.95946   2.33181   4.14618   2.04882   1.27755   0.02240   1.92212   1.03490   0.65935   0.23738   0.25548   0.25297   2.15848   0.04534   0.21331   0.21454   0.09430   0.08044   0.03474   1.28781   0.03353   0.01355   0.00010  
 47  3.1415   7952.571789  x:  0.97532   2.32118   4.22084   2.05873   1.30194   0.02170   1.90439   1.04890   0.68140   0.22251   0.25664   0.25171   2.14389   0.04640   0.21236   0.21475   0.09424   0.08077   0.03462   1.27667   0.03326   0.01351   0.00010  
 48  1.4642   7952.524452  x:  0.99008   2.30582   4.28422   2.06475   1.33133   0.01617   1.89868   1.06859   0.66156   0.23536   0.25671   0.25118   2.12866   0.04655   0.21226   0.21490   0.09402   0.08103   0.03452   1.28096   0.03309   0.01351   0.00010  
 49  2.4616   7952.381487  x:  1.01591   2.26198   4.37916   2.07736   1.32795   0.00172   2.01914   1.06950   0.66262   0.22972   0.25666   0.24910   2.13637   0.05194   0.20674   0.21590   0.09341   0.08236   0.03399   1.27962   0.03299   0.01344   0.00010  
 50  0.6045   7952.349798  x:  1.01750   2.26781   4.38229   2.08528   1.32877   0.00000   2.02033   1.07650   0.66256   0.22918   0.25676   0.24877   2.14446   0.05233   0.20634   0.21602   0.09333   0.08252   0.03393   1.27945   0.03295   0.01344   0.00010  
 51  0.9536   7952.281532  x:  1.02109   2.33770   4.39905   2.10841   1.38316   0.00000   2.02848   1.04717   0.66079   0.22851   0.25756   0.24726   2.17194   0.05549   0.20302   0.21654   0.09307   0.08311   0.03371   1.27761   0.03279   0.01341   0.00010  
 52  1.2841   7952.197245  x:  1.01807   2.45520   4.46150   2.10607   1.37977   0.00000   2.06826   1.11058   0.66476   0.22613   0.25786   0.24700   2.17810   0.05724   0.20096   0.21702   0.09287   0.08339   0.03363   1.27578   0.03238   0.01341   0.00010  
 53  0.6056   7952.046169  x:  1.09074   2.50623   4.58789   2.23633   1.41983   0.00000   2.14051   1.19345   0.67658   0.22651   0.25833   0.24840   2.35580   0.05401   0.20383   0.21741   0.09266   0.08346   0.03365   1.27477   0.03094   0.01344   0.00010  
 54  0.9156   7952.040151  x:  1.09468   2.51745   4.59966   2.27334   1.41865   0.00000   2.15170   1.19336   0.67710   0.22767   0.25849   0.24855   2.34017   0.05358   0.20431   0.21726   0.09274   0.08332   0.03370   1.27473   0.03083   0.01344   0.00010  
 55  0.2078   7952.026711  x:  1.10903   2.56158   4.67949   2.28214   1.42672   0.00000   2.17466   1.19687   0.68120   0.23009   0.25981   0.24884   2.36840   0.05308   0.20508   0.21639   0.09330   0.08254   0.03396   1.27408   0.03053   0.01346   0.00010  
 56  0.1055   7952.026054  x:  1.11260   2.56816   4.69670   2.28938   1.43324   0.00000   2.18612   1.20142   0.68179   0.23003   0.25956   0.24910   2.37582   0.05303   0.20504   0.21655   0.09321   0.08264   0.03390   1.27422   0.03040   0.01346   0.00010  
 57  0.0247   7952.025973  x:  1.11281   2.56731   4.69817   2.29050   1.43431   0.00000   2.18739   1.20207   0.68173   0.23003   0.25951   0.24912   2.37625   0.05302   0.20505   0.21657   0.09319   0.08265   0.03389   1.27425   0.03040   0.01346   0.00010  
 58  0.0036   7952.025972  x:  1.11275   2.56777   4.69885   2.29081   1.43442   0.00000   2.18774   1.20236   0.68182   0.23002   0.25955   0.24908   2.37669   0.05302   0.20506   0.21655   0.09320   0.08265   0.03390   1.27420   0.03040   0.01346   0.00010  
 59  0.0009   7952.025972  x:  1.11272   2.56775   4.69880   2.29079   1.43440   0.00000   2.18771   1.20235   0.68182   0.23002   0.25955   0.24909   2.37667   0.05302   0.20506   0.21656   0.09320   0.08265   0.03390   1.27421   0.03040   0.01346   0.00010  
 60  0.0001   7952.025972  x:  1.11272   2.56775   4.69880   2.29079   1.43440   0.00000   2.18770   1.20234   0.68182   0.23002   0.25955   0.24909   2.37667   0.05302   0.20506   0.21656   0.09320   0.08265   0.03390   1.27421   0.03040   0.01346   0.00010  
 61  0.0000   7952.025972  x:  1.11271   2.56775   4.69880   2.29079   1.43440   0.00000   2.18770   1.20234   0.68182   0.23002   0.25955   0.24909   2.37667   0.05302   0.20506   0.21656   0.09320   0.08265   0.03390   1.27421   0.03040   0.01346   0.00010  
 62  0.0000   7952.025972  x:  1.11271   2.56775   4.69880   2.29079   1.43440   0.00000   2.18770   1.20234   0.68182   0.23002   0.25955   0.24909   2.37667   0.05302   0.20506   0.21656   0.09320   0.08265   0.03390   1.27421   0.03040   0.01346   0.00010  
 63  0.0000   7952.025972  x:  1.11271   2.56775   4.69880   2.29079   1.43440   0.00000   2.18770   1.20234   0.68182   0.23002   0.25955   0.24909   2.37667   0.05302   0.20506   0.21656   0.09320   0.08265   0.03390   1.27421   0.03040   0.01346   0.00010  
 64  0.0036   7952.025972  x:  1.11271   2.56775   4.69880   2.29079   1.43440   0.00000   2.18770   1.20234   0.68182   0.23002   0.25955   0.24909   2.37667   0.05302   0.20506   0.21656   0.09320   0.08265   0.03390   1.27421   0.03040   0.01346   0.00010  
 65  0.0036   7952.025972  x:  1.11271   2.56775   4.69880   2.29079   1.43440   0.00000   2.18770   1.20234   0.68182   0.23002   0.25955   0.24909   2.37667   0.05302   0.20506   0.21656   0.09320   0.08265   0.03390   1.27421   0.03040   0.01346   0.00010  
 66  0.0100   7952.025972  x:  1.11271   2.56775   4.69880   2.29079   1.43440   0.00000   2.18770   1.20234   0.68182   0.23002   0.25955   0.24909   2.37667   0.05302   0.20506   0.21656   0.09320   0.08265   0.03390   1.27421   0.03040   0.01346   0.00010  
 67  0.0019   7952.025972  x:  1.11271   2.56775   4.69880   2.29079   1.43440   0.00000   2.18770   1.20234   0.68182   0.23002   0.25955   0.24909   2.37667   0.05302   0.20506   0.21656   0.09320   0.08265   0.03390   1.27421   0.03040   0.01346   0.00010  
 68  0.0011   7952.025972  x:  1.11271   2.56775   4.69880   2.29079   1.43440   0.00000   2.18770   1.20234   0.68182   0.23002   0.25954   0.24909   2.37667   0.05302   0.20506   0.21656   0.09320   0.08265   0.03390   1.27421   0.03040   0.01346   0.00010  
 69  0.0010   7952.025972  x:  1.11271   2.56775   4.69880   2.29079   1.43440   0.00000   2.18770   1.20234   0.68182   0.23002   0.25954   0.24909   2.37667   0.05302   0.20506   0.21656   0.09320   0.08265   0.03390   1.27421   0.03040   0.01346   0.00010  
 70  0.0010   7952.025972  x:  1.11271   2.56775   4.69880   2.29079   1.43440   0.00000   2.18770   1.20234   0.68182   0.23002   0.25954   0.24909   2.37667   0.05302   0.20506   0.21656   0.09320   0.08265   0.03390   1.27421   0.03040   0.01346   0.00010  
 71  0.0008   7952.025972  x:  1.11271   2.56775   4.69880   2.29079   1.43440   0.00000   2.18770   1.20234   0.68182   0.23002   0.25954   0.24909   2.37667   0.05302   0.20506   0.21656   0.09320   0.08265   0.03390   1.27421   0.03040   0.01346   0.00010  
 72  0.0644   7952.025972  x:  1.11271   2.56775   4.69880   2.29079   1.43440   0.00000   2.18770   1.20234   0.68182   0.23002   0.25954   0.24909   2.37667   0.05302   0.20506   0.21656   0.09320   0.08265   0.03390   1.27421   0.03040   0.01346   0.00010  
 73  0.0073   7952.025972  x:  1.11271   2.56775   4.69880   2.29079   1.43440   0.00000   2.18770   1.20234   0.68182   0.23002   0.25954   0.24909   2.37667   0.05302   0.20506   0.21656   0.09320   0.08265   0.03390   1.27421   0.03040   0.01346   0.00010  
 74  0.0013   7952.025972  x:  1.11271   2.56775   4.69880   2.29079   1.43440   0.00000   2.18770   1.20234   0.68182   0.23002   0.25954   0.24909   2.37667   0.05302   0.20506   0.21656   0.09320   0.08265   0.03390   1.27421   0.03040   0.01346   0.00010  
 75  0.0144   7952.025972  x:  1.11271   2.56775   4.69880   2.29079   1.43440   0.00000   2.18770   1.20234   0.68182   0.23002   0.25954   0.24909   2.37667   0.05302   0.20506   0.21656   0.09320   0.08265   0.03390   1.27421   0.03040   0.01346   0.00010  
check convergence!
