Supplemental results for CODEML (seqf: cds2.phylip  treef: tree.H0.nwk)

Number of codon sites with 0,1,2,3 position differences
   2 vs.    1     38    73    79    55  -1.0000 (0.6881 -1.0000)
   3 vs.    1     34    82    76    53  -1.0000 (0.6765 -1.0000)
   3 vs.    2    214    54     8     0   0.0726 (0.0256 0.3525)
   4 vs.    1     40    81    76    46  -1.0000 (0.6337 -1.0000)
   4 vs.    2     39    99    88    42  -1.0000 (0.6091 -1.0000)
   4 vs.    3     41    96    93    38   0.1533 (0.6067 3.9575)
   5 vs.    1     37    96    75    37  -1.0000 (0.5635 -1.0000)
   5 vs.    2     39    84   101    49  -1.0000 (0.7113 -1.0000)
   5 vs.    3     37    83   101    52  -1.0000 (0.7100 -1.0000)
   5 vs.    4     44    82    93    47   0.1971 (0.6739 3.4186)
   6 vs.    1     64   101    58    22  -1.0000 (0.3299 -1.0000)
   6 vs.    2     24    93    84    44  -1.0000 (0.6860 -1.0000)
   6 vs.    3     32    87    82    44  -1.0000 (0.6664 -1.0000)
   6 vs.    4     41    91    77    34  -1.0000 (0.5401 -1.0000)
   6 vs.    5     36    86    75    46  -1.0000 (0.6612 -1.0000)
   7 vs.    1     57    90    61    37  -1.0000 (0.4411 -1.0000)
   7 vs.    2     46    72    75    53   0.3022 (0.7044 2.3310)
   7 vs.    3     41    77    76    52  -1.0000 (0.6831 -1.0000)
   7 vs.    4     47    72    86    39  -1.0000 (0.5945 -1.0000)
   7 vs.    5     42    71    82    49  -1.0000 (0.6649 -1.0000)
   7 vs.    6     54    85    76    30  -1.0000 (0.4449 -1.0000)
   8 vs.    1     90   105    35    15   0.0961 (0.2019 2.1009)
   8 vs.    2     37    77    84    47  -1.0000 (0.6845 -1.0000)
   8 vs.    3     39    72    88    46  -1.0000 (0.6868 -1.0000)
   8 vs.    4     34    92    75    42  -1.0000 (0.5893 -1.0000)
   8 vs.    5     36    83    93    31  -1.0000 (0.6015 -1.0000)
   8 vs.    6     66   112    52    15   0.1454 (0.3038 2.0891)
   8 vs.    7     55    94    63    33  -1.0000 (0.4066 -1.0000)
   9 vs.    1     38    73    79    55  -1.0000 (0.6882 -1.0000)
   9 vs.    2    274     2     0     0   0.0000 (0.0000 0.0105)
   9 vs.    3    213    55     8     0   0.0709 (0.0256 0.3608)
   9 vs.    4     39    99    88    42  -1.0000 (0.6092 -1.0000)
   9 vs.    5     39    84   101    49  -1.0000 (0.7114 -1.0000)
   9 vs.    6     24    93    84    44  -1.0000 (0.6861 -1.0000)
   9 vs.    7     46    71    76    53   0.2850 (0.7045 2.4720)
   9 vs.    8     37    77    84    47  -1.0000 (0.6846 -1.0000)
  10 vs.    1     29    89    77    50  -1.0000 (0.6799 -1.0000)
  10 vs.    2    189    73    14     0   0.0759 (0.0420 0.5532)
  10 vs.    3    186    78    12     0   0.0599 (0.0362 0.6049)
  10 vs.    4     42    96    88    42  -1.0000 (0.5999 -1.0000)
  10 vs.    5     39    88    93    53  -1.0000 (0.7087 -1.0000)
  10 vs.    6     28    91    83    43  -1.0000 (0.6584 -1.0000)
  10 vs.    7     47    71    74    54   0.2069 (0.6865 3.3184)
  10 vs.    8     38    74    84    49  -1.0000 (0.6940 -1.0000)
  10 vs.    9    187    75    14     0   0.0731 (0.0420 0.5752)

