

TREE # 1

  0  0.0000   7392.024730  x:  0.00000   0.46833   0.48672   0.05839   0.38873   0.09505   0.29106   0.13409   0.30563   0.26072   0.40694   0.12061   0.06712   0.09857   0.03108   0.04606   0.05147   2.00000   0.20000  
  1 99.0000   6957.133781  x:  0.26632   0.54454   0.54539   0.24103   0.44742   0.19037   0.34636   0.19445   0.35064   0.30125   0.48570   0.14990   0.09840   0.12988   0.15126   0.00000   0.01172   1.98022   0.41207  
  2 2491.9042   6913.173903  x:  0.26662   0.57310   0.56655   0.25963   0.47070   0.21172   0.36801   0.21378   0.37113   0.31830   0.51221   0.15420   0.10148   0.12972   0.14269   0.00000   0.00047   1.97287   0.38049  
  3 706.4142   6760.450096  x:  0.27049   0.74148   0.69139   0.37028   0.60781   0.33764   0.49552   0.32755   0.49171   0.41866   0.66857   0.17969   0.11976   0.12912   0.09354   0.00000   0.00922   1.92939   0.19735  
  4 24497.4448   6678.615793  x:  0.12443   0.88474   0.79960   0.37664   0.71837   0.39990   0.59003   0.39801   0.58671   0.49359   0.79541   0.18303   0.11460   0.12442   0.02193   0.00000   0.01245   1.87475   0.28163  
  5 789.7588   6633.213804  x:  0.00000   0.98285   0.87433   0.36383   0.79121   0.42924   0.64792   0.43597   0.64614   0.53846   0.88175   0.18316   0.10905   0.13612   0.09580   0.00000   0.01413   1.83275   0.31580  
  6 1452.7468   6605.504747  x:  0.03390   1.15716   1.02687   0.30391   0.85514   0.30651   0.60830   0.32207   0.61285   0.47594   1.04184   0.12189   0.04357   0.14031   0.10015   0.00000   0.01366   1.68870   0.30693  
  7 152.4335   6593.669416  x:  0.04317   1.24931   1.10958   0.27157   0.88660   0.22969   0.57993   0.25165   0.58632   0.43402   1.12844   0.16845   0.09832   0.14005   0.09848   0.00000   0.01340   1.59632   0.30267  
  8 399.5843   6590.146752  x:  0.00725   1.23896   1.12395   0.34343   0.87458   0.22385   0.55684   0.27563   0.53714   0.40589   1.14060   0.18313   0.08266   0.12043   0.09909   0.00000   0.01335   1.45021   0.29858  
  9 39.7439   6589.473590  x:  0.00427   1.23306   1.12555   0.34912   0.86960   0.22266   0.55456   0.28094   0.53429   0.40886   1.13898   0.18360   0.08204   0.14674   0.09534   0.00000   0.01333   1.40902   0.29690  
 10 49.8245   6588.418499  x:  0.01886   1.21728   1.12583   0.32552   0.85851   0.22352   0.56231   0.28407   0.55654   0.43912   1.12585   0.17487   0.09043   0.13753   0.09679   0.00000   0.01330   1.32515   0.29471  
 11 29.5400   6587.591961  x:  0.01857   1.21333   1.12878   0.31698   0.87515   0.26568   0.59009   0.25044   0.56054   0.41428   1.11324   0.17001   0.09410   0.13810   0.09670   0.00000   0.01332   1.29940   0.29359  
 12  6.3747   6566.902099  x:  0.00000   1.30410   1.25970   0.37148   1.00903   0.17476   0.76309   0.29704   0.66091   0.37052   1.03887   0.23756   0.04237   0.13950   0.09818   0.00000   0.01356   1.30750   0.27806  
 13  4.4552   6566.902099  x:  0.00000   1.30410   1.25970   0.37148   1.00903   0.17476   0.76309   0.29704   0.66091   0.37052   1.03887   0.23756   0.04237   0.13950   0.09818   0.00000   0.01356   1.30750   0.27806  
 14 54.9190   6561.109226  x:  0.00902   1.30881   1.26249   0.38013   1.01239   0.18312   0.76526   0.30186   0.66402   0.37609   1.04525   0.23811   0.04623   0.14075   0.10596   0.00000   0.00251   1.30800   0.26703  
 15 298.8585   6538.949343  x:  0.07027   1.34116   1.28169   0.43906   1.03548   0.23998   0.78020   0.33473   0.68539   0.41401   1.08894   0.24150   0.07191   0.14884   0.15675   0.00000   0.00986   1.31118   0.19584  
 16 1256.3650   6503.013775  x:  0.23037   1.43439   1.33797   0.59719   1.10221   0.38873   0.82437   0.42331   0.74642   0.51473   1.21180   0.24182   0.12442   0.15801   0.24376   0.00000   0.01435   1.31056   0.24914  
 17 646.3244   6481.760663  x:  0.30821   1.51641   1.38320   0.69720   1.15615   0.46514   0.85391   0.46843   0.78817   0.56798   1.31177   0.18381   0.07962   0.09932   0.12354   0.00000   0.01282   1.31749   0.22828  
 18 223.5794   6478.862147  x:  0.30907   1.54686   1.39862   0.71516   1.17319   0.46809   0.86012   0.46919   0.79642   0.56919   1.34414   0.18495   0.07797   0.14155   0.08902   0.00000   0.01243   1.32180   0.22373  
 19 111.1945   6459.642608  x:  0.07550   2.01966   1.62678   0.82965   1.41484   0.29790   0.92136   0.35299   0.86917   0.43942   1.80700   0.22870   0.00000   0.15421   0.12934   0.00000   0.01190   1.39908   0.20603  
 20 71.5100   6455.637239  x:  0.01179   2.13322   1.68187   0.85155   1.47314   0.25540   0.93775   0.33195   0.88689   0.41512   1.91738   0.26666   0.03757   0.13522   0.11510   0.00000   0.01162   1.41578   0.20021  
 21 362.6908   6455.110014  x:  0.00000   2.14173   1.68661   0.84717   1.47781   0.25222   0.94097   0.34057   0.88830   0.42289   1.92390   0.26376   0.03950   0.13572   0.11578   0.00000   0.01159   1.41410   0.19966  
 22 36.5113   6454.271067  x:  0.00345   2.19888   1.74875   0.77810   1.49814   0.29152   0.93267   0.36588   0.83787   0.39932   1.93551   0.24153   0.05408   0.13660   0.11653   0.00000   0.01155   1.36527   0.19617  
 23 10.3087   6453.514834  x:  0.03023   2.26046   1.82737   0.69798   1.49798   0.31307   0.90744   0.34219   0.84073   0.44858   1.92831   0.26631   0.03974   0.13452   0.11480   0.00000   0.01144   1.35107   0.19280  
 24 10.7542   6451.993389  x:  0.04180   2.34067   1.96484   0.65429   1.44910   0.34693   0.93235   0.38162   0.90263   0.42335   1.88354   0.23762   0.05915   0.13683   0.11727   0.00000   0.01134   1.46326   0.19093  
 25  5.7287   6448.465656  x:  0.00000   2.39543   2.07725   0.74145   1.40835   0.37229   0.96918   0.40240   0.92055   0.42875   1.85400   0.25710   0.04985   0.13652   0.11711   0.00000   0.01080   1.42572   0.18057  
 26  8.0040   6448.465656  x:  0.00000   2.39543   2.07725   0.74145   1.40835   0.37229   0.96918   0.40240   0.92055   0.42875   1.85400   0.25710   0.04985   0.13652   0.11711   0.00000   0.01080   1.42572   0.18057  
 27 17.5762   6447.153754  x:  0.00100   2.39571   2.07709   0.74281   1.40896   0.37347   0.96947   0.40361   0.92086   0.43061   1.85496   0.25685   0.05079   0.13776   0.12055   0.00000   0.00496   1.42573   0.17067  
 28 180.6707   6446.585092  x:  0.00240   2.39614   2.07699   0.74459   1.40978   0.37503   0.96991   0.40520   0.92133   0.43297   1.85624   0.25658   0.05201   0.13920   0.12452   0.00000   0.00837   1.42558   0.16323  
 29 209.6838   6442.931206  x:  0.03326   2.40660   2.07736   0.78129   1.42768   0.40754   0.98068   0.43781   0.93219   0.47938   1.88299   0.25179   0.07642   0.16277   0.18997   0.00000   0.00780   1.41850   0.16364  
 30 108.8693   6432.723013  x:  0.17371   2.45954   2.08024   0.95451   1.51420   0.55388   1.02954   0.57825   0.97793   0.67234   2.01335   0.17634   0.11655   0.10406   0.17067   0.00000   0.00716   1.38863   0.13955  
 31 103.5707   6430.326685  x:  0.21068   2.47901   2.08236   1.00590   1.54162   0.59126   1.04212   0.60949   0.98599   0.71077   2.05648   0.17165   0.13746   0.14741   0.13271   0.00000   0.00698   1.38405   0.13221  
 32 118.4921   6426.115073  x:  0.27369   2.62903   2.11297   1.21963   1.68597   0.64226   1.06228   0.57057   0.92897   0.57227   2.31673   0.18827   0.10622   0.14730   0.14458   0.00000   0.00666   1.44656   0.12134  
 33 24.4192   6425.829281  x:  0.26619   2.64580   2.11577   1.23319   1.69774   0.63758   1.06424   0.56632   0.93390   0.57086   2.34204   0.20417   0.11898   0.13987   0.14332   0.00000   0.00663   1.45283   0.12026  
 34 26.1915   6423.332760  x:  0.08921   2.84644   2.14583   1.33331   1.81236   0.52211   1.08785   0.52291   1.05710   0.64038   2.62139   0.21780   0.09414   0.14397   0.14500   0.00000   0.00657   1.51981   0.11687  
 35 29.8065   6422.619836  x:  0.00000   2.94475   2.17993   1.32065   1.84196   0.48637   1.12347   0.59124   1.03534   0.61758   2.72407   0.18080   0.12915   0.14417   0.14468   0.00000   0.00652   1.46222   0.11378  
 36 10.3469   6421.823033  x:  0.02585   3.12120   2.29311   1.20990   1.82088   0.51015   1.10595   0.63230   0.97736   0.66129   2.83176   0.22430   0.08975   0.14517   0.14370   0.00000   0.00664   1.47327   0.11173  
 37  3.8718   6421.113408  x:  0.04587   3.24894   2.38053   1.14067   1.81679   0.58004   1.10253   0.58709   1.01109   0.65011   2.89291   0.16508   0.14548   0.14607   0.14232   0.00000   0.00682   1.49779   0.11090  
 38  6.1724   6419.736252  x:  0.02140   3.37949   2.48254   1.18156   1.85492   0.70157   1.18721   0.59933   1.14559   0.57919   2.92485   0.21904   0.09898   0.14831   0.14434   0.00000   0.00721   1.43774   0.10751  
 39  4.5077   6418.196474  x:  0.01863   3.44642   2.56050   1.35033   1.90708   0.62838   1.25410   0.63853   1.10078   0.58721   2.93111   0.20265   0.12001   0.15073   0.14177   0.00000   0.00793   1.49850   0.11298  
 40  5.1255   6417.907770  x:  0.05356   3.45805   2.59103   1.38550   1.93285   0.57914   1.24185   0.60895   1.09912   0.59991   2.94294   0.19881   0.12405   0.15101   0.14234   0.00000   0.00799   1.43969   0.11151  
 41  5.4508   6417.545471  x:  0.10895   3.43351   2.67938   1.36142   2.10211   0.53154   1.23194   0.66660   1.14746   0.58748   2.99101   0.19472   0.12871   0.15177   0.14401   0.00000   0.00800   1.46174   0.10809  
 42  1.5165   6417.010753  x:  0.07126   3.40892   2.77028   1.37882   2.26107   0.59950   1.28111   0.63303   1.09412   0.65686   3.10896   0.19956   0.12659   0.15291   0.14603   0.00000   0.00802   1.45684   0.10461  
 43  2.4073   6415.534131  x:  0.10412   3.51909   2.95237   1.58968   2.20179   0.65632   1.37036   0.70568   1.15771   0.70061   3.48443   0.18604   0.14352   0.15597   0.15342   0.00000   0.00794   1.48697   0.09249  
 44  3.2207   6415.172462  x:  0.09046   3.60980   2.85444   1.63633   2.22871   0.70250   1.25464   0.75180   1.16526   0.70887   3.56488   0.18182   0.14886   0.15648   0.15479   0.00000   0.00799   1.47952   0.09267  
 45  2.8337   6414.898437  x:  0.14474   3.78152   2.70335   1.63701   2.28505   0.69417   1.32619   0.75473   1.17040   0.72340   3.58210   0.18161   0.14967   0.15645   0.15643   0.00000   0.00795   1.48009   0.09087  
 46  2.3179   6414.586682  x:  0.10561   4.03463   2.88287   1.78550   2.33735   0.72366   1.36172   0.77844   1.19042   0.75183   3.52772   0.17687   0.15438   0.15433   0.15685   0.00000   0.00765   1.49355   0.08719  
 47  0.5455   6414.154829  x:  0.11072   4.12284   3.00327   1.85580   2.32937   0.74730   1.46601   0.80930   1.23567   0.77446   3.75970   0.17552   0.15547   0.15050   0.15720   0.00000   0.00735   1.50054   0.08630  
 48  1.0351   6413.976897  x:  0.12585   4.26833   3.13186   1.91630   2.45073   0.78463   1.52711   0.85285   1.28576   0.79973   3.97967   0.17725   0.15652   0.14985   0.15675   0.00000   0.00744   1.48823   0.08022  
 49  0.3155   6413.919619  x:  0.12687   4.40353   3.20366   1.94954   2.55197   0.80412   1.55790   0.88203   1.31566   0.81702   4.06066   0.17959   0.15580   0.15113   0.15710   0.00000   0.00761   1.48560   0.07852  
 50  0.1193   6413.915639  x:  0.12834   4.43889   3.23507   1.96555   2.56396   0.80991   1.57297   0.89088   1.32511   0.82277   4.09593   0.17885   0.15688   0.15161   0.15739   0.00000   0.00757   1.48944   0.07762  
 51  0.0611   6413.915127  x:  0.12856   4.44236   3.23954   1.96709   2.56077   0.80996   1.57515   0.89185   1.32599   0.82369   4.09883   0.17849   0.15725   0.15179   0.15734   0.00000   0.00756   1.49056   0.07766  
 52  0.0072   6413.915103  x:  0.12897   4.44445   3.24089   1.96745   2.56110   0.81027   1.57564   0.89229   1.32633   0.82427   4.10040   0.17850   0.15730   0.15179   0.15728   0.00000   0.00756   1.49004   0.07762  
 53  0.0023   6413.915100  x:  0.12919   4.44399   3.24040   1.96688   2.56077   0.81027   1.57528   0.89218   1.32609   0.82438   4.09965   0.17850   0.15730   0.15178   0.15730   0.00000   0.00756   1.49006   0.07763  
 54  0.0006   6413.915100  x:  0.12925   4.44403   3.24055   1.96686   2.56083   0.81033   1.57532   0.89222   1.32613   0.82441   4.09974   0.17849   0.15730   0.15178   0.15729   0.00000   0.00756   1.49009   0.07763  
 55  0.0001   6413.915100  x:  0.12926   4.44399   3.24054   1.96685   2.56082   0.81034   1.57532   0.89221   1.32613   0.82440   4.09970   0.17849   0.15730   0.15178   0.15729   0.00000   0.00756   1.49009   0.07763  
 56  0.0000   6413.915100  x:  0.12927   4.44398   3.24054   1.96686   2.56082   0.81035   1.57532   0.89221   1.32614   0.82440   4.09969   0.17849   0.15730   0.15178   0.15729   0.00000   0.00756   1.49009   0.07763  
 57  0.0000   6413.915100  x:  0.12926   4.44399   3.24054   1.96686   2.56082   0.81035   1.57532   0.89221   1.32613   0.82440   4.09970   0.17849   0.15730   0.15178   0.15729   0.00000   0.00756   1.49009   0.07763  
 58  0.0000   6413.915100  x:  0.12927   4.44399   3.24054   1.96686   2.56082   0.81035   1.57532   0.89221   1.32613   0.82440   4.09970   0.17849   0.15730   0.15178   0.15729   0.00000   0.00756   1.49009   0.07763  