

TREE # 1

  0  0.0000   2266.143825  x:  0.79054   0.97554   0.78849   0.27253   0.87511   0.28058   0.82959   0.33332   0.40751   0.22050   0.28390   0.28237   1.00817   0.20283   0.00000   0.20554   0.12876   0.01896   0.01638   2.00000   0.20000   0.20000   0.20000  
  1 99.0000   2258.622055  x:  0.79610   0.98057   0.79529   0.28082   0.87407   0.28186   0.83184   0.33507   0.41036   0.22320   0.28742   0.28326   1.01273   0.20478   0.01273   0.20342   0.13521   0.00248   0.00000   1.99730   0.22662   0.19582   0.19566  
  2 212.0867   2258.227373  x:  0.79681   0.98123   0.79617   0.28188   0.87382   0.28199   0.83208   0.33523   0.41069   0.22353   0.28784   0.28334   1.01330   0.20473   0.01286   0.20310   0.13588   0.00000   0.00000   1.99704   0.22642   0.19520   0.19502  
  3 183.6194   2255.326971  x:  0.81326   0.99693   0.81701   0.30072   0.86640   0.28339   0.83864   0.33725   0.41613   0.22705   0.29289   0.28280   1.02613   0.19850   0.00000   0.19780   0.12506   0.00000   0.00000   1.98997   0.23107   0.18016   0.17647  
  4 162.8869   2249.508167  x:  0.87266   1.05542   0.89207   0.34492   0.83088   0.27696   0.86507   0.33542   0.42594   0.22388   0.29254   0.27146   1.07273   0.20210   0.03714   0.19740   0.04827   0.00000   0.00000   1.96101   0.21489   0.13120   0.08598  
  5 161.7299   2245.655577  x:  0.90234   1.08704   0.93063   0.34368   0.80409   0.26594   0.88224   0.32700   0.42281   0.20839   0.27677   0.25858   1.09557   0.20628   0.03641   0.22532   0.04604   0.00000   0.00000   1.94187   0.21424   0.11774   0.01179  
  6 108.4072   2241.043898  x:  1.01772   1.21125   1.07968   0.32132   0.69016   0.22020   0.95384   0.29173   0.41121   0.15335   0.22512   0.21909   1.18718   0.23104   0.03007   0.36048   0.04524   0.00000   0.00000   1.85893   0.21013   0.10153   0.03796  
  7 54.4126   2238.620318  x:  1.08560   1.28320   1.16106   0.26608   0.60491   0.20315   1.00866   0.27681   0.42061   0.18464   0.27324   0.25991   1.24911   0.26672   0.02044   0.42695   0.02895   0.00000   0.00000   1.79541   0.20663   0.17858   0.03130  
  8 46.7651   2237.073921  x:  1.11720   1.30587   1.17238   0.15892   0.54160   0.24870   1.06127   0.29063   0.41559   0.23461   0.27801   0.27379   1.31004   0.27925   0.02005   0.40853   0.03732   0.00000   0.00000   1.74503   0.20557   0.12399   0.03426  
  9 14.5613   2234.530667  x:  1.18205   1.30081   1.11672   0.13851   0.44308   0.38288   1.15290   0.30637   0.36767   0.19903   0.25250   0.24362   1.50534   0.27588   0.02412   0.31675   0.05239   0.00000   0.00000   1.63978   0.20259   0.18428   0.03338  
 10 12.9293   2231.046673  x:  1.24904   1.25042   0.99534   0.16891   0.34818   0.42458   1.20587   0.22569   0.42416   0.16616   0.30204   0.29278   1.74090   0.16544   0.05590   0.35298   0.06493   0.00000   0.00000   1.56986   0.19998   0.15454   0.02769  
 11 16.6955   2226.595979  x:  1.36671   1.21540   0.94789   0.24883   0.36774   0.38057   1.18315   0.20946   0.54824   0.29739   0.26770   0.22245   1.96952   0.26891   0.03124   0.39619   0.06863   0.00000   0.00000   1.60583   0.20558   0.14583   0.01956  
 12 13.1196   2217.093036  x:  1.62739   1.26480   1.13126   0.29034   0.56546   0.25772   1.05136   0.39083   0.46028   0.21253   0.46414   0.26328   2.25270   0.38863   0.01101   0.39392   0.10351   0.00000   0.00000   1.84153   0.21441   0.07622   0.01086  
 13 20.0962   2209.020010  x:  1.83242   1.39656   1.44776   0.25284   0.71456   0.15156   0.94769   0.45567   0.50246   0.26428   0.36553   0.32059   2.32299   0.12280   0.09236   0.23480   0.16580   0.00000   0.00000   2.05371   0.21001   0.19013   0.00885  
 14 27.7999   2205.343288  x:  1.83241   1.46513   1.65562   0.33306   0.72069   0.31035   1.07837   0.22010   0.51929   0.26999   0.43922   0.25109   2.02027   0.11036   0.11003   0.17878   0.18598   0.00000   0.00000   2.04571   0.20731   0.19047   0.01008  
 15  9.6585   2202.738086  x:  1.77964   1.49752   1.78637   0.48998   0.64287   0.45755   1.22902   0.28718   0.53311   0.30323   0.40099   0.30896   1.70872   0.08488   0.13042   0.25928   0.18368   0.00000   0.00000   1.97162   0.19718   0.18064   0.00461  
 16 17.6862   2201.010009  x:  1.72072   1.51812   1.84729   0.59129   0.48142   0.39923   1.29597   0.32044   0.55563   0.28210   0.37355   0.36323   1.51055   0.11812   0.12807   0.18858   0.19754   0.00000   0.00000   1.89784   0.19692   0.15916   0.00834  
 17 16.4207   2200.288910  x:  1.67905   1.53832   1.87093   0.62589   0.41430   0.36348   1.28740   0.35955   0.52527   0.31796   0.41577   0.29323   1.46180   0.08115   0.13956   0.18478   0.20231   0.00000   0.00000   1.84516   0.19390   0.15752   0.00953  
 18  8.0684   2198.091968  x:  1.50238   1.70720   2.00656   0.70276   0.43059   0.41701   1.09523   0.33999   0.45487   0.38914   0.39956   0.33570   1.57610   0.09399   0.14024   0.20356   0.20755   0.00000   0.00000   1.63695   0.17416   0.12476   0.01642  
 19  3.9822   2196.211753  x:  1.41459   1.85950   2.11676   0.68862   0.44854   0.49039   1.12529   0.43230   0.64821   0.31255   0.45158   0.27445   1.74761   0.10483   0.14293   0.21334   0.21196   0.00000   0.00000   1.67393   0.14974   0.12317   0.02273  
 20  5.7617   2194.517066  x:  1.50078   1.94980   2.14902   0.73811   0.44140   0.46503   1.32855   0.41937   0.55569   0.38601   0.43961   0.29785   1.93360   0.10177   0.14485   0.22040   0.21880   0.00000   0.00000   1.88201   0.13541   0.10840   0.02899  
 21  5.5315   2191.743980  x:  2.28611   1.99595   2.09568   0.70532   0.48702   0.42438   1.28367   0.46199   0.60342   0.36753   0.45832   0.28782   2.03309   0.10917   0.14498   0.17018   0.23903   0.00000   0.00000   1.75298   0.11874   0.07174   0.02665  
 22  2.3661   2190.147229  x:  2.46803   2.02609   2.20352   0.72497   0.29284   0.50916   1.18964   0.46028   0.61020   0.37442   0.46813   0.27503   2.20305   0.13410   0.14514   0.18027   0.24354   0.00000   0.00000   1.92504   0.13240   0.06449   0.02555  
 23  2.6455   2188.029359  x:  2.57190   2.01534   2.42970   0.74209   0.46706   0.36415   1.48417   0.49417   0.62563   0.37986   0.49050   0.25326   2.52885   0.12702   0.14801   0.14659   0.26181   0.00000   0.00000   1.88168   0.13543   0.06646   0.02847  
 24  3.2561   2186.793322  x:  2.98914   1.83767   2.74529   0.77737   0.42642   0.44774   1.50123   0.50653   0.64527   0.37321   0.50678   0.24463   2.68518   0.12595   0.15341   0.17387   0.27453   0.00000   0.00000   1.94446   0.12641   0.11371   0.03431  
 25  1.1946   2185.178319  x:  3.00065   2.10250   3.22785   0.92391   0.35205   0.46083   1.63732   0.48150   0.70566   0.36353   0.50615   0.25197   2.97590   0.13430   0.16045   0.15396   0.30186   0.00000   0.00000   1.90535   0.10334   0.10227   0.02391  
 26  0.8602   2183.888735  x:  3.31876   2.76752   3.34102   1.06654   0.42706   0.59911   1.77365   0.50117   0.75288   0.37232   0.48512   0.28210   3.08726   0.09198   0.18095   0.18081   0.31662   0.00000   0.00000   1.98959   0.09259   0.08592   0.03587  
 27  1.1348   2183.107663  x:  3.47704   2.76780   3.64480   1.15718   0.44284   0.57809   1.88030   0.51356   0.75237   0.37128   0.49141   0.26304   3.21229   0.11225   0.17202   0.17709   0.31844   0.00000   0.00000   1.92902   0.09495   0.06847   0.03051  
 28  0.3184   2182.318319  x:  3.92314   2.86552   4.21094   1.32506   0.46441   0.59274   2.06036   0.58083   0.76781   0.36515   0.50044   0.24642   3.51611   0.12053   0.16256   0.14665   0.32876   0.00000   0.00000   1.90085   0.08044   0.08125   0.02370  
 29  0.5270   2181.387733  x:  4.76257   2.92813   5.11954   1.64524   0.51973   0.68608   2.41411   0.71810   0.76925   0.38109   0.48819   0.27437   3.85017   0.12279   0.13145   0.20617   0.29718   0.00000   0.00000   2.00745   0.07103   0.08952   0.02765  
 30  0.3631   2181.044966  x:  4.92133   3.21637   5.24112   1.75404   0.52666   0.70022   2.49048   0.76984   0.78644   0.37865   0.48826   0.28691   3.91468   0.12645   0.11449   0.18066   0.27919   0.00000   0.00000   2.04614   0.07120   0.09659   0.02040  
 31  0.3114   2180.800136  x:  5.08726   3.41183   5.47508   1.87129   0.53964   0.70983   2.60530   0.81559   0.81431   0.38192   0.50179   0.28555   4.02149   0.13824   0.09983   0.17434   0.26526   0.00000   0.00000   2.04235   0.06472   0.09349   0.01557  
 32  0.8893   2180.487138  x:  4.99614   3.48220   5.43477   1.91233   0.54617   0.69411   2.63788   0.84561   0.85378   0.40667   0.54239   0.27216   3.94347   0.15495   0.08326   0.19354   0.22632   0.00000   0.00000   2.00614   0.06445   0.08985   0.01991  
 33  0.0930   2180.381269  x:  4.84938   3.46742   5.35563   1.88279   0.52889   0.68701   2.58821   0.82369   0.88485   0.42325   0.54613   0.28604   3.92462   0.13787   0.09452   0.17623   0.22217   0.00000   0.00000   2.00012   0.06499   0.09471   0.02337  
 34  0.1048   2180.346955  x:  4.78710   3.49299   5.32185   1.87742   0.51978   0.66483   2.57518   0.79646   0.89305   0.43370   0.55726   0.27892   3.91955   0.14540   0.09748   0.18002   0.22148   0.00000   0.00000   1.99904   0.06541   0.09826   0.02194  
 35  0.0668   2180.325900  x:  4.85774   3.47203   5.47857   1.91723   0.52222   0.66285   2.60841   0.78346   0.90444   0.44667   0.55702   0.27947   3.99257   0.13849   0.10069   0.18412   0.21854   0.00000   0.00000   2.01509   0.06424   0.09791   0.02095  
 36  0.1025   2180.320541  x:  4.87849   3.46894   5.50125   1.92315   0.52858   0.66112   2.60549   0.77542   0.90621   0.44853   0.55655   0.27848   4.00357   0.13649   0.10307   0.18248   0.21910   0.00000   0.00000   2.01824   0.06463   0.09724   0.02075  
 37  0.0232   2180.315831  x:  4.95563   3.51666   5.55011   1.95109   0.54565   0.66439   2.62105   0.77800   0.91260   0.44898   0.55950   0.27710   4.02932   0.13748   0.10421   0.18090   0.21871   0.00000   0.00000   2.01879   0.06370   0.09697   0.02149  
 38  0.0480   2180.315159  x:  4.95917   3.51684   5.55006   1.95579   0.54591   0.66295   2.62003   0.77769   0.91492   0.44885   0.55981   0.27859   4.02834   0.13714   0.10503   0.18194   0.21821   0.00000   0.00000   2.01404   0.06368   0.09691   0.02169  
 39  0.0040   2180.314269  x:  4.97937   3.53045   5.55476   1.97215   0.54217   0.66340   2.62546   0.78413   0.91584   0.44708   0.55903   0.28046   4.03817   0.13610   0.10594   0.18155   0.21875   0.00000   0.00000   2.01435   0.06343   0.09702   0.02142  
 40  0.0069   2180.313513  x:  4.97373   3.52886   5.53832   1.98190   0.53937   0.66239   2.62558   0.78773   0.91517   0.44824   0.56065   0.27817   4.03717   0.13571   0.10662   0.18170   0.21826   0.00000   0.00000   2.01712   0.06356   0.09671   0.02155  
 41  0.0063   2180.312942  x:  4.96440   3.51592   5.52688   1.98937   0.54176   0.66223   2.62435   0.78536   0.91454   0.44931   0.56032   0.27804   4.03491   0.13536   0.10750   0.18155   0.21875   0.00000   0.00000   2.01627   0.06352   0.09680   0.02168  
 42  0.0061   2180.312566  x:  4.95597   3.51341   5.51647   1.99592   0.54385   0.66312   2.62463   0.78456   0.91411   0.44886   0.55947   0.27886   4.02879   0.13593   0.10662   0.18153   0.21812   0.00000   0.00000   2.01543   0.06359   0.09701   0.02139  
 43  0.0082   2180.312446  x:  4.95114   3.51661   5.50886   1.99724   0.54373   0.66422   2.62232   0.78223   0.91453   0.44788   0.55903   0.27880   4.02526   0.13572   0.10656   0.18183   0.21866   0.00000   0.00000   2.01653   0.06366   0.09691   0.02140  
 44  0.0041   2180.312385  x:  4.94893   3.52144   5.50719   1.99979   0.54322   0.66439   2.62168   0.78141   0.91568   0.44773   0.55962   0.27843   4.02392   0.13597   0.10619   0.18174   0.21843   0.00000   0.00000   2.01620   0.06363   0.09692   0.02144  
 45  0.0033   2180.312351  x:  4.94774   3.51641   5.50763   2.00015   0.54226   0.66415   2.61986   0.78085   0.91494   0.44750   0.55950   0.27832   4.02274   0.13618   0.10589   0.18159   0.21861   0.00000   0.00000   2.01547   0.06367   0.09693   0.02149  
 46  0.0020   2180.312346  x:  4.94935   3.51644   5.50927   2.00102   0.54242   0.66413   2.61989   0.78087   0.91469   0.44754   0.55944   0.27841   4.02291   0.13628   0.10580   0.18167   0.21854   0.00000   0.00000   2.01595   0.06366   0.09694   0.02150  
 47  0.0013   2180.312341  x:  4.94674   3.51590   5.50671   2.00045   0.54236   0.66365   2.61818   0.78063   0.91433   0.44744   0.55932   0.27852   4.02080   0.13626   0.10587   0.18161   0.21854   0.00000   0.00000   2.01602   0.06369   0.09693   0.02150  
 48  0.0012   2180.312339  x:  4.94605   3.51527   5.50638   2.00019   0.54250   0.66341   2.61748   0.78059   0.91416   0.44728   0.55928   0.27841   4.01976   0.13620   0.10589   0.18165   0.21852   0.00000   0.00000   2.01584   0.06370   0.09693   0.02149  
 49  0.0008   2180.312339  x:  4.94615   3.51515   5.50659   2.00031   0.54250   0.66346   2.61750   0.78057   0.91423   0.44723   0.55928   0.27839   4.01973   0.13617   0.10592   0.18165   0.21851   0.00000   0.00000   2.01589   0.06370   0.09694   0.02149  
 50  0.0001   2180.312339  x:  4.94591   3.51498   5.50655   2.00024   0.54244   0.66350   2.61749   0.78055   0.91421   0.44718   0.55927   0.27840   4.01953   0.13618   0.10592   0.18165   0.21850   0.00000   0.00000   2.01590   0.06370   0.09694   0.02149  
 51  0.0002   2180.312339  x:  4.94592   3.51504   5.50660   2.00030   0.54243   0.66351   2.61756   0.78053   0.91419   0.44718   0.55927   0.27840   4.01950   0.13618   0.10593   0.18164   0.21850   0.00000   0.00000   2.01588   0.06370   0.09693   0.02149  
 52  0.0000   2180.312339  x:  4.94590   3.51506   5.50657   2.00029   0.54243   0.66351   2.61756   0.78053   0.91418   0.44719   0.55927   0.27840   4.01948   0.13618   0.10593   0.18164   0.21850   0.00000   0.00000   2.01588   0.06370   0.09694   0.02149  
 53  0.0000   2180.312339  x:  4.94590   3.51506   5.50656   2.00029   0.54243   0.66351   2.61756   0.78053   0.91418   0.44719   0.55927   0.27840   4.01948   0.13618   0.10593   0.18164   0.21850   0.00000   0.00000   2.01588   0.06370   0.09694   0.02149  
 54  0.0000   2180.312339  x:  4.94590   3.51506   5.50656   2.00029   0.54243   0.66351   2.61756   0.78053   0.91418   0.44719   0.55927   0.27840   4.01948   0.13618   0.10593   0.18164   0.21850   0.00000   0.00000   2.01588   0.06370   0.09694   0.02149  
 55  0.0000   2180.312339  x:  4.94590   3.51506   5.50656   2.00029   0.54243   0.66351   2.61756   0.78053   0.91418   0.44719   0.55927   0.27840   4.01948   0.13618   0.10593   0.18164   0.21850   0.00000   0.00000   2.01588   0.06370   0.09694   0.02149  
 56  0.0000   2180.312339  x:  4.94590   3.51506   5.50656   2.00029   0.54243   0.66351   2.61756   0.78053   0.91418   0.44719   0.55927   0.27840   4.01948   0.13618   0.10593   0.18164   0.21850   0.00000   0.00000   2.01588   0.06370   0.09694   0.02149  
check convergence!
