

TREE # 1

  0  0.0000   6841.590552  x:  0.06627   1.21101   1.43338   0.29641   0.96820   0.12909   0.85291   0.22793   0.52871   0.40942   0.29025   0.21827   1.04615   0.17654   0.07781   0.10897   0.09427   0.08434   0.00000   2.00000   0.20000   0.20000  
  1 99.0000   6831.785003  x:  0.07225   1.21234   1.43528   0.30093   0.96842   0.13020   0.85216   0.22974   0.52845   0.40861   0.28943   0.21864   1.04789   0.17775   0.07997   0.10974   0.09719   0.08329   0.04314   1.99873   0.18972   0.20000  
  2 1479.4624   6814.820391  x:  0.10942   1.22089   1.44735   0.32929   0.97005   0.13738   0.84779   0.24139   0.52716   0.40376   0.28447   0.22116   1.05899   0.18498   0.09280   0.11180   0.10569   0.06467   0.04056   1.99033   0.14234   0.19754  
  3 423.4375   6778.035636  x:  0.23770   1.25274   1.49202   0.42899   0.97832   0.16480   0.83519   0.28543   0.52570   0.38928   0.26884   0.23206   1.10023   0.20803   0.13310   0.11791   0.13237   0.01262   0.04219   1.95750   0.15108   0.18885  
  4 675.1328   6727.464448  x:  0.62876   1.35376   1.63633   0.73971   1.00453   0.24843   0.79361   0.42392   0.52133   0.34191   0.21894   0.26791   1.23275   0.26735   0.24136   0.12777   0.20146   0.11802   0.03484   1.85077   0.15586   0.15796  
  5 1501.7347   6706.756247  x:  0.71187   1.39527   1.71202   0.82711   1.01443   0.25888   0.77131   0.46591   0.52945   0.32382   0.21189   0.29049   1.29095   0.19540   0.15991   0.05646   0.11758   0.11892   0.03870   1.79537   0.14984   0.13803  
  6 207.3586   6699.628513  x:  0.73290   1.41917   1.76179   0.86289   1.01956   0.25620   0.75687   0.48381   0.53799   0.31491   0.21113   0.30189   1.32533   0.14997   0.09923   0.10324   0.09690   0.11823   0.03923   1.75981   0.14641   0.12138  
  7 220.3045   6679.379846  x:  0.60205   1.52802   2.04183   0.90241   1.03909   0.17318   0.68068   0.51250   0.60700   0.28902   0.22630   0.32772   1.48957   0.21200   0.06366   0.10156   0.10896   0.11293   0.04026   1.56874   0.13620   0.00010  
  8 78.0594   6674.944993  x:  0.53227   1.57793   2.17441   0.91180   1.06028   0.16348   0.67094   0.52832   0.61685   0.27756   0.19187   0.29021   1.56337   0.18178   0.12265   0.11780   0.07204   0.11068   0.04188   1.50892   0.13261   0.00010  
  9 109.9985   6671.825507  x:  0.47511   1.61846   2.28294   0.91671   1.08321   0.17038   0.67668   0.54283   0.61518   0.27205   0.17425   0.26342   1.62156   0.11993   0.15706   0.10559   0.10786   0.10886   0.04114   1.47874   0.12969   0.00010  
 10 151.8968   6669.201764  x:  0.42089   1.66398   2.40326   0.91944   1.11788   0.20446   0.71119   0.55996   0.59712   0.28009   0.23202   0.29450   1.68163   0.07641   0.20472   0.10771   0.10949   0.10785   0.04134   1.49105   0.12482   0.00010  
 11 71.1379   6664.607534  x:  0.33519   1.77930   2.68640   0.91767   1.20844   0.31267   0.84957   0.58092   0.52800   0.32219   0.22376   0.26708   1.81493   0.13386   0.15920   0.10939   0.10625   0.10514   0.04189   1.63802   0.11513   0.00010  
 12 46.6644   6663.108382  x:  0.36397   1.84884   2.80488   0.88679   1.21184   0.28444   0.89444   0.51459   0.58349   0.36360   0.18375   0.30964   1.84386   0.12370   0.16837   0.10901   0.10712   0.10606   0.04188   1.72044   0.11317   0.00010  
 13 18.8473   6662.294156  x:  0.40090   1.89874   2.86622   0.85633   1.20533   0.24535   0.91206   0.47796   0.57630   0.31032   0.20978   0.28455   1.83970   0.12174   0.16885   0.10837   0.10719   0.10688   0.04186   1.74773   0.11408   0.00010  
 14 10.5695   6659.658726  x:  0.45302   2.03104   2.98590   0.77303   1.21282   0.21417   0.95362   0.61473   0.63268   0.31449   0.23266   0.25697   1.74620   0.12949   0.16257   0.10805   0.10664   0.10725   0.04210   1.70420   0.10437   0.00010  
 15  5.5855   6656.392847  x:  0.43672   2.13981   3.08843   0.78861   1.22482   0.23530   0.94446   0.63375   0.58896   0.25445   0.16951   0.34405   1.67770   0.14136   0.15848   0.10868   0.10920   0.10504   0.04237   1.63815   0.09714   0.00010  
 16 14.5047   6650.893621  x:  0.39495   2.26702   3.23558   0.96826   1.22380   0.28423   0.85140   0.52959   0.58038   0.32993   0.21173   0.30032   1.64712   0.15321   0.14839   0.10749   0.10922   0.10350   0.04287   1.55211   0.08511   0.00010  
 17 22.4524   6649.094387  x:  0.37909   2.19848   3.29276   1.02196   1.15657   0.20109   0.75946   0.60431   0.55197   0.33473   0.21111   0.30616   1.74712   0.14687   0.15613   0.10734   0.11135   0.10229   0.04290   1.63542   0.08550   0.00010  
 18 10.5779   6647.574790  x:  0.41928   2.01691   3.36025   0.97290   1.13309   0.25734   0.73339   0.61257   0.63464   0.26937   0.21675   0.30532   1.90000   0.15392   0.15229   0.10740   0.11249   0.10160   0.04292   1.63273   0.08322   0.00010  
 19  8.6574   6646.155042  x:  0.49746   1.84324   3.44844   0.91211   1.12707   0.22515   0.77475   0.58849   0.56971   0.32242   0.21532   0.31133   2.00534   0.15932   0.14783   0.10718   0.11340   0.10172   0.04290   1.54206   0.08213   0.00010  
 20 10.5927   6640.470981  x:  0.54951   1.60012   3.83451   1.09026   1.37921   0.12471   0.64593   0.57843   0.61705   0.29293   0.22160   0.31190   1.82277   0.18735   0.13293   0.10787   0.11784   0.09900   0.04258   1.50489   0.08637   0.00010  
 21  3.3126   6633.573892  x:  0.49916   1.75949   4.01846   1.35118   1.08176   0.12270   0.81892   0.59423   0.71049   0.22669   0.22934   0.31595   1.87773   0.22194   0.11647   0.10951   0.12472   0.09295   0.04232   1.38436   0.08672   0.00010  
 22  7.9597   6629.490122  x:  0.54982   2.07457   4.01560   1.27678   1.05427   0.21332   0.63556   0.59258   0.66819   0.27138   0.23040   0.32302   2.07973   0.24249   0.10674   0.11048   0.12942   0.08935   0.04208   1.33789   0.08770   0.00010  
 23 12.3965   6626.804639  x:  0.55435   2.30739   3.87150   1.31632   1.30843   0.09336   0.70754   0.60787   0.71712   0.24416   0.22858   0.33470   2.35637   0.25198   0.10545   0.11145   0.13409   0.08574   0.04196   1.31324   0.08214   0.00010  
 24 11.3766   6610.962070  x:  0.70643   2.83616   5.20181   1.71724   1.50210   0.24169   0.87644   0.82020   0.80117   0.28302   0.16794   0.37339   2.73263   0.27246   0.07365   0.10760   0.13775   0.06439   0.04006   1.54618   0.05973   0.00010  
 25  1.1147   6603.606182  x:  0.89604   2.93074   5.87217   1.95549   1.50975   0.30405   0.94040   0.89255   0.80980   0.30813   0.16778   0.37400   2.99643   0.23357   0.15499   0.11762   0.14705   0.05738   0.02535   1.63044   0.06293   0.00010  
 26  0.6309   6599.138413  x:  1.10303   3.15775   6.59852   2.24345   1.59796   0.32083   1.00090   0.98732   0.84014   0.31256   0.17111   0.37930   3.35183   0.20373   0.19138   0.11522   0.14636   0.04486   0.01956   1.53478   0.05083   0.00010  
 27  0.9920   6597.154905  x:  1.31114   3.19492   6.94706   2.41921   1.64270   0.32338   1.02863   1.03482   0.84231   0.30727   0.17627   0.37044   3.53653   0.17506   0.17737   0.10115   0.12978   0.03988   0.02484   1.46214   0.04989   0.00010  
 28  0.4035   6595.332679  x:  1.66098   3.32474   7.40888   2.67193   1.74059   0.32471   1.08838   1.10684   0.87629   0.31212   0.18899   0.37216   3.82215   0.16670   0.19146   0.11220   0.12715   0.05766   0.01473   1.45417   0.04542   0.00010  
 29  0.4711   6594.158583  x:  1.95270   3.51683   7.81621   2.89496   1.85764   0.31741   1.14175   1.18198   0.93135   0.31545   0.17916   0.39651   4.10635   0.18130   0.18077   0.11892   0.12713   0.05834   0.02590   1.53142   0.04280   0.00010  
 30  0.3335   6593.826644  x:  2.11446   3.59860   8.05977   3.03028   1.90888   0.33307   1.17916   1.22374   0.94800   0.32738   0.16330   0.40612   4.22850   0.19117   0.18403   0.11904   0.13611   0.05629   0.02397   1.50693   0.04203   0.00010  
 31  0.1839   6593.736058  x:  2.19713   3.65948   8.22376   3.10859   1.94239   0.34146   1.20315   1.25119   0.95961   0.33220   0.15857   0.40997   4.31003   0.19070   0.18704   0.11764   0.13778   0.05483   0.02345   1.49662   0.04041   0.00010  
 32  0.4686   6593.693349  x:  2.27886   3.70888   8.32655   3.16665   1.97320   0.35206   1.22862   1.27781   0.96951   0.33619   0.15868   0.41026   4.35354   0.18734   0.18715   0.11305   0.13639   0.05492   0.02340   1.50634   0.03990   0.00010  
 33  0.0797   6593.680575  x:  2.29769   3.73132   8.31149   3.16718   1.98270   0.35885   1.24043   1.28958   0.97264   0.33723   0.16144   0.41070   4.33230   0.18946   0.18867   0.11457   0.13657   0.05514   0.02330   1.50601   0.03984   0.00010  
 34  0.0140   6593.675552  x:  2.29121   3.73513   8.27059   3.15180   1.97962   0.36079   1.24163   1.29267   0.97054   0.33655   0.16087   0.40943   4.30373   0.18792   0.18813   0.11450   0.13579   0.05477   0.02348   1.50391   0.03987   0.00010  
 35  0.0214   6593.673572  x:  2.28096   3.72647   8.22339   3.13448   1.97019   0.35797   1.23509   1.28897   0.96757   0.33510   0.16004   0.40921   4.28377   0.18794   0.18755   0.11476   0.13612   0.05479   0.02342   1.50577   0.04013   0.00010  
 36  0.0216   6593.671253  x:  2.30244   3.72757   8.20869   3.13815   1.96734   0.35529   1.23216   1.29031   0.96756   0.33461   0.15971   0.41015   4.28622   0.18823   0.18767   0.11443   0.13676   0.05483   0.02328   1.50601   0.04007   0.00010  
 37  0.0089   6593.670098  x:  2.30934   3.71610   8.18795   3.13371   1.96385   0.35487   1.22987   1.28638   0.96633   0.33475   0.16119   0.40924   4.27680   0.18797   0.18762   0.11413   0.13618   0.05478   0.02342   1.50437   0.04016   0.00010  
 38  0.0110   6593.669279  x:  2.30940   3.70014   8.17452   3.12845   1.96076   0.35537   1.22748   1.27971   0.96524   0.33502   0.16127   0.40844   4.26810   0.18823   0.18780   0.11457   0.13601   0.05455   0.02344   1.50531   0.04024   0.00010  
 39  0.0089   6593.669127  x:  2.31370   3.69748   8.17836   3.13037   1.96232   0.35648   1.22873   1.27970   0.96547   0.33501   0.16089   0.40862   4.26687   0.18816   0.18774   0.11443   0.13608   0.05464   0.02338   1.50584   0.04023   0.00010  
 40  0.0035   6593.669095  x:  2.31272   3.69468   8.17611   3.12908   1.96176   0.35634   1.22817   1.27921   0.96513   0.33475   0.16088   0.40880   4.26441   0.18819   0.18763   0.11444   0.13616   0.05467   0.02339   1.50547   0.04024   0.00010  
 41  0.0025   6593.669089  x:  2.31284   3.69431   8.17776   3.12950   1.96193   0.35632   1.22820   1.27952   0.96513   0.33478   0.16092   0.40884   4.26424   0.18820   0.18763   0.11441   0.13618   0.05464   0.02340   1.50561   0.04024   0.00010  
 42  0.0008   6593.669088  x:  2.31300   3.69397   8.17757   3.12948   1.96182   0.35620   1.22809   1.27968   0.96508   0.33481   0.16093   0.40878   4.26377   0.18819   0.18763   0.11442   0.13617   0.05464   0.02340   1.50558   0.04024   0.00010  
 43  0.0003   6593.669088  x:  2.31300   3.69392   8.17797   3.12961   1.96188   0.35617   1.22811   1.27972   0.96510   0.33480   0.16094   0.40878   4.26387   0.18820   0.18763   0.11443   0.13617   0.05465   0.02340   1.50558   0.04024   0.00010  
 44  0.0003   6593.669088  x:  2.31299   3.69391   8.17785   3.12959   1.96189   0.35616   1.22811   1.27972   0.96511   0.33479   0.16093   0.40878   4.26384   0.18820   0.18763   0.11443   0.13617   0.05464   0.02340   1.50558   0.04024   0.00010  
 45  0.0001   6593.669088  x:  2.31298   3.69390   8.17784   3.12961   1.96190   0.35615   1.22811   1.27972   0.96512   0.33479   0.16093   0.40878   4.26383   0.18820   0.18763   0.11443   0.13617   0.05464   0.02340   1.50558   0.04024   0.00010  
 46  0.0000   6593.669088  x:  2.31297   3.69389   8.17783   3.12961   1.96191   0.35614   1.22812   1.27972   0.96512   0.33479   0.16093   0.40878   4.26383   0.18820   0.18763   0.11443   0.13617   0.05464   0.02340   1.50558   0.04024   0.00010  
 47  0.0000   6593.669088  x:  2.31297   3.69390   8.17781   3.12962   1.96191   0.35614   1.22812   1.27972   0.96512   0.33479   0.16093   0.40878   4.26383   0.18820   0.18763   0.11443   0.13617   0.05464   0.02340   1.50558   0.04024   0.00010  
 48  0.0000   6593.669088  x:  2.31297   3.69390   8.17781   3.12964   1.96191   0.35615   1.22812   1.27972   0.96511   0.33479   0.16093   0.40878   4.26383   0.18820   0.18763   0.11443   0.13617   0.05464   0.02340   1.50558   0.04024   0.00010  
 49  0.0000   6593.669088  x:  2.31297   3.69390   8.17781   3.12964   1.96191   0.35615   1.22812   1.27972   0.96511   0.33479   0.16093   0.40878   4.26383   0.18820   0.18763   0.11443   0.13617   0.05464   0.02340   1.50558   0.04024   0.00010  
 50  0.0000   6593.669088  x:  2.31297   3.69390   8.17781   3.12964   1.96191   0.35615   1.22812   1.27972   0.96511   0.33479   0.16093   0.40878   4.26383   0.18820   0.18763   0.11443   0.13617   0.05464   0.02340   1.50558   0.04024   0.00010  
 51  0.0000   6593.669088  x:  2.31297   3.69390   8.17781   3.12964   1.96191   0.35615   1.22812   1.27972   0.96511   0.33479   0.16093   0.40878   4.26383   0.18820   0.18763   0.11443   0.13617   0.05464   0.02340   1.50558   0.04024   0.00010  
 52  0.0019   6593.669088  x:  2.31297   3.69390   8.17781   3.12964   1.96191   0.35615   1.22812   1.27972   0.96511   0.33479   0.16093   0.40878   4.26383   0.18820   0.18763   0.11443   0.13617   0.05464   0.02340   1.50558   0.04024   0.00010  
 53  0.0032   6593.669088  x:  2.31297   3.69390   8.17781   3.12964   1.96191   0.35615   1.22812   1.27972   0.96511   0.33479   0.16093   0.40878   4.26383   0.18820   0.18763   0.11443   0.13617   0.05464   0.02340   1.50558   0.04024   0.00010  
 54  0.0006   6593.669088  x:  2.31297   3.69390   8.17781   3.12964   1.96191   0.35615   1.22812   1.27972   0.96511   0.33479   0.16093   0.40878   4.26383   0.18820   0.18763   0.11443   0.13617   0.05464   0.02340   1.50558   0.04024   0.00010  
check convergence!
