

TREE # 1

  0  0.0000   3732.296357  x:  0.20248   0.28364   0.28577   0.06422   0.34525   0.20110   0.27671   0.07866   0.20325   0.11354   0.12123   0.09745   0.49152   0.08324   0.04579   0.06849   0.06330   0.00000   0.13487   2.00000   0.20000   0.20000   0.20000  
  1 99.0000   3719.938426  x:  0.20797   0.28665   0.29018   0.07142   0.34636   0.20223   0.27786   0.08099   0.20470   0.11473   0.12242   0.09836   0.49445   0.08239   0.04580   0.06814   0.06348   0.07340   0.13334   1.99922   0.19823   0.19910   0.19929  
  2 4053.0050   3547.469322  x:  0.55668   0.48159   0.57470   0.51082   0.41739   0.27423   0.35255   0.22828   0.29888   0.19046   0.19878   0.15553   0.68451   0.02553   0.04836   0.03332   0.00555   0.06985   0.00000   1.94810   0.08542   0.14248   0.15407  
  3 642.4415   3541.715564  x:  0.57506   0.49187   0.58971   0.53398   0.42114   0.27802   0.35649   0.23604   0.30385   0.19445   0.20280   0.15854   0.69454   0.02255   0.04852   0.03153   0.00283   0.06960   0.00077   1.94540   0.07965   0.13948   0.15168  
  4 16184.8328   3471.613068  x:  0.76015   0.59642   0.74240   0.76356   0.46014   0.31644   0.39661   0.31289   0.35375   0.23366   0.24280   0.18711   0.79827   0.00000   0.05692   0.02973   0.09572   0.06550   0.00140   1.91573   0.08923   0.10769   0.12536  
  5 4863.7688   3454.326640  x:  0.82627   0.63438   0.79824   0.84205   0.47504   0.32980   0.41063   0.33798   0.37033   0.24530   0.25568   0.19386   0.83831   0.06567   0.07088   0.04062   0.10203   0.06443   0.00164   1.90235   0.12315   0.09081   0.11422  
  6 1654.7526   3449.430569  x:  0.83556   0.64093   0.81001   0.84288   0.47855   0.32922   0.41027   0.33274   0.36760   0.23811   0.25276   0.18254   0.85258   0.08309   0.07111   0.05994   0.11469   0.06411   0.00160   1.89315   0.09805   0.07070   0.10389  
  7 197.0373   3435.321966  x:  0.85531   0.65672   0.84025   0.83137   0.48920   0.32595   0.40771   0.31119   0.35642   0.21273   0.24092   0.14386   0.89473   0.08034   0.05267   0.08870   0.11136   0.06404   0.00157   1.86238   0.10072   0.00010   0.06861  
  8 243.2280   3428.122537  x:  0.88112   0.67710   0.88484   0.79857   0.50616   0.31723   0.40295   0.27193   0.34704   0.17971   0.23176   0.09331   0.96409   0.09118   0.05403   0.04707   0.11988   0.06409   0.00156   1.80175   0.09249   0.00010   0.02169  
  9 204.2101   3422.275478  x:  0.91631   0.70353   0.94734   0.74464   0.53047   0.30249   0.39685   0.21569   0.34383   0.14467   0.23051   0.03989   1.06557   0.09254   0.07059   0.02333   0.12361   0.06429   0.00153   1.70585   0.08720   0.00010   0.06536  
 10 202.5466   3409.271701  x:  0.97833   0.74224   1.07791   0.56005   0.58711   0.25170   0.38914   0.09201   0.40427   0.16001   0.30652   0.07536   1.31420   0.06693   0.16731   0.04676   0.11317   0.06517   0.00140   1.42396   0.08183   0.00010   0.05567  
 11 170.9530   3402.092992  x:  1.00441   0.73901   1.14262   0.40019   0.62541   0.21315   0.42643   0.20825   0.43544   0.19635   0.33420   0.07252   1.48702   0.07231   0.14109   0.04699   0.11517   0.06575   0.00131   1.19052   0.07058   0.00010   0.06080  
 12 101.0221   3399.602295  x:  1.03653   0.61786   1.07107   0.47761   0.61416   0.19563   0.38482   0.20228   0.41421   0.21270   0.35267   0.06033   1.54694   0.07654   0.11709   0.04608   0.11623   0.06529   0.00134   1.02380   0.07019   0.00010   0.06092  
 13 15.6425   3397.936896  x:  1.08267   0.55623   1.05349   0.48766   0.64806   0.21427   0.46733   0.20475   0.43076   0.21079   0.34004   0.03542   1.59052   0.06186   0.16356   0.05105   0.10687   0.06534   0.00136   1.03125   0.07395   0.00010   0.05417  
 14  5.0850   3394.408212  x:  1.17449   0.50069   1.06388   0.48592   0.69933   0.22075   0.54548   0.16508   0.45788   0.21898   0.34548   0.08143   1.67657   0.07495   0.08546   0.03089   0.10494   0.06532   0.00140   1.08860   0.07241   0.00010   0.06194  
 15 21.3666   3387.608891  x:  1.30813   0.57192   1.15847   0.50682   0.69307   0.13170   0.42232   0.25184   0.43158   0.19919   0.36877   0.11863   1.77335   0.05404   0.11859   0.01947   0.08204   0.06535   0.00146   1.18211   0.08437   0.00010   0.05616  
 16 15.4720   3381.270620  x:  1.33325   0.75246   1.27854   0.60423   0.76272   0.36046   0.32323   0.25953   0.54475   0.30208   0.36954   0.03685   1.71797   0.05277   0.08042   0.02169   0.07220   0.06446   0.00144   1.12611   0.08019   0.00010   0.05465  
 17 13.5532   3372.068686  x:  1.40306   0.94382   1.43590   0.83988   0.74140   0.38270   0.50828   0.26626   0.46661   0.19710   0.56406   0.03342   1.67784   0.05738   0.02814   0.03703   0.06960   0.06214   0.00133   1.07702   0.07138   0.00010   0.05642  
 18 15.7990   3358.538281  x:  1.66915   1.00635   1.63801   1.18721   0.73166   0.20933   0.59421   0.26525   0.41435   0.35784   0.25747   0.09255   1.90887   0.05485   0.02577   0.06329   0.07104   0.05818   0.00110   1.23116   0.05694   0.00010   0.06548  
 19 21.1183   3355.945769  x:  1.77113   0.94527   1.67231   1.22891   0.83691   0.29894   0.51779   0.31978   0.36654   0.27265   0.24499   0.16449   1.99747   0.04984   0.04797   0.07088   0.07071   0.05736   0.00104   1.30389   0.05307   0.00010   0.06635  
 20 18.0914   3354.927121  x:  1.85706   0.88196   1.69542   1.23279   0.84193   0.28154   0.46616   0.34700   0.49090   0.20218   0.28780   0.13269   2.00745   0.05042   0.04124   0.07703   0.07099   0.05703   0.00101   1.34605   0.05244   0.00010   0.06371  
 21  9.7227   3352.491065  x:  2.26384   0.73828   1.92529   1.13440   0.77088   0.28651   0.45354   0.34012   0.44274   0.26446   0.34551   0.06483   1.81053   0.04335   0.05891   0.08281   0.06641   0.05665   0.00097   1.30042   0.05289   0.00010   0.05458  
 22  3.6749   3350.404263  x:  2.37515   0.80159   1.99049   1.18049   0.80838   0.23194   0.49937   0.34215   0.50778   0.15289   0.23669   0.13475   1.77267   0.03592   0.07896   0.08304   0.06142   0.05604   0.00097   1.18230   0.05118   0.00010   0.04771  
 23  3.8664   3345.095635  x:  2.43166   1.02564   2.01285   1.37250   1.00723   0.07131   0.56635   0.33991   0.54545   0.22214   0.37844   0.00000   2.08642   0.01756   0.11949   0.08825   0.04752   0.05432   0.00092   1.13698   0.04643   0.00010   0.02445  
 24  7.0141   3343.594665  x:  2.42462   1.05346   2.06333   1.41412   0.78772   0.19478   0.59184   0.35068   0.56099   0.19902   0.38727   0.00515   2.31827   0.01143   0.13237   0.08838   0.04258   0.05396   0.00091   1.15233   0.04665   0.00010   0.02025  
 25  6.3671   3337.737909  x:  2.55986   0.85898   2.58003   1.55256   1.04870   0.17496   0.48966   0.40846   0.46594   0.18055   0.32384   0.05611   2.82336   0.00215   0.10158   0.09886   0.03057   0.05215   0.00095   1.15490   0.04604   0.00010   0.03626  
 26  1.5615   3334.630273  x:  3.11257   1.17056   2.30667   1.50988   1.08269   0.24019   0.47733   0.41382   0.42172   0.18638   0.31613   0.05595   3.09224   0.00583   0.07879   0.10047   0.03400   0.05082   0.00094   1.10572   0.03881   0.00010   0.04408  
 27  2.8742   3331.130268  x:  3.05760   1.04951   2.84122   1.73258   1.12855   0.23457   0.50872   0.40889   0.46113   0.17942   0.32408   0.04218   3.41552   0.01829   0.07532   0.08806   0.04811   0.04820   0.00102   1.07619   0.03217   0.00010   0.04608  
 28  1.0184   3323.926086  x:  3.42950   1.21084   3.01968   1.83038   1.21570   0.20958   0.48331   0.39564   0.53522   0.15584   0.34868   0.00000   4.03390   0.04062   0.06682   0.07208   0.07589   0.04535   0.00137   1.10200   0.03502   0.00010   0.04647  
 29  1.2030   3317.933998  x:  4.49810   1.68037   3.58739   2.20947   1.47201   0.21077   0.59436   0.38387   0.57544   0.18545   0.33111   0.07915   5.28303   0.05308   0.05825   0.04328   0.09062   0.03871   0.00188   1.13004   0.02561   0.00010   0.04404  
 30  1.1323   3313.575299  x:  5.95603   2.00784   4.43098   2.57683   1.85689   0.16582   0.58264   0.44720   0.63051   0.22651   0.40209   0.00000   6.50798   0.04491   0.06506   0.06883   0.08656   0.03360   0.00247   1.23795   0.02298   0.00010   0.02613  
 31  0.6663   3313.575299  x:  5.95603   2.00784   4.43098   2.57683   1.85689   0.16582   0.58264   0.44720   0.63051   0.22651   0.40209   0.00000   6.50798   0.04491   0.06506   0.06883   0.08656   0.03360   0.00247   1.23795   0.02298   0.00010   0.02613  
 32  1.4600   3306.729174  x:  5.95604   2.00785   4.43099   2.57684   1.85689   0.16585   0.58268   0.44722   0.63049   0.22647   0.40209   0.00005   6.50798   0.04484   0.06503   0.06864   0.08614   0.03454   0.02231   1.23788   0.02057   0.00010   0.02690  
 33 1305.4380   3305.612058  x:  5.95604   2.00785   4.43100   2.57685   1.85689   0.16586   0.58269   0.44724   0.63049   0.22647   0.40209   0.00006   6.50798   0.04483   0.06503   0.06857   0.08598   0.03459   0.02437   1.23785   0.02282   0.00010   0.02710  
 34 1159.8365   3304.341043  x:  5.95631   2.00824   4.43161   2.57727   1.85692   0.16699   0.58385   0.44826   0.63000   0.22537   0.40227   0.00158   6.50789   0.04312   0.06464   0.05806   0.06144   0.02497   0.02535   1.23490   0.02278   0.00010   0.05085  
 35 73.3552   3304.173893  x:  5.95651   2.00851   4.43204   2.57756   1.85693   0.16777   0.58466   0.44897   0.62966   0.22459   0.40232   0.00247   6.50783   0.04232   0.06469   0.05605   0.05272   0.03074   0.02515   1.23298   0.02276   0.00010   0.05006  
 36 37.2300   3304.109560  x:  5.95684   2.00899   4.43280   2.57807   1.85696   0.16913   0.58605   0.45020   0.62907   0.22324   0.40234   0.00385   6.50773   0.04191   0.06566   0.05691   0.04740   0.02793   0.02542   1.22967   0.02275   0.00010   0.04568  
 37 17.6897   3303.915876  x:  5.96068   2.01439   4.44134   2.58388   1.85728   0.18423   0.60153   0.46390   0.62256   0.20819   0.40160   0.01720   6.50657   0.04028   0.07824   0.06277   0.04635   0.02900   0.02537   1.19241   0.02252   0.00010   0.04738  
 38 10.3559   3303.671497  x:  5.96582   2.02160   4.45273   2.59164   1.85766   0.20385   0.62156   0.48171   0.61438   0.18884   0.39907   0.03152   6.50503   0.02702   0.08145   0.05748   0.04924   0.02846   0.02542   1.14454   0.02223   0.00010   0.04587  
 39 66.7347   3303.598075  x:  5.96914   2.02601   4.45969   2.59640   1.85755   0.21274   0.62997   0.48974   0.61335   0.18307   0.38993   0.02448   6.50420   0.03534   0.07716   0.05430   0.04952   0.02820   0.02548   1.12752   0.02212   0.00010   0.04486  
 40  9.9113   3303.564318  x:  5.97108   2.02854   4.46369   2.59915   1.85743   0.21732   0.63413   0.49382   0.61375   0.18136   0.38507   0.02115   6.50374   0.03687   0.07171   0.05785   0.04885   0.02845   0.02545   1.11989   0.02207   0.00010   0.04570  
 41 20.9442   3303.516339  x:  5.97845   2.03782   4.47837   2.60945   1.85641   0.22868   0.64239   0.50320   0.62561   0.19223   0.37852   0.02935   6.50223   0.04290   0.06481   0.05756   0.04913   0.02843   0.02547   1.11390   0.02195   0.00010   0.04554  
 42  4.5063   3303.432897  x:  5.99986   2.06419   4.52017   2.63927   1.85298   0.25299   0.65688   0.52042   0.64361   0.20008   0.36758   0.02144   6.49857   0.03317   0.07609   0.05737   0.04905   0.02844   0.02554   1.12160   0.02179   0.00010   0.04535  
 43  4.8934   3303.146135  x:  6.09651   2.18009   4.70494   2.77129   1.83668   0.33656   0.69610   0.56793   0.67059   0.16917   0.39890   0.01707   6.48489   0.04079   0.06704   0.05752   0.04970   0.02851   0.02577   1.17428   0.02135   0.00010   0.04506  
 44  9.5685   3302.423492  x:  6.41287   2.52047   5.27032   3.17972   1.78344   0.38865   0.61847   0.51455   0.63908   0.17592   0.36272   0.03705   6.47217   0.04164   0.06662   0.05814   0.05045   0.02868   0.02662   1.16115   0.01993   0.00010   0.04260  
 45  7.5567   3302.222194  x:  6.52655   2.59802   5.43591   3.30461   1.79698   0.33280   0.64826   0.52784   0.63258   0.21864   0.41275   0.00553   6.49187   0.04058   0.06847   0.05850   0.05037   0.02873   0.02695   1.13235   0.01933   0.00010   0.04166  
 46  5.9769   3301.989485  x:  6.69469   2.64496   5.62317   3.45570   1.88613   0.22054   0.72165   0.54801   0.64764   0.19023   0.38144   0.02621   6.55881   0.04133   0.06756   0.05864   0.05081   0.02883   0.02741   1.14512   0.01883   0.00010   0.04091  
 47  4.5285   3301.532379  x:  7.15208   2.62624   6.00415   3.78568   2.29567   0.22163   0.69879   0.57234   0.68486   0.18424   0.39717   0.01771   6.83475   0.04113   0.06821   0.05920   0.05127   0.02908   0.02877   1.13131   0.01720   0.00010   0.03911  
 48  3.9483   3301.419000  x:  7.29144   2.59720   6.08709   3.84725   2.32269   0.23789   0.70700   0.60884   0.62411   0.20972   0.38193   0.02809   6.95325   0.04189   0.06704   0.05916   0.05156   0.02916   0.02926   1.15305   0.01704   0.00010   0.03910  
 49  2.4065   3300.634239  x:  8.41909   2.33057   6.67005   4.20836   2.18363   0.31986   0.72598   0.64319   0.70070   0.17185   0.38790   0.02714   8.02134   0.03945   0.06933   0.05954   0.05207   0.02972   0.03363   1.15394   0.01585   0.00010   0.03881  
 50  4.2984   3300.424962  x:  8.69797   2.50107   6.84953   4.15605   2.28560   0.34900   0.81582   0.55628   0.68275   0.19283   0.39056   0.02450   8.32180   0.03911   0.06948   0.05934   0.05186   0.02972   0.03524   1.15936   0.01551   0.00010   0.03985  
 51  1.4216   3300.000606  x:  9.31700   2.98815   7.26780   4.00206   2.52801   0.29261   0.76523   0.68429   0.70015   0.18291   0.39202   0.02584   9.00523   0.03751   0.07097   0.05890   0.05107   0.02959   0.03902   1.15400   0.01474   0.00010   0.04234  
 52  5.1908   3299.939273  x:  9.56733   3.11557   7.43474   4.16174   2.57128   0.30506   0.78554   0.69858   0.70373   0.18358   0.39117   0.02695   9.29211   0.03891   0.06962   0.05879   0.05083   0.02931   0.04024   1.15086   0.01402   0.00010   0.04206  
 53  1.0045   3299.856088  x:  9.89690   3.22321   7.61844   4.52973   2.62628   0.33220   0.82304   0.71099   0.70248   0.18701   0.38856   0.02904   9.73129   0.04289   0.06615   0.05866   0.05025   0.02837   0.04304   1.14362   0.01360   0.00010   0.04035  
 54  0.5719   3299.843558  x: 10.05199   3.28819   7.80324   4.59195   2.66513   0.34077   0.83302   0.73234   0.71003   0.18386   0.38857   0.02982   9.88829   0.04006   0.06867   0.05877   0.05086   0.02915   0.04395   1.14663   0.01335   0.00010   0.04197  
 55  0.1961   3299.840793  x: 10.07346   3.30028   7.86378   4.60134   2.67350   0.34377   0.83636   0.74032   0.71157   0.18313   0.38848   0.03011   9.89648   0.04023   0.06849   0.05884   0.05071   0.02894   0.04408   1.14669   0.01334   0.00010   0.04109  
 56  0.0450   3299.839441  x: 10.11909   3.31944   7.92107   4.64057   2.68507   0.34687   0.84250   0.74665   0.71166   0.18377   0.38828   0.03036   9.92181   0.04120   0.06756   0.05877   0.05061   0.02883   0.04405   1.14527   0.01324   0.00010   0.04118  
 57  0.0390   3299.837658  x: 10.12541   3.31738   7.92785   4.66103   2.68439   0.34809   0.84599   0.74829   0.71083   0.18422   0.38796   0.03057   9.89731   0.04093   0.06790   0.05873   0.05071   0.02897   0.04337   1.14534   0.01326   0.00010   0.04171  
 58  0.0112   3299.835262  x: 10.21743   3.34783   7.97198   4.68919   2.70093   0.34957   0.84970   0.75261   0.71322   0.18333   0.38805   0.03077   9.98290   0.03992   0.06889   0.05883   0.05073   0.02896   0.04269   1.14639   0.01314   0.00010   0.04102  
 59  0.0515   3299.834302  x: 10.27702   3.36569   8.00926   4.69922   2.71530   0.35014   0.84998   0.75499   0.71445   0.18304   0.38816   0.03079  10.06986   0.04085   0.06784   0.05879   0.05069   0.02894   0.04261   1.14610   0.01308   0.00010   0.04129  
 60  0.0619   3299.834264  x: 10.28097   3.36595   8.01937   4.70149   2.71709   0.35062   0.85052   0.75543   0.71406   0.18328   0.38805   0.03091  10.07702   0.04067   0.06814   0.05878   0.05070   0.02894   0.04263   1.14605   0.01307   0.00010   0.04128  
 61  0.0101   3299.834262  x: 10.27945   3.36508   8.01971   4.70150   2.71696   0.35063   0.85047   0.75526   0.71399   0.18331   0.38804   0.03089  10.07724   0.04068   0.06808   0.05878   0.05069   0.02894   0.04262   1.14605   0.01307   0.00010   0.04128  
 62  0.0013   3299.834262  x: 10.27884   3.36489   8.01967   4.70144   2.71688   0.35063   0.85044   0.75521   0.71400   0.18330   0.38804   0.03089  10.07712   0.04069   0.06808   0.05878   0.05069   0.02894   0.04262   1.14605   0.01307   0.00010   0.04128  
 63  0.0009   3299.834262  x: 10.27883   3.36489   8.01967   4.70144   2.71688   0.35063   0.85044   0.75521   0.71400   0.18330   0.38804   0.03089  10.07711   0.04069   0.06808   0.05878   0.05069   0.02894   0.04262   1.14605   0.01307   0.00010   0.04128  
 64  0.0006   3299.834262  x: 10.27879   3.36488   8.01967   4.70144   2.71687   0.35063   0.85043   0.75521   0.71400   0.18330   0.38804   0.03089  10.07710   0.04069   0.06808   0.05878   0.05069   0.02894   0.04262   1.14605   0.01307   0.00010   0.04128  