

TREE # 1

  0  0.0000   6767.857203  x:  0.00000   0.43440   0.42154   0.14363   0.35770   0.08708   0.27434   0.03905   0.29058   0.23362   0.10964   0.13430   0.30225   0.08895   0.05720   0.05800   0.04076   0.01696   0.07921   2.00000   0.20000   0.20000   0.20000  
  1 99.0000   6505.209413  x:  0.26336   0.45710   0.44669   0.19046   0.37056   0.11258   0.29503   0.07604   0.29746   0.23823   0.12490   0.14226   0.32977   0.09926   0.06808   0.07658   0.07772   0.00000   0.06183   1.99566   0.20015   0.18941   0.19609  
  2 3927.9179   6386.733997  x:  0.23814   0.50509   0.49955   0.27990   0.40760   0.17002   0.35534   0.14526   0.31754   0.24951   0.16449   0.16539   0.39520   0.12033   0.09352   0.10351   0.11678   0.00000   0.00000   1.98296   0.15197   0.14950   0.18212  
  3 860.9799   6386.733997  x:  0.23814   0.50509   0.49955   0.27990   0.40760   0.17002   0.35534   0.14526   0.31754   0.24951   0.16449   0.16539   0.39520   0.12033   0.09352   0.10351   0.11678   0.00000   0.00000   1.98296   0.15197   0.14950   0.18212  
  4 10262.3892   6374.698105  x:  0.23814   0.50509   0.49955   0.27990   0.40761   0.17002   0.35534   0.14526   0.31754   0.24951   0.16449   0.16539   0.39520   0.12033   0.09352   0.10351   0.11678   0.00201   0.00538   1.98296   0.15198   0.14950   0.18211  
  5 361339.1278   6369.602062  x:  0.24091   0.50738   0.50201   0.28306   0.40906   0.17174   0.35744   0.14696   0.31829   0.24992   0.16550   0.16597   0.39780   0.12070   0.09389   0.10373   0.11742   0.00000   0.00613   1.98223   0.15457   0.14726   0.18136  
  6 627.1657   6277.178780  x:  0.34971   0.60272   0.60446   0.40779   0.46708   0.23767   0.44172   0.20990   0.34701   0.26441   0.20264   0.18653   0.50277   0.13814   0.11128   0.10757   0.14036   0.00000   0.03099   1.95257   0.08747   0.04031   0.14724  
  7 1903.6218   6271.825820  x:  0.34950   0.61291   0.61459   0.40772   0.46942   0.23448   0.44467   0.20344   0.34762   0.26298   0.19765   0.18226   0.50761   0.14183   0.11593   0.09874   0.13793   0.00000   0.02698   1.94719   0.08786   0.01626   0.13892  
  8 251.1800   6256.414379  x:  0.35056   0.66785   0.66923   0.41006   0.48304   0.21933   0.46216   0.17185   0.35167   0.25605   0.17429   0.16203   0.53502   0.16409   0.14329   0.05700   0.13211   0.00000   0.00358   1.91753   0.08540   0.02102   0.09507  
  9 301.9426   6246.318908  x:  0.32386   0.74691   0.74572   0.38483   0.49684   0.17626   0.47904   0.10887   0.35585   0.24203   0.14903   0.14277   0.56180   0.18625   0.17639   0.08972   0.15094   0.00000   0.01102   1.86208   0.08568   0.02181   0.01920  
 10 184.7083   6244.541671  x:  0.31364   0.75926   0.75711   0.37624   0.49955   0.16821   0.48229   0.10893   0.35801   0.24091   0.15839   0.15077   0.56382   0.18341   0.17528   0.09881   0.14634   0.00000   0.00913   1.84730   0.08535   0.02192   0.00420  
 11 129.7273   6241.518393  x:  0.28341   0.80002   0.79501   0.35128   0.50908   0.14393   0.49309   0.10780   0.36473   0.23694   0.17860   0.16787   0.57189   0.17617   0.17308   0.12233   0.13175   0.00000   0.00457   1.79938   0.08441   0.02218   0.01601  
 12 216.5829   6239.657780  x:  0.26018   0.82632   0.81854   0.33433   0.51792   0.13263   0.49918   0.12281   0.37017   0.23477   0.18043   0.16817   0.57526   0.16563   0.16440   0.11096   0.10729   0.00000   0.00992   1.75435   0.08431   0.02426   0.01645  
 13 120.5986   6237.570580  x:  0.23949   0.84297   0.83020   0.32405   0.53024   0.13565   0.49586   0.15129   0.37474   0.23257   0.16192   0.15043   0.57199   0.14447   0.14110   0.11680   0.12277   0.00000   0.00764   1.67586   0.08296   0.02448   0.01478  
 14 68.1426   6232.612683  x:  0.24567   0.84798   0.82077   0.33671   0.54802   0.15012   0.45183   0.13099   0.36936   0.22255   0.17619   0.17097   0.55502   0.13898   0.12085   0.09091   0.15034   0.00000   0.01000   1.42814   0.08093   0.02344   0.01658  
 15 65.7379   6230.046053  x:  0.26044   0.83510   0.80218   0.34721   0.54614   0.15262   0.44560   0.13977   0.36786   0.22589   0.16563   0.16450   0.54753   0.16232   0.14171   0.11411   0.12046   0.00000   0.00837   1.29446   0.08003   0.02286   0.01527  
 16 92.5467   6227.203725  x:  0.27574   0.80623   0.78333   0.33956   0.50922   0.11201   0.52514   0.14121   0.37186   0.24612   0.17042   0.16194   0.56590   0.16232   0.14195   0.10042   0.14071   0.00000   0.00907   1.23046   0.08036   0.02189   0.01566  
 17 18.5113   6219.729778  x:  0.26764   0.77543   0.78336   0.34927   0.50145   0.16492   0.60557   0.08429   0.36898   0.22097   0.16001   0.15767   0.62080   0.11623   0.11209   0.11506   0.10941   0.00000   0.00716   1.20334   0.08307   0.02513   0.01395  
 18 19.9607   6192.428795  x:  0.17215   0.73601   0.84300   0.32116   0.51638   0.33074   0.69396   0.12836   0.38296   0.13783   0.18746   0.19314   0.75224   0.15515   0.21635   0.09015   0.16602   0.00000   0.00901   1.20411   0.09658   0.02120   0.01718  
 19 51.0590   6112.942659  x:  0.47788   0.89865   1.14030   0.33240   0.53307   0.33667   0.50274   0.22263   0.55270   0.34670   0.21312   0.18751   0.91881   0.01792   0.23290   0.11119   0.17072   0.00000   0.00531   1.34175   0.13250   0.03056   0.01603  
 20 78.5955   6095.832119  x:  0.48328   0.98857   1.14279   0.51284   0.58962   0.19065   0.51114   0.27756   0.40072   0.23083   0.23167   0.16483   0.87077   0.09575   0.11391   0.12694   0.15847   0.00000   0.00370   1.38956   0.14099   0.03338   0.01453  
 21 74.7010   6092.681552  x:  0.45282   1.03500   1.10766   0.56691   0.66694   0.17883   0.56125   0.26518   0.40740   0.27498   0.19204   0.21051   0.79387   0.13041   0.09086   0.12671   0.15915   0.00000   0.00366   1.40529   0.14200   0.03313   0.01440  
 22 41.1136   6092.655682  x:  0.45272   1.03532   1.10734   0.56712   0.66731   0.17885   0.56151   0.26507   0.40751   0.27505   0.19244   0.21007   0.79342   0.13022   0.09114   0.12669   0.15916   0.00121   0.00366   1.40534   0.14201   0.03313   0.01440  
 23 35.0101   6091.773409  x:  0.44354   1.06208   1.08035   0.58595   0.69965   0.17930   0.58400   0.25548   0.41678   0.28275   0.22089   0.17941   0.75513   0.11707   0.11091   0.12511   0.16048   0.00023   0.00383   1.41003   0.14214   0.03289   0.01466  
 24 41.4484   6091.250313  x:  0.45594   1.10048   1.04200   0.59061   0.69774   0.17330   0.59348   0.26026   0.43172   0.25008   0.20850   0.19488   0.74854   0.08751   0.13774   0.12367   0.16210   0.00000   0.00394   1.41407   0.14200   0.03286   0.01493  
 25  8.3449   6089.816651  x:  0.46766   1.19725   0.94765   0.57304   0.66641   0.19552   0.59888   0.25857   0.47846   0.22672   0.21775   0.18657   0.79122   0.12110   0.11186   0.12456   0.16172   0.00000   0.00436   1.42502   0.14123   0.03255   0.01506  
 26  9.3802   6085.146113  x:  0.45823   1.30701   0.89069   0.58019   0.61017   0.25302   0.61356   0.26608   0.33616   0.31782   0.21787   0.19990   0.89690   0.09306   0.15506   0.12385   0.16464   0.00000   0.00629   1.44945   0.13801   0.03167   0.01621  
 27  7.8141   6043.629639  x:  0.53420   0.98787   1.51326   1.00241   0.52754   0.32014   0.87220   0.28744   0.59693   0.18417   0.25769   0.23019   1.32213   0.08516   0.31440   0.13012   0.16408   0.00000   0.02358   1.71069   0.09952   0.02148   0.02008  
 28 10.6452   6040.563406  x:  0.65137   0.95647   1.54300   0.88706   0.64735   0.33272   0.92523   0.29677   0.54750   0.13806   0.26268   0.23067   1.33643   0.10989   0.30354   0.13176   0.16509   0.00000   0.02461   1.72798   0.09703   0.02075   0.01997  
 29 23.8242   6039.102747  x:  0.62889   0.93303   1.48391   0.90674   0.78179   0.25608   0.89236   0.29658   0.56588   0.16328   0.26112   0.22617   1.48605   0.08670   0.32049   0.12991   0.16513   0.00000   0.02434   1.72268   0.09454   0.02054   0.01916  
 30  3.0947   6013.399805  x:  0.76024   1.49708   1.59006   1.06192   0.80295   0.39220   1.05939   0.33566   0.51135   0.27930   0.28844   0.20263   1.68608   0.02702   0.30432   0.11644   0.17162   0.00000   0.02449   1.54534   0.06275   0.02075   0.01046  
 31  1.8512   6002.635295  x:  0.83144   1.79435   1.64030   1.15017   0.85805   0.38898   1.08875   0.36184   0.47737   0.32219   0.28391   0.18498   1.69274   0.00914   0.25954   0.11189   0.16995   0.00000   0.02036   1.46097   0.07245   0.02497   0.00591  
 32  0.4780   5998.294338  x:  0.88884   1.89106   1.72031   1.21878   0.89468   0.38470   1.12330   0.37710   0.48557   0.31978   0.27855   0.18626   1.76707   0.00000   0.26404   0.11428   0.16763   0.00000   0.01913   1.46652   0.06832   0.02543   0.00791  
 33  0.3796   5998.294338  x:  0.88884   1.89106   1.72031   1.21878   0.89468   0.38470   1.12330   0.37710   0.48557   0.31978   0.27855   0.18626   1.76707   0.00000   0.26404   0.11428   0.16763   0.00000   0.01913   1.46652   0.06832   0.02543   0.00791  
 34  1.4910   5997.462830  x:  0.88916   1.89112   1.72047   1.21899   0.89468   0.38460   1.12322   0.37701   0.48559   0.31963   0.27837   0.18628   1.76711   0.00019   0.26418   0.11445   0.16761   0.00000   0.01611   1.46665   0.06379   0.02549   0.00870  
 35 290.7473   5996.573565  x:  0.89029   1.89140   1.72107   1.21975   0.89478   0.38438   1.12309   0.37685   0.48577   0.31924   0.27784   0.18638   1.76736   0.00081   0.26464   0.11499   0.16755   0.00000   0.00722   1.46688   0.06435   0.02561   0.01074  
 36 209.8152   5996.000563  x:  0.91320   1.89707   1.73325   1.23511   0.89676   0.37992   1.12039   0.37358   0.48919   0.31134   0.26745   0.18858   1.77220   0.01217   0.27306   0.12412   0.16609   0.00000   0.00945   1.47164   0.06445   0.02411   0.02375  
 37 34.4666   5993.953699  x:  0.99018   1.91623   1.77445   1.28689   0.90365   0.36502   1.11153   0.36299   0.50107   0.28548   0.23610   0.19726   1.78845   0.03915   0.29203   0.13982   0.16050   0.00000   0.00734   1.48762   0.06323   0.02332   0.00746  
 38 132.0587   5992.428388  x:  1.08357   1.94011   1.82563   1.35053   0.91327   0.34773   1.10206   0.35254   0.51732   0.25833   0.21828   0.21347   1.80823   0.03372   0.28226   0.12887   0.15118   0.00000   0.00799   1.50607   0.06218   0.04009   0.01021  
 39 122.4682   5989.160273  x:  1.24866   1.98260   1.91660   1.46335   0.93084   0.31768   1.08601   0.33525   0.54673   0.21241   0.19332   0.24202   1.84332   0.01601   0.25776   0.10866   0.13617   0.00000   0.00820   1.53845   0.06012   0.02671   0.01560  
 40 766.7319   5986.829952  x:  1.39560   2.02292   2.00133   1.56612   0.95198   0.29705   1.07895   0.33266   0.57926   0.19550   0.22309   0.25512   1.87598   0.00000   0.23918   0.12771   0.18135   0.00000   0.00805   1.56165   0.05752   0.02659   0.01463  
 41 132.7865   5984.284364  x:  1.55796   2.07360   2.10357   1.68483   0.98776   0.28938   1.08904   0.35816   0.62104   0.22143   0.29392   0.21777   1.91585   0.01933   0.25690   0.09553   0.18069   0.00000   0.00813   1.57520   0.05356   0.02323   0.01680  
 42 85.9022   5983.082707  x:  1.63039   2.10120   2.15616   1.74152   1.01146   0.29499   1.10651   0.38341   0.63265   0.24371   0.30440   0.17131   1.93649   0.00358   0.24952   0.11536   0.15933   0.00000   0.00794   1.57543   0.05145   0.02576   0.01515  
 43 68.0907   5982.696946  x:  1.64140   2.11109   2.17198   1.75411   1.02166   0.30353   1.12219   0.39679   0.62462   0.25170   0.29727   0.17492   1.94300   0.00000   0.25252   0.11288   0.16355   0.00000   0.00796   1.57143   0.05075   0.02538   0.01557  
 44 18.9653   5982.696946  x:  1.64140   2.11109   2.17198   1.75411   1.02166   0.30353   1.12219   0.39679   0.62462   0.25170   0.29727   0.17492   1.94300   0.00000   0.25252   0.11288   0.16355   0.00000   0.00796   1.57143   0.05075   0.02538   0.01557  
 45 22.0671   5981.936809  x:  1.64143   2.11113   2.17202   1.75415   1.02170   0.30357   1.12225   0.39683   0.62460   0.25170   0.29721   0.17497   1.94304   0.00013   0.25264   0.11296   0.16358   0.00000   0.00785   1.57139   0.05423   0.02547   0.01541  
 46 449.1808   5981.814619  x:  1.64180   2.11169   2.17274   1.75465   1.02217   0.30403   1.12311   0.39723   0.62395   0.25157   0.29569   0.17578   1.94346   0.00265   0.25511   0.11456   0.16420   0.00000   0.00614   1.57107   0.05418   0.02700   0.01218  
 47 37.9327   5981.704642  x:  1.64226   2.11238   2.17363   1.75528   1.02276   0.30461   1.12418   0.39772   0.62313   0.25140   0.29381   0.17679   1.94398   0.00556   0.25798   0.11650   0.16488   0.00000   0.00754   1.57067   0.05416   0.02791   0.00896  
 48 132.8106   5981.484551  x:  1.64391   2.11485   2.17685   1.75754   1.02486   0.30663   1.12799   0.39947   0.62025   0.25083   0.28733   0.18036   1.94586   0.01374   0.26625   0.12266   0.16639   0.00000   0.00728   1.56928   0.05407   0.02364   0.00985  
 49 54.8021   5981.403275  x:  1.64483   2.11622   2.17864   1.75880   1.02603   0.30773   1.13009   0.40043   0.61868   0.25053   0.28398   0.18227   1.94690   0.01669   0.26945   0.12484   0.16677   0.00000   0.00764   1.56850   0.05402   0.02549   0.01246  
 50 68.5403   5980.768089  x:  1.66019   2.13904   2.20861   1.77974   1.04509   0.32476   1.16420   0.41537   0.59388   0.24671   0.23836   0.21138   1.96391   0.01006   0.27359   0.11802   0.15480   0.00000   0.00757   1.55644   0.05329   0.02560   0.01199  
 51 23.9208   5980.450401  x:  1.67112   2.15505   2.22954   1.79445   1.05711   0.33452   1.18572   0.42344   0.58146   0.24811   0.23421   0.22352   1.97597   0.00000   0.27092   0.12559   0.16728   0.00000   0.00751   1.54930   0.05275   0.02572   0.01146  
 52 28.2382   5980.450401  x:  1.67112   2.15505   2.22954   1.79445   1.05711   0.33452   1.18572   0.42344   0.58146   0.24811   0.23421   0.22352   1.97597   0.00000   0.27092   0.12559   0.16728   0.00000   0.00751   1.54930   0.05275   0.02572   0.01146  
 53 34.4425   5980.446742  x:  1.67116   2.15511   2.22962   1.79450   1.05713   0.33453   1.18577   0.42344   0.58148   0.24815   0.23436   0.22342   1.97602   0.00007   0.27099   0.12549   0.16721   0.00000   0.00753   1.54929   0.05251   0.02571   0.01143  
 54 19.7440   5980.276644  x:  1.67465   2.15996   2.23580   1.79896   1.05942   0.33553   1.19000   0.42369   0.58255   0.25188   0.24675   0.21570   1.97990   0.00537   0.27616   0.11758   0.16187   0.00000   0.00879   1.54861   0.05249   0.02478   0.00955  
 55 35.5133   5980.216855  x:  1.67594   2.16175   2.23809   1.80062   1.06027   0.33590   1.19156   0.42377   0.58294   0.25322   0.25109   0.21289   1.98134   0.00704   0.27783   0.11522   0.16027   0.00000   0.00715   1.54837   0.05241   0.02510   0.01003  
 56 144.8577   5980.174068  x:  1.67728   2.16361   2.24046   1.80232   1.06113   0.33625   1.19316   0.42386   0.58330   0.25449   0.25480   0.21018   1.98282   0.00782   0.27877   0.11448   0.15973   0.00000   0.00775   1.54815   0.05236   0.02608   0.01250  
 57 53.4068   5980.099332  x:  1.68026   2.16774   2.24574   1.80612   1.06305   0.33698   1.19669   0.42403   0.58399   0.25701   0.26117   0.20467   1.98612   0.00721   0.27886   0.11630   0.16088   0.00000   0.00767   1.54778   0.05223   0.02341   0.01423  
 58 38.5536   5979.850320  x:  1.69162   2.18346   2.26584   1.82058   1.07027   0.33969   1.21003   0.42465   0.58649   0.26611   0.28262   0.18498   1.99866   0.00313   0.27778   0.12501   0.16727   0.00000   0.00757   1.54649   0.05177   0.02563   0.01129  
 59 103.7773   5979.741555  x:  1.69617   2.18970   2.27380   1.82631   1.07295   0.34050   1.21505   0.42484   0.58706   0.26807   0.28289   0.18375   2.00368   0.00000   0.27593   0.12356   0.16615   0.00000   0.00758   1.54657   0.05161   0.02577   0.01135  
 60 19.0657   5979.741555  x:  1.69617   2.18970   2.27380   1.82631   1.07295   0.34050   1.21505   0.42484   0.58706   0.26807   0.28289   0.18375   2.00368   0.00000   0.27593   0.12356   0.16615   0.00000   0.00758   1.54657   0.05161   0.02577   0.01135  
 61 75.0345   5979.711422  x:  1.69719   2.19108   2.27554   1.82757   1.07346   0.34059   1.21603   0.42488   0.58700   0.26787   0.28052   0.18588   2.00482   0.00033   0.27632   0.12220   0.16511   0.00000   0.00693   1.54679   0.05167   0.02425   0.01139  
 62 11.4278   5979.682328  x:  1.69832   2.19260   2.27746   1.82896   1.07403   0.34070   1.21712   0.42492   0.58694   0.26765   0.27792   0.18819   2.00607   0.00070   0.27677   0.12078   0.16406   0.00000   0.00745   1.54704   0.05113   0.02368   0.01150  
 63 108.6138   5979.626468  x:  1.70060   2.19567   2.28133   1.83178   1.07518   0.34091   1.21931   0.42500   0.58682   0.26720   0.27272   0.19281   2.00861   0.00146   0.27769   0.11800   0.16201   0.00000   0.00856   1.54752   0.05164   0.02334   0.01177  
 64 382.2115   5979.510967  x:  1.70542   2.20216   2.28952   1.83771   1.07760   0.34135   1.22394   0.42518   0.58655   0.26625   0.26192   0.20236   2.01396   0.00301   0.27960   0.11274   0.15821   0.00000   0.00756   1.54853   0.05135   0.02551   0.01237  
 65 240.0013   5979.338595  x:  1.71508   2.21517   2.30593   1.84964   1.08254   0.34228   1.23308   0.42569   0.58579   0.26432   0.24603   0.21530   2.02469   0.00215   0.28018   0.11913   0.16269   0.00000   0.00759   1.55031   0.05108   0.02571   0.00856  
 66 29.7303   5979.248861  x:  1.72121   2.22341   2.31632   1.85719   1.08569   0.34288   1.23885   0.42605   0.58531   0.26315   0.23741   0.22233   2.03149   0.00117   0.28015   0.12358   0.16568   0.00000   0.00756   1.55137   0.05091   0.02539   0.01195  
 67 125.7198   5979.187526  x:  1.72409   2.22726   2.32118   1.86074   1.08720   0.34319   1.24146   0.42633   0.58514   0.26284   0.23759   0.22260   2.03469   0.00000   0.27948   0.12337   0.16566   0.00000   0.00756   1.55171   0.05082   0.02545   0.01194  
 68 21.3887   5976.300229  x:  2.01291   2.61307   2.80643   2.21572   1.23722   0.37442   1.49862   0.45694   0.58253   0.24665   0.25792   0.21827   2.35664   0.00000   0.33860   0.11582   0.16137   0.00000   0.00760   1.58456   0.04205   0.02725   0.01187  
 69 303.2724   5975.912536  x:  2.05198   2.66368   2.86936   2.26237   1.25486   0.37582   1.52436   0.46556   0.61234   0.27536   0.24522   0.19989   2.40107   0.00000   0.33427   0.11790   0.15576   0.00000   0.00762   1.59067   0.04077   0.02762   0.01170  
 70 33.9693   5975.755201  x:  2.06889   2.68449   2.89473   2.28157   1.26052   0.37431   1.52916   0.47163   0.63359   0.29324   0.25568   0.21009   2.42100   0.00000   0.33476   0.11771   0.16007   0.00000   0.00760   1.59526   0.04015   0.02735   0.01188  
 71 21.1208   5975.481553  x:  2.10353   2.71777   2.93084   2.31220   1.25701   0.35454   1.48636   0.49903   0.65645   0.26529   0.26621   0.19522   2.46820   0.00000   0.33256   0.12092   0.16984   0.00000   0.00754   1.62274   0.03984   0.02474   0.01229  
 72  4.2069   5975.458800  x:  2.10684   2.72068   2.93380   2.31475   1.25694   0.35325   1.48148   0.50053   0.65734   0.26356   0.26834   0.19575   2.47305   0.00000   0.33205   0.12616   0.16363   0.00000   0.00753   1.62334   0.03981   0.02479   0.01213  
 73  5.9492   5975.299787  x:  2.14069   2.74429   2.95312   2.33144   1.26561   0.35870   1.41903   0.48612   0.63608   0.28002   0.26769   0.19634   2.53081   0.00000   0.32885   0.12583   0.16534   0.00000   0.00755   1.57683   0.03944   0.02435   0.01211  
 74  1.8593   5974.993562  x:  2.19928   2.77968   2.98068   2.34965   1.28501   0.38592   1.36848   0.50646   0.62043   0.30060   0.26187   0.20330   2.64108   0.00000   0.32362   0.12141   0.16252   0.00000   0.00766   1.63826   0.03979   0.02615   0.01192  
 75  2.0320   5974.107190  x:  2.32158   2.85454   3.03059   2.36112   1.32714   0.43958   1.52213   0.59372   0.70832   0.25158   0.26496   0.20352   2.88137   0.00000   0.30378   0.12168   0.16269   0.00000   0.00787   1.58371   0.03854   0.02586   0.01163  
 76  2.7521   5973.816663  x:  2.35160   2.88964   3.06487   2.37743   1.33723   0.39386   1.59140   0.53573   0.69287   0.27630   0.27231   0.19644   2.91043   0.00000   0.29819   0.12507   0.16483   0.00000   0.00789   1.60487   0.03913   0.02471   0.01170  
 77  3.3316   5973.517798  x:  2.37301   2.98438   3.18458   2.48375   1.43633   0.36185   1.61459   0.61029   0.65662   0.30932   0.27320   0.19689   2.80953   0.00000   0.29337   0.12639   0.16571   0.00000   0.00787   1.60131   0.03832   0.02411   0.01165  
 78  1.7134   5973.256326  x:  2.40964   3.07977   3.30674   2.61249   1.50266   0.36828   1.61159   0.57920   0.71875   0.26612   0.27079   0.20053   2.73987   0.00000   0.28967   0.12346   0.16417   0.00000   0.00786   1.60703   0.03768   0.02496   0.01148  
 79  3.7359   5972.670576  x:  2.57844   3.25022   3.53525   2.94645   1.39851   0.47704   1.74281   0.60465   0.70379   0.28230   0.27050   0.20486   2.84655   0.00000   0.27812   0.12222   0.16415   0.00000   0.00766   1.62567   0.03452   0.02525   0.01131  
 80  1.8907   5972.445668  x:  2.66369   3.31301   3.63756   2.97994   1.51966   0.40767   1.81281   0.62095   0.71591   0.27291   0.26804   0.20955   3.01171   0.00000   0.27528   0.11982   0.16314   0.00000   0.00758   1.63207   0.03284   0.02599   0.01122  
 81  1.6818   5972.398871  x:  2.65113   3.33951   3.69768   2.93814   1.54649   0.44495   1.82808   0.61214   0.71124   0.27624   0.27103   0.20735   3.05110   0.00000   0.27441   0.12144   0.16431   0.00000   0.00753   1.64048   0.03258   0.02549   0.01132  
 82  0.6812   5972.333777  x:  2.63252   3.38693   3.80202   2.88427   1.52741   0.42759   1.84437   0.62179   0.71369   0.27142   0.27016   0.20929   3.10963   0.00000   0.27430   0.12005   0.16372   0.00000   0.00751   1.63770   0.03258   0.02601   0.01134  
 83  1.3252   5972.191954  x:  2.70567   3.38725   3.85394   2.99643   1.61355   0.41168   1.92409   0.62436   0.70848   0.26810   0.27428   0.20898   3.25203   0.00000   0.27441   0.12072   0.16482   0.00000   0.00747   1.64363   0.03229   0.02604   0.01163  
 84  0.3298   5972.135030  x:  2.86375   3.53436   3.86829   3.01979   1.63834   0.42494   1.97966   0.64024   0.71339   0.26669   0.27553   0.20961   3.28858   0.00000   0.27496   0.12074   0.16486   0.00000   0.00750   1.64574   0.03150   0.02613   0.01172  
 85  0.4930   5972.073219  x:  2.90783   3.67221   4.01704   3.18530   1.68236   0.44488   2.06132   0.67606   0.73161   0.26707   0.27605   0.21046   3.42135   0.00000   0.27699   0.12089   0.16445   0.00000   0.00758   1.64483   0.03002   0.02606   0.01172  
 86  0.3787   5972.054301  x:  2.97596   3.64795   4.11402   3.21260   1.69615   0.45614   2.08390   0.68968   0.74016   0.26856   0.27532   0.21031   3.44161   0.00000   0.27864   0.12105   0.16428   0.00000   0.00758   1.64465   0.02973   0.02591   0.01167  
 87  0.1968   5972.043755  x:  2.96666   3.69218   4.12289   3.23410   1.71232   0.45866   2.09619   0.69697   0.74560   0.27018   0.27434   0.21006   3.47007   0.00000   0.27933   0.12117   0.16427   0.00000   0.00754   1.64698   0.02971   0.02581   0.01162  
 88  0.0929   5972.042289  x:  2.99221   3.72211   4.14729   3.25420   1.72879   0.45921   2.11308   0.70277   0.74855   0.27053   0.27426   0.21028   3.49878   0.00000   0.27892   0.12113   0.16438   0.00000   0.00753   1.64899   0.02945   0.02583   0.01161  
 89  0.0587   5972.042212  x:  2.99693   3.72353   4.15100   3.25612   1.73072   0.45900   2.11450   0.70317   0.74842   0.27053   0.27437   0.21034   3.50225   0.00000   0.27883   0.12114   0.16437   0.00000   0.00754   1.64898   0.02944   0.02585   0.01161  
 90  0.0062   5972.042208  x:  2.99691   3.72402   4.15170   3.25699   1.73072   0.45917   2.11447   0.70319   0.74831   0.27052   0.27442   0.21034   3.50276   0.00000   0.27885   0.12113   0.16437   0.00000   0.00753   1.64892   0.02943   0.02585   0.01161  
 91  0.0009   5972.042208  x:  2.99686   3.72396   4.15160   3.25688   1.73068   0.45917   2.11430   0.70316   0.74829   0.27053   0.27441   0.21033   3.50264   0.00000   0.27884   0.12113   0.16437   0.00000   0.00754   1.64894   0.02944   0.02585   0.01161  
 92  0.0002   5972.042208  x:  2.99686   3.72395   4.15157   3.25686   1.73068   0.45916   2.11423   0.70316   0.74829   0.27053   0.27441   0.21033   3.50262   0.00000   0.27885   0.12113   0.16437   0.00000   0.00754   1.64894   0.02944   0.02585   0.01161  
 93  0.0001   5972.042208  x:  2.99687   3.72394   4.15157   3.25685   1.73068   0.45916   2.11421   0.70316   0.74829   0.27053   0.27441   0.21033   3.50262   0.00000   0.27885   0.12113   0.16437   0.00000   0.00754   1.64894   0.02944   0.02585   0.01161  
 94  0.0000   5972.042208  x:  2.99687   3.72394   4.15157   3.25685   1.73068   0.45916   2.11421   0.70316   0.74829   0.27053   0.27441   0.21033   3.50262   0.00000   0.27885   0.12113   0.16437   0.00000   0.00754   1.64894   0.02944   0.02585   0.01161  
 95  0.0000   5972.042208  x:  2.99687   3.72394   4.15156   3.25685   1.73068   0.45916   2.11421   0.70316   0.74829   0.27054   0.27441   0.21033   3.50262   0.00000   0.27885   0.12113   0.16437   0.00000   0.00754   1.64894   0.02944   0.02585   0.01161  
 96  0.0000   5972.042208  x:  2.99687   3.72394   4.15156   3.25685   1.73068   0.45916   2.11421   0.70316   0.74829   0.27054   0.27441   0.21033   3.50262   0.00000   0.27885   0.12113   0.16437   0.00000   0.00754   1.64894   0.02944   0.02585   0.01161  