

TREE # 1

  0  0.0000   7056.222267  x:  0.00000   0.29423   0.29815   0.10741   0.23294   0.06446   0.23382   0.05467   0.19132   0.13595   0.06010   0.05825   0.21917   0.11114   0.04976   0.07193   0.09244   0.07197   0.06681   2.00000   0.20000   0.20000  
  1 99.0000   6345.994555  x:  2.06824   0.44506   0.45605   0.37679   0.33212   0.21855   0.33765   0.20150   0.25729   0.19566   0.23555   0.20671   0.38623   0.13658   0.09284   0.10859   0.12477   0.00175   0.00000   1.98161   0.17122   0.19827  
  2 7670.8033   6341.246316  x:  2.07508   0.44650   0.45751   0.37844   0.33306   0.21961   0.33880   0.20240   0.25802   0.19619   0.23612   0.20717   0.38752   0.13664   0.09306   0.10879   0.12502   0.00580   0.01511   1.98135   0.16804   0.19825  
  3 3533.3818   6322.280903  x:  2.07413   0.45323   0.46427   0.38380   0.33752   0.22349   0.34458   0.20535   0.26165   0.19858   0.23596   0.20691   0.39280   0.13652   0.09378   0.10910   0.12599   0.00000   0.01695   1.97987   0.14616   0.19821  
  4 812.2771   6134.742981  x:  1.88919   0.95812   0.97548   0.79331   0.67545   0.50806   0.76868   0.43241   0.52995   0.38155   0.23687   0.19547   0.80316   0.15218   0.17270   0.13736   0.20664   0.00000   0.03725   1.82732   0.14409   0.20217  
  5 643.9094   6116.229050  x:  1.87879   1.01272   1.03652   0.85266   0.67765   0.48433   0.76328   0.40860   0.48797   0.33577   0.25776   0.20106   0.86364   0.10029   0.13296   0.07264   0.13235   0.00000   0.00822   1.77433   0.14391   0.20885  
  6 142.1751   6112.442276  x:  1.87632   1.02647   1.05289   0.86999   0.67343   0.47032   0.75522   0.39600   0.46930   0.31681   0.26238   0.20138   0.88143   0.09616   0.13372   0.09030   0.13051   0.00000   0.00208   1.75505   0.14304   0.21171  
  7 172.0284   6100.619621  x:  1.86345   1.10144   1.14193   0.96395   0.65186   0.39611   0.71339   0.32955   0.37125   0.21715   0.28725   0.20369   0.97787   0.07000   0.13317   0.14504   0.10894   0.00000   0.00883   1.65121   0.13833   0.22745  
  8 530.1680   6095.250464  x:  1.85905   1.13210   1.18310   1.01323   0.62973   0.33880   0.67823   0.28755   0.33565   0.18690   0.28901   0.20618   1.02868   0.09935   0.17385   0.11055   0.14363   0.00000   0.00793   1.58425   0.13421   0.23961  
  9 162.1900   6090.869816  x:  1.85863   1.14000   1.20991   1.06204   0.59325   0.24984   0.62446   0.24935   0.36963   0.24432   0.26723   0.21590   1.07944   0.07537   0.16723   0.11059   0.16442   0.00000   0.00827   1.49015   0.13064   0.26244  
 10 73.2532   6089.687258  x:  1.85858   1.12451   1.20721   1.07620   0.59440   0.22685   0.61541   0.26303   0.37833   0.25523   0.25711   0.20838   1.09495   0.08881   0.18666   0.11667   0.13384   0.00000   0.00836   1.44866   0.12848   0.27906  
 11 36.7749   6086.203216  x:  1.85488   1.02853   1.17221   1.11753   0.64707   0.18396   0.61609   0.35752   0.37294   0.23905   0.25353   0.19101   1.14316   0.06906   0.18554   0.11172   0.15398   0.00000   0.00826   1.29864   0.12114   0.36213  
 12 38.3213   6084.196881  x:  1.84537   0.97124   1.16040   1.13978   0.69441   0.17044   0.62124   0.35844   0.37927   0.24101   0.28944   0.25373   1.17360   0.07263   0.19387   0.11451   0.15083   0.00000   0.00849   1.25861   0.11597   0.43647  
 13 32.4399   6072.015923  x:  1.84567   0.74107   1.17680   1.24677   0.94517   0.12474   0.66205   0.20255   0.40136   0.23387   0.22136   0.23435   1.33358   0.07062   0.19432   0.11402   0.14694   0.00000   0.00843   1.27635   0.10077   0.91179  
 14 43.4344   6059.020576  x:  1.83679   0.69663   1.25989   1.26963   0.99876   0.00000   0.67188   0.26151   0.40070   0.26030   0.30153   0.18355   1.40387   0.08080   0.18857   0.11421   0.15198   0.00000   0.00867   1.37311   0.08649   1.36508  
 15 68.2807   6048.529909  x:  1.83529   0.78239   1.33329   1.22225   0.95181   0.05700   0.63442   0.33486   0.38911   0.23783   0.18538   0.27553   1.38756   0.09403   0.17057   0.11411   0.15323   0.00000   0.00865   1.35165   0.07248   1.82012  
 16 67.4690   6044.763021  x:  1.83688   0.84429   1.32663   1.17915   0.90168   0.14869   0.65357   0.28122   0.42141   0.23751   0.24333   0.22989   1.34297   0.09092   0.17788   0.11451   0.15210   0.00000   0.00870   1.26137   0.06609   1.99700  
 17 44.7494   6043.761290  x:  1.84064   0.87473   1.29562   1.17409   0.86102   0.12228   0.75102   0.25927   0.43407   0.21912   0.23323   0.23849   1.31909   0.06225   0.20564   0.11346   0.15141   0.00000   0.00861   1.24445   0.06576   2.03773  
 18 14.6394   6041.763476  x:  1.82797   0.98647   1.13355   1.29964   0.82476   0.15943   0.73832   0.27457   0.43368   0.22706   0.23878   0.23237   1.31357   0.00000   0.26875   0.11088   0.15353   0.00000   0.00861   1.30984   0.06578   2.06782  
 19  4.2838   6037.499292  x:  1.81958   1.15438   1.03984   1.39360   0.81807   0.15361   0.79517   0.27402   0.43502   0.23980   0.24072   0.22066   1.22279   0.15706   0.10467   0.11559   0.15401   0.00000   0.00872   1.35954   0.06735   2.09606  
 20  6.7084   6027.047317  x:  1.81868   1.35604   1.32218   1.30680   0.91493   0.17301   0.79432   0.28987   0.49300   0.23190   0.24783   0.19340   0.88738   0.08561   0.17317   0.11093   0.15746   0.00000   0.00862   1.46000   0.07296   2.13774  
 21 11.6319   6022.124121  x:  1.81004   1.28004   1.48291   1.16634   0.67779   0.33980   0.88325   0.31365   0.42465   0.30769   0.25409   0.18136   1.08820   0.06100   0.19522   0.10869   0.16054   0.00000   0.00863   1.55140   0.07484   2.15780  
 22 14.5909   6021.473678  x:  1.81021   1.29131   1.48434   1.11772   0.65890   0.34335   0.87213   0.32158   0.49854   0.24748   0.25810   0.18052   1.15873   0.06243   0.19198   0.10857   0.16141   0.00000   0.00863   1.57120   0.07521   2.16442  
 23  8.5093   6020.344247  x:  1.81612   1.40267   1.43447   0.95998   0.75042   0.30646   0.86605   0.31874   0.47781   0.27079   0.25492   0.17944   1.29652   0.04945   0.20470   0.10761   0.16100   0.00000   0.00858   1.57042   0.07443   2.19341  
 24  4.7724   6002.033790  x:  1.69124   1.75519   1.81396   1.49187   0.98992   0.24537   0.97037   0.37839   0.51954   0.28782   0.24720   0.20048   1.57285   0.03226   0.20013   0.09733   0.15288   0.00000   0.00765   1.75410   0.05404   2.90319  
 25  1.4006   5990.340438  x:  1.58825   2.09352   2.09471   1.83015   1.08009   0.29063   1.11974   0.39613   0.56582   0.29140   0.27010   0.19793   1.82541   0.00000   0.24660   0.11494   0.14909   0.00000   0.00755   1.76835   0.05907   2.73342  
 26  0.4080   5990.340438  x:  1.58825   2.09352   2.09471   1.83015   1.08009   0.29063   1.11974   0.39613   0.56582   0.29140   0.27010   0.19793   1.82541   0.00000   0.24660   0.11494   0.14909   0.00000   0.00755   1.76835   0.05907   2.73342  
 27  0.5801   5989.236357  x:  1.58826   2.09354   2.09475   1.83016   1.08008   0.29064   1.11977   0.39614   0.56580   0.29136   0.27006   0.19790   1.82544   0.00005   0.24668   0.11493   0.14919   0.00000   0.00752   1.76826   0.05465   2.73342  
 28 482.0287   5988.846733  x:  1.59213   2.09841   2.10123   1.83340   1.08215   0.29470   1.12583   0.39947   0.56566   0.28912   0.26744   0.19590   1.83044   0.01187   0.25648   0.11505   0.16066   0.00000   0.00529   1.75465   0.05416   2.73342  
 29 27.9676   5988.662090  x:  1.59431   2.10115   2.10488   1.83523   1.08332   0.29697   1.12925   0.40133   0.56560   0.28787   0.26601   0.19483   1.83326   0.01797   0.26155   0.11498   0.16670   0.00000   0.00772   1.74700   0.05389   2.73342  
 30 456.8342   5986.636413  x:  1.63465   2.15163   2.17255   1.86909   1.10433   0.33564   1.19053   0.43353   0.56671   0.26798   0.25192   0.18938   1.88459   0.00978   0.25293   0.08162   0.18050   0.00000   0.00759   1.61184   0.05118   2.73342  
 31 39.2558   5984.904161  x:  1.67658   2.20370   2.24235   1.90413   1.12446   0.37164   1.25110   0.46292   0.57092   0.25195   0.24969   0.19705   1.93761   0.00000   0.24562   0.11427   0.17747   0.00000   0.00745   1.48237   0.04835   2.73342  
 32 143.7763   5984.438380  x:  1.69213   2.22239   2.26732   1.91692   1.12948   0.37909   1.26897   0.46806   0.57664   0.25253   0.25754   0.20763   1.95688   0.00890   0.25598   0.11252   0.15600   0.00000   0.00749   1.45462   0.04734   2.73342  
 33 47.8007   5983.611153  x:  1.72658   2.26188   2.32011   1.94478   1.13363   0.37743   1.29448   0.46240   0.59724   0.26773   0.26756   0.21535   1.99813   0.00000   0.26310   0.11067   0.16305   0.00000   0.00750   1.45985   0.04630   2.73342  
 34 19.2552   5983.611153  x:  1.72658   2.26188   2.32011   1.94478   1.13363   0.37743   1.29448   0.46240   0.59724   0.26773   0.26756   0.21535   1.99813   0.00000   0.26310   0.11067   0.16305   0.00000   0.00750   1.45985   0.04630   2.73342  
 35 97.8333   5983.497078  x:  1.72661   2.26191   2.32014   1.94480   1.13363   0.37742   1.29449   0.46240   0.59724   0.26773   0.26753   0.21532   1.99816   0.00001   0.26310   0.11069   0.16304   0.00000   0.00749   1.45989   0.04747   2.73342  
 36 197.8176   5983.495178  x:  1.72664   2.26194   2.32019   1.94483   1.13363   0.37741   1.29450   0.46239   0.59724   0.26772   0.26748   0.21526   1.99819   0.00000   0.26310   0.11071   0.16302   0.00000   0.00749   1.45995   0.04747   2.73342  
 37 14.1910   5983.451008  x:  1.72837   2.26382   2.32262   1.94627   1.13376   0.37673   1.29507   0.46172   0.59715   0.26734   0.26546   0.21248   2.00021   0.00000   0.26297   0.11153   0.16229   0.00000   0.00920   1.46348   0.04749   2.73342  
 38 164.8125   5982.691013  x:  1.77090   2.31017   2.38275   1.98185   1.13738   0.36109   1.30956   0.44694   0.59854   0.26273   0.26922   0.20729   2.04981   0.00000   0.26428   0.08844   0.16247   0.00000   0.00900   1.54337   0.04746   2.73341  
 39 28.5632   5981.756262  x:  1.83126   2.37621   2.46836   2.03259   1.14367   0.34067   1.33087   0.42847   0.60258   0.25927   0.28683   0.21654   2.12035   0.00000   0.26951   0.10473   0.17824   0.00000   0.00897   1.64771   0.04716   2.73341  
 40 122.8495   5981.377469  x:  1.86164   2.41053   2.51249   2.05930   1.15268   0.33948   1.34523   0.43160   0.61087   0.26728   0.29254   0.22677   2.15643   0.00000   0.26600   0.11238   0.15313   0.00000   0.00897   1.66247   0.04659   2.73341  
 41 26.0030   5978.099306  x:  2.18472   2.78086   2.98671   2.34990   1.27994   0.37463   1.51695   0.52627   0.70310   0.36336   0.25745   0.24352   2.54296   0.00000   0.24543   0.10794   0.17709   0.00000   0.00890   1.62867   0.03830   2.73337  
 42 42.9120   5977.209623  x:  2.27554   2.88561   3.12046   2.43328   1.32035   0.38891   1.56819   0.55359   0.69993   0.35117   0.26662   0.23429   2.65190   0.00000   0.29307   0.10695   0.17279   0.00000   0.00881   1.60542   0.03592   2.73336  
 43 76.2159   5976.441519  x:  2.35020   2.97275   3.23175   2.50415   1.35826   0.40375   1.61332   0.57422   0.66572   0.29730   0.29246   0.22043   2.74209   0.00000   0.26958   0.10903   0.17217   0.00000   0.00881   1.57711   0.03424   2.73335  
 44 43.9709   5976.286962  x:  2.36148   2.98910   3.25468   2.52015   1.36881   0.40362   1.62294   0.56709   0.65789   0.27606   0.26633   0.24401   2.75820   0.00000   0.27048   0.10898   0.17187   0.00000   0.00879   1.57138   0.03419   2.73334  
 45  4.3569   5975.030563  x:  2.42330   3.10729   3.43651   2.65856   1.47588   0.38948   1.70441   0.47614   0.71312   0.24008   0.28438   0.21918   2.86980   0.00000   0.27470   0.10923   0.17165   0.00000   0.00845   1.52255   0.03453   2.73323  
 46  3.6698   5974.290555  x:  2.45872   3.17193   3.53331   2.74948   1.55303   0.42066   1.78189   0.62283   0.68737   0.24731   0.28731   0.21414   2.93326   0.00000   0.27907   0.11046   0.17187   0.00000   0.00819   1.57291   0.03463   2.73315  
 47  6.8633   5973.947126  x:  2.61757   3.25439   3.51340   2.91109   1.57269   0.48044   1.97473   0.59457   0.66400   0.29182   0.28051   0.21350   3.02119   0.00000   0.27874   0.11201   0.17053   0.00000   0.00785   1.60396   0.03330   2.73302  
 48  1.1119   5973.615125  x:  2.78312   3.37201   3.54353   3.06406   1.56390   0.45446   2.05200   0.64783   0.76375   0.23621   0.27665   0.20974   3.11980   0.00000   0.27802   0.11368   0.16839   0.00000   0.00749   1.62157   0.03197   2.73288  
 49  3.4196   5973.265192  x:  2.93940   3.54994   3.69299   3.18263   1.59837   0.39094   1.99420   0.67470   0.71672   0.28903   0.26939   0.20723   3.23776   0.00000   0.27709   0.11523   0.16581   0.00000   0.00712   1.61993   0.03091   2.73271  
 50  2.8691   5973.104685  x:  2.97912   3.63378   3.81337   3.20510   1.67165   0.46472   1.96913   0.67227   0.73620   0.28836   0.26661   0.20729   3.29686   0.00000   0.27659   0.11635   0.16472   0.00000   0.00698   1.64756   0.03010   2.73264  
 51  2.8158   5972.953217  x:  2.94750   3.69280   4.04086   3.15640   1.65345   0.46278   2.09064   0.68348   0.74842   0.28526   0.26629   0.20636   3.39035   0.00000   0.27604   0.11696   0.16380   0.00000   0.00701   1.65630   0.02946   2.73257  
 52  1.2742   5972.824174  x:  2.98087   3.63110   4.18147   3.24469   1.71642   0.45840   2.10858   0.70028   0.75206   0.27871   0.27071   0.20874   3.61417   0.00000   0.27554   0.11684   0.16395   0.00000   0.00746   1.65992   0.02902   2.73257  
 53  0.4540   5972.695382  x:  3.12030   3.83832   4.31687   3.33978   1.80165   0.46019   2.18047   0.72616   0.76201   0.26569   0.27795   0.21225   3.61089   0.00000   0.27594   0.11613   0.16520   0.00000   0.00797   1.66528   0.02841   2.73259  
 54  0.4845   5972.662745  x:  3.13579   3.94319   4.38125   3.46427   1.79734   0.49119   2.22343   0.74176   0.76616   0.26777   0.27820   0.21224   3.68992   0.00000   0.27743   0.11575   0.16600   0.00000   0.00778   1.66179   0.02771   2.73255  
 55  0.3116   5972.650231  x:  3.17781   3.96884   4.41485   3.48893   1.84631   0.47690   2.26348   0.75273   0.77265   0.26819   0.27735   0.21223   3.73084   0.00000   0.27818   0.11559   0.16636   0.00000   0.00762   1.66094   0.02731   2.73251  
 56  0.3371   5972.640999  x:  3.23576   3.97720   4.44370   3.48365   1.84273   0.49349   2.28083   0.75991   0.77489   0.26987   0.27633   0.21172   3.76679   0.00000   0.27878   0.11547   0.16651   0.00000   0.00745   1.65698   0.02717   2.73247  
 57  0.2212   5972.637181  x:  3.22709   3.98119   4.46187   3.50720   1.85687   0.49006   2.29465   0.76447   0.77707   0.27149   0.27539   0.21169   3.76963   0.00000   0.27859   0.11555   0.16633   0.00000   0.00744   1.65723   0.02716   2.73244  
 58  0.0542   5972.636581  x:  3.23640   3.99566   4.47139   3.51556   1.86239   0.49231   2.30372   0.76877   0.77796   0.27177   0.27588   0.21175   3.78400   0.00000   0.27831   0.11574   0.16613   0.00000   0.00755   1.65814   0.02708   2.73241  
 59  0.0274   5972.636547  x:  3.23884   3.99474   4.47482   3.51845   1.86252   0.49282   2.30459   0.76951   0.77796   0.27180   0.27598   0.21178   3.78303   0.00000   0.27831   0.11576   0.16613   0.00000   0.00755   1.65832   0.02706   2.73240  
 60  0.0096   5972.636534  x:  3.23880   3.99564   4.47453   3.51818   1.86282   0.49285   2.30478   0.77011   0.77789   0.27179   0.27604   0.21180   3.78397   0.00000   0.27833   0.11577   0.16614   0.00000   0.00753   1.65851   0.02706   2.73237  
 61  0.0018   5972.636532  x:  3.23857   3.99529   4.47417   3.51785   1.86266   0.49280   2.30450   0.77026   0.77783   0.27181   0.27601   0.21179   3.78359   0.00000   0.27835   0.11577   0.16615   0.00000   0.00753   1.65851   0.02707   2.73234  
 62  0.0007   5972.636532  x:  3.23848   3.99523   4.47409   3.51779   1.86263   0.49279   2.30445   0.77029   0.77782   0.27181   0.27601   0.21179   3.78352   0.00000   0.27834   0.11577   0.16615   0.00000   0.00753   1.65850   0.02707   2.73232  
 63  0.0002   5972.636532  x:  3.23847   3.99523   4.47409   3.51778   1.86263   0.49280   2.30444   0.77029   0.77782   0.27181   0.27601   0.21179   3.78351   0.00000   0.27834   0.11577   0.16615   0.00000   0.00753   1.65850   0.02707   2.73231  
 64  0.0000   5972.636532  x:  3.23846   3.99522   4.47408   3.51778   1.86263   0.49280   2.30444   0.77029   0.77783   0.27181   0.27601   0.21179   3.78351   0.00000   0.27834   0.11577   0.16615   0.00000   0.00753   1.65849   0.02707   2.73229  
 65  0.0000   5972.636532  x:  3.23846   3.99522   4.47408   3.51778   1.86263   0.49280   2.30444   0.77029   0.77783   0.27181   0.27601   0.21179   3.78351   0.00000   0.27834   0.11577   0.16615   0.00000   0.00753   1.65849   0.02707   2.73226  
 66  0.0001   5972.636532  x:  3.23845   3.99521   4.47408   3.51777   1.86263   0.49280   2.30443   0.77029   0.77783   0.27181   0.27601   0.21179   3.78350   0.00000   0.27834   0.11577   0.16615   0.00000   0.00753   1.65849   0.02707   2.73218  
 67  0.0001   5972.636532  x:  3.23844   3.99521   4.47407   3.51776   1.86263   0.49280   2.30443   0.77029   0.77783   0.27181   0.27601   0.21179   3.78349   0.00000   0.27834   0.11577   0.16615   0.00000   0.00753   1.65849   0.02707   2.73196  
 68  0.0002   5972.636532  x:  3.23841   3.99519   4.47406   3.51774   1.86262   0.49281   2.30441   0.77029   0.77783   0.27181   0.27601   0.21179   3.78347   0.00000   0.27834   0.11577   0.16614   0.00000   0.00753   1.65848   0.02707   2.73087  
 69  0.0003   5972.636532  x:  3.23834   3.99514   4.47403   3.51768   1.86262   0.49282   2.30438   0.77030   0.77783   0.27181   0.27601   0.21179   3.78343   0.00000   0.27834   0.11577   0.16614   0.00000   0.00753   1.65846   0.02707   2.72244  
 70  0.0011   5972.636531  x:  3.23801   3.99492   4.47390   3.51740   1.86259   0.49288   2.30423   0.77034   0.77784   0.27179   0.27602   0.21180   3.78320   0.00000   0.27832   0.11576   0.16613   0.00000   0.00753   1.65836   0.02707   2.62433  
 71  0.0189   5972.636518  x:  3.23778   3.99477   4.47381   3.51722   1.86257   0.49293   2.30412   0.77036   0.77785   0.27179   0.27603   0.21180   3.78305   0.00000   0.27831   0.11575   0.16613   0.00000   0.00753   1.65829   0.02707   2.09345  
 72  0.0664   5972.636518  x:  3.23778   3.99477   4.47381   3.51722   1.86257   0.49293   2.30412   0.77036   0.77785   0.27179   0.27603   0.21180   3.78305   0.00000   0.27831   0.11575   0.16613   0.00000   0.00753   1.65829   0.02707   2.09345  
 73  1.6090   5972.636518  x:  3.23778   3.99477   4.47381   3.51722   1.86257   0.49293   2.30412   0.77036   0.77785   0.27179   0.27603   0.21180   3.78305   0.00000   0.27831   0.11575   0.16613   0.00000   0.00753   1.65829   0.02707   2.09345  
 74  0.0892   5972.636518  x:  3.23778   3.99477   4.47381   3.51722   1.86257   0.49293   2.30412   0.77036   0.77785   0.27179   0.27603   0.21180   3.78305   0.00000   0.27831   0.11575   0.16613   0.00000   0.00753   1.65829   0.02707   2.09345  
 75  0.0902   5972.636517  x:  3.23779   3.99477   4.47381   3.51722   1.86257   0.49292   2.30412   0.77036   0.77785   0.27178   0.27602   0.21179   3.78305   0.00000   0.27832   0.11578   0.16615   0.00000   0.00753   1.65830   0.02707   2.09345  
 76  0.1110   5972.636517  x:  3.23779   3.99477   4.47381   3.51722   1.86256   0.49291   2.30412   0.77035   0.77785   0.27178   0.27600   0.21178   3.78306   0.00000   0.27834   0.11577   0.16615   0.00000   0.00753   1.65832   0.02707   2.09345  
 77  0.0181   5972.636516  x:  3.23782   3.99478   4.47381   3.51724   1.86255   0.49287   2.30413   0.77031   0.77782   0.27178   0.27600   0.21180   3.78307   0.00000   0.27835   0.11577   0.16614   0.00000   0.00753   1.65842   0.02707   2.09345  
 78  0.0139   5972.636516  x:  3.23783   3.99479   4.47381   3.51725   1.86254   0.49285   2.30414   0.77029   0.77781   0.27178   0.27599   0.21180   3.78308   0.00000   0.27834   0.11577   0.16615   0.00000   0.00753   1.65845   0.02707   2.09345  
 79  0.0204   5972.636516  x:  3.23785   3.99480   4.47382   3.51727   1.86253   0.49283   2.30415   0.77027   0.77781   0.27180   0.27600   0.21178   3.78309   0.00000   0.27833   0.11577   0.16614   0.00000   0.00753   1.65846   0.02707   2.09345  
 80  0.0085   5972.636516  x:  3.23790   3.99482   4.47383   3.51730   1.86252   0.49280   2.30418   0.77024   0.77781   0.27183   0.27603   0.21177   3.78312   0.00000   0.27834   0.11577   0.16615   0.00000   0.00753   1.65846   0.02707   2.09345  
 81  0.0185   5972.636515  x:  3.23801   3.99488   4.47385   3.51739   1.86251   0.49273   2.30424   0.77018   0.77779   0.27186   0.27600   0.21179   3.78320   0.00000   0.27834   0.11577   0.16615   0.00000   0.00753   1.65843   0.02707   2.09344  
 82  0.0123   5972.636515  x:  3.23809   3.99492   4.47387   3.51745   1.86251   0.49271   2.30428   0.77017   0.77776   0.27182   0.27601   0.21179   3.78325   0.00000   0.27834   0.11577   0.16615   0.00000   0.00753   1.65842   0.02707   2.09344  
 83  0.0091   5972.636515  x:  3.23831   3.99504   4.47391   3.51763   1.86255   0.49276   2.30439   0.77026   0.77783   0.27180   0.27601   0.21179   3.78339   0.00000   0.27834   0.11577   0.16615   0.00000   0.00753   1.65849   0.02707   2.09344  
 84  0.0057   5972.636515  x:  3.23832   3.99506   4.47392   3.51764   1.86257   0.49278   2.30437   0.77026   0.77781   0.27182   0.27601   0.21179   3.78339   0.00000   0.27834   0.11577   0.16615   0.00000   0.00753   1.65849   0.02707   2.09343  
 85  0.0008   5972.636515  x:  3.23833   3.99507   4.47392   3.51765   1.86257   0.49278   2.30435   0.77025   0.77781   0.27181   0.27601   0.21179   3.78339   0.00000   0.27834   0.11577   0.16615   0.00000   0.00753   1.65849   0.02707   2.09343  
 86  0.0004   5972.636515  x:  3.23834   3.99508   4.47393   3.51765   1.86257   0.49278   2.30434   0.77026   0.77781   0.27181   0.27601   0.21179   3.78338   0.00000   0.27834   0.11577   0.16615   0.00000   0.00753   1.65849   0.02707   2.09343  
 87  0.0002   5972.636515  x:  3.23834   3.99509   4.47393   3.51765   1.86256   0.49278   2.30434   0.77026   0.77781   0.27181   0.27601   0.21179   3.78337   0.00000   0.27834   0.11577   0.16615   0.00000   0.00753   1.65849   0.02707   2.09342  
 88  0.0001   5972.636515  x:  3.23834   3.99509   4.47392   3.51766   1.86257   0.49278   2.30435   0.77026   0.77781   0.27181   0.27601   0.21179   3.78336   0.00000   0.27834   0.11577   0.16615   0.00000   0.00753   1.65849   0.02707   2.09337  
 89  0.0001   5972.636515  x:  3.23834   3.99509   4.47391   3.51766   1.86255   0.49279   2.30434   0.77025   0.77781   0.27181   0.27601   0.21179   3.78336   0.00000   0.27834   0.11577   0.16615   0.00000   0.00753   1.65849   0.02707   2.09324  
 90  0.0003   5972.636515  x:  3.23835   3.99510   4.47393   3.51765   1.86257   0.49278   2.30435   0.77026   0.77781   0.27181   0.27601   0.21179   3.78337   0.00000   0.27834   0.11577   0.16615   0.00000   0.00753   1.65849   0.02707   2.09284  
 91  0.0007   5972.636515  x:  3.23835   3.99511   4.47392   3.51775   1.86256   0.49279   2.30436   0.77026   0.77781   0.27181   0.27601   0.21179   3.78330   0.00000   0.27834   0.11577   0.16615   0.00000   0.00754   1.65848   0.02707   2.08779  
 92  0.0011   5972.636514  x:  3.23849   3.99525   4.47358   3.51758   1.86255   0.49279   2.30435   0.77026   0.77781   0.27181   0.27600   0.21179   3.78333   0.00000   0.27834   0.11577   0.16614   0.00000   0.00754   1.65847   0.02707   2.06856  
 93  0.0063   5972.636505  x:  3.23783   3.99573   4.47356   3.51762   1.86255   0.49275   2.30434   0.77023   0.77779   0.27181   0.27600   0.21179   3.78345   0.00000   0.27833   0.11577   0.16614   0.00000   0.00755   1.65847   0.02707   1.74360  
 94  0.0406   5972.636017  x:  3.23589   3.99674   4.47335   3.51744   1.86233   0.49262   2.30414   0.77006   0.77770   0.27178   0.27597   0.21177   3.78315   0.00000   0.27830   0.11575   0.16612   0.00000   0.00759   1.65844   0.02707   0.00010  
 95  8.9939   5972.635933  x:  3.23861   3.99506   4.47414   3.51775   1.86262   0.49281   2.30443   0.77029   0.77783   0.27181   0.27601   0.21179   3.78344   0.00000   0.27834   0.11577   0.16615   0.00000   0.00753   1.65849   0.02707   0.00010  
 96  0.0033   5972.635933  x:  3.23845   3.99520   4.47405   3.51776   1.86262   0.49280   2.30443   0.77029   0.77783   0.27181   0.27601   0.21179   3.78350   0.00000   0.27834   0.11577   0.16615   0.00000   0.00753   1.65849   0.02707   0.00010  
 97  0.0004   5972.635933  x:  3.23845   3.99520   4.47406   3.51776   1.86262   0.49280   2.30443   0.77029   0.77782   0.27181   0.27601   0.21179   3.78350   0.00000   0.27834   0.11577   0.16615   0.00000   0.00753   1.65849   0.02707   0.00010  
 98  0.0000   5972.635933  x:  3.23845   3.99520   4.47406   3.51776   1.86262   0.49280   2.30443   0.77029   0.77782   0.27181   0.27601   0.21179   3.78350   0.00000   0.27834   0.11577   0.16615   0.00000   0.00753   1.65849   0.02707   0.00010  