   10
BAM_006700  0.000000  1.949820  1.948152  2.201708  0.492399  0.281937
  0.479718  0.280426  1.952317  1.861329
BA_1902xxx  1.949820  0.000000  0.102341  1.029859  2.253584  2.080501
  2.144439  2.040327  0.051105  0.081214
BC_1830xxx  1.948152  0.102341  0.000000  1.028229  2.233047  2.086103
  2.132457  2.036639  0.123590  0.083104
BH2082xxxx  2.201708  1.029859  1.028229  0.000000  2.432666  2.236967
  2.172115  2.188975  1.056776  1.016942
NT03BL0713  0.492399  2.253584  2.233047  2.432666  0.000000  0.506567
  0.543795  0.478047  2.238667  2.124092
Bmo15xxxxx  0.281937  2.080501  2.086103  2.236967  0.506567  0.000000
  0.461952  0.081937  2.067225  1.978255
BPUM_0542x  0.479718  2.144439  2.132457  2.172115  0.543795  0.461952
  0.000000  0.435649  2.191541  2.052792
BG10490xxx  0.280426  2.040327  2.036639  2.188975  0.478047  0.081937
  0.435649  0.000000  2.023660  1.937138
NT02BT1906  1.952317  0.051105  0.123590  1.056776  2.238667  2.067225
  2.191541  2.023660  0.000000  0.089861
KBAB4_1765  1.861329  0.081214  0.083104  1.016942  2.124092  1.978255
  2.052792  1.937138  0.089861  0.000000
