

TREE # 1

  0  0.0000   7935.918345  x:  0.00000   0.36489   0.35341   0.06230   0.34133   0.10169   0.28416   0.09135   0.23155   0.18190   0.07590   0.14153   0.37156   0.12247   0.04927   0.05859   0.05185   0.05317   0.03188   2.00000   0.20000   0.20000   0.20000  
  1 99.0000   7377.815399  x:  0.34532   0.45617   0.42930   0.22604   0.40243   0.18574   0.33639   0.16765   0.28693   0.21763   0.14845   0.19030   0.44918   0.14956   0.08727   0.11499   0.11901   0.01253   0.00000   1.98286   0.40540   0.17962   0.19919  
  2 3150.7256   7324.052531  x:  0.37694   0.49200   0.45851   0.25841   0.42806   0.21157   0.35880   0.19235   0.31109   0.23154   0.16858   0.20610   0.47741   0.15851   0.09683   0.12362   0.13008   0.00000   0.11327   1.97579   0.41418   0.16490   0.19914  
  3 1919.1294   7085.959397  x:  0.26231   0.74455   0.66251   0.37262   0.61265   0.35713   0.51851   0.33336   0.48256   0.32329   0.26415   0.29457   0.66909   0.20480   0.13382   0.13253   0.13466   0.00000   0.07637   1.92140   0.21502   0.03205   0.19182  
  4 839.8934   6963.760804  x:  0.00000   0.99810   0.86755   0.43708   0.79681   0.47304   0.66898   0.44331   0.63913   0.40256   0.31590   0.35323   0.87006   0.24181   0.15426   0.12555   0.12704   0.00000   0.04290   1.84117   0.30946   0.19436   0.18282  
  5 1072.7961   6963.760804  x:  0.00000   0.99810   0.86755   0.43708   0.79681   0.47304   0.66898   0.44331   0.63913   0.40256   0.31590   0.35323   0.87006   0.24181   0.15426   0.12555   0.12704   0.00000   0.04290   1.84117   0.30946   0.19436   0.18282  
  6 193.7680   6939.951439  x:  0.03272   1.01688   0.88314   0.45270   0.80750   0.47747   0.67350   0.44508   0.64256   0.40146   0.31311   0.35044   0.88891   0.23493   0.14715   0.13060   0.13368   0.00000   0.00285   1.83307   0.30500   0.16445   0.18180  
  7 395.9740   6892.652599  x:  0.15567   1.09244   0.94548   0.51480   0.85077   0.49520   0.69189   0.45229   0.65665   0.39698   0.30202   0.33927   0.96456   0.20896   0.12026   0.14927   0.15856   0.00000   0.01696   1.79994   0.28577   0.04212   0.17802  
  8 863.5662   6857.241606  x:  0.41551   1.31431   1.12320   0.68440   0.98150   0.54613   0.74943   0.47541   0.70318   0.38412   0.27581   0.31128   1.18250   0.20133   0.11078   0.18558   0.21182   0.00000   0.04552   1.68814   0.22722   0.18976   0.16618  
  9 374.4980   6850.207542  x:  0.41817   1.36520   1.16035   0.71358   1.01363   0.55630   0.76573   0.48279   0.71860   0.38366   0.28305   0.31611   1.22864   0.21121   0.12082   0.15063   0.17065   0.00000   0.04677   1.65747   0.26758   0.19595   0.16128  
 10 186.2650   6842.037554  x:  0.39184   1.42579   1.20191   0.74217   1.05190   0.56507   0.78437   0.48965   0.73732   0.38126   0.29496   0.32461   1.28152   0.22499   0.13449   0.10290   0.11000   0.00000   0.04550   1.62148   0.23686   0.19326   0.15391  
 11 306.2299   6814.531746  x:  0.00000   1.74877   1.40659   0.84960   1.26138   0.59708   0.89110   0.52937   0.85099   0.37370   0.38230   0.38943   1.54822   0.28524   0.19592   0.18831   0.10922   0.00000   0.03035   1.41681   0.18632   0.13652   0.10164  
 12 158.3061   6814.531746  x:  0.00000   1.74877   1.40659   0.84960   1.26138   0.59708   0.89110   0.52937   0.85099   0.37370   0.38230   0.38943   1.54822   0.28524   0.19592   0.18831   0.10922   0.00000   0.03035   1.41681   0.18632   0.13652   0.10164  
 13 135.4353   6804.965178  x:  0.00564   1.75226   1.40943   0.85189   1.26287   0.59703   0.89139   0.52925   0.85098   0.37314   0.37856   0.38603   1.55174   0.27735   0.18795   0.18417   0.11485   0.00000   0.00417   1.41712   0.19844   0.11234   0.10077  
 14 310.6435   6796.318995  x:  0.01847   1.76039   1.41593   0.85704   1.26618   0.59651   0.89173   0.52854   0.85064   0.37144   0.36932   0.37763   1.55996   0.25947   0.16982   0.17478   0.12798   0.00000   0.01099   1.41835   0.20961   0.05616   0.09888  
 15 399.7091   6794.379064  x:  0.02683   1.76613   1.42033   0.86037   1.26827   0.59549   0.89143   0.52741   0.84992   0.36965   0.36225   0.37126   1.56577   0.25056   0.16073   0.17010   0.13707   0.00000   0.00759   1.41963   0.19213   0.04653   0.09748  
 16 173.3789   6788.074624  x:  0.08394   1.80545   1.45103   0.88415   1.28388   0.59127   0.89200   0.52276   0.84755   0.36079   0.32003   0.33326   1.60544   0.19921   0.10866   0.14266   0.18999   0.00000   0.00921   1.42344   0.18437   0.06750   0.08835  
 17 182.0550   6780.844465  x:  0.23462   1.93674   1.54985   0.95830   1.33860   0.57618   0.89742   0.51185   0.84633   0.34358   0.24960   0.27441   1.73627   0.23251   0.15029   0.14264   0.15301   0.00000   0.00913   1.43622   0.17231   0.06408   0.05587  
 18 71.9959   6773.689655  x:  0.39624   2.12811   1.68739   1.05729   1.42347   0.55422   0.91399   0.50887   0.85895   0.34477   0.32717   0.35343   1.92327   0.23000   0.15541   0.19310   0.15560   0.00000   0.00915   1.45937   0.14901   0.06356   0.00010  
 19 99.7798   6772.545109  x:  0.38896   2.17100   1.71313   1.07187   1.44649   0.55010   0.92473   0.51818   0.86971   0.35677   0.34219   0.36417   1.96253   0.22754   0.15414   0.15473   0.13982   0.00000   0.00896   1.46760   0.14394   0.06540   0.00010  
 20 43.3205   6769.541488  x:  0.25775   2.34285   1.80436   1.11197   1.54614   0.53331   0.97853   0.56984   0.92106   0.41257   0.34955   0.35079   2.11429   0.25363   0.18501   0.12541   0.19715   0.00000   0.00891   1.50736   0.13732   0.06205   0.00010  
 21 49.5405   6766.054448  x:  0.07725   2.53754   1.90452   1.15214   1.65911   0.51425   1.03522   0.62023   0.96649   0.44971   0.33492   0.32044   2.28551   0.22327   0.15480   0.16817   0.16285   0.00000   0.00833   1.55053   0.12904   0.06415   0.00010  
 22 100.2669   6764.734185  x:  0.00000   2.60574   1.93715   1.16168   1.68813   0.50265   1.02808   0.59762   0.93710   0.38434   0.32618   0.33487   2.34803   0.22249   0.15445   0.16102   0.16579   0.00000   0.00823   1.55536   0.13172   0.06397   0.00010  
 23 22.9446   6764.734185  x:  0.00000   2.60574   1.93715   1.16168   1.68813   0.50265   1.02808   0.59762   0.93710   0.38434   0.32618   0.33487   2.34803   0.22249   0.15445   0.16102   0.16579   0.00000   0.00823   1.55536   0.13172   0.06397   0.00010  
 24  4.3987   6762.284631  x:  0.00098   2.60621   1.93761   1.16213   1.68841   0.50302   1.02831   0.59784   0.93729   0.38452   0.32623   0.33495   2.34852   0.22175   0.15376   0.16044   0.16543   0.00000   0.00743   1.55474   0.14817   0.06345   0.00010  
 25 315.5280   6762.185659  x:  0.00375   2.60743   1.93874   1.16322   1.68883   0.50361   1.02832   0.59778   0.93728   0.38438   0.32586   0.33475   2.34986   0.21870   0.15077   0.15801   0.16401   0.00000   0.00991   1.55366   0.14819   0.06192   0.00010  
 26 30.5391   6761.845006  x:  0.01430   2.61209   1.94307   1.16737   1.69043   0.50586   1.02836   0.59753   0.93725   0.38382   0.32447   0.33400   2.35499   0.20750   0.13979   0.14923   0.15895   0.00000   0.00768   1.54951   0.14732   0.05813   0.00010  
 27 138.2040   6761.592318  x:  0.02557   2.61719   1.94776   1.17185   1.69221   0.50830   1.02844   0.59731   0.93726   0.38328   0.32316   0.33335   2.36059   0.19870   0.13135   0.14345   0.15608   0.00000   0.00791   1.54498   0.14675   0.06606   0.00010  
 28 81.5097   6760.421756  x:  0.13095   2.66797   1.99385   1.21524   1.71030   0.53193   1.03022   0.59610   0.93860   0.37984   0.31559   0.33144   2.41602   0.18518   0.12430   0.16811   0.17433   0.00000   0.00785   1.50352   0.14070   0.06405   0.00010  
 29 29.5060   6759.231043  x:  0.24194   2.72770   2.04656   1.26366   1.73243   0.55835   1.03461   0.59723   0.94295   0.37980   0.31543   0.33571   2.48038   0.20369   0.15121   0.15316   0.15677   0.00000   0.00776   1.46359   0.13386   0.06319   0.00010  
 30 77.3317   6758.796193  x:  0.26235   2.77365   2.07936   1.28683   1.75404   0.57112   1.05145   0.61269   0.96089   0.39988   0.34504   0.35712   2.52482   0.20276   0.15305   0.14370   0.16992   0.00000   0.00774   1.48597   0.13041   0.06299   0.00010  
 31 14.6701   6758.023905  x:  0.27462   2.87336   2.14732   1.33047   1.80344   0.59464   1.09295   0.64924   0.99895   0.43650   0.35609   0.35329   2.61873   0.19858   0.15252   0.16373   0.14466   0.00000   0.00766   1.54801   0.12494   0.06429   0.00010  
 32 32.8636   6757.290441  x:  0.27038   2.97726   2.21687   1.37264   1.85595   0.61572   1.13582   0.68380   1.03099   0.45842   0.33525   0.32427   2.71543   0.20059   0.15838   0.14984   0.16068   0.00000   0.00762   1.60386   0.12039   0.06412   0.00010  
 33 56.7502   6755.954862  x:  0.14872   3.22890   2.37869   1.45343   1.98517   0.63383   1.21665   0.71767   1.03353   0.37413   0.32081   0.36273   2.94305   0.19598   0.15899   0.15146   0.15951   0.00000   0.00757   1.60441   0.11219   0.06425   0.00010  
 34 18.6436   6755.413676  x:  0.06577   3.34849   2.45322   1.48568   2.03359   0.61594   1.22133   0.70747   1.04984   0.41876   0.34124   0.34027   3.05071   0.19398   0.15728   0.15235   0.15920   0.00000   0.00756   1.53981   0.10767   0.06380   0.00010  
 35 14.4186   6755.327475  x:  0.05696   3.37675   2.46993   1.49278   2.02727   0.59644   1.19105   0.68493   1.04062   0.43001   0.33016   0.35074   3.07749   0.19457   0.15654   0.15228   0.15934   0.00000   0.00757   1.55381   0.10848   0.06393   0.00010  
 36  3.0491   6755.300336  x:  0.05581   3.38765   2.47415   1.49427   2.01863   0.59285   1.17916   0.68820   1.03331   0.42367   0.34141   0.33985   3.08882   0.19479   0.15627   0.15234   0.15929   0.00000   0.00758   1.55983   0.10893   0.06399   0.00010  
 37  1.5012   6755.212704  x:  0.04832   3.42185   2.47742   1.49290   1.98000   0.60518   1.16335   0.73294   1.03899   0.42566   0.33342   0.34758   3.12744   0.19284   0.15717   0.15231   0.15946   0.00000   0.00762   1.55214   0.10885   0.06398   0.00010  
 38  1.1241   6755.014052  x:  0.04261   3.48857   2.48239   1.49428   1.96025   0.66482   1.20959   0.69530   1.06157   0.42670   0.33770   0.34393   3.19651   0.18298   0.16446   0.15231   0.15965   0.00000   0.00774   1.55401   0.10925   0.06416   0.00010  
 39  1.3360   6754.889613  x:  0.05348   3.51703   2.50915   1.51725   2.01564   0.64591   1.24072   0.70890   1.04468   0.44045   0.33695   0.34559   3.21315   0.21258   0.13502   0.15204   0.16004   0.00000   0.00781   1.55422   0.10891   0.06418   0.00010  
 40  1.5077   6754.786905  x:  0.06383   3.53606   2.54639   1.54574   2.08583   0.61356   1.24728   0.73005   1.05338   0.44225   0.33719   0.34625   3.21703   0.18356   0.16200   0.15205   0.15999   0.00000   0.00786   1.55564   0.10831   0.06431   0.00010  
 41  2.5508   6754.751801  x:  0.06368   3.54352   2.57332   1.56382   2.10978   0.62322   1.23002   0.73304   1.08336   0.43289   0.33860   0.34563   3.21904   0.19007   0.15530   0.15202   0.16010   0.00000   0.00787   1.55727   0.10769   0.06434   0.00010  
 42  1.1389   6754.666694  x:  0.06361   3.58003   2.66602   1.61162   2.12865   0.67716   1.23458   0.74632   1.06646   0.45175   0.33909   0.34798   3.24898   0.18350   0.16044   0.15213   0.16016   0.00000   0.00786   1.56536   0.10487   0.06448   0.00010  
 43  0.7969   6754.561014  x:  0.08909   3.64837   2.75815   1.64629   2.11910   0.66114   1.28806   0.75562   1.09598   0.45137   0.34212   0.34899   3.31820   0.18437   0.15875   0.15218   0.16020   0.00000   0.00784   1.57218   0.10138   0.06460   0.00010  
 44  1.7935   6754.497627  x:  0.11493   3.71621   2.72568   1.64111   2.17413   0.67184   1.28832   0.76839   1.10226   0.45710   0.34325   0.35039   3.40649   0.18420   0.15835   0.15237   0.16019   0.00000   0.00782   1.57654   0.09915   0.06467   0.00010  
 45  0.9491   6754.486705  x:  0.11192   3.74814   2.71091   1.67885   2.17545   0.67063   1.29636   0.77006   1.10501   0.45760   0.34341   0.35070   3.41310   0.18423   0.15844   0.15266   0.16019   0.00000   0.00777   1.57345   0.09884   0.06464   0.00010  
 46  0.1312   6754.470787  x:  0.11625   3.79217   2.73379   1.66085   2.19066   0.67411   1.30532   0.77441   1.10864   0.45931   0.34343   0.35138   3.43212   0.18571   0.15752   0.15313   0.16020   0.00000   0.00769   1.56710   0.09850   0.06456   0.00010  
 47  0.1998   6754.467958  x:  0.11411   3.78017   2.74223   1.66616   2.19530   0.67387   1.30895   0.77565   1.11002   0.45973   0.34349   0.35146   3.45752   0.18577   0.15749   0.15320   0.16020   0.00000   0.00769   1.56634   0.09835   0.06455   0.00010  
 48  0.1624   6754.466455  x:  0.11312   3.79838   2.76057   1.67591   2.20472   0.67856   1.31533   0.78025   1.11350   0.46142   0.34363   0.35172   3.47076   0.18528   0.15811   0.15303   0.16018   0.00000   0.00775   1.56712   0.09766   0.06454   0.00010  
 49  0.0338   6754.466360  x:  0.11266   3.80060   2.76106   1.67677   2.20637   0.67909   1.31599   0.78113   1.11413   0.46176   0.34370   0.35175   3.47219   0.18521   0.15824   0.15298   0.16017   0.00000   0.00774   1.56810   0.09765   0.06454   0.00010  
 50  0.0031   6754.466356  x:  0.11241   3.80060   2.76100   1.67669   2.20633   0.67899   1.31609   0.78119   1.11422   0.46185   0.34375   0.35176   3.47224   0.18524   0.15822   0.15300   0.16016   0.00000   0.00774   1.56806   0.09765   0.06454   0.00010  
 51  0.0003   6754.466356  x:  0.11237   3.80059   2.76099   1.67667   2.20630   0.67898   1.31608   0.78118   1.11421   0.46186   0.34375   0.35176   3.47223   0.18524   0.15822   0.15299   0.16016   0.00000   0.00774   1.56805   0.09765   0.06454   0.00010  
 52  0.0001   6754.466356  x:  0.11237   3.80059   2.76099   1.67667   2.20630   0.67898   1.31608   0.78118   1.11421   0.46186   0.34375   0.35176   3.47223   0.18524   0.15822   0.15299   0.16016   0.00000   0.00774   1.56805   0.09765   0.06454   0.00010  
 53  0.0000   6754.466356  x:  0.11237   3.80059   2.76099   1.67667   2.20630   0.67898   1.31608   0.78118   1.11421   0.46186   0.34375   0.35176   3.47223   0.18524   0.15822   0.15299   0.16016   0.00000   0.00774   1.56806   0.09765   0.06454   0.00010  
 54  0.0000   6754.466356  x:  0.11237   3.80059   2.76099   1.67667   2.20630   0.67898   1.31608   0.78118   1.11421   0.46186   0.34375   0.35176   3.47223   0.18524   0.15822   0.15299   0.16016   0.00000   0.00774   1.56806   0.09765   0.06454   0.00010  