

TREE # 1

  0  0.0000   2827.389272  x:  0.29546   0.93076   0.76226   0.20640   0.87643   0.00000   0.90262   0.49702   0.48647   0.47851   0.91330   0.17919   0.06590   0.10111   0.11806   0.01893   0.00525   2.00000   0.20000   0.20000   0.20000  
  1 99.0000   2820.792299  x:  0.29789   0.93072   0.76224   0.21082   0.87611   0.00064   0.90222   0.49676   0.48629   0.47834   0.91435   0.17889   0.06635   0.10142   0.11952   0.01367   0.00000   1.99976   0.18688   0.19913   0.19688  
  2 411.8695   2816.369232  x:  0.30478   0.93221   0.76378   0.22101   0.87689   0.00177   0.90309   0.49754   0.48746   0.47940   0.91815   0.17835   0.06672   0.10108   0.12137   0.00000   0.00000   1.99798   0.18613   0.19702   0.18885  
  3 301.8595   2815.112921  x:  0.30757   0.93337   0.76495   0.22180   0.87741   0.00000   0.90414   0.49754   0.48841   0.48030   0.92074   0.17867   0.06754   0.10015   0.12084   0.00000   0.00000   1.99640   0.18534   0.19523   0.18005  
  4 243.6630   2815.112921  x:  0.30757   0.93337   0.76495   0.22180   0.87741   0.00000   0.90414   0.49754   0.48841   0.48030   0.92074   0.17867   0.06754   0.10015   0.12084   0.00000   0.00000   1.99640   0.18534   0.19523   0.18005  
  5 1992.7310   2797.050052  x:  0.32167   0.93335   0.76501   0.24694   0.87572   0.00342   0.90209   0.49610   0.48759   0.47949   0.92709   0.17708   0.07018   0.10189   0.12934   0.00000   0.00000   1.99475   0.11154   0.19004   0.16076  
  6 345.4229   2762.155842  x:  0.43581   0.94566   0.77799   0.43592   0.87534   0.03081   0.90080   0.49685   0.49353   0.48458   0.98403   0.16694   0.08609   0.10859   0.18301   0.00000   0.00000   1.97319   0.10711   0.15166   0.01306  
  7 201.0953   2748.213008  x:  0.65359   0.97170   0.80574   0.77501   0.87062   0.06301   0.90231   0.48737   0.50625   0.49707   1.10164   0.17570   0.14756   0.07802   0.26703   0.00000   0.00000   1.92176   0.10053   0.06467   0.12558  
  8 209.0858   2742.013509  x:  0.71567   0.98884   0.82459   0.83675   0.85991   0.02313   0.92054   0.45475   0.51453   0.51005   1.15612   0.13116   0.11977   0.08521   0.16015   0.00000   0.00000   1.88775   0.09539   0.00880   0.14098  
  9 61.9320   2740.565733  x:  0.74372   0.99770   0.83425   0.86213   0.85424   0.00000   0.93159   0.43616   0.51820   0.51676   1.18343   0.11543   0.11431   0.11012   0.12140   0.00000   0.00000   1.86980   0.09340   0.02966   0.14894  
 10 103.9276   2738.947743  x:  0.77228   1.01714   0.85506   0.85900   0.84061   0.00000   0.96661   0.38313   0.52336   0.53250   1.23542   0.11273   0.13319   0.16986   0.12194   0.00000   0.00000   1.82891   0.09158   0.00994   0.15265  
 11 36.0745   2734.252563  x:  0.87033   1.09579   0.93730   0.82551   0.78528   0.00000   1.11697   0.16488   0.53925   0.59428   1.44353   0.08904   0.18632   0.12950   0.15719   0.00000   0.00000   1.66182   0.08160   0.02841   0.13565  
 12 53.4325   2733.425778  x:  0.86762   1.10217   0.93770   0.84726   0.78390   0.00000   1.15866   0.19982   0.53276   0.59755   1.49348   0.06157   0.15982   0.13369   0.18397   0.00000   0.00000   1.63807   0.07958   0.03070   0.13919  
 13  8.9352   2730.435816  x:  0.84121   1.11949   0.92381   0.97316   0.78052   0.00000   1.32829   0.38357   0.49297   0.59554   1.70434   0.11562   0.18499   0.12720   0.18504   0.00000   0.00000   1.55962   0.07055   0.03987   0.12390  
 14 34.6125   2727.585504  x:  0.83228   1.09357   0.87060   1.14646   0.70523   0.00000   1.32720   0.34842   0.42142   0.52202   1.81281   0.11847   0.19260   0.13031   0.20647   0.00000   0.00000   1.63359   0.08181   0.04701   0.11627  
 15 11.4411   2724.256200  x:  0.89130   1.11231   0.87498   1.36062   0.76081   0.00000   1.25768   0.30881   0.63157   0.65053   1.85974   0.12215   0.21048   0.12955   0.24155   0.00000   0.00000   1.81562   0.08300   0.05965   0.10416  
 16 14.0527   2721.221966  x:  1.11247   1.30704   1.10980   1.49151   1.09760   0.00000   1.21153   0.27849   0.56558   0.58755   1.73483   0.10871   0.23397   0.12861   0.26524   0.00000   0.00000   1.92976   0.07612   0.06877   0.09234  
 17 10.1311   2717.703676  x:  1.40009   1.46793   1.23831   1.66377   0.85777   0.00000   1.33722   0.32819   0.63202   0.56883   1.29234   0.11525   0.24029   0.11176   0.27339   0.00000   0.00000   1.65257   0.07249   0.07227   0.06855  
 18  3.6669   2713.402507  x:  1.64125   1.48798   1.27562   1.85316   0.78161   0.00000   1.55473   0.27921   0.41234   0.89891   1.23873   0.16554   0.18840   0.08361   0.27193   0.00000   0.00000   1.66151   0.06672   0.07385   0.03767  
 19  4.9599   2709.812578  x:  1.77203   1.47672   1.29772   1.95472   0.80111   0.00000   1.69051   0.23706   0.47924   0.83573   1.36793   0.18430   0.16828   0.06112   0.27054   0.00000   0.00000   1.68791   0.06122   0.07479   0.01342  
 20  8.6869   2708.842674  x:  1.63134   1.49847   1.31921   2.08745   0.87653   0.00000   1.75204   0.13316   0.52455   0.80278   1.41978   0.25303   0.07753   0.06376   0.26377   0.00000   0.00000   1.64149   0.05847   0.07182   0.01814  
 21  3.3579   2707.495336  x:  1.45985   1.50957   1.37361   2.16436   0.92406   0.00000   1.61214   0.13258   0.54309   0.78989   1.63065   0.09113   0.23400   0.05674   0.23514   0.00000   0.00000   1.55367   0.05860   0.06511   0.01985  
 22  3.1959   2706.554941  x:  1.50232   1.57993   1.45409   2.13529   0.82529   0.00000   1.55487   0.19470   0.56933   0.74300   1.84039   0.09733   0.21893   0.06057   0.22707   0.00000   0.00000   1.66770   0.05538   0.06268   0.02371  
 23  3.3833   2705.516024  x:  1.72245   1.44679   1.28235   2.05433   0.90973   0.00000   1.47134   0.21695   0.59375   0.68790   2.04200   0.17045   0.13114   0.07689   0.22023   0.00000   0.00000   1.61595   0.05596   0.06051   0.02442  
 24  2.8309   2705.098237  x:  1.74644   1.45059   1.21579   2.11009   0.94938   0.00000   1.62621   0.19405   0.61759   0.66067   2.06281   0.10577   0.19297   0.08464   0.20415   0.00000   0.00000   1.69752   0.05578   0.05665   0.02596  
 25  1.4787   2703.913085  x:  1.58923   1.63678   1.38637   2.42036   0.96258   0.00000   1.65861   0.15909   0.64256   0.68051   2.27875   0.11447   0.16700   0.11853   0.18213   0.00000   0.00000   1.71628   0.05290   0.04862   0.01927  
 26  1.2540   2703.312523  x:  1.73475   1.44600   1.61964   2.60705   0.96054   0.00000   1.78754   0.20011   0.64008   0.72377   2.34979   0.12163   0.14393   0.11816   0.17187   0.00000   0.00000   1.74678   0.05119   0.03904   0.02144  
 27  0.3685   2702.534579  x:  1.94990   1.74156   1.48995   2.85613   0.98923   0.00000   1.85289   0.25475   0.62318   0.79318   2.47140   0.12686   0.11884   0.11536   0.16555   0.00000   0.00000   1.75809   0.04672   0.02596   0.02280  
 28  1.3664   2701.935880  x:  2.09614   1.82980   1.55640   3.14528   0.95156   0.00000   1.91149   0.26455   0.63468   0.81373   2.40111   0.11666   0.15422   0.11183   0.19749   0.00000   0.00000   1.74905   0.04648   0.02102   0.02172  
 29  0.2553   2701.800061  x:  2.14791   1.84295   1.63301   3.28883   0.96343   0.00000   1.96664   0.25280   0.64924   0.80951   2.42086   0.11612   0.16029   0.11312   0.19828   0.00000   0.00000   1.73284   0.04378   0.01904   0.02104  
 30  0.3027   2701.640589  x:  2.20514   1.92993   1.70756   3.49439   0.98363   0.00000   2.04830   0.21897   0.68725   0.77693   2.52354   0.14579   0.13327   0.11148   0.18713   0.00000   0.00000   1.72819   0.04258   0.01949   0.02194  
 31  0.1773   2701.563315  x:  2.27249   2.01636   1.76241   3.66012   1.02103   0.00000   2.09691   0.21702   0.68363   0.80652   2.59936   0.12831   0.15278   0.11267   0.18862   0.00000   0.00000   1.73354   0.04091   0.02516   0.02282  
 32  0.1247   2701.536308  x:  2.33813   2.06621   1.80078   3.76123   1.02484   0.00000   2.14433   0.22455   0.68406   0.82894   2.67886   0.12449   0.15064   0.11183   0.18738   0.00000   0.00000   1.73846   0.04019   0.02283   0.02279  
 33  0.1040   2701.528319  x:  2.37264   2.08793   1.83386   3.80089   1.02165   0.00000   2.18182   0.22496   0.69255   0.83188   2.71735   0.13416   0.14200   0.11069   0.18936   0.00000   0.00000   1.73426   0.03949   0.02361   0.02221  
 34  0.0507   2701.524173  x:  2.37934   2.09456   1.84451   3.78797   1.01683   0.00000   2.19907   0.22678   0.69721   0.83352   2.73781   0.13184   0.14579   0.11157   0.18909   0.00000   0.00000   1.73294   0.03950   0.02384   0.02228  
 35  0.0205   2701.522788  x:  2.38689   2.10432   1.84770   3.78321   1.01988   0.00000   2.20964   0.22752   0.69869   0.83705   2.75247   0.13146   0.14589   0.11174   0.18869   0.00000   0.00000   1.73427   0.03930   0.02340   0.02246  
 36  0.0162   2701.522353  x:  2.38407   2.10407   1.84258   3.76628   1.02236   0.00000   2.20654   0.22587   0.69856   0.83720   2.75100   0.13350   0.14363   0.11139   0.18917   0.00000   0.00000   1.73416   0.03939   0.02348   0.02241  
 37  0.0128   2701.522239  x:  2.38469   2.10515   1.84389   3.76595   1.02358   0.00000   2.20451   0.22386   0.69901   0.83684   2.75048   0.13303   0.14426   0.11155   0.18914   0.00000   0.00000   1.73329   0.03938   0.02342   0.02240  
 38  0.0020   2701.522211  x:  2.38768   2.10650   1.84609   3.76717   1.02335   0.00000   2.20431   0.22401   0.69903   0.83734   2.75092   0.13332   0.14391   0.11151   0.18916   0.00000   0.00000   1.73372   0.03936   0.02339   0.02241  
 39  0.0018   2701.522206  x:  2.38814   2.10628   1.84597   3.76578   1.02327   0.00000   2.20401   0.22414   0.69907   0.83725   2.74984   0.13350   0.14375   0.11153   0.18910   0.00000   0.00000   1.73367   0.03937   0.02343   0.02241  
 40  0.0009   2701.522205  x:  2.38846   2.10620   1.84582   3.76590   1.02327   0.00000   2.20413   0.22413   0.69907   0.83724   2.74940   0.13346   0.14376   0.11154   0.18909   0.00000   0.00000   1.73364   0.03937   0.02341   0.02240  
 41  0.0003   2701.522205  x:  2.38859   2.10631   1.84589   3.76607   1.02329   0.00000   2.20433   0.22411   0.69909   0.83727   2.74944   0.13348   0.14375   0.11154   0.18910   0.00000   0.00000   1.73365   0.03937   0.02342   0.02241  
 42  0.0002   2701.522205  x:  2.38857   2.10630   1.84588   3.76606   1.02329   0.00000   2.20432   0.22411   0.69909   0.83727   2.74943   0.13348   0.14375   0.11154   0.18910   0.00000   0.00000   1.73365   0.03937   0.02342   0.02241  
 43  0.0000   2701.522205  x:  2.38856   2.10630   1.84589   3.76606   1.02329   0.00000   2.20431   0.22411   0.69909   0.83727   2.74943   0.13348   0.14375   0.11154   0.18910   0.00000   0.00000   1.73365   0.03937   0.02342   0.02241  
 44  0.0000   2701.522205  x:  2.38856   2.10630   1.84589   3.76606   1.02329   0.00000   2.20431   0.22411   0.69909   0.83727   2.74942   0.13348   0.14375   0.11154   0.18910   0.00000   0.00000   1.73365   0.03937   0.02342   0.02241  
 45  0.0000   2701.522205  x:  2.38856   2.10630   1.84589   3.76606   1.02329   0.00000   2.20432   0.22411   0.69909   0.83727   2.74942   0.13348   0.14375   0.11154   0.18910   0.00000   0.00000   1.73365   0.03937   0.02342   0.02241  
 46  0.0000   2701.522205  x:  2.38856   2.10631   1.84589   3.76606   1.02329   0.00000   2.20432   0.22411   0.69909   0.83727   2.74942   0.13348   0.14375   0.11154   0.18910   0.00000   0.00000   1.73365   0.03937   0.02342   0.02241  
 47  0.0000   2701.522205  x:  2.38856   2.10631   1.84589   3.76606   1.02329   0.00000   2.20432   0.22411   0.69909   0.83727   2.74942   0.13348   0.14375   0.11154   0.18910   0.00000   0.00000   1.73365   0.03937   0.02342   0.02241  