

TREE # 1

  0  0.0000   6671.140480  x:  0.00000   0.48471   0.48010   0.20477   0.38973   0.08499   0.31074   0.07600   0.29598   0.22803   0.08034   0.08045   0.29745   0.10135   0.02338   0.05992   0.10533   0.02083   0.01946   2.00000   0.20000  
  1 99.0000   6440.392534  x:  0.24606   0.50788   0.50488   0.24441   0.40266   0.11093   0.33027   0.10142   0.30301   0.23307   0.11508   0.10826   0.33023   0.11435   0.05375   0.07686   0.11352   0.00000   0.00186   1.99486   0.17957  
  2 3061.9798   6391.833392  x:  0.29635   0.54649   0.54647   0.31229   0.43155   0.15844   0.37515   0.14972   0.31999   0.24389   0.16383   0.14856   0.38846   0.13079   0.08245   0.09959   0.12820   0.03069   0.18394   1.98287   0.11885  
  3 1276.0962   6353.003870  x:  0.28912   0.58498   0.58743   0.37047   0.45953   0.19630   0.41638   0.18714   0.33664   0.25435   0.19205   0.17122   0.44071   0.13933   0.09499   0.11056   0.13719   0.00614   0.22272   1.96803   0.18975  
  4 873.6171   6345.850342  x:  0.28593   0.58982   0.59256   0.37710   0.46278   0.20027   0.42117   0.19084   0.33848   0.25539   0.19423   0.17288   0.44686   0.13968   0.09543   0.11103   0.13777   0.00000   0.22124   1.96619   0.18773  
  5 945.2859   6318.498201  x:  0.29389   0.70964   0.71391   0.41630   0.48427   0.14551   0.42670   0.12719   0.33544   0.24029   0.12027   0.09430   0.51344   0.12552   0.07849   0.08568   0.16760   0.00000   0.18358   1.88230   0.18563  
  6 144.2668   6292.923804  x:  0.28403   0.82210   0.82513   0.40123   0.49369   0.05139   0.40814   0.05307   0.32810   0.22431   0.16226   0.15060   0.53931   0.12420   0.08027   0.08532   0.17926   0.00000   0.08854   1.76662   0.18047  
  7 242.2849   6270.034296  x:  0.28152   0.87478   0.87529   0.36217   0.50274   0.02520   0.39289   0.09572   0.32684   0.21972   0.16403   0.15454   0.52576   0.12765   0.08763   0.09181   0.17373   0.00000   0.00680   1.67937   0.17636  
  8 282.0880   6269.168268  x:  0.28211   0.87645   0.87662   0.35887   0.50532   0.03523   0.39273   0.09069   0.32714   0.21995   0.16409   0.15539   0.52286   0.12579   0.08497   0.08980   0.16974   0.00000   0.00328   1.67009   0.17632  
  9 95.9730   6267.021947  x:  0.28508   0.89798   0.89623   0.33537   0.51649   0.04852   0.39288   0.09314   0.33087   0.22209   0.16427   0.16182   0.50903   0.11584   0.06889   0.08009   0.14366   0.00000   0.00573   1.61184   0.17599  
 10 95.9453   6265.056617  x:  0.28261   0.91482   0.91027   0.31626   0.52580   0.06411   0.39612   0.08426   0.33542   0.22567   0.15865   0.15964   0.49249   0.12867   0.08346   0.10333   0.13550   0.00000   0.00681   1.53283   0.17347  
 11 97.7176   6262.361743  x:  0.28130   0.90548   0.89520   0.32974   0.51755   0.06973   0.40615   0.08510   0.34028   0.23367   0.16890   0.15529   0.47415   0.13120   0.08601   0.08370   0.17673   0.00000   0.00723   1.39393   0.16984  
 12 61.0325   6260.826120  x:  0.28209   0.88532   0.87184   0.36078   0.50607   0.05937   0.41090   0.08501   0.33953   0.23087   0.16528   0.15534   0.48266   0.11957   0.07513   0.10053   0.16019   0.00000   0.00667   1.31942   0.16883  
 13 54.2515   6260.238502  x:  0.28148   0.87792   0.86388   0.36932   0.50558   0.05530   0.41084   0.08454   0.33837   0.22715   0.16153   0.15697   0.49189   0.12808   0.08484   0.08993   0.14541   0.00000   0.00652   1.29980   0.16845  
 14 36.1813   6254.048662  x:  0.27799   0.84289   0.83564   0.32827   0.58868   0.05723   0.38562   0.09601   0.32746   0.18100   0.14142   0.18526   0.62070   0.14521   0.06670   0.09212   0.16975   0.00000   0.00737   1.25902   0.16287  
 15 12.0639   6237.621856  x:  0.26815   0.79667   0.81633   0.27346   0.72107   0.02338   0.42924   0.08105   0.37844   0.29826   0.23167   0.10263   0.79992   0.13079   0.07684   0.09631   0.15258   0.00000   0.00686   1.24989   0.14739  
 16 47.9556   6165.240778  x:  0.20801   0.88223   0.98999   0.49788   0.83534   0.06516   0.58516   0.11819   0.41721   0.47325   0.11888   0.25781   0.87985   0.04828   0.16350   0.10036   0.17156   0.00000   0.01021   1.39327   0.08979  
 17 44.1466   6150.699419  x:  0.19108   0.94361   1.04021   0.56768   0.80158   0.10647   0.60061   0.13907   0.35551   0.34978   0.24239   0.16929   0.87097   0.13162   0.10951   0.11465   0.15108   0.00000   0.01207   1.42743   0.07989  
 18 86.2718   6148.751573  x:  0.19146   0.96301   1.02641   0.54294   0.75720   0.10905   0.66294   0.13438   0.44480   0.26908   0.25109   0.16039   0.88025   0.11959   0.11786   0.11324   0.15071   0.00000   0.01179   1.43683   0.07962  
 19 22.2883   6144.949709  x:  0.18848   1.07410   0.97111   0.49563   0.60555   0.15345   0.68805   0.14433   0.40972   0.31251   0.24300   0.17340   0.96893   0.13610   0.10622   0.11563   0.15239   0.00000   0.01224   1.44966   0.08257  
 20  4.8771   6132.235117  x:  0.17183   1.22392   0.95377   0.58225   0.63726   0.19319   0.58783   0.17549   0.39608   0.24760   0.30902   0.13364   0.97812   0.00000   0.22004   0.11604   0.14393   0.00000   0.01432   1.50178   0.09389  
 21  9.3394   6115.001586  x:  0.17702   1.27784   1.01358   0.74151   0.76448   0.16644   0.57607   0.18668   0.53250   0.25248   0.30600   0.14252   0.89564   0.18411   0.07582   0.12568   0.12782   0.00000   0.01357   1.59481   0.10858  
 22 38.0728   6110.883503  x:  0.18090   1.20537   1.09337   0.73110   0.79272   0.14698   0.72122   0.18484   0.44186   0.22742   0.29962   0.14687   0.87780   0.19110   0.06715   0.12448   0.12440   0.00000   0.01280   1.61173   0.11344  
 23 32.2587   6109.450847  x:  0.17734   1.10583   1.22801   0.72081   0.72433   0.17209   0.69225   0.19273   0.45690   0.22896   0.30678   0.14483   0.91419   0.18282   0.07536   0.12569   0.12462   0.00000   0.01323   1.60610   0.11433  
 24 12.1104   6067.733672  x:  0.13311   1.87302   1.66091   0.90444   0.92741   0.17096   0.87020   0.35252   0.48356   0.42971   0.20954   0.29810   1.25022   0.00000   0.22612   0.10369   0.15492   0.00000   0.00736   1.35308   0.08412  
 25  0.6589   6067.733672  x:  0.13311   1.87302   1.66091   0.90444   0.92741   0.17096   0.87020   0.35252   0.48356   0.42971   0.20954   0.29810   1.25022   0.00000   0.22612   0.10369   0.15492   0.00000   0.00736   1.35308   0.08412  
 26  0.3668   6065.675918  x:  0.13595   1.87312   1.66120   0.90518   0.92743   0.17130   0.87033   0.35248   0.48325   0.42901   0.20946   0.29720   1.25073   0.00054   0.22648   0.10391   0.15495   0.00000   0.00739   1.35345   0.07529  
 27 412.2495   6036.036983  x:  0.52086   1.89430   1.70685   1.00973   0.93876   0.22638   0.89703   0.35909   0.45229   0.34941   0.20458   0.18876   1.32492   0.12721   0.27577   0.13622   0.16275   0.00000   0.01018   1.38439   0.06040  
 28 182.6449   6034.622510  x:  0.53555   1.89511   1.70900   1.01495   0.93922   0.22871   0.89848   0.35932   0.45149   0.34581   0.20718   0.18704   1.32851   0.12192   0.27181   0.13412   0.16117   0.00000   0.00380   1.38647   0.06036  
 29 215.6181   6017.607289  x:  0.74729   1.90683   1.74116   1.09396   0.94588   0.26285   0.92074   0.36262   0.44137   0.29227   0.25288   0.16982   1.38268   0.01515   0.19729   0.09434   0.13345   0.00000   0.00701   1.41919   0.06136  
 30 820.3755   6015.947107  x:  0.76426   1.90829   1.74702   1.10885   0.94636   0.26668   0.92615   0.36298   0.44835   0.29002   0.26327   0.18487   1.39320   0.00000   0.20210   0.10795   0.14933   0.00000   0.00700   1.42698   0.06130  
 31 76.7234   6015.947107  x:  0.76426   1.90829   1.74702   1.10885   0.94636   0.26668   0.92615   0.36298   0.44835   0.29002   0.26327   0.18487   1.39320   0.00000   0.20210   0.10795   0.14933   0.00000   0.00700   1.42698   0.06130  
 32 66.6168   6014.332227  x:  0.76460   1.90837   1.74716   1.10911   0.94642   0.26679   0.92629   0.36305   0.44853   0.29007   0.26327   0.18497   1.39341   0.00074   0.20265   0.10808   0.14949   0.00000   0.00721   1.42698   0.06757  
 33 530.4603   6012.497241  x:  0.77957   1.91039   1.75221   1.12037   0.94756   0.27029   0.93136   0.36451   0.45572   0.29139   0.26196   0.18948   1.40208   0.03487   0.22820   0.11374   0.15637   0.00000   0.01238   1.43036   0.06663  
 34 85.2467   6012.035208  x:  0.78386   1.91099   1.75369   1.12361   0.94791   0.27127   0.93282   0.36493   0.45772   0.29170   0.26157   0.19062   1.40455   0.04105   0.23259   0.11456   0.15762   0.00000   0.00688   1.43133   0.06653  
 35 193.1805   6000.249988  x:  1.19231   1.96982   1.89884   1.43386   0.98393   0.36055   1.07363   0.40529   0.63510   0.31125   0.22187   0.27317   1.63680   0.06669   0.18913   0.06275   0.15896   0.00000   0.00788   1.52272   0.05774  
 36 57.2453   5995.582412  x:  1.38068   1.99989   1.96951   1.57802   1.00128   0.39885   1.13917   0.42247   0.70232   0.30852   0.20585   0.28809   1.74516   0.06180   0.16441   0.12694   0.17123   0.00000   0.00844   1.56252   0.05367  
 37 374.5654   5990.758160  x:  1.55305   2.04543   2.05624   1.71543   1.02143   0.41726   1.20233   0.43049   0.68554   0.24451   0.22267   0.18911   1.85136   0.04706   0.19480   0.13350   0.12268   0.00000   0.00828   1.58308   0.05065  
 38 81.6400   5988.277806  x:  1.65381   2.08052   2.11732   1.79799   1.03432   0.41940   1.23997   0.43154   0.65204   0.19558   0.27491   0.15042   1.91651   0.02155   0.21977   0.12160   0.16481   0.00000   0.00841   1.58925   0.04867  
 39 114.3596   5987.461294  x:  1.68603   2.10325   2.15087   1.82731   1.03957   0.40841   1.25289   0.42775   0.62499   0.18759   0.30520   0.17501   1.94177   0.00345   0.24313   0.12681   0.14925   0.00000   0.00846   1.58463   0.04785  
 40 40.7095   5987.289823  x:  1.68887   2.10785   2.15696   1.83056   1.04035   0.40503   1.25416   0.42668   0.62079   0.19078   0.30254   0.17626   1.94506   0.00000   0.24722   0.12664   0.14987   0.00000   0.00848   1.58297   0.04776  
 41 27.2196   5986.518622  x:  1.68274   2.20387   2.26906   1.85518   1.06357   0.35148   1.24919   0.41490   0.59164   0.25345   0.32745   0.16062   1.99392   0.03863   0.20172   0.12712   0.14739   0.00000   0.00829   1.57268   0.04632  
 42 11.3171   5986.001767  x:  1.65622   2.28360   2.36151   1.86603   1.09504   0.32593   1.23916   0.41880   0.57496   0.21809   0.29996   0.17907   2.03064   0.06541   0.17036   0.12532   0.14983   0.00000   0.00813   1.59055   0.04590  
 43 12.6823   5985.168066  x:  1.57036   2.43054   2.53603   1.87545   1.17968   0.31760   1.22508   0.45784   0.66263   0.19235   0.30818   0.17364   2.09446   0.03685   0.20591   0.12638   0.15036   0.00000   0.00813   1.63981   0.04441  
 44 11.2882   5983.803172  x:  1.46494   2.53117   2.68070   1.92089   1.22741   0.46395   1.43837   0.44574   0.62168   0.22673   0.29613   0.18322   2.24297   0.02575   0.22121   0.12536   0.15416   0.00000   0.00778   1.61007   0.04228  
 45  2.6426   5981.856405  x:  1.46790   2.59743   2.78300   1.98790   1.14740   0.40309   1.51254   0.38401   0.63222   0.23296   0.29089   0.18328   2.39179   0.00000   0.25494   0.12459   0.15669   0.00000   0.00739   1.65567   0.04438  
 46  5.6684   5981.856405  x:  1.46790   2.59743   2.78300   1.98790   1.14740   0.40309   1.51254   0.38401   0.63222   0.23296   0.29089   0.18328   2.39179   0.00000   0.25494   0.12459   0.15669   0.00000   0.00739   1.65567   0.04438  
 47  8.6875   5981.774331  x:  1.46794   2.59744   2.78301   1.98792   1.14742   0.40309   1.51253   0.38405   0.63223   0.23299   0.29086   0.18331   2.39181   0.00003   0.25498   0.12453   0.15670   0.00000   0.00741   1.65564   0.04530  
 48 175.6321   5981.562332  x:  1.47533   2.59884   2.78459   1.99144   1.14938   0.40253   1.51122   0.38995   0.63447   0.23845   0.28515   0.18797   2.39336   0.00443   0.26113   0.11246   0.15917   0.00000   0.00999   1.65105   0.04515  
 49 21.2315   5981.402684  x:  1.48086   2.59989   2.78578   1.99408   1.15085   0.40210   1.51024   0.39435   0.63610   0.24245   0.28095   0.19137   2.39452   0.00729   0.26536   0.10430   0.16103   0.00000   0.00745   1.64762   0.04506  
 50 232.8875   5980.794685  x:  1.51767   2.60702   2.79386   2.01176   1.16075   0.39917   1.50381   0.42196   0.64369   0.26397   0.25827   0.20830   2.40231   0.00000   0.27022   0.11027   0.17505   0.00000   0.00741   1.62585   0.04451  
 51 26.3126   5980.215069  x:  1.58135   2.61994   2.80845   2.04281   1.17802   0.39417   1.49332   0.46294   0.64603   0.28389   0.24253   0.22153   2.41642   0.00000   0.26772   0.11198   0.14782   0.00000   0.00755   1.59259   0.04375  
 52 38.2822   5978.822074  x:  1.79791   2.66712   2.86163   2.15084   1.23703   0.37689   1.46151   0.56568   0.61141   0.28015   0.29068   0.20356   2.46762   0.00000   0.26670   0.10054   0.16174   0.00000   0.00776   1.50717   0.04148  
 53 32.1902   5978.465810  x:  1.86003   2.68299   2.87965   2.18342   1.25358   0.37173   1.45625   0.57451   0.60395   0.27066   0.28276   0.18132   2.48440   0.00000   0.28237   0.10887   0.15934   0.00000   0.00757   1.50720   0.04103  
 54 26.5060   5977.004624  x:  2.16115   2.76993   2.97919   2.34814   1.33211   0.34689   1.44892   0.53963   0.60578   0.22752   0.27456   0.20283   2.57417   0.00000   0.25280   0.12094   0.15700   0.00000   0.00724   1.60154   0.03945  
 55 27.7689   5976.337296  x:  2.32054   2.82466   3.04263   2.44100   1.37507   0.34304   1.46585   0.50602   0.65292   0.26056   0.29476   0.20057   2.62751   0.00000   0.27806   0.11850   0.15670   0.00000   0.00732   1.64765   0.03830  
 56 26.3414   5976.162419  x:  2.36072   2.84145   3.06223   2.46626   1.38641   0.34555   1.47717   0.49812   0.66433   0.26807   0.28635   0.18919   2.64300   0.00000   0.26944   0.10853   0.16108   0.00000   0.00755   1.65550   0.03803  
 57 27.7890   5975.848933  x:  2.41994   2.89570   3.12653   2.52162   1.40645   0.37993   1.56057   0.48607   0.66099   0.24595   0.26662   0.20910   2.68640   0.00000   0.28424   0.10034   0.16436   0.00000   0.00776   1.64404   0.03696  
 58  8.2893   5975.400424  x:  2.46717   2.98880   3.23788   2.59635   1.42288   0.44072   1.72093   0.47893   0.68093   0.25401   0.28059   0.19891   2.75689   0.00000   0.27320   0.10999   0.16184   0.00000   0.00753   1.62687   0.03486  
 59 13.5134   5975.155182  x:  2.46671   3.07238   3.34162   2.64739   1.40113   0.41453   1.79050   0.55091   0.67619   0.26049   0.28264   0.19747   2.82037   0.00000   0.27678   0.10784   0.16304   0.00000   0.00758   1.67744   0.03420  
 60  4.2858   5974.842930  x:  2.42816   3.20616   3.51192   2.71802   1.39439   0.34819   1.77950   0.53398   0.69202   0.25376   0.27840   0.20104   2.92936   0.00000   0.27581   0.10929   0.16335   0.00000   0.00756   1.63713   0.03347  
 61  3.1240   5974.439225  x:  2.37226   3.35034   3.71138   2.80191   1.51177   0.43623   1.71565   0.56607   0.69404   0.26204   0.27618   0.20377   3.06991   0.00000   0.27631   0.11061   0.16442   0.00000   0.00753   1.65408   0.03247  
 62  3.7659   5973.710310  x:  2.48556   3.39113   3.83048   2.89535   1.61399   0.40841   1.87770   0.57048   0.63507   0.32325   0.27181   0.20827   3.22151   0.00000   0.27322   0.11530   0.16516   0.00000   0.00745   1.66128   0.03275  
 63  1.1403   5973.414956  x:  2.54958   3.40829   3.86570   2.93534   1.63608   0.40976   1.94519   0.61463   0.73696   0.25680   0.27333   0.20654   3.28010   0.00000   0.27230   0.11726   0.16583   0.00000   0.00741   1.65711   0.03255  
 64  3.8751   5973.125924  x:  2.80035   3.65979   3.92769   3.06887   1.53195   0.52368   2.00365   0.63887   0.73794   0.27199   0.27160   0.20994   3.39468   0.00000   0.27369   0.11751   0.16624   0.00000   0.00747   1.65296   0.03103  
 65  0.6969   5972.853059  x:  2.98909   3.84980   4.04642   3.22348   1.70396   0.47909   2.13978   0.68332   0.75911   0.27154   0.27114   0.21283   3.49859   0.00000   0.27624   0.11684   0.16633   0.00000   0.00755   1.65042   0.02885  
 66  1.8115   5972.752154  x:  3.07546   3.75590   4.27834   3.37097   1.72639   0.49283   2.18112   0.70605   0.76235   0.27416   0.27262   0.21313   3.54025   0.00000   0.27742   0.11602   0.16589   0.00000   0.00756   1.64963   0.02823  
 67  0.5147   5972.670839  x:  3.16618   3.86731   4.37995   3.37029   1.81897   0.47021   2.22705   0.73792   0.76768   0.27263   0.27557   0.21191   3.61810   0.00000   0.27834   0.11503   0.16551   0.00000   0.00753   1.65479   0.02799  
 68  0.2471   5972.648693  x:  3.18051   3.90282   4.37345   3.44759   1.84450   0.46887   2.25194   0.75234   0.77014   0.27301   0.27611   0.21181   3.72864   0.00000   0.27853   0.11501   0.16564   0.00000   0.00753   1.65588   0.02765  
 69  0.4112   5972.638037  x:  3.23070   3.98438   4.44342   3.51180   1.86225   0.48395   2.28794   0.76777   0.77610   0.27216   0.27634   0.21159   3.75828   0.00000   0.27827   0.11566   0.16603   0.00000   0.00753   1.65829   0.02714  
 70  0.1565   5972.636449  x:  3.24220   3.98903   4.46903   3.50732   1.86093   0.49133   2.29636   0.77050   0.77718   0.27178   0.27609   0.21161   3.78309   0.00000   0.27819   0.11586   0.16618   0.00000   0.00753   1.65834   0.02708  
 71  0.0426   5972.636115  x:  3.23957   3.99234   4.47101   3.51587   1.86044   0.49275   2.29873   0.77070   0.77727   0.27172   0.27602   0.21164   3.77956   0.00000   0.27820   0.11588   0.16617   0.00000   0.00753   1.65838   0.02709  
 72  0.0227   5972.635993  x:  3.23986   3.99638   4.47511   3.51942   1.86318   0.49291   2.30484   0.77092   0.77787   0.27179   0.27603   0.21181   3.78469   0.00000   0.27838   0.11576   0.16613   0.00000   0.00753   1.65845   0.02706  
 73  0.0067   5972.635988  x:  3.23862   3.99523   4.47412   3.51784   1.86269   0.49279   2.30450   0.77042   0.77782   0.27182   0.27601   0.21180   3.78359   0.00000   0.27834   0.11577   0.16614   0.00000   0.00753   1.65848   0.02707  
 74  0.0025   5972.635988  x:  3.23845   3.99517   4.47404   3.51773   1.86262   0.49279   2.30445   0.77032   0.77782   0.27182   0.27601   0.21179   3.78347   0.00000   0.27834   0.11577   0.16615   0.00000   0.00753   1.65849   0.02707  
 75  0.0003   5972.635988  x:  3.23843   3.99521   4.47406   3.51776   1.86261   0.49280   2.30444   0.77029   0.77783   0.27181   0.27601   0.21179   3.78349   0.00000   0.27834   0.11577   0.16615   0.00000   0.00753   1.65849   0.02707  
 76  0.0001   5972.635988  x:  3.23847   3.99522   4.47410   3.51778   1.86264   0.49279   2.30443   0.77029   0.77783   0.27181   0.27601   0.21179   3.78353   0.00000   0.27834   0.11577   0.16615   0.00000   0.00753   1.65849   0.02707  
 77  0.0000   5972.635988  x:  3.23847   3.99522   4.47409   3.51778   1.86264   0.49279   2.30443   0.77029   0.77783   0.27181   0.27601   0.21179   3.78353   0.00000   0.27834   0.11577   0.16615   0.00000   0.00753   1.65849   0.02707  