

TREE # 1

  0  0.0000   8744.454212  x:  0.05974   2.00634   1.60041   0.36159   1.41746   0.37517   1.51427   0.41407   1.19636   0.42038   0.28502   0.36606   1.16262   0.22781   0.00750   0.05288   0.06925   0.00891   0.00617   2.00000   0.20000   0.20000   0.20000  
  1 99.0000   8736.614649  x:  0.07296   2.00793   1.60333   0.37026   1.41706   0.37675   1.51356   0.41518   1.19417   0.41867   0.28413   0.36387   1.16588   0.22841   0.01254   0.05349   0.06893   0.00000   0.02065   1.99644   0.20885   0.19601   0.20034  
  2 533.7493   8727.986627  x:  0.11679   2.01317   1.61303   0.39917   1.41566   0.38194   1.51111   0.41884   1.18676   0.41287   0.28113   0.35646   1.17672   0.23023   0.02882   0.05538   0.06825   0.01319   0.05795   1.98458   0.23517   0.18257   0.20141  
  3 1858.0495   8637.720387  x:  0.48132   2.05473   1.69525   0.65113   1.39528   0.42108   1.48158   0.44479   1.10906   0.35053   0.25134   0.28314   1.27067   0.22910   0.12863   0.06195   0.06385   0.00407   0.00000   1.88244   0.19736   0.05316   0.20958  
  4 635.5040   8628.853308  x:  0.53746   2.06102   1.70799   0.69052   1.39170   0.42690   1.47657   0.44856   1.09628   0.34022   0.24652   0.27127   1.28532   0.22809   0.14218   0.06249   0.06331   0.00397   0.00007   1.86654   0.17849   0.03237   0.21079  
  5 8397.3653   8611.471585  x:  0.63670   2.07245   1.73211   0.76308   1.38410   0.43731   1.46669   0.45687   1.07030   0.32120   0.24384   0.25339   1.31385   0.22033   0.15516   0.06300   0.06827   0.00374   0.00010   1.83280   0.14728   0.08044   0.21371  
  6 870.0243   8591.952408  x:  0.69991   2.08170   1.76023   0.83884   1.36693   0.44380   1.44890   0.47003   1.02341   0.29571   0.27056   0.25093   1.35151   0.15126   0.04934   0.03845   0.08007   0.00354   0.00011   1.77513   0.15071   0.09063   0.21722  
  7 256.8187   8589.049752  x:  0.70090   2.08310   1.76932   0.85884   1.35797   0.44352   1.44082   0.47605   1.00244   0.28877   0.28665   0.25543   1.36499   0.15284   0.02560   0.07043   0.07814   0.00355   0.00011   1.74916   0.15079   0.09116   0.21866  
  8 169.3061   8579.875762  x:  0.67270   2.08440   1.79438   0.90672   1.32765   0.43904   1.41467   0.49529   0.93567   0.27224   0.33667   0.27098   1.40435   0.20098   0.00000   0.06583   0.05640   0.00365   0.00011   1.66590   0.15068   0.09265   0.22288  
  9 180.2025   8579.875762  x:  0.67270   2.08440   1.79438   0.90672   1.32765   0.43904   1.41467   0.49529   0.93567   0.27224   0.33667   0.27098   1.40435   0.20098   0.00000   0.06583   0.05640   0.00365   0.00011   1.66590   0.15068   0.09265   0.22288  
 10 343.2017   8567.446881  x:  0.67274   2.08441   1.79439   0.90675   1.32765   0.43905   1.41467   0.49530   0.93566   0.27224   0.33666   0.27097   1.40436   0.20102   0.00009   0.06582   0.05643   0.00386   0.01292   1.66587   0.15090   0.09266   0.22288  
 11 21916.5415   8562.398713  x:  0.67611   2.08505   1.79574   0.90943   1.32738   0.43971   1.41448   0.49640   0.93481   0.27287   0.33616   0.27022   1.40596   0.20519   0.00905   0.06476   0.05921   0.00082   0.01298   1.66316   0.17048   0.09337   0.22317  
 12 426.6214   8561.605952  x:  0.67733   2.08525   1.79621   0.91039   1.32724   0.43991   1.41437   0.49677   0.93445   0.27306   0.33595   0.26991   1.40652   0.20661   0.01205   0.06437   0.06019   0.00401   0.01292   1.66222   0.17529   0.09360   0.22328  
 13 1027.3786   8555.261400  x:  0.70913   2.08932   1.80751   0.93533   1.32078   0.44265   1.40883   0.50419   0.92168   0.27562   0.32855   0.25950   1.42011   0.23730   0.07443   0.05375   0.08131   0.00349   0.01294   1.64017   0.16098   0.09784   0.22640  
 14 199.7794   8541.725493  x:  0.85617   2.10905   1.86145   1.05034   1.29272   0.45520   1.38466   0.53958   0.86515   0.29005   0.30562   0.22366   1.48143   0.21376   0.10025   0.03732   0.05393   0.00354   0.01297   1.53861   0.15115   0.04947   0.24091  
 15 138.4917   8517.568905  x:  1.20924   2.15657   1.99221   1.32663   1.22462   0.48452   1.32614   0.62451   0.73041   0.32647   0.26651   0.15582   1.62845   0.13676   0.11988   0.09445   0.05752   0.00330   0.01293   1.29407   0.13023   0.07906   0.27624  
 16 861.1066   8507.377895  x:  1.35889   2.17690   2.05054   1.44362   1.19390   0.49500   1.30029   0.65917   0.68190   0.34779   0.31391   0.20783   1.68966   0.11507   0.10645   0.04653   0.08017   0.00303   0.01294   1.20388   0.12153   0.10434   0.29228  
 17 305.7852   8504.181680  x:  1.42290   2.18588   2.07862   1.49354   1.17932   0.49783   1.28858   0.67213   0.67259   0.36144   0.35103   0.25067   1.71447   0.14225   0.10181   0.07504   0.06922   0.00299   0.01294   1.18710   0.11685   0.09177   0.30023  
 18 145.7243   8498.721117  x:  1.57869   2.20942   2.16572   1.61531   1.13679   0.49692   1.25734   0.69115   0.71249   0.40378   0.34623   0.23803   1.76635   0.29092   0.00000   0.05844   0.06513   0.00278   0.01296   1.27326   0.11746   0.11029   0.32637  
 19 59.4263   8498.721117  x:  1.57869   2.20942   2.16572   1.61531   1.13679   0.49692   1.25734   0.69115   0.71249   0.40378   0.34623   0.23803   1.76635   0.29092   0.00000   0.05844   0.06513   0.00278   0.01296   1.27326   0.11746   0.11029   0.32637  
 20 87.8372   8497.282366  x:  1.57914   2.20960   2.16607   1.61569   1.13692   0.49718   1.25752   0.69137   0.71270   0.40381   0.34624   0.23811   1.76658   0.29020   0.00028   0.05835   0.06559   0.00367   0.01267   1.27320   0.12676   0.10841   0.32644  
 21 312.2935   8497.152062  x:  1.57956   2.20971   2.16637   1.61603   1.13696   0.49736   1.25760   0.69149   0.71282   0.40373   0.34618   0.23813   1.76675   0.28939   0.00053   0.05826   0.06607   0.00223   0.01249   1.27343   0.12707   0.10631   0.32652  
 22 85.1948   8495.944864  x:  1.58527   2.21115   2.17047   1.62061   1.13733   0.49971   1.25869   0.69306   0.71443   0.40257   0.34530   0.23829   1.76904   0.27855   0.00394   0.05700   0.07236   0.00297   0.01139   1.27667   0.12642   0.07846   0.32761  
 23 229.4350   8495.870484  x:  1.58664   2.21150   2.17146   1.62171   1.13743   0.50026   1.25895   0.69344   0.71481   0.40231   0.34512   0.23835   1.76959   0.27701   0.00568   0.05702   0.07251   0.00286   0.01387   1.27726   0.12642   0.07730   0.32788  
 24 53.0778   8492.911079  x:  1.69204   2.23857   2.24758   1.70621   1.14513   0.54238   1.27932   0.72234   0.74442   0.38268   0.33204   0.24318   1.81148   0.17293   0.14815   0.06226   0.06582   0.00298   0.01116   1.32041   0.12190   0.07547   0.34798  
 25 67.8310   8491.417973  x:  1.74245   2.25205   2.28447   1.74617   1.14958   0.56071   1.28945   0.73547   0.75830   0.37599   0.33055   0.24733   1.83089   0.10760   0.17133   0.05154   0.07655   0.00308   0.01147   1.33721   0.11992   0.08825   0.35761  
 26 130.5593   8490.979557  x:  1.76526   2.25867   2.30159   1.76380   1.15224   0.56731   1.29440   0.74065   0.76410   0.37558   0.33324   0.24967   1.83936   0.09310   0.16809   0.06264   0.06773   0.00312   0.01150   1.34134   0.11908   0.08897   0.36197  
 27 57.1952   8489.236513  x:  1.87849   2.29314   2.38782   1.85015   1.16730   0.59551   1.32001   0.76425   0.79089   0.37989   0.35029   0.25787   1.88087   0.10416   0.15410   0.04953   0.05057   0.00316   0.01140   1.35235   0.11457   0.08632   0.38362  
 28 63.3725   8482.178967  x:  2.39208   2.45041   2.77975   2.24157   1.23656   0.72186   1.43676   0.87049   0.91019   0.40038   0.42057   0.28747   2.06905   0.17927   0.09661   0.06034   0.07238   0.00331   0.01165   1.39890   0.09380   0.08856   0.48190  
 29 788.2230   8480.006196  x:  2.54310   2.50113   2.89970   2.35661   1.26078   0.75156   1.47360   0.89672   0.92737   0.40115   0.36852   0.23339   2.12334   0.20056   0.06927   0.06096   0.07013   0.00336   0.01180   1.40480   0.08891   0.08941   0.51163  
 30 108.0228   8479.365870  x:  2.59606   2.53088   2.95779   2.39526   1.27552   0.72651   1.48936   0.88065   0.86731   0.38676   0.32987   0.27448   2.13323   0.20495   0.06450   0.06104   0.06984   0.00337   0.01181   1.39498   0.08802   0.08905   0.52716  
 31 14.3903   8478.869436  x:  2.63784   2.56698   3.02567   2.42291   1.29419   0.65940   1.50278   0.83856   0.80682   0.42507   0.35723   0.25149   2.12258   0.19412   0.07614   0.06062   0.07025   0.00337   0.01171   1.38787   0.08777   0.08869   0.54909  
 32  9.5799   8478.526485  x:  2.65178   2.59469   3.08979   2.42740   1.33795   0.59341   1.51942   0.82320   0.84882   0.44762   0.33668   0.26625   2.07254   0.19289   0.07841   0.06053   0.07044   0.00337   0.01171   1.40900   0.08810   0.08886   0.58135  
 33  4.3256   8478.075646  x:  2.65974   2.62702   3.17259   2.43183   1.41901   0.55268   1.54821   0.83617   0.87088   0.38958   0.35405   0.25241   1.99757   0.19287   0.07973   0.06041   0.07077   0.00336   0.01169   1.40666   0.08817   0.08824   0.63144  
 34  7.8881   8477.611783  x:  2.65837   2.64853   3.24288   2.44608   1.49727   0.58526   1.57250   0.88799   0.86014   0.42441   0.35152   0.25650   1.93622   0.18713   0.08643   0.05990   0.07136   0.00337   0.01156   1.36472   0.08553   0.08657   0.69038  
 35  6.1552   8476.960131  x:  2.66044   2.66144   3.30991   2.49333   1.51292   0.64354   1.56491   0.91875   0.82104   0.44588   0.34976   0.25202   1.91319   0.19942   0.07382   0.05990   0.07202   0.00335   0.01162   1.43066   0.08825   0.08798   0.77605  
 36  5.0243   8475.564100  x:  2.68000   2.69764   3.41026   2.63281   1.41970   0.69074   1.54982   0.89658   0.86353   0.43617   0.34068   0.25178   2.00131   0.20240   0.06915   0.05901   0.07450   0.00331   0.01140   1.33906   0.08866   0.08492   0.94810  
 37  6.4043   8474.787738  x:  2.69128   2.80224   3.38246   2.68105   1.49235   0.65169   1.76831   0.95001   0.87475   0.44907   0.34663   0.25232   2.25283   0.20187   0.06799   0.05795   0.07558   0.00329   0.01148   1.36278   0.08566   0.08517   0.99617  
 38  3.7419   8474.222343  x:  2.73715   2.98780   3.39355   2.68555   1.65928   0.69179   1.74530   0.90622   0.90689   0.45569   0.35070   0.25685   2.47054   0.19951   0.06897   0.05702   0.07619   0.00325   0.01165   1.37889   0.08238   0.08536   0.98264  
 39  4.3884   8473.727910  x:  2.82882   3.21775   3.47510   2.66700   1.66601   0.66600   1.69287   1.04064   0.92075   0.45883   0.35735   0.25852   2.59898   0.19701   0.07091   0.05620   0.07650   0.00318   0.01195   1.39062   0.07947   0.08530   0.91864  
 40  3.6799   8472.951645  x:  3.05299   3.47858   3.68269   2.71169   1.60979   0.80792   1.85536   1.00742   0.96560   0.46569   0.36428   0.26572   2.60698   0.19492   0.07370   0.05523   0.07649   0.00305   0.01263   1.41162   0.07442   0.08528   0.73116  
 41  2.7101   8471.795931  x:  3.49094   3.40927   3.89139   3.13252   1.76613   0.78681   1.91049   1.08334   1.00628   0.48035   0.37099   0.27345   2.61610   0.18956   0.08185   0.05455   0.07601   0.00284   0.01366   1.42473   0.06879   0.08456   0.42596  
 42  2.8913   8471.150026  x:  3.84121   3.23925   4.11046   3.16339   1.81223   0.80708   1.94579   1.11129   1.02560   0.48864   0.36882   0.27816   2.67370   0.18155   0.09124   0.05572   0.07363   0.00310   0.01252   1.42274   0.06827   0.08520   0.88766  
 43  1.0980   8470.792007  x:  3.71008   3.37254   4.34406   3.46926   1.83199   0.84456   1.99594   1.14297   1.05618   0.49485   0.36937   0.28325   2.73094   0.17885   0.09390   0.05676   0.07126   0.00328   0.01184   1.43535   0.06537   0.08606   1.09417  
 44  1.2269   8470.507291  x:  3.87026   3.63268   4.35888   3.64856   1.86108   0.88528   2.06934   1.16856   1.07920   0.50726   0.36237   0.28568   2.69740   0.17238   0.09883   0.05792   0.06913   0.00331   0.01181   1.43094   0.06436   0.08672   1.05454  
 45  0.4824   8470.236599  x:  4.08178   3.75494   4.77273   3.66058   1.96403   0.95260   2.19000   1.23003   1.12429   0.52931   0.35734   0.28973   2.95477   0.16501   0.10202   0.05802   0.06828   0.00327   0.01204   1.42889   0.05999   0.08729   0.92032  
 46  0.7280   8470.116511  x:  4.23873   3.93806   4.87090   3.86997   2.07700   0.97278   2.27839   1.28874   1.16488   0.54850   0.36334   0.29640   3.05810   0.17062   0.09800   0.05606   0.07152   0.00318   0.01202   1.43828   0.05719   0.08584   0.86253  
 47  0.2297   8470.091842  x:  4.22903   3.93096   4.90025   3.88712   2.09015   0.97199   2.28494   1.29483   1.17021   0.55097   0.36438   0.29722   3.07894   0.17292   0.09647   0.05614   0.07182   0.00316   0.01213   1.44091   0.05745   0.08595   0.80282  
 48  0.1634   8470.083479  x:  4.26954   3.97368   4.93602   3.92901   2.11338   0.97957   2.30871   1.30724   1.18229   0.55642   0.36325   0.29776   3.11251   0.17426   0.09590   0.05724   0.07084   0.00321   0.01207   1.44070   0.05677   0.08673   0.78517  
 49  0.0916   8470.082064  x:  4.28579   3.98991   4.95129   3.94646   2.11907   0.98369   2.31817   1.31087   1.18842   0.55880   0.36253   0.29812   3.12580   0.17319   0.09631   0.05687   0.07075   0.00321   0.01200   1.44069   0.05654   0.08646   0.79205  
 50  0.0264   8470.081818  x:  4.29035   3.99242   4.95452   3.94775   2.11861   0.98510   2.31978   1.31101   1.19035   0.55946   0.36270   0.29851   3.12960   0.17308   0.09658   0.05691   0.07077   0.00321   0.01206   1.44107   0.05651   0.08655   0.80098  
 51  0.0072   8470.081802  x:  4.29125   3.99250   4.95497   3.94678   2.11862   0.98523   2.31982   1.31103   1.19051   0.55958   0.36267   0.29853   3.13031   0.17315   0.09651   0.05693   0.07079   0.00321   0.01204   1.44114   0.05650   0.08652   0.80263  
 52  0.0019   8470.081802  x:  4.29130   3.99250   4.95515   3.94660   2.11875   0.98519   2.31979   1.31107   1.19050   0.55962   0.36265   0.29852   3.13040   0.17318   0.09648   0.05692   0.07080   0.00321   0.01204   1.44112   0.05650   0.08653   0.80285  
 53  0.0003   8470.081802  x:  4.29127   3.99255   4.95520   3.94665   2.11884   0.98515   2.31978   1.31109   1.19050   0.55963   0.36266   0.29852   3.13032   0.17318   0.09648   0.05693   0.07080   0.00321   0.01204   1.44112   0.05650   0.08652   0.80304  
 54  0.0001   8470.081802  x:  4.29134   3.99260   4.95530   3.94668   2.11887   0.98517   2.31983   1.31111   1.19052   0.55963   0.36266   0.29852   3.13033   0.17317   0.09649   0.05692   0.07080   0.00321   0.01204   1.44112   0.05650   0.08652   0.80300  
 55  0.0001   8470.081802  x:  4.29134   3.99260   4.95530   3.94668   2.11887   0.98517   2.31983   1.31111   1.19052   0.55963   0.36266   0.29852   3.13033   0.17317   0.09649   0.05692   0.07080   0.00321   0.01204   1.44112   0.05650   0.08652   0.80300  