

TREE # 1

  0  0.0000   7903.402766  x:  0.06009   1.10374   1.13173   0.20253   0.92879   0.02223   0.95838   0.20109   0.69715   0.69336   1.01107   0.13945   0.00945   0.13568   0.10803   0.02345   0.01888   2.00000   0.20000   0.20000   0.20000  
  1 99.0000   7295.848361  x:  0.06520   1.09843   1.12737   0.20494   0.92270   0.02641   0.95277   0.19578   0.69076   0.68660   1.00801   0.13782   0.01740   0.13490   0.10698   0.02895   0.01357   2.00301   0.02472   0.19326   0.18544  
  2 3162.0371   7257.106524  x:  0.13568   1.10002   1.13174   0.23780   0.92113   0.07368   0.95180   0.20075   0.68815   0.68171   1.01847   0.12704   0.03182   0.13088   0.10409   0.03956   0.00000   2.00121   0.01728   0.16451   0.12139  
  3 509.8715   7241.963042  x:  0.18641   1.09718   1.13163   0.26296   0.91542   0.10731   0.94689   0.20022   0.68151   0.67311   1.02396   0.11817   0.04746   0.12797   0.10323   0.05214   0.02486   2.00199   0.01275   0.13763   0.06038  
  4 2866.2888   7210.652665  x:  0.21254   1.08663   1.12397   0.27780   0.90218   0.12499   0.93486   0.19051   0.66739   0.65746   1.02136   0.11188   0.06734   0.12604   0.10331   0.05987   0.02674   2.00723   0.01325   0.11209   0.00010  
  5 2022.9474   7163.364473  x:  0.31254   1.03586   1.08600   0.33709   0.83970   0.19285   0.87789   0.14264   0.60111   0.58469   1.00541   0.08600   0.15708   0.11824   0.10551   0.09164   0.03422   2.03272   0.01894   0.00010   0.00077  
  6 541.9577   7144.501933  x:  0.37250   1.00182   1.06305   0.38768   0.79467   0.22730   0.83760   0.11924   0.55801   0.53556   1.00507   0.03748   0.17477   0.15795   0.12618   0.01950   0.04656   2.04293   0.01961   0.00010   0.00085  
  7 368.4391   7141.125075  x:  0.38127   0.98879   1.05607   0.41034   0.77481   0.22702   0.82091   0.12162   0.54556   0.52006   1.01291   0.00492   0.15203   0.17683   0.13060   0.03262   0.04543   2.04056   0.02021   0.00010   0.00095  
  8 152.6025   7133.277217  x:  0.38673   0.92818   1.03789   0.55900   0.66256   0.17845   0.73413   0.21004   0.51880   0.47323   1.11209   0.03886   0.10749   0.16454   0.09050   0.02730   0.04607   1.98522   0.02020   0.00010   0.00100  
  9 78.5041   7130.298592  x:  0.38656   0.90258   1.03202   0.62554   0.61405   0.15858   0.69689   0.24639   0.51346   0.45828   1.16131   0.06712   0.09914   0.17214   0.12274   0.03439   0.04399   1.95503   0.01998   0.00010   0.00084  
 10 257.1486   7129.010818  x:  0.36521   0.88094   1.02595   0.65422   0.58775   0.17795   0.67477   0.22335   0.53473   0.47094   1.20088   0.05502   0.09724   0.14534   0.13559   0.03078   0.04410   1.91751   0.01981   0.00010   0.00075  
 11 34.9904   7127.120147  x:  0.32439   0.84534   1.01745   0.69739   0.54864   0.21834   0.64203   0.17563   0.57501   0.49776   1.27360   0.04921   0.11622   0.16393   0.12255   0.03420   0.04406   1.84395   0.01989   0.00010   0.00071  
 12 95.4290   7125.940771  x:  0.31958   0.82037   1.01306   0.66279   0.55185   0.23289   0.66302   0.17487   0.52036   0.46963   1.34897   0.02302   0.14664   0.15914   0.12214   0.03396   0.04445   1.71948   0.01995   0.00010   0.00054  
 13 12.9097   7125.556403  x:  0.35362   0.80780   1.00561   0.63636   0.54118   0.20521   0.65429   0.16692   0.52599   0.48112   1.36145   0.01428   0.15537   0.15870   0.12069   0.03353   0.04471   1.68240   0.02007   0.00010   0.00047  
 14  9.5003   7125.002547  x:  0.36898   0.77399   0.98081   0.60924   0.54781   0.22835   0.63455   0.19739   0.54816   0.48069   1.34719   0.01916   0.14907   0.16128   0.12225   0.03244   0.04620   1.67006   0.02056   0.00010   0.00033  
 15  4.2135   7123.865325  x:  0.38839   0.77941   0.98654   0.63486   0.57509   0.23186   0.63945   0.16680   0.54929   0.46465   1.34011   0.04445   0.12278   0.16035   0.12213   0.03330   0.04657   1.67579   0.02083   0.00010   0.00012  
 16  4.2478   7121.669168  x:  0.39119   0.79553   1.00204   0.66456   0.58445   0.22527   0.66139   0.17519   0.55183   0.47978   1.34447   0.02771   0.14183   0.16002   0.12268   0.03238   0.04606   1.68095   0.02079   0.00010   0.00010  
 17  6.6711   7102.005106  x:  0.59729   1.05922   1.29837   0.82585   0.86360   0.23932   0.82621   0.12073   0.70308   0.44303   1.68722   0.07625   0.07369   0.18504   0.13941   0.02039   0.04102   1.56635   0.02067   0.00010   0.00102  
 18 21.9867   7100.569181  x:  0.60335   1.15011   1.34789   0.76151   0.87647   0.26869   0.71392   0.13702   0.64745   0.48874   1.84991   0.06075   0.09026   0.18489   0.14011   0.01934   0.04121   1.68829   0.02079   0.00010   0.00099  
 19  8.3066   7098.932885  x:  0.63898   1.11894   1.27544   0.73959   0.80291   0.27318   0.87429   0.13802   0.68142   0.47496   2.02812   0.06233   0.09111   0.18294   0.13929   0.02209   0.03984   1.82569   0.02052   0.00010   0.00102  
 20  2.6339   7093.597623  x:  0.67035   1.19842   1.29356   0.84413   0.85579   0.24897   0.86090   0.18634   0.75953   0.41343   2.07541   0.00000   0.17368   0.16627   0.13315   0.02906   0.03449   1.78726   0.01892   0.00010   0.00114  
 21  2.7589   7087.273990  x:  0.74078   1.28940   1.33909   1.02274   0.78039   0.33614   0.86648   0.24297   0.57201   0.66788   2.00789   0.00000   0.15912   0.14907   0.12663   0.04289   0.02933   1.62776   0.01717   0.00010   0.00136  
 22 15.5726   7087.224523  x:  0.74186   1.29085   1.34324   1.02461   0.77671   0.33814   0.86700   0.24405   0.57003   0.67050   2.00647   0.00804   0.15891   0.14883   0.12652   0.04308   0.02927   1.62539   0.01715   0.00010   0.00137  
 23 11.8116   7086.323690  x:  0.74871   1.31416   1.52908   0.99593   0.62606   0.38541   0.89121   0.26222   0.59941   0.62638   1.97577   0.00766   0.15678   0.14815   0.12518   0.04324   0.02956   1.61049   0.01714   0.00010   0.00133  
 24  7.4699   7085.348812  x:  0.76668   1.24440   1.60859   1.01572   0.65471   0.37812   0.89385   0.26370   0.60172   0.63070   2.01113   0.00000   0.16458   0.14747   0.12493   0.04301   0.02808   1.62823   0.01673   0.00010   0.00137  
 25  1.7145   7085.348812  x:  0.76668   1.24440   1.60859   1.01572   0.65471   0.37812   0.89385   0.26370   0.60172   0.63070   2.01113   0.00000   0.16458   0.14747   0.12493   0.04301   0.02808   1.62823   0.01673   0.00010   0.00137  
 26  2.6229   7085.078757  x:  0.76671   1.24440   1.60859   1.01573   0.65471   0.37813   0.89384   0.26370   0.60172   0.63069   2.01114   0.00000   0.16459   0.14750   0.12492   0.04282   0.02771   1.62823   0.01592   0.00010   0.00178  
 27 539.5053   7084.244644  x:  0.76729   1.24444   1.60856   1.01596   0.65474   0.37842   0.89368   0.26364   0.60185   0.63046   2.01127   0.00000   0.16478   0.14807   0.12481   0.03951   0.02089   1.62821   0.01679   0.00010   0.00475  
 28 300.1930   7082.586696  x:  0.76836   1.24452   1.60852   1.01638   0.65480   0.37894   0.89338   0.26353   0.60208   0.63002   2.01151   0.00000   0.16509   0.14912   0.12456   0.03393   0.00891   1.62817   0.01643   0.00010   0.00330  
 29 929.9553   7082.427689  x:  0.77183   1.24477   1.60839   1.01776   0.65497   0.38063   0.89243   0.26317   0.60282   0.62863   2.01230   0.00000   0.16606   0.15214   0.12422   0.03877   0.00583   1.62807   0.01644   0.00010   0.00340  
 30 40.4593   7081.677842  x:  0.81253   1.24775   1.60682   1.03394   0.65693   0.40042   0.88120   0.25907   0.61157   0.61234   2.02160   0.00000   0.17528   0.18118   0.12242   0.03622   0.00784   1.62694   0.01630   0.00010   0.00330  
 31 45.0009   7078.053181  x:  1.06198   1.26640   1.59731   1.13382   0.66658   0.51873   0.81218   0.23634   0.66533   0.51617   2.07982   0.00000   0.16244   0.16948   0.09337   0.03577   0.00849   1.61922   0.01557   0.00010   0.00344  
 32 75.3926   7076.192294  x:  1.20522   1.27745   1.59209   1.19158   0.67021   0.58433   0.77353   0.22673   0.69621   0.46640   2.11418   0.00000   0.16535   0.15511   0.12572   0.03683   0.00736   1.61436   0.01510   0.00010   0.00326  
 33 290.2130   7074.855306  x:  1.35348   1.29538   1.59233   1.25772   0.63976   0.61029   0.76523   0.29481   0.72680   0.54224   2.16592   0.00000   0.18731   0.14404   0.12340   0.03684   0.00735   1.60416   0.01429   0.00010   0.00312  
 34 23.7882   7074.301010  x:  1.41287   1.30377   1.59368   1.28533   0.62535   0.61741   0.76399   0.32118   0.73418   0.57483   2.18924   0.00000   0.16415   0.15084   0.13006   0.03701   0.00720   1.60034   0.01399   0.00010   0.00319  
 35 75.7405   7073.601581  x:  1.50530   1.34206   1.62321   1.35079   0.57692   0.58081   0.79370   0.29617   0.63139   0.59934   2.27839   0.00000   0.16556   0.14969   0.13045   0.03709   0.00719   1.60602   0.01372   0.00010   0.00313  
 36  9.5130   7073.387979  x:  1.51331   1.37387   1.66349   1.38261   0.58771   0.56207   0.81378   0.25691   0.66160   0.61743   2.36434   0.00000   0.16587   0.14975   0.13042   0.03716   0.00720   1.61905   0.01339   0.00010   0.00308  
 37  4.2959   7073.035900  x:  1.50510   1.43884   1.75559   1.43860   0.63488   0.54041   0.85496   0.29958   0.68983   0.58126   2.55571   0.00000   0.16574   0.15035   0.13036   0.03734   0.00724   1.63807   0.01261   0.00010   0.00294  
 38  8.1011   7072.922346  x:  1.49105   1.44179   1.78324   1.44028   0.61913   0.55469   0.79628   0.30493   0.68549   0.58630   2.63516   0.00000   0.16616   0.15144   0.12940   0.03748   0.00736   1.61534   0.01251   0.00010   0.00283  
 39  1.9604   7072.831523  x:  1.48718   1.42777   1.79363   1.43416   0.62294   0.61570   0.79079   0.30213   0.66673   0.60665   2.69656   0.00000   0.16612   0.15175   0.12952   0.03770   0.00743   1.61852   0.01241   0.00010   0.00271  
 40  2.1225   7072.658217  x:  1.52853   1.39055   1.78541   1.42119   0.57510   0.62870   0.80067   0.30832   0.68399   0.59032   2.76658   0.00000   0.16692   0.15378   0.12816   0.03824   0.00763   1.66812   0.01264   0.00010   0.00242  
 41  1.0927   7072.342763  x:  1.63894   1.37372   1.77785   1.42609   0.60574   0.60662   0.83956   0.30320   0.69876   0.57663   2.83125   0.00000   0.16842   0.15760   0.12562   0.03925   0.00817   1.59462   0.01252   0.00010   0.00178  
 42  1.7707   7072.181369  x:  1.69758   1.43141   1.80906   1.45930   0.66002   0.59849   0.80113   0.30818   0.68491   0.59335   2.81680   0.00000   0.16874   0.15939   0.12456   0.03977   0.00835   1.63390   0.01250   0.00010   0.00153  
 43  1.8381   7072.077115  x:  1.71416   1.51422   1.86828   1.51716   0.61839   0.64063   0.81201   0.31130   0.69638   0.58719   2.78158   0.00000   0.16896   0.16035   0.12368   0.04003   0.00848   1.62442   0.01229   0.00010   0.00148  
 44  1.4020   7071.988020  x:  1.74431   1.48645   1.89813   1.62490   0.62995   0.64473   0.80735   0.31485   0.69948   0.58750   2.80370   0.00000   0.16839   0.16043   0.12274   0.03994   0.00845   1.62521   0.01217   0.00010   0.00195  
 45  0.3801   7071.930395  x:  1.81727   1.54060   1.90354   1.57301   0.63624   0.64934   0.80984   0.31586   0.70278   0.58750   2.85954   0.00000   0.16764   0.15950   0.12243   0.03953   0.00826   1.62517   0.01202   0.00010   0.00226  
 46  0.4420   7071.891972  x:  1.87210   1.52897   1.92709   1.61350   0.63559   0.65823   0.80953   0.31816   0.70732   0.58609   2.90983   0.00000   0.16713   0.15789   0.12242   0.03862   0.00782   1.62713   0.01178   0.00010   0.00207  
 47  0.1433   7071.890068  x:  1.87283   1.53713   1.91220   1.62214   0.63535   0.66000   0.80878   0.31859   0.70770   0.58567   2.91856   0.00000   0.16721   0.15778   0.12248   0.03868   0.00787   1.62738   0.01178   0.00010   0.00205  
 48  0.0812   7071.886953  x:  1.88951   1.53531   1.92545   1.62363   0.63614   0.66247   0.80870   0.31921   0.70784   0.58546   2.93030   0.00000   0.16745   0.15746   0.12286   0.03895   0.00807   1.62777   0.01176   0.00010   0.00200  
 49  0.0444   7071.886747  x:  1.89167   1.53824   1.92710   1.62382   0.63652   0.66303   0.80877   0.31950   0.70774   0.58585   2.93264   0.00000   0.16757   0.15771   0.12299   0.03890   0.00802   1.62801   0.01175   0.00010   0.00199  
 50  0.0046   7071.886736  x:  1.89180   1.53917   1.92764   1.62410   0.63664   0.66298   0.80885   0.31961   0.70777   0.58601   2.93335   0.00000   0.16753   0.15770   0.12301   0.03891   0.00802   1.62807   0.01175   0.00010   0.00199  
 51  0.0012   7071.886735  x:  1.89163   1.53918   1.92776   1.62418   0.63667   0.66292   0.80886   0.31963   0.70778   0.58602   2.93350   0.00000   0.16753   0.15768   0.12301   0.03891   0.00802   1.62806   0.01175   0.00010   0.00199  
 52  0.0003   7071.886735  x:  1.89160   1.53918   1.92781   1.62424   0.63667   0.66290   0.80888   0.31964   0.70779   0.58602   2.93361   0.00000   0.16754   0.15769   0.12300   0.03891   0.00802   1.62806   0.01175   0.00010   0.00199  
 53  0.0001   7071.886735  x:  1.89160   1.53918   1.92781   1.62424   0.63667   0.66290   0.80888   0.31964   0.70779   0.58602   2.93361   0.00000   0.16754   0.15769   0.12300   0.03891   0.00802   1.62806   0.01175   0.00010   0.00199  
 54  0.0000   7071.886735  x:  1.89160   1.53918   1.92781   1.62424   0.63667   0.66290   0.80888   0.31964   0.70779   0.58602   2.93361   0.00000   0.16754   0.15769   0.12300   0.03891   0.00802   1.62806   0.01175   0.00010   0.00199  
 55  0.0000   7071.886735  x:  1.89160   1.53918   1.92781   1.62424   0.63667   0.66290   0.80888   0.31964   0.70779   0.58602   2.93361   0.00000   0.16754   0.15769   0.12300   0.03891   0.00802   1.62806   0.01175   0.00010   0.00199  
check convergence!
