

TREE # 1

  0  0.0000   8744.454212  x:  0.05974   2.00634   1.60041   0.36159   1.41746   0.37517   1.51427   0.41407   1.19636   0.42038   0.28502   0.36606   1.16262   0.22781   0.00750   0.05288   0.06925   0.00891   0.00617   2.00000   0.20000  
  1 99.0000   8737.648155  x:  0.07296   2.00793   1.60333   0.37026   1.41706   0.37675   1.51356   0.41518   1.19417   0.41867   0.28413   0.36387   1.16588   0.22841   0.01254   0.05349   0.06893   0.00000   0.02065   1.99644   0.20519  
  2 507.8534   8728.622582  x:  0.12830   2.01456   1.61558   0.40674   1.41532   0.38333   1.51051   0.41983   1.18487   0.41140   0.28037   0.35456   1.17957   0.23067   0.03306   0.05586   0.06802   0.01489   0.06823   1.98145   0.22428  
  3 1705.7052   8639.308521  x:  0.49353   2.05708   1.69852   0.65843   1.39713   0.42427   1.48329   0.44821   1.11016   0.35230   0.25265   0.28397   1.27439   0.22312   0.12549   0.05945   0.06065   0.00885   0.03287   1.87801   0.13661  
  4 671.4627   8610.479614  x:  0.58781   2.06847   1.72074   0.72458   1.39257   0.43538   1.47646   0.45658   1.09042   0.33734   0.24718   0.26674   1.30001   0.21797   0.14412   0.05949   0.06020   0.00400   0.00362   1.84906   0.15145  
  5 2933.1467   8589.921524  x:  0.66246   2.07979   1.74940   0.80123   1.38041   0.44535   1.46328   0.47148   1.05146   0.31561   0.26615   0.25998   1.33750   0.14582   0.04716   0.03735   0.07804   0.00416   0.00630   1.79626   0.15171  
  6 291.2371   8587.251514  x:  0.66515   2.08193   1.75843   0.81966   1.37381   0.44630   1.45757   0.47850   1.03400   0.31030   0.28294   0.26582   1.35080   0.14681   0.02697   0.06779   0.07520   0.00418   0.00636   1.77221   0.15098  
  7 156.0535   8578.473097  x:  0.64191   2.08641   1.78639   0.86803   1.34908   0.44597   1.43731   0.50338   0.97229   0.29624   0.34216   0.28830   1.39430   0.18984   0.00000   0.06036   0.05305   0.00431   0.00665   1.68688   0.14917  
  8 177.6001   8578.473097  x:  0.64191   2.08641   1.78639   0.86803   1.34908   0.44597   1.43731   0.50338   0.97229   0.29624   0.34216   0.28830   1.39430   0.18984   0.00000   0.06036   0.05305   0.00431   0.00665   1.68688   0.14917  
  9 366.8654   8573.098419  x:  0.64527   2.08706   1.78771   0.87074   1.34882   0.44659   1.43710   0.50432   0.97132   0.29643   0.34141   0.28720   1.39589   0.19412   0.00924   0.06024   0.05643   0.00165   0.02007   1.68437   0.16667  
 10 504.9490   8571.978561  x:  0.64936   2.08769   1.78922   0.87401   1.34822   0.44706   1.43656   0.50523   0.96977   0.29637   0.34027   0.28558   1.39771   0.19834   0.01803   0.05978   0.05994   0.00922   0.01825   1.68161   0.17063  
 11 290.5827   8567.909215  x:  0.66326   2.08975   1.79428   0.88510   1.34594   0.44848   1.43449   0.50815   0.96421   0.29594   0.33626   0.27991   1.40378   0.21059   0.04395   0.05806   0.06988   0.00441   0.00720   1.67248   0.17238  
 12 423.8475   8564.416619  x:  0.68335   2.09257   1.80151   0.90108   1.34231   0.45019   1.43119   0.51211   0.95578   0.29505   0.33050   0.27169   1.41238   0.22260   0.07194   0.05516   0.07924   0.00308   0.01453   1.65963   0.15682  
 13 477.9621   8546.502378  x:  0.86765   2.12015   1.87003   1.04762   1.31219   0.46732   1.40378   0.55116   0.88264   0.29227   0.29175   0.21146   1.49069   0.18746   0.09803   0.02743   0.03900   0.00341   0.01377   1.53910   0.14820  
 14 183.7867   8528.043572  x:  1.11933   2.15790   1.96430   1.24780   1.27058   0.49022   1.36606   0.60469   0.78329   0.29057   0.25041   0.14233   1.59754   0.12584   0.10844   0.07494   0.04823   0.00358   0.01361   1.37474   0.13612  
 15 1434.7210   8514.304467  x:  1.32188   2.18866   2.04315   1.40869   1.23504   0.50657   1.33474   0.64822   0.71140   0.30332   0.30494   0.19799   1.68278   0.09181   0.09651   0.04359   0.09857   0.00292   0.01446   1.25088   0.12462  
 16 380.1744   8507.138944  x:  1.43757   2.20667   2.09105   1.50037   1.21330   0.51424   1.31636   0.67289   0.68105   0.32263   0.35629   0.25473   1.73047   0.12062   0.09722   0.07582   0.06219   0.00311   0.01448   1.19414   0.11603  
 17 297.6411   8500.742215  x:  1.57315   2.23053   2.16511   1.60724   1.17950   0.51385   1.29202   0.69680   0.71410   0.39943   0.35169   0.24298   1.77924   0.25404   0.00000   0.06657   0.08117   0.00311   0.01606   1.23427   0.11488  
 18 67.0257   8498.237378  x:  1.67008   2.25665   2.25549   1.68852   1.15496   0.52475   1.28766   0.70745   0.77831   0.40713   0.34837   0.26089   1.81235   0.21589   0.02422   0.07098   0.07853   0.00300   0.01571   1.39927   0.11265  
 19 27.8936   8497.804450  x:  1.68050   2.26864   2.30678   1.70274   1.16277   0.53297   1.30625   0.70153   0.78001   0.35008   0.34678   0.26557   1.80763   0.23040   0.01413   0.07072   0.07973   0.00301   0.01583   1.41946   0.11334  
 20 10.2286   8496.967785  x:  1.67264   2.30732   2.49368   1.72418   1.20891   0.56225   1.39167   0.69277   0.84789   0.34459   0.35612   0.25900   1.77247   0.22794   0.01678   0.07052   0.08010   0.00277   0.01603   1.39142   0.10719  
 21  9.2889   8496.209386  x:  1.64032   2.33258   2.67262   1.74316   1.22137   0.53150   1.41717   0.67441   0.78530   0.38718   0.32327   0.28382   1.74308   0.22403   0.02048   0.07065   0.07918   0.00264   0.01593   1.40162   0.10740  
 22  8.0979   8495.706287  x:  1.61752   2.33650   2.76422   1.76241   1.22061   0.50858   1.40115   0.67791   0.75738   0.39827   0.37072   0.24645   1.73884   0.22070   0.02377   0.07015   0.07823   0.00256   0.01581   1.41231   0.10849  
 23  9.3388   8493.519685  x:  1.54756   2.28954   2.98009   1.87943   1.23795   0.50831   1.24959   0.83327   0.83528   0.37199   0.35038   0.26668   1.81172   0.21487   0.02910   0.07045   0.07474   0.00205   0.01552   1.38279   0.10863  
 24  5.8454   8489.089007  x:  1.70745   2.24710   3.04809   2.09359   1.40861   0.75137   1.44491   0.78752   0.81579   0.43436   0.36578   0.26903   2.09887   0.21864   0.02747   0.07051   0.07006   0.00094   0.01507   1.43454   0.10559  
 25  5.8033   8486.662354  x:  1.90420   2.39850   3.03264   2.10483   1.35519   0.59108   1.61006   0.76365   0.90289   0.41614   0.36082   0.28041   2.20492   0.20775   0.03678   0.07109   0.06633   0.00081   0.01460   1.40774   0.10613  
 26  9.5987   8484.660831  x:  2.14438   2.75331   3.01341   2.01810   1.50001   0.58546   1.66928   0.99529   0.86270   0.43472   0.37552   0.27198   2.19837   0.20899   0.03982   0.06958   0.06589   0.00127   0.01459   1.44612   0.09962  
 27  7.9260   8483.360614  x:  2.26542   3.02451   3.02662   2.03150   1.62033   0.61824   1.53631   0.89110   0.89626   0.44015   0.37170   0.27804   2.21630   0.20440   0.04564   0.06880   0.06518   0.00202   0.01442   1.42966   0.09721  
 28  6.8864   8480.342455  x:  2.19848   3.38584   3.11427   2.49474   1.52266   0.70618   1.67657   0.93809   0.89553   0.45383   0.37024   0.27644   2.45484   0.21341   0.04927   0.06211   0.06780   0.00441   0.01427   1.41357   0.08515  
 29  2.8501   8477.054904  x:  2.82875   2.86317   3.43900   2.67491   1.43990   0.78060   1.72998   0.94981   0.92152   0.45662   0.36600   0.27645   2.13917   0.19858   0.07700   0.05473   0.07033   0.00733   0.01293   1.37110   0.08295  
 30  2.9124   8476.780227  x:  2.88571   2.82791   3.48204   2.69819   1.56376   0.69957   1.74171   0.96281   0.92816   0.45485   0.36590   0.27613   2.21468   0.19707   0.07972   0.05410   0.07097   0.00719   0.01287   1.37663   0.08077  
 31  2.1342   8475.918882  x:  3.07608   3.08362   3.68720   2.66806   1.53701   0.79014   1.71381   0.99407   0.93120   0.45740   0.36048   0.27075   2.47226   0.19408   0.08607   0.05182   0.07276   0.00495   0.01241   1.38111   0.07621  
 32  0.7223   8475.021751  x:  3.22682   3.33898   3.72005   3.05728   1.65871   0.74397   1.72949   1.02115   0.94948   0.45812   0.35511   0.26911   2.34193   0.18029   0.09957   0.05216   0.07329   0.00284   0.01203   1.40816   0.07518  
 33  1.6198   8474.496495  x:  3.34838   3.25309   3.89662   3.09913   1.68513   0.74456   1.80333   1.04076   0.96669   0.46122   0.35431   0.26779   2.55989   0.17463   0.09937   0.05536   0.07106   0.00391   0.01286   1.41911   0.07503  
 34  0.4153   8474.128763  x:  3.56469   3.32293   4.08289   3.27531   1.74593   0.79597   1.91496   1.10455   1.00330   0.47787   0.36002   0.27034   2.62855   0.16935   0.10278   0.05892   0.06942   0.00330   0.01359   1.41672   0.06975  
 35  0.3414   8474.008524  x:  3.65194   3.35582   4.16258   3.32293   1.77284   0.83326   1.95691   1.12269   1.02251   0.48657   0.36087   0.27351   2.65134   0.17553   0.09956   0.05835   0.07200   0.00241   0.01374   1.40894   0.06894  
 36  0.1031   8473.973322  x:  3.68055   3.38561   4.21334   3.37617   1.79979   0.84749   1.99389   1.12895   1.03790   0.49335   0.36140   0.27784   2.66762   0.17904   0.09706   0.05766   0.07254   0.00306   0.01367   1.40906   0.06802  
 37  0.0871   8473.961987  x:  3.69837   3.43663   4.25902   3.39336   1.82424   0.85139   2.00880   1.13603   1.04690   0.49713   0.36123   0.28046   2.70372   0.18031   0.09610   0.05744   0.07230   0.00288   0.01346   1.41435   0.06725  
 38  0.0595   8473.960786  x:  3.68953   3.43957   4.25897   3.38559   1.82360   0.84901   2.00538   1.13505   1.04656   0.49701   0.36108   0.28049   2.70415   0.18028   0.09603   0.05737   0.07216   0.00289   0.01341   1.41475   0.06743  
 39  0.0137   8473.960580  x:  3.68837   3.44100   4.26469   3.38499   1.82354   0.84803   2.00531   1.13656   1.04705   0.49722   0.36108   0.28024   2.70415   0.17996   0.09634   0.05736   0.07212   0.00291   0.01342   1.41403   0.06738  
 40  0.0034   8473.960562  x:  3.68826   3.44012   4.26597   3.38552   1.82365   0.84811   2.00539   1.13684   1.04708   0.49724   0.36108   0.28024   2.70322   0.17993   0.09642   0.05738   0.07216   0.00290   0.01343   1.41424   0.06738  
 41  0.0011   8473.960561  x:  3.68781   3.44000   4.26617   3.38551   1.82369   0.84810   2.00528   1.13669   1.04705   0.49723   0.36106   0.28026   2.70338   0.17992   0.09643   0.05738   0.07216   0.00290   0.01343   1.41426   0.06738  
 42  0.0003   8473.960560  x:  3.68769   3.43988   4.26612   3.38550   1.82363   0.84812   2.00527   1.13666   1.04704   0.49723   0.36107   0.28026   2.70334   0.17991   0.09644   0.05738   0.07216   0.00290   0.01343   1.41424   0.06739  
 43  0.0001   8473.960560  x:  3.68763   3.43990   4.26612   3.38552   1.82364   0.84813   2.00529   1.13666   1.04705   0.49723   0.36107   0.28026   2.70337   0.17991   0.09644   0.05738   0.07216   0.00290   0.01343   1.41424   0.06739  
 44  0.0000   8473.960560  x:  3.68763   3.43990   4.26612   3.38552   1.82364   0.84813   2.00529   1.13666   1.04705   0.49723   0.36107   0.28026   2.70337   0.17991   0.09644   0.05738   0.07216   0.00290   0.01343   1.41424   0.06739  