

TREE # 1

  0  0.0000   4417.694005  x:  0.05762   0.71249   0.92673   0.31328   0.48879   0.00000   0.71295   0.11133   0.65129   0.39272   0.46775   0.19977   0.04079   0.09642   0.09366   0.04978   0.07965   2.00000   0.20000  
  1 99.0000   4207.204570  x:  0.18958   0.75988   0.96104   0.38840   0.55843   0.19215   0.77154   0.19079   0.69185   0.43202   0.54654   0.28023   0.12198   0.17256   0.11124   0.00000   0.03095   1.95813   0.69866  
  2 1279.9239   4202.447642  x:  0.20690   0.76663   0.96592   0.39858   0.56789   0.21598   0.77972   0.20120   0.69747   0.43747   0.55734   0.29028   0.13202   0.18197   0.11317   0.03268   0.02517   1.95270   0.75682  
  3 4683.8824   4175.445590  x:  0.26044   0.80435   0.99344   0.43984   0.60700   0.24793   0.82052   0.23212   0.72419   0.46369   0.60461   0.30369   0.14226   0.18954   0.10157   0.03254   0.00000   1.93867   0.71654  
  4 271.9998   4023.025709  x:  0.73740   1.13996   1.23834   0.80706   0.95515   0.53467   1.18353   0.50768   0.96198   0.69700   1.02528   0.42388   0.23420   0.25810   0.00000   0.02683   0.00955   1.81329   0.36777  
  5 6771.3794   4003.827287  x:  0.86285   1.23891   1.31775   0.90341   1.04797   0.60093   1.28607   0.57235   1.02771   0.75879   1.13926   0.43922   0.24066   0.29057   0.20202   0.02433   0.01086   1.76414   0.26796  
  6 536.1548   3988.818762  x:  0.90210   1.33463   1.42326   0.94324   1.09600   0.53316   1.36792   0.56112   1.07549   0.79286   1.20759   0.33290   0.10439   0.15736   0.24348   0.02463   0.01109   1.67009   0.30474  
  7 96.0967   3978.863264  x:  0.88050   1.51171   1.67798   0.92266   1.10662   0.28795   1.48845   0.40150   1.11752   0.78297   1.26227   0.42518   0.12118   0.21596   0.24388   0.02412   0.01099   1.41275   0.34471  
  8 49.1665   3974.445411  x:  0.91217   1.60134   1.92245   0.82679   1.06713   0.46527   1.56156   0.20317   1.08091   0.65205   1.23494   0.45235   0.06172   0.21393   0.23210   0.02420   0.01071   1.28274   0.30810  
  9 20.7155   3972.126027  x:  0.84760   1.62350   2.17201   0.73058   0.95375   0.54612   1.64615   0.22700   1.16025   0.73940   1.19733   0.47626   0.09941   0.15660   0.23534   0.02424   0.01042   1.31718   0.29332  
 10 10.9759   3970.864898  x:  0.80099   1.62219   2.31688   0.71251   0.90969   0.57348   1.68593   0.24626   1.19650   0.77911   1.20396   0.43769   0.06275   0.22735   0.22328   0.02418   0.01017   1.35955   0.28973  
 11 21.9801   3965.493100  x:  0.56787   1.49095   2.89918   0.97245   0.97563   0.58079   1.72293   0.23354   1.17285   0.71663   1.47147   0.33851   0.17658   0.21994   0.21832   0.02353   0.00927   1.56572   0.27903  
 12 12.2933   3958.007349  x:  0.56425   1.32753   3.22199   1.17434   1.10339   0.53797   1.64428   0.46723   1.13874   0.78842   1.59393   0.52072   0.00000   0.19641   0.20973   0.02177   0.00813   1.33062   0.21659  
 13  8.7192   3947.176683  x:  1.11374   1.49799   3.31584   1.19288   1.33656   0.24898   1.76598   0.44067   1.21091   0.91301   1.57304   0.34824   0.12156   0.21530   0.19269   0.01941   0.00654   1.32047   0.17201  
 14 10.6162   3941.661280  x:  1.27967   1.63952   3.29143   1.17907   1.51730   0.08026   1.98902   0.39578   1.28241   0.87813   1.57323   0.51186   0.00000   0.19121   0.19896   0.01856   0.00582   1.52820   0.17918  
 15 22.0949   3937.082881  x:  1.01771   1.89274   3.04328   1.11055   1.80687   0.05822   2.44888   0.50009   1.46045   0.71842   1.59494   0.44584   0.05727   0.20528   0.19144   0.01778   0.00485   1.45109   0.16991  
 16 10.4382   3931.746152  x:  0.69411   2.46478   2.67096   1.24288   1.70242   0.11765   2.59013   0.28217   1.49560   1.01405   1.98109   0.45720   0.04180   0.20364   0.18301   0.01744   0.00387   1.39446   0.16813  
 17  7.6907   3928.224394  x:  0.73188   2.81199   2.69720   1.24220   1.58566   0.00000   2.51525   0.49223   1.42989   0.89335   2.14428   0.43785   0.05977   0.19866   0.17957   0.01713   0.00376   1.41788   0.17832  
 18  6.3973   3928.224394  x:  0.73188   2.81199   2.69720   1.24220   1.58566   0.00000   2.51525   0.49223   1.42989   0.89335   2.14428   0.43785   0.05977   0.19866   0.17957   0.01713   0.00376   1.41788   0.17832  
 19  4.2898   3926.289461  x:  0.73262   2.81221   2.69753   1.24259   1.58617   0.00066   2.51547   0.49255   1.43022   0.89370   2.14466   0.43879   0.06070   0.19918   0.17750   0.01932   0.02249   1.41751   0.18381  
 20 349.0932   3925.286701  x:  0.73597   2.81322   2.69903   1.24434   1.58839   0.00353   2.51639   0.49389   1.43161   0.89521   2.14635   0.44292   0.06476   0.20109   0.16754   0.01085   0.02257   1.41614   0.20065  
 21 92.6547   3922.655980  x:  0.76277   2.82068   2.71071   1.25713   1.60463   0.02364   2.52224   0.50215   1.44095   0.90584   2.15883   0.47143   0.09188   0.21370   0.08389   0.02147   0.02021   1.41160   0.19998  
 22 64.0953   3922.172073  x:  0.77051   2.82282   2.71410   1.26076   1.60918   0.02905   2.52387   0.50431   1.44354   0.90879   2.16239   0.47717   0.09689   0.21848   0.07069   0.01167   0.02295   1.41060   0.19275  
 23 91.1293   3919.866290  x:  0.88530   2.85532   2.76515   1.31520   1.67664   0.10649   2.54950   0.53625   1.48312   0.95287   2.21633   0.52688   0.13212   0.30926   0.08460   0.01175   0.02288   1.39076   0.17544  
 24 37.2945   3911.921294  x:  1.42969   3.01521   3.01528   1.57308   1.98621   0.42625   2.67918   0.67016   1.66973   1.15536   2.47772   0.48728   0.00000   0.31217   0.06912   0.01272   0.02305   1.31587   0.13572  
 25 60.1670   3910.123542  x:  1.57361   3.06124   3.08830   1.63649   2.05272   0.46558   2.71533   0.68090   1.70758   1.19495   2.54788   0.51216   0.05501   0.23319   0.09693   0.01124   0.02381   1.32645   0.12451  
 26 47.5164   3905.468778  x:  2.14994   3.27322   3.43668   1.82338   2.17042   0.22261   2.86232   0.49469   1.74023   1.21760   2.80978   0.49234   0.06949   0.26278   0.09140   0.01172   0.02321   1.69194   0.13242  
 27 19.0839   3903.588250  x:  2.36309   3.37949   3.61211   1.84665   2.18576   0.00000   2.97865   0.45176   1.74312   1.17721   2.89457   0.55353   0.03215   0.26655   0.08863   0.01186   0.02314   1.53672   0.12586  
 28 10.5698   3903.588250  x:  2.36309   3.37949   3.61211   1.84665   2.18576   0.00000   2.97865   0.45176   1.74312   1.17721   2.89457   0.55353   0.03215   0.26655   0.08863   0.01186   0.02314   1.53672   0.12586  
 29  3.7171   3902.100333  x:  2.36329   3.37963   3.61230   1.84683   2.18613   0.00057   2.97895   0.45229   1.74341   1.17744   2.89476   0.55418   0.03307   0.26652   0.08866   0.01279   0.02237   1.53581   0.14152  
 30 202.2641   3902.014019  x:  2.36437   3.38027   3.61330   1.84735   2.18780   0.00313   2.98030   0.45489   1.74452   1.17815   2.89543   0.55720   0.03751   0.26480   0.08781   0.01525   0.01715   1.53269   0.14105  
 31 16.6818   3901.680580  x:  2.37174   3.38466   3.62018   1.85094   2.19922   0.02056   2.98955   0.47257   1.75210   1.18304   2.90005   0.57674   0.06620   0.25364   0.08314   0.02138   0.02117   1.51153   0.13849  
 32 35.8070   3901.326535  x:  2.37914   3.38909   3.62708   1.85454   2.21059   0.03786   2.99882   0.49012   1.75969   1.18792   2.90468   0.59452   0.09238   0.24326   0.08006   0.01287   0.02101   1.49069   0.13654  
 33 150.6419   3900.903634  x:  2.39977   3.40182   3.64658   1.86446   2.23960   0.08009   3.02439   0.53311   1.77992   1.20094   2.91768   0.59481   0.09757   0.23836   0.11442   0.01327   0.02088   1.44538   0.13238  
 34 18.3012   3900.159638  x:  2.44309   3.42894   3.68779   1.88488   2.29645   0.15951   3.07705   0.61429   1.82021   1.22695   2.94498   0.57024   0.07252   0.21735   0.10058   0.01415   0.02086   1.36837   0.12669  
 35 35.9657   3899.768136  x:  2.47993   3.45251   3.72334   1.90079   2.33432   0.20366   3.11787   0.66068   1.84728   1.24417   2.96780   0.56914   0.06758   0.27007   0.08068   0.01421   0.02081   1.34443   0.12258  
 36 18.3690   3898.222816  x:  2.79673   3.66333   4.03672   2.02810   2.54005   0.31255   3.42098   0.79821   1.99753   1.33670   3.16567   0.60226   0.06945   0.26229   0.08714   0.01387   0.02068   1.58118   0.11404  
 37  8.5451   3895.540440  x:  3.49954   4.16677   4.76594   2.29036   2.80017   0.06823   3.98701   0.67485   2.16773   1.41377   3.62305   0.66129   0.05370   0.26455   0.08983   0.01414   0.02062   1.47412   0.09381  
 38 10.7195   3895.028511  x:  3.69864   4.29913   5.02036   2.26784   2.85156   0.03366   3.95949   0.73623   2.04535   1.34339   3.67720   0.56967   0.12296   0.26925   0.08848   0.01360   0.02083   1.48118   0.09658  
 39  1.5232   3894.645115  x:  3.84479   4.39218   5.22153   2.23885   2.87125   0.01460   3.90718   0.76209   2.03059   1.38831   3.71105   0.68490   0.03893   0.26205   0.08983   0.01430   0.02053   1.47782   0.09818  
 40  3.0610   3894.470598  x:  3.91882   4.43356   5.33593   2.24859   2.88209   0.02504   3.88863   0.70763   2.14231   1.49909   3.75608   0.65278   0.06916   0.26370   0.08974   0.01413   0.02060   1.47691   0.09749  
 41  1.7089   3894.296609  x:  4.00959   4.48246   5.49456   2.34066   2.93908   0.12938   3.98568   0.62302   2.24257   1.43435   3.88808   0.67033   0.06675   0.26314   0.09005   0.01428   0.02052   1.47729   0.09509  
 42  1.1151   3893.920937  x:  4.24902   4.62989   5.92558   2.57698   2.98444   0.08993   4.41183   0.81346   2.35236   1.50363   4.23581   0.69635   0.08142   0.26324   0.09133   0.01457   0.02036   1.48129   0.08655  
 43  1.6095   3893.843042  x:  4.32273   4.69443   6.04622   2.57305   3.13630   0.10230   4.50220   0.79899   2.30110   1.58667   4.26168   0.70652   0.08200   0.26292   0.09209   0.01465   0.02035   1.47867   0.08430  
 44  0.9027   3893.811284  x:  4.38012   4.75245   6.11341   2.53490   3.22297   0.06825   4.51085   0.82773   2.36708   1.56501   4.23617   0.71320   0.08106   0.26236   0.09272   0.01469   0.02038   1.47639   0.08383  
 45  0.4019   3893.791429  x:  4.46284   4.83395   6.17236   2.57316   3.22131   0.09948   4.46748   0.84338   2.37038   1.59046   4.26396   0.72018   0.07884   0.26257   0.09303   0.01469   0.02045   1.47170   0.08323  
 46  0.1973   3893.788741  x:  4.47298   4.84437   6.17284   2.57647   3.21695   0.10437   4.50020   0.83834   2.37153   1.59742   4.26454   0.72079   0.07938   0.26244   0.09315   0.01470   0.02047   1.46953   0.08326  
 47  0.0826   3893.787645  x:  4.48945   4.86731   6.18455   2.59624   3.23034   0.10350   4.52477   0.84209   2.38374   1.60136   4.28585   0.72215   0.08039   0.26260   0.09315   0.01472   0.02047   1.46859   0.08270  
 48  0.0533   3893.787600  x:  4.48770   4.87366   6.18006   2.59587   3.23190   0.10419   4.52443   0.84271   2.38443   1.60115   4.28716   0.72200   0.08062   0.26262   0.09313   0.01472   0.02046   1.46941   0.08272  
 49  0.0061   3893.787597  x:  4.48706   4.87521   6.17906   2.59483   3.23106   0.10477   4.52451   0.84258   2.38437   1.60107   4.28685   0.72197   0.08067   0.26262   0.09314   0.01472   0.02046   1.46934   0.08271  
 50  0.0028   3893.787596  x:  4.48613   4.87533   6.17767   2.59460   3.23112   0.10452   4.52414   0.84255   2.38414   1.60103   4.28710   0.72197   0.08065   0.26261   0.09314   0.01472   0.02046   1.46924   0.08272  
 51  0.0017   3893.787596  x:  4.48612   4.87532   6.17765   2.59455   3.23110   0.10452   4.52413   0.84257   2.38415   1.60104   4.28712   0.72198   0.08064   0.26261   0.09314   0.01472   0.02046   1.46924   0.08272  
 52  0.0001   3893.787596  x:  4.48612   4.87530   6.17766   2.59454   3.23110   0.10452   4.52413   0.84258   2.38416   1.60105   4.28712   0.72198   0.08064   0.26261   0.09314   0.01472   0.02046   1.46924   0.08272  
 53  0.0000   3893.787596  x:  4.48612   4.87530   6.17766   2.59454   3.23110   0.10452   4.52413   0.84258   2.38415   1.60104   4.28712   0.72198   0.08064   0.26261   0.09314   0.01472   0.02046   1.46924   0.08272  
 54  0.0000   3893.787596  x:  4.48612   4.87530   6.17766   2.59454   3.23110   0.10452   4.52413   0.84258   2.38415   1.60105   4.28712   0.72198   0.08064   0.26261   0.09314   0.01472   0.02046   1.46924   0.08272  