Supplemental results for CODEML (seqf: cds2.phylip  treef: tree.H2C2.nwk)

Number of codon sites with 0,1,2,3 position differences
   2 vs.    1     13    47    52    24  -1.0000 (0.7095 -1.0000)
   3 vs.    1     21    38    54    23   0.2368 (0.7145 3.0172)
   3 vs.    2    117    31     5     0   0.0735 (0.0275 0.3741)
   4 vs.    1     39    68    34    23   0.1071 (0.3942 3.6798)
   4 vs.    2     15    45    48    28  -1.0000 (0.7711 -1.0000)
   4 vs.    3     17    43    46    30  -1.0000 (0.7800 -1.0000)
   5 vs.    1     18    47    41    42  -1.0000 (0.7569 -1.0000)
   5 vs.    2     14    24    46    36   0.4716 (1.1627 2.4653)
   5 vs.    3     17    22    43    38   0.4409 (1.1270 2.5563)
   5 vs.    4     33    55    33    28  -1.0000 (0.4944 -1.0000)
   6 vs.    1     51    66    27    18   0.1364 (0.2855 2.0940)
   6 vs.    2     14    40    46    36  -1.0000 (0.8235 -1.0000)
   6 vs.    3     17    38    47    34  -1.0000 (0.8372 -1.0000)
   6 vs.    4     43    67    31    22  -1.0000 (0.3380 -1.0000)
   6 vs.    5     30    43    47    27   0.1559 (0.5906 3.7880)
   7 vs.    1     49    71    24    21   0.1338 (0.2985 2.2307)
   7 vs.    2     17    42    49    28   0.3680 (0.8107 2.2031)
   7 vs.    3     15    44    49    28   0.2811 (0.8097 2.8801)
   7 vs.    4     33    66    39    27  -1.0000 (0.4517 -1.0000)
   7 vs.    5     25    49    41    34   0.3373 (0.7084 2.1003)
   7 vs.    6     45    71    23    24  -1.0000 (0.3124 -1.0000)
   8 vs.    1     52    77    25    10  -1.0000 (0.1743 -1.0000)
   8 vs.    2     15    44    45    32  -1.0000 (0.8167 -1.0000)
   8 vs.    3     13    42    45    36  -1.0000 (0.8433 -1.0000)
   8 vs.    4     36    77    33    18  -1.0000 (0.3463 -1.0000)
   8 vs.    5     20    51    42    35  -1.0000 (0.7094 -1.0000)
   8 vs.    6     46    76    32     8  -1.0000 (0.1878 -1.0000)
   8 vs.    7     36    86    23    19  -1.0000 (0.2864 -1.0000)
   9 vs.    1     13    48    52    23  -1.0000 (0.6921 -1.0000)
   9 vs.    2    147     6     0     0   0.3021 (0.0086 0.0284)
   9 vs.    3    120    27     6     0   0.0678 (0.0245 0.3616)
   9 vs.    4     15    45    48    28  -1.0000 (0.7737 -1.0000)
   9 vs.    5     14    24    45    37   0.3661 (1.1565 3.1589)
   9 vs.    6     14    40    47    35  -1.0000 (0.8205 -1.0000)
   9 vs.    7     17    42    50    27   0.3547 (0.7999 2.2549)
   9 vs.    8     15    43    46    32  -1.0000 (0.8202 -1.0000)
  10 vs.    1     18    40    54    24  -1.0000 (0.7167 -1.0000)
  10 vs.    2    105    44     3     1   0.0701 (0.0365 0.5204)
  10 vs.    3    119    31     2     1   0.0770 (0.0260 0.3376)
  10 vs.    4     18    43    43    32   0.2346 (0.7980 3.4012)
  10 vs.    5     16    21    47    36   0.4376 (1.1401 2.6057)
  10 vs.    6     15    37    52    32  -1.0000 (0.8236 -1.0000)
  10 vs.    7     15    42    52    27  -1.0000 (0.7764 -1.0000)
  10 vs.    8     12    44    46    34  -1.0000 (0.8145 -1.0000)
  10 vs.    9    105    44     3     1   0.0615 (0.0334 0.5437)

