

TREE # 1

  0  0.0000   4573.542331  x:  0.12481   0.32148   0.23619   0.03645   0.22712   0.08006   0.24810   0.00000   0.19557   0.25832   0.32244   0.04676   0.05662   0.10928   0.09240   0.03492   0.08788   2.00000   0.20000   0.20000   0.20000  
  1 99.0000   4138.650524  x:  0.32726   0.53588   0.40655   0.46086   0.45265   0.37998   0.44032   1.21149   0.42329   0.41502   0.57603   0.15529   0.12184   0.10258   0.17634   0.00386   0.01526   1.95936   0.56655   0.17588   0.18427  
  2 2313.1966   4099.000703  x:  0.47203   0.87725   0.65072   0.67193   0.67503   0.51507   0.55173   1.53417   0.63943   0.57117   0.93611   0.15121   0.09212   0.06603   0.23128   1.34735   0.05983   1.87528   0.25028   0.07367   0.13027  
  3 801.5735   4060.905665  x:  0.48434   0.92368   0.67678   0.68545   0.69985   0.52080   0.55902   1.53118   0.66167   0.58176   0.98882   0.14868   0.09222   0.07363   0.22458   1.35370   0.02664   1.85512   0.18404   0.06751   0.01347  
  4 298.3197   4059.294446  x:  0.48599   0.93181   0.68103   0.68612   0.70383   0.52068   0.55988   1.52441   0.66507   0.58301   0.99807   0.14774   0.09215   0.07502   0.22425   1.35388   0.02402   1.85056   0.19013   0.06810   0.00733  
  5 210.4217   4048.623659  x:  0.49690   0.98432   0.70832   0.69218   0.72975   0.52076   0.56551   1.48775   0.68725   0.59115   1.05815   0.14259   0.09237   0.08525   0.21987   1.34061   0.00000   1.82185   0.19543   0.07077   0.00903  
  6 594.3261   3960.253261  x:  0.69662   1.93624   1.20183   0.81096   1.20182   0.52776   0.66990   0.85731   1.09138   0.73864   2.14986   0.05395   0.10039   0.27019   0.14111   1.03171   0.02603   1.30174   0.21573   0.11591   0.02527  
  7 2119.5274   3941.092950  x:  0.72652   2.15515   1.27670   0.82764   1.30658   0.51078   0.71096   0.69300   1.16044   0.72896   2.43304   0.18020   0.22576   0.07844   0.35797   0.94858   0.02530   1.17196   0.20480   0.05872   0.02793  
  8 181.2961   3938.256959  x:  0.72544   2.17766   1.27042   0.82926   1.31676   0.50493   0.72540   0.68482   1.16002   0.71492   2.47381   0.15178   0.19603   0.02876   0.38530   0.93805   0.02484   1.16274   0.20239   0.06405   0.02818  
  9 74.7854   3932.638654  x:  0.70642   2.23122   1.20620   0.82775   1.33785   0.47310   0.79070   0.67601   1.13221   0.63503   2.61130   0.08941   0.11591   0.04901   0.56207   0.92070   0.02327   1.15178   0.18913   0.10160   0.02705  
 10 72.9672   3922.952713  x:  0.60657   2.34276   0.86380   0.80017   1.37032   0.33860   1.04851   0.69476   1.00819   0.36810   3.05739   0.14767   0.12337   0.04521   0.48913   0.92533   0.02458   1.22309   0.18792   0.12326   0.02695  
 11 31.9456   3920.899740  x:  0.58311   2.35482   0.77985   0.79153   1.37109   0.30959   1.08565   0.69493   1.01063   0.37389   3.14217   0.14531   0.11112   0.05320   0.48400   0.92052   0.02475   1.23575   0.19104   0.06171   0.02792  
 12 47.3524   3916.621803  x:  0.51523   2.36605   0.51722   0.76638   1.36167   0.22934   1.14929   0.68954   1.07727   0.52150   3.36979   0.16252   0.10472   0.04967   0.48283   0.91198   0.02486   1.25893   0.18415   0.08577   0.02740  
 13 50.4861   3903.750782  x:  0.76044   2.25810   0.31230   1.07988   1.34503   0.44575   0.81472   0.51577   0.94812   0.60536   3.90801   0.21279   0.05702   0.05170   0.45969   0.86222   0.02510   1.20202   0.14366   0.07455   0.02601  
 14  8.5592   3893.813876  x:  0.74750   2.29329   0.65635   1.09179   1.23827   0.34528   0.91420   0.45009   0.96187   0.69105   4.14655   0.17212   0.10852   0.04938   0.46299   0.79374   0.02583   1.28664   0.11003   0.06807   0.02570  
 15 12.1819   3891.174400  x:  0.59853   2.36789   0.70826   0.98034   1.34661   0.44997   0.87730   0.44373   1.01265   0.66782   4.16210   0.26026   0.01837   0.04903   0.44947   0.76999   0.02602   1.30339   0.10632   0.06698   0.02579  
 16  8.0839   3889.114922  x:  0.42788   2.46447   0.72411   0.86802   1.47656   0.55037   0.79080   0.45322   1.05080   0.62917   4.18771   0.17890   0.10406   0.04965   0.43790   0.74747   0.02611   1.30588   0.10377   0.06160   0.02606  
 17 17.4062   3876.417435  x:  0.34099   2.92040   0.82879   0.76293   1.65548   0.17388   0.49613   0.46802   0.95798   0.66319   4.41773   0.22309   0.07206   0.05101   0.32942   0.60570   0.02765   1.31819   0.11769   0.04144   0.02913  
 18  5.1510   3852.049013  x:  0.46039   3.48970   0.88362   0.69193   1.93564   0.12997   0.83493   0.19234   0.86441   0.82879   4.68639   0.23129   0.08636   0.05537   0.14899   0.33132   0.02937   1.22248   0.11148   0.01181   0.03397  
 19 24.5832   3842.936574  x:  0.59257   3.75728   0.92882   0.65678   1.98272   0.18482   0.90733   0.03047   0.98445   0.84155   4.87602   0.21736   0.10414   0.05084   0.11102   0.19773   0.03059   1.52325   0.11668   0.02047   0.03698  
 20 26.0985   3830.815397  x:  0.96648   4.09927   0.96993   0.00000   1.68377   0.29027   0.96001   0.05479   1.11270   0.77461   5.18125   0.19796   0.11409   0.06011   0.06619   0.04911   0.03069   1.22625   0.11208   0.02855   0.03883  
 21 14.0332   3830.815397  x:  0.96648   4.09927   0.96993   0.00000   1.68377   0.29027   0.96001   0.05479   1.11270   0.77461   5.18125   0.19796   0.11409   0.06011   0.06619   0.04911   0.03069   1.22625   0.11208   0.02855   0.03883  
 22  9.8163   3819.017537  x:  0.97069   4.09783   0.97115   0.00855   1.68426   0.29635   0.96549   0.07655   1.11389   0.77534   5.18241   0.18889   0.10926   0.10276   0.16816   0.02383   0.00000   1.22581   0.11276   0.08635   0.08643  
 23 315.4105   3816.760488  x:  0.97180   4.09745   0.97148   0.01080   1.68439   0.29796   0.96693   0.08228   1.11420   0.77553   5.18272   0.18649   0.10798   0.11390   0.19488   0.01733   0.00132   1.22570   0.11291   0.10143   0.09890  
 24 4829.8184   3815.297361  x:  0.97410   4.09657   0.97210   0.01554   1.68462   0.30113   0.96981   0.09287   1.11479   0.77572   5.18337   0.17909   0.10311   0.11473   0.20993   0.03800   0.00129   1.22593   0.10648   0.10081   0.10304  
 25 136.3940   3814.408291  x:  0.97694   4.09567   0.97302   0.02136   1.68506   0.30500   0.97324   0.10482   1.11566   0.77603   5.18423   0.17058   0.09772   0.11162   0.21940   0.04431   0.00127   1.22600   0.11577   0.09491   0.10348  
 26 137.5494   3810.638726  x:  0.99178   4.09030   0.97733   0.05206   1.68689   0.32488   0.99112   0.16657   1.11974   0.77687   5.18869   0.12653   0.07113   0.08937   0.25690   0.03548   0.00121   1.22731   0.10830   0.05707   0.09829  
 27 194.3315   3806.706881  x:  1.03046   4.07600   0.98899   0.13379   1.69279   0.37324   1.03414   0.29851   1.13149   0.77498   5.20180   0.11211   0.11911   0.07146   0.26541   0.03338   0.00126   1.22824   0.10063   0.07961   0.04846  
 28 62.1927   3804.460659  x:  1.07052   4.06032   1.00137   0.22039   1.70046   0.41899   1.07471   0.40669   1.14632   0.76714   5.21802   0.10019   0.17075   0.08544   0.22835   0.03095   0.00122   1.22797   0.09387   0.06978   0.10008  
 29 78.4184   3803.980086  x:  1.08369   4.05347   1.00559   0.25191   1.70518   0.42848   1.08374   0.41113   1.15582   0.75651   5.22778   0.07675   0.16610   0.11280   0.21233   0.03071   0.00124   1.22759   0.09257   0.07543   0.09521  
 30 24.2148   3802.825858  x:  1.13612   4.01935   1.02199   0.38835   1.73096   0.45069   1.11104   0.34379   1.21001   0.69110   5.28293   0.03271   0.18736   0.08852   0.21439   0.03165   0.00126   1.22422   0.08972   0.08968   0.10099  
 31 17.7467   3802.294658  x:  1.16042   4.00052   1.02855   0.45594   1.74452   0.45981   1.12736   0.30946   1.24010   0.65988   5.31446   0.03500   0.20612   0.09950   0.22996   0.03207   0.00123   1.22373   0.08852   0.06785   0.09192  
 32 46.1949   3801.700331  x:  1.16445   3.94545   1.01092   0.54841   1.77462   0.44780   1.20260   0.29258   1.32628   0.65846   5.42369   0.11437   0.12659   0.09502   0.22393   0.03224   0.00126   1.22786   0.08575   0.07497   0.09241  
 33  8.1267   3800.944458  x:  1.05627   3.84276   0.93179   0.59777   1.83309   0.38075   1.30279   0.28827   1.40124   0.70461   5.69382   0.07545   0.16509   0.09591   0.22209   0.03292   0.00128   1.22557   0.08548   0.06838   0.09116  
 34  5.6429   3799.914808  x:  0.90520   3.71684   0.92844   0.64311   1.92922   0.43778   1.26817   0.32844   1.31462   0.60881   6.19855   0.09743   0.14460   0.09389   0.20994   0.03390   0.00134   1.23008   0.08652   0.06626   0.09048  
 35  6.7311   3799.190843  x:  0.88933   3.69031   1.07314   0.70121   1.93719   0.44455   1.15069   0.34736   1.31110   0.71740   6.59746   0.10527   0.13817   0.09284   0.20387   0.03473   0.00139   1.17900   0.08295   0.06112   0.08802  
 36  7.2150   3798.869277  x:  0.91697   3.73776   1.16398   0.69274   1.90608   0.41405   1.15197   0.36402   1.33282   0.71697   6.77796   0.10029   0.14315   0.09217   0.20054   0.03510   0.00142   1.26282   0.08321   0.06071   0.08833  
 37  5.0745   3798.194707  x:  1.01970   3.95358   1.31800   0.59474   1.84866   0.41492   1.28317   0.39132   1.41480   0.64010   7.15004   0.08752   0.15385   0.09242   0.19649   0.03571   0.00148   1.19119   0.07941   0.05742   0.08608  
 38  5.6722   3797.361367  x:  1.21149   4.31566   1.35714   0.46896   1.95708   0.64318   1.41855   0.36240   1.54185   0.69843   7.62614   0.06494   0.17055   0.09127   0.19882   0.03667   0.00157   1.23129   0.07195   0.05521   0.08292  
 39  6.8793   3795.990319  x:  1.71689   4.98100   1.13955   0.48878   2.33261   0.52626   1.41530   0.45979   1.56683   0.71212   8.38310   0.07264   0.15695   0.08932   0.20708   0.03736   0.00171   1.21646   0.06518   0.05947   0.07849  
 40  5.2396   3795.328262  x:  1.63092   5.07651   1.15968   0.60347   2.32332   0.58695   1.37761   0.51090   1.71398   0.69061   8.61578   0.07408   0.15074   0.08845   0.22109   0.03711   0.00180   1.21219   0.06669   0.06830   0.07802  
 41  0.8374   3794.567925  x:  1.38031   5.35507   1.49840   0.84781   2.61692   0.59663   1.56962   0.53670   1.71009   0.74246   9.03356   0.08309   0.13585   0.08591   0.24251   0.03592   0.00195   1.21296   0.06024   0.07669   0.07565  
 42  2.9832   3794.319692  x:  1.29866   5.54444   1.56177   0.92922   2.71810   0.61132   1.54579   0.59393   1.84659   0.70909   9.27468   0.08375   0.13778   0.08572   0.23882   0.03485   0.00205   1.21220   0.05650   0.07564   0.07536  
 43  2.0191   3793.491157  x:  1.27392   6.09480   1.59622   1.31723   2.75742   0.71532   1.70701   0.65516   1.91179   0.76935  10.11791   0.10441   0.12668   0.08229   0.21414   0.03292   0.00251   1.22196   0.05118   0.05921   0.07146  
 44  2.1714   3793.090490  x:  1.50278   6.04619   1.73332   1.25567   3.03248   0.72473   1.76445   0.74128   2.06639   0.74279  10.53921   0.08824   0.14616   0.08693   0.20218   0.03096   0.00281   1.22478   0.04986   0.05638   0.07538  
 45  0.7083   3792.729151  x:  1.68914   6.38322   1.80650   1.35726   3.13497   0.80018   1.87355   0.81794   2.18476   0.77058  11.49137   0.08258   0.14619   0.09048   0.21525   0.02893   0.00318   1.23462   0.04541   0.06707   0.08044  
 46  1.3524   3792.469432  x:  1.63015   6.85880   1.82281   1.59058   3.20472   0.84321   1.93170   0.86972   2.26182   0.80665  12.08861   0.09702   0.13166   0.08832   0.22052   0.03011   0.00361   1.24860   0.04468   0.06928   0.08284  
 47  0.6484   3792.161380  x:  1.67011   7.59119   1.98855   1.85262   3.54865   0.90831   2.07712   0.97161   2.45808   0.85077  13.16668   0.10808   0.12156   0.08618   0.21820   0.03141   0.00429   1.25623   0.03906   0.06678   0.08276  
 48  2.0995   3791.838301  x:  1.85836   8.52597   2.26475   2.03327   4.11735   0.98044   2.29652   1.09031   2.74275   0.92413  14.63768   0.10265   0.12357   0.08976   0.21276   0.03125   0.00549   1.25545   0.03413   0.05988   0.07466  
 49  0.7357   3791.684453  x:  1.93161   8.62085   2.31610   1.97169   4.21787   0.98285   2.32939   1.09056   2.78112   0.94017  14.80134   0.09604   0.13023   0.08929   0.21117   0.03075   0.00575   1.25410   0.03472   0.05982   0.07342  
 50  0.4346   3791.373107  x:  2.27453   9.66663   2.61248   2.07702   4.75697   1.10539   2.60653   1.21030   3.10568   1.04276  16.68730   0.08976   0.13996   0.08401   0.21381   0.02873   0.00720   1.27476   0.02998   0.06770   0.08017  
 51  1.7293   3791.135118  x:  2.69181  10.94209   2.93610   2.14995   5.29890   1.27122   2.94487   1.31201   3.48295   1.18390  18.93648   0.09589   0.13374   0.09353   0.22099   0.02729   0.00911   1.30185   0.02639   0.06704   0.08318  
 52  1.0411   3791.067143  x:  2.72407  11.01615   2.94696   2.12780   5.29725   1.28745   2.96754   1.30341   3.50346   1.19730  19.05880   0.09789   0.13159   0.09357   0.21996   0.02763   0.00928   1.30226   0.02681   0.06636   0.08356  
 53  0.3845   3790.927193  x:  2.98906  12.03225   3.20060   2.21581   5.72096   1.41312   3.22851   1.37436   3.81155   1.30279  20.71779   0.09800   0.13092   0.08730   0.20963   0.02874   0.01085   1.30252   0.02425   0.06429   0.08276  
 54  1.8093   3790.851555  x:  3.27334  13.10030   3.47657   2.31040   6.12984   1.55845   3.51282   1.45548   4.16898   1.41154  22.58644   0.08895   0.14010   0.08796   0.21500   0.02790   0.01263   1.29938   0.02216   0.06298   0.07857  
 55  0.8657   3790.828800  x:  3.26961  13.15209   3.49061   2.32989   6.13640   1.56777   3.52711   1.46153   4.19741   1.41483  22.68402   0.08787   0.14100   0.08846   0.21559   0.02775   0.01277   1.29836   0.02233   0.06376   0.07818  
 56  0.2245   3790.795111  x:  3.42013  13.93365   3.69563   2.46905   6.45505   1.66529   3.72887   1.53999   4.47018   1.48827  24.01298   0.09124   0.13711   0.08934   0.21230   0.02758   0.01410   1.30907   0.02094   0.06694   0.08077  
 57  1.0199   3790.762850  x:  3.50736  14.75998   3.92544   2.72163   6.83806   1.75107   3.94079   1.64904   4.78507   1.55553  25.39754   0.09778   0.13260   0.08817   0.21435   0.02750   0.01561   1.31616   0.01972   0.06386   0.08227  
 58  0.5547   3790.752986  x:  3.46885  14.72016   3.92559   2.77300   6.85773   1.73625   3.93338   1.66341   4.78603   1.54825  25.33028   0.09732   0.13166   0.08883   0.21370   0.02759   0.01561   1.31306   0.01987   0.06401   0.08152  
 59  0.1056   3790.740028  x:  3.52172  15.11367   4.04769   2.92022   7.08879   1.76875   4.04441   1.73047   4.94093   1.58338  26.01600   0.09527   0.13150   0.08992   0.21263   0.02751   0.01639   1.31017   0.01917   0.06517   0.08012  
 60  0.8341   3790.731338  x:  3.52499  15.18194   4.08420   3.03346   7.21428   1.75574   4.07754   1.77528   4.97576   1.59237  26.16018   0.09598   0.13323   0.08826   0.21445   0.02731   0.01662   1.31035   0.01899   0.06540   0.08038  
 61  0.1098   3790.726545  x:  3.52507  15.00355   4.02546   3.02079   7.16582   1.72948   4.04119   1.76478   4.88949   1.58722  25.85949   0.09896   0.12940   0.08931   0.21331   0.02750   0.01630   1.31400   0.01921   0.06472   0.08078  
 62  0.1436   3790.725134  x:  3.55461  14.98373   4.00826   2.99982   7.14870   1.73137   4.04037   1.75901   4.86564   1.59271  25.83107   0.09733   0.13098   0.08890   0.21358   0.02746   0.01623   1.31270   0.01920   0.06502   0.08069  
 63  0.0329   3790.724307  x:  3.56617  14.97435   3.99197   2.98916   7.12455   1.73579   4.03698   1.75536   4.85030   1.59509  25.80151   0.09619   0.13233   0.08878   0.21383   0.02745   0.01618   1.31100   0.01925   0.06516   0.08046  
 64  0.0183   3790.722950  x:  3.61900  15.24836   4.04248   3.05781   7.22027   1.77362   4.10416   1.78870   4.93035   1.62316  26.22149   0.09722   0.13131   0.08908   0.21356   0.02743   0.01659   1.31240   0.01891   0.06495   0.08048  
 65  0.1821   3790.722107  x:  3.63236  15.25325   4.03377   3.05080   7.22230   1.77716   4.10160   1.79289   4.91952   1.62460  26.18695   0.09774   0.13048   0.08868   0.21355   0.02741   0.01652   1.31509   0.01895   0.06505   0.08092  
 66  0.0101   3790.718267  x:  3.72260  15.59802   4.11471   3.05564   7.38829   1.82935   4.16647   1.84626   5.02004   1.64607  26.57820   0.09550   0.13244   0.08863   0.21421   0.02741   0.01675   1.31646   0.01853   0.06529   0.08060  
 67  0.0880   3790.717114  x:  3.71427  15.51645   4.09595   3.00803   7.35409   1.82362   4.13838   1.83780   4.98907   1.63456  26.39895   0.09548   0.13288   0.08902   0.21379   0.02745   0.01650   1.31374   0.01867   0.06502   0.08042  
 68  0.1489   3790.714765  x:  3.76046  15.72032   4.14884   3.04651   7.43870   1.85413   4.18938   1.87318   5.05154   1.65271  26.71263   0.09825   0.13085   0.08929   0.21265   0.02731   0.01659   1.31008   0.01838   0.06461   0.08091  
 69  0.0696   3790.697042  x:  3.79042  15.82500   4.24559   3.09249   7.47743   1.88169   4.24885   1.93508   5.11318   1.66170  27.10804   0.09938   0.12904   0.08863   0.21390   0.02729   0.01569   1.30846   0.01816   0.06512   0.08205  
 70  0.0549   3790.684825  x:  3.91584  16.40994   4.46396   3.21202   7.71196   1.97364   4.42385   2.05967   5.33094   1.71255  28.23523   0.09652   0.13135   0.08851   0.21434   0.02764   0.01516   1.31433   0.01735   0.06522   0.08135  
 71  1.0665   3790.679914  x:  3.90706  16.40095   4.48301   3.20833   7.69820   1.97237   4.43019   2.06333   5.33699   1.71318  28.29151   0.09445   0.13372   0.08863   0.21383   0.02789   0.01469   1.31846   0.01742   0.06502   0.08028  
 72  0.0587   3790.669655  x:  4.04364  17.15991   4.66994   3.35854   8.01915   2.05950   4.61794   2.16227   5.57805   1.78886  29.47573   0.09413   0.13513   0.08878   0.21287   0.02790   0.01493   1.32465   0.01660   0.06477   0.07902  
 73  0.6544   3790.630863  x:  4.31626  18.86322   4.97834   3.69587   8.81522   2.16724   5.00932   2.27861   6.06392   1.99870  31.91756   0.09987   0.13212   0.08899   0.21145   0.02735   0.01548   1.32965   0.01521   0.06463   0.07831  
 74  0.7271   3790.616767  x:  4.31485  18.84137   4.96149   3.68797   8.83849   2.13718   5.00698   2.25235   6.04820   2.01135  31.90011   0.10021   0.13086   0.08887   0.21228   0.02739   0.01504   1.32591   0.01535   0.06484   0.07923  
 75  0.0983   3790.591135  x:  4.51726  19.76675   5.22917   3.86917   9.30131   2.20704   5.27032   2.37238   6.35032   2.12862  33.56488   0.09918   0.12926   0.08853   0.21439   0.02773   0.01370   1.32181   0.01447   0.06534   0.08096  
 76  3.1879   3790.581552  x:  4.68365  20.62034   5.43424   4.10093   9.75894   2.24330   5.51495   2.44091   6.64855   2.24192  35.13561   0.09721   0.13055   0.08871   0.21398   0.02807   0.01308   1.32329   0.01382   0.06501   0.08105  
 77  0.6375   3790.576272  x:  4.69578  20.62555   5.42492   4.12475   9.77664   2.24098   5.52149   2.43182   6.66762   2.23999  35.19689   0.09702   0.13106   0.08880   0.21362   0.02806   0.01325   1.32427   0.01388   0.06490   0.08084  
 78  0.0911   3790.557627  x:  4.98706  21.83109   5.64397   4.39759  10.35207   2.36882   5.82018   2.53489   7.09472   2.35041  37.15626   0.10067   0.12957   0.08886   0.21298   0.02761   0.01402   1.32904   0.01305   0.06499   0.08030  
 79  1.1638   3790.535754  x:  5.43758  23.09213   5.92058   4.58836  10.94105   2.58107   6.14860   2.70064   7.58236   2.42846  39.34983   0.10175   0.12812   0.08856   0.21369   0.02750   0.01382   1.32820   0.01223   0.06536   0.08043  
 80  1.2821   3790.525923  x:  5.49960  23.02289   5.91473   4.52727  10.89213   2.62385   6.13190   2.71957   7.58223   2.39483  39.26952   0.10110   0.12816   0.08844   0.21409   0.02756   0.01373   1.32652   0.01233   0.06546   0.08058  
 81  0.4124   3790.520528  x:  5.72561  23.71010   6.08271   4.65331  11.23198   2.71863   6.32559   2.79841   7.84247   2.45199  40.53148   0.09755   0.13059   0.08867   0.21377   0.02806   0.01335   1.32762   0.01192   0.06505   0.08080  
 82  0.9429   3790.509292  x:  6.17078  25.39691   6.45981   5.05919  12.09434   2.90034   6.79688   2.91679   8.44342   2.61732  43.53321   0.09574   0.13326   0.08917   0.21251   0.02803   0.01355   1.33179   0.01109   0.06450   0.08129  
 83  0.5252   3790.506168  x:  6.14631  25.39936   6.47000   5.06692  12.09899   2.89337   6.79858   2.90828   8.42833   2.62368  43.51499   0.09738   0.13164   0.08898   0.21297   0.02791   0.01349   1.33062   0.01114   0.06479   0.08115  
 84  0.0530   3790.498166  x:  6.39541  26.50425   6.74948   5.29624  12.64231   3.01886   7.09460   3.00053   8.78064   2.73379  45.35293   0.10228   0.12638   0.08831   0.21455   0.02765   0.01312   1.32756   0.01063   0.06569   0.08071  
 85  1.9801   3790.492147  x:  6.61691  27.63018   7.04163   5.53281  13.17370   3.15460   7.38924   3.09299   9.11927   2.84416  47.14312   0.10364   0.12500   0.08819   0.21476   0.02775   0.01303   1.32833   0.01017   0.06576   0.08025  
 86  1.4837   3790.471216  x:  6.81843  29.74717   7.67786   5.94993  14.05606   3.44004   7.89898   3.28437   9.60700   3.05411  50.00000   0.10342   0.12516   0.08835   0.21412   0.02850   0.01324   1.33301   0.00957   0.06507   0.07875  
 87  1.9776   3790.470547  x:  6.79990  29.61649   7.64186   5.92403  13.99777   3.42417   7.86622   3.27455   9.57296   3.04072  50.00000   0.10321   0.12538   0.08837   0.21410   0.02845   0.01324   1.33272   0.00962   0.06508   0.07891  
 88  1.8804   3790.463895  x:  6.82871  29.49794   7.61350   5.92668  13.95727   3.42427   7.84945   3.29230   9.58242   3.01752  50.00000   0.10016   0.12870   0.08873   0.21358   0.02777   0.01343   1.32989   0.00959   0.06516   0.08117  
 89  0.2311   3790.460438  x:  6.77822  29.49618   7.69197   5.99991  13.94736   3.44870   7.86113   3.36666   9.58255   3.00580  50.00000   0.10065   0.12771   0.08877   0.21376   0.02769   0.01355   1.32869   0.00959   0.06522   0.08134  
 90  0.0407   3790.458267  x:  6.72077  29.37338   7.69715   6.04595  13.90934   3.41322   7.84637   3.38918   9.55900   3.00446  50.00000   0.10167   0.12715   0.08861   0.21371   0.02796   0.01357   1.32987   0.00959   0.06512   0.08046  
 91  0.0599   3790.455500  x:  6.63713  29.40318   7.73507   6.05120  13.92177   3.35717   7.84283   3.39859   9.51468   3.04675  50.00000   0.10202   0.12671   0.08859   0.21389   0.02768   0.01361   1.32924   0.00960   0.06532   0.08092  
 92  0.0268   3790.452403  x:  6.73156  29.40085   7.72001   5.86692  13.87148   3.36236   7.80477   3.42525   9.50440   3.04770  50.00000   0.09833   0.12993   0.08902   0.21330   0.02799   0.01382   1.32789   0.00961   0.06482   0.08124  
 93  0.0411   3790.450670  x:  6.81029  29.42541   7.73558   5.78543  13.88144   3.36764   7.80351   3.45583   9.52813   3.04885  50.00000   0.10022   0.12858   0.08848   0.21391   0.02777   0.01377   1.32982   0.00960   0.06528   0.08063  
 94  0.0517   3790.448824  x:  6.88088  29.35023   7.73264   5.77771  13.92164   3.31820   7.81826   3.46256   9.56843   3.05913  50.00000   0.09894   0.12977   0.08886   0.21357   0.02774   0.01367   1.32950   0.00960   0.06513   0.08087  
 95  0.0266   3790.448585  x:  6.89585  29.40214   7.74096   5.78947  13.94035   3.32050   7.83392   3.46344   9.58966   3.06678  50.00000   0.09917   0.12948   0.08862   0.21372   0.02784   0.01381   1.32926   0.00959   0.06514   0.08080  
 96  0.0426   3790.448434  x:  6.88798  29.38236   7.73125   5.79276  13.89924   3.32052   7.83519   3.45875   9.58885   3.06763  50.00000   0.09932   0.12932   0.08870   0.21376   0.02777   0.01378   1.32906   0.00959   0.06516   0.08083  
 97  0.0107   3790.448389  x:  6.89327  29.41558   7.73578   5.79710  13.90073   3.32535   7.84533   3.45829   9.59949   3.07193  50.00000   0.09920   0.12946   0.08867   0.21371   0.02782   0.01377   1.32932   0.00959   0.06515   0.08081  
 98  0.0230   3790.448353  x:  6.88480  29.39621   7.72756   5.79687  13.90439   3.32023   7.83773   3.46192   9.59446   3.06764  50.00000   0.09929   0.12938   0.08867   0.21374   0.02779   0.01378   1.32927   0.00959   0.06515   0.08084  
 99  0.0037   3790.448257  x:  6.87218  29.43022   7.71180   5.81147  13.91254   3.32047   7.84427   3.46832   9.60744   3.06675  50.00000   0.09946   0.12920   0.08867   0.21373   0.02780   0.01376   1.32925   0.00959   0.06515   0.08082  
100  0.0131   3790.448248  x:  6.87838  29.43903   7.71388   5.81118  13.91095   3.32309   7.84861   3.46661   9.60826   3.06933  50.00000   0.09942   0.12923   0.08866   0.21372   0.02782   0.01375   1.32923   0.00959   0.06515   0.08081  
101  0.0057   3790.448242  x:  6.87735  29.43265   7.70882   5.81100  13.91244   3.32182   7.84738   3.46811   9.60491   3.06842  50.00000   0.09944   0.12921   0.08867   0.21373   0.02781   0.01376   1.32925   0.00959   0.06515   0.08082  
102  0.0031   3790.448235  x:  6.88197  29.43241   7.70556   5.80975  13.91267   3.32302   7.85092   3.46803   9.60173   3.06978  50.00000   0.09943   0.12923   0.08867   0.21372   0.02781   0.01376   1.32926   0.00959   0.06515   0.08082  
103  0.0032   3790.448219  x:  6.87960  29.43041   7.71328   5.80552  13.91176   3.32488   7.85719   3.46537   9.60571   3.06963  50.00000   0.09938   0.12927   0.08866   0.21372   0.02782   0.01376   1.32925   0.00959   0.06515   0.08081  
104  0.0015   3790.448217  x:  6.87806  29.42533   7.71095   5.80484  13.91267   3.32411   7.85689   3.46606   9.60408   3.06881  50.00000   0.09940   0.12926   0.08867   0.21372   0.02781   0.01376   1.32925   0.00959   0.06515   0.08081  
105  0.0063   3790.448217  x:  6.87801  29.42520   7.71091   5.80481  13.91269   3.32409   7.85689   3.46607   9.60405   3.06879  50.00000   0.09940   0.12926   0.08867   0.21372   0.02781   0.01376   1.32925   0.00959   0.06515   0.08081  
106  0.0022   3790.448217  x:  6.87801  29.42520   7.71091   5.80481  13.91269   3.32409   7.85689   3.46607   9.60405   3.06879  50.00000   0.09940   0.12926   0.08867   0.21372   0.02781   0.01376   1.32925   0.00959   0.06515   0.08081  
107  0.0020   3790.448217  x:  6.87796  29.42504   7.71086   5.80478  13.91272   3.32407   7.85690   3.46608   9.60402   3.06876  50.00000   0.09940   0.12926   0.08867   0.21372   0.02781   0.01376   1.32925   0.00959   0.06515   0.08081  
108  0.0022   3790.448217  x:  6.87796  29.42504   7.71086   5.80478  13.91272   3.32407   7.85690   3.46608   9.60402   3.06876  50.00000   0.09940   0.12926   0.08867   0.21372   0.02781   0.01376   1.32925   0.00959   0.06515   0.08081  
109  0.0018   3790.448217  x:  6.87795  29.42503   7.71086   5.80478  13.91272   3.32407   7.85690   3.46608   9.60401   3.06876  50.00000   0.09940   0.12926   0.08867   0.21372   0.02781   0.01376   1.32925   0.00959   0.06515   0.08082  
110  6.8428   3790.448216  x:  6.87754  29.42430   7.71059   5.80470  13.91335   3.32397   7.85716   3.46631   9.60392   3.06858  50.00000   0.09940   0.12925   0.08867   0.21372   0.02781   0.01376   1.32925   0.00959   0.06515   0.08082  
111  0.0088   3790.448216  x:  6.87753  29.42429   7.71059   5.80471  13.91333   3.32397   7.85716   3.46630   9.60392   3.06858  50.00000   0.09940   0.12926   0.08867   0.21372   0.02781   0.01376   1.32925   0.00959   0.06515   0.08082  