

TREE # 1

  0  0.0000   3631.089777  x:  0.29560   0.41050   0.40428   0.10978   0.42730   0.23385   0.42350   0.03592   0.26496   0.15912   0.14784   0.10578   0.64064   0.03591   0.08537   0.03641   0.09050   0.00000   0.13815   2.00000   0.20000   0.20000  
  1 99.0000   3621.276621  x:  0.29866   0.41196   0.40664   0.11358   0.42777   0.23445   0.42379   0.03904   0.26556   0.15949   0.14853   0.10614   0.64239   0.03555   0.08499   0.03744   0.09005   0.04904   0.13667   1.99934   0.19591   0.19955  
  2 2861.5831   3567.351032  x:  0.37105   0.44659   0.46286   0.20205   0.43883   0.24827   0.43051   0.10905   0.27957   0.16831   0.16491   0.11447   0.68407   0.02720   0.07648   0.05631   0.06238   0.04892   0.09032   1.98344   0.10151   0.19169  
  3 479.8873   3509.433403  x:  0.49276   0.50778   0.56179   0.34133   0.46070   0.27164   0.44267   0.20584   0.30447   0.18376   0.19219   0.12786   0.75898   0.01864   0.06753   0.07725   0.02147   0.04937   0.01177   1.95135   0.14444   0.17803  
  4 951.1276   3486.142122  x:  0.62681   0.57937   0.67873   0.47621   0.48646   0.29288   0.45142   0.27523   0.33032   0.19551   0.21995   0.13445   0.85135   0.03488   0.07947   0.07562   0.06221   0.04712   0.11553   1.90685   0.17219   0.16143  
  5 587.1480   3474.494090  x:  0.67331   0.61040   0.73445   0.48671   0.49740   0.28893   0.44279   0.22114   0.33356   0.18578   0.22287   0.11597   0.90400   0.03414   0.08427   0.01803   0.07005   0.04743   0.10818   1.87158   0.16461   0.14357  
  6 167.9223   3453.056026  x:  0.77983   0.68489   0.87175   0.48592   0.52468   0.27286   0.41747   0.04819   0.33990   0.15759   0.22741   0.06338   1.03963   0.03592   0.10262   0.03796   0.09957   0.04749   0.08447   1.77475   0.14633   0.09288  
  7 437.0585   3440.742646  x:  0.81187   0.71889   0.96038   0.35400   0.55518   0.24533   0.43282   0.04946   0.36546   0.18500   0.24465   0.07022   1.16686   0.00000   0.07405   0.04489   0.06919   0.04767   0.10023   1.64396   0.13829   0.01128  
  8 95.3028   3438.718004  x:  0.81556   0.72286   0.97121   0.33678   0.55909   0.24185   0.43493   0.05084   0.36854   0.18839   0.24673   0.07097   1.18300   0.00296   0.07323   0.04547   0.06513   0.04770   0.10103   1.62704   0.13707   0.00010  
  9 1106.7842   3437.194457  x:  0.81807   0.72505   0.98020   0.32023   0.56343   0.23902   0.43741   0.05594   0.36982   0.18959   0.24775   0.06918   1.19960   0.00000   0.08398   0.04567   0.06634   0.04768   0.09935   1.60812   0.13590   0.00010  
 10 237.5132   3435.163188  x:  0.81698   0.70180   0.97533   0.30027   0.58320   0.24297   0.44738   0.07519   0.35084   0.17396   0.24575   0.05327   1.26116   0.00339   0.06164   0.04558   0.10538   0.04709   0.08445   1.51566   0.13393   0.00010  
 11 53.4476   3430.353810  x:  0.80697   0.60897   0.91895   0.31845   0.62940   0.26309   0.46704   0.05715   0.31039   0.16621   0.25950   0.08579   1.40615   0.00000   0.06738   0.04587   0.08295   0.04706   0.09340   1.26591   0.12819   0.00010  
 12 73.6311   3430.353810  x:  0.80697   0.60897   0.91895   0.31845   0.62940   0.26309   0.46704   0.05715   0.31039   0.16621   0.25950   0.08579   1.40615   0.00000   0.06738   0.04587   0.08295   0.04706   0.09340   1.26591   0.12819   0.00010  
 13 20.5880   3418.295225  x:  0.81053   0.61053   0.92150   0.32261   0.62911   0.26293   0.46733   0.06641   0.31238   0.16762   0.25985   0.08606   1.40776   0.01539   0.07446   0.04886   0.07700   0.04012   0.08618   1.26560   0.08947   0.00010  
 14 466.0957   3409.861896  x:  0.83127   0.62150   0.93770   0.34792   0.63106   0.26515   0.47109   0.10971   0.32395   0.17617   0.26253   0.08842   1.41875   0.03993   0.08793   0.05900   0.05094   0.01249   0.05217   1.25901   0.09791   0.00010  
 15 204.9279   3405.139340  x:  0.85550   0.63433   0.95688   0.37716   0.63333   0.26723   0.47429   0.14922   0.33623   0.18454   0.26546   0.09003   1.43173   0.04196   0.08801   0.06392   0.03099   0.03516   0.02522   1.25135   0.09672   0.00010  
 16 283.7895   3392.664624  x:  0.94956   0.68407   1.03213   0.48840   0.64237   0.27368   0.48233   0.26906   0.37851   0.21026   0.27592   0.09150   1.48292   0.00416   0.06318   0.06867   0.02772   0.03304   0.05253   1.22160   0.07744   0.00010  
 17 240.1964   3385.278946  x:  1.04821   0.73582   1.11175   0.60023   0.65224   0.27845   0.48538   0.36007   0.41482   0.22752   0.28540   0.08632   1.53785   0.03415   0.07338   0.05868   0.08243   0.05610   0.08511   1.19059   0.07674   0.00010  
 18 425.1364   3379.436782  x:  1.12592   0.77519   1.17711   0.67547   0.66277   0.27769   0.47363   0.34196   0.41876   0.21193   0.28897   0.06276   1.58602   0.02769   0.07026   0.02248   0.10027   0.04609   0.05943   1.16787   0.06818   0.00010  
 19 128.8737   3371.820491  x:  1.25903   0.84159   1.28959   0.79958   0.68125   0.27453   0.44957   0.28482   0.42014   0.17904   0.29576   0.02107   1.67011   0.01986   0.07037   0.05193   0.12008   0.03656   0.03092   1.13058   0.05680   0.00010  
 20 441.4516   3364.063624  x:  1.36683   0.89272   1.38025   0.89368   0.69516   0.26862   0.42759   0.22613   0.42064   0.15424   0.30585   0.00000   1.73946   0.03956   0.07712   0.05189   0.07549   0.03995   0.05467   1.10511   0.05485   0.00010  
 21 323.4487   3360.550846  x:  1.45494   0.92633   1.45283   0.95270   0.70469   0.25462   0.41474   0.15824   0.43420   0.17681   0.33399   0.07296   1.79991   0.06364   0.04862   0.05440   0.05946   0.03650   0.05477   1.09921   0.05150   0.00010  
 22 112.7116   3359.720374  x:  1.48664   0.92241   1.47553   0.94401   0.70344   0.23514   0.42918   0.15513   0.42238   0.18311   0.32067   0.06851   1.82808   0.08020   0.01776   0.05610   0.05759   0.03587   0.05473   1.12458   0.05254   0.00010  
 23 23.6854   3357.174307  x:  1.62960   0.89058   1.57690   0.87933   0.70303   0.14432   0.50872   0.14531   0.37137   0.23075   0.26406   0.07847   1.96618   0.06957   0.04009   0.05567   0.05387   0.03627   0.05647   1.25512   0.05286   0.00010  
 24 50.6246   3355.372743  x:  1.75404   0.82227   1.66242   0.75674   0.76204   0.18291   0.51190   0.17724   0.35627   0.17021   0.31885   0.09540   2.11658   0.06536   0.04206   0.05539   0.05839   0.03783   0.05724   1.33729   0.05239   0.00010  
 25 19.6042   3354.068439  x:  1.84290   0.75687   1.72115   0.64794   0.79961   0.22436   0.47086   0.17555   0.44045   0.19283   0.30338   0.06811   2.24258   0.06423   0.04236   0.05496   0.05810   0.03743   0.05644   1.35801   0.05172   0.00010  
 26 24.5992   3352.420317  x:  1.91015   0.68590   1.75041   0.57190   0.73262   0.17688   0.40162   0.20200   0.40500   0.21068   0.31522   0.06729   2.40712   0.05929   0.04487   0.05520   0.05924   0.03773   0.05577   1.22009   0.05230   0.00010  
 27  7.3773   3350.439130  x:  1.95613   0.64413   1.75282   0.56739   0.71906   0.23667   0.52262   0.18014   0.38899   0.22230   0.30296   0.06983   2.58775   0.06265   0.04317   0.05510   0.05281   0.03689   0.05667   1.06866   0.04923   0.00010  
 28 11.2441   3342.746319  x:  2.01036   0.76846   1.68970   0.83351   0.66318   0.27163   0.53466   0.14318   0.50148   0.11423   0.30602   0.08541   3.08373   0.04976   0.05858   0.05480   0.04646   0.03008   0.04458   1.13565   0.05567   0.00010  
 29  8.7986   3339.611990  x:  2.01073   0.92687   1.73562   0.89377   0.81691   0.33296   0.46752   0.14225   0.39000   0.24502   0.32761   0.04549   3.23041   0.04826   0.06208   0.05495   0.04134   0.02900   0.04391   1.15107   0.05557   0.00010  
 30 17.9675   3337.231082  x:  1.99560   1.15931   1.91579   0.80539   1.00908   0.17610   0.51389   0.15680   0.45602   0.21347   0.36180   0.03367   3.23163   0.04629   0.06309   0.05489   0.03989   0.02827   0.04284   1.06388   0.05329   0.00010  
 31 10.3657   3336.174161  x:  2.06197   1.15370   2.03966   0.82182   1.03358   0.20240   0.48953   0.17759   0.43947   0.16795   0.25650   0.09181   3.17015   0.04388   0.06586   0.05562   0.04070   0.02891   0.04421   1.04779   0.05285   0.00010  
 32  3.4588   3329.577443  x:  2.80952   0.77948   3.12631   1.14712   0.89727   0.31549   0.54678   0.21080   0.47940   0.25196   0.41468   0.00000   2.57564   0.02369   0.08903   0.05808   0.05266   0.02200   0.03441   1.11776   0.04983   0.00010  
 33 10.1343   3320.353686  x:  3.20480   0.73381   3.28287   1.60037   1.33144   0.09646   0.53636   0.30864   0.54225   0.24695   0.42000   0.00000   3.19067   0.02516   0.08378   0.06014   0.06538   0.02226   0.03815   1.15215   0.03571   0.00010  
 34  5.1727   3318.600294  x:  3.37926   1.07002   3.26462   1.52891   1.16456   0.21737   0.55070   0.33510   0.55070   0.25002   0.41988   0.00000   3.39828   0.02200   0.08635   0.06054   0.06678   0.02320   0.04013   1.18137   0.03224   0.00010  
 35  5.9222   3315.431122  x:  4.26330   1.36442   2.73358   1.51019   1.33162   0.15622   0.54565   0.37075   0.56700   0.22465   0.40114   0.00000   3.50811   0.01776   0.09168   0.06220   0.05412   0.02655   0.04602   1.11807   0.03310   0.00010  
 36  1.9193   3315.206044  x:  4.27506   1.37588   2.76119   1.52803   1.33505   0.15914   0.54572   0.37518   0.56815   0.22269   0.39929   0.03975   3.56237   0.01835   0.09137   0.06230   0.05250   0.02692   0.04665   1.12153   0.03305   0.00010  
 37  1.9695   3311.364737  x:  4.16967   1.47160   3.42610   1.84412   1.33682   0.23111   0.54900   0.43955   0.58180   0.19613   0.37140   0.01862   4.46480   0.02995   0.08420   0.06357   0.02891   0.03196   0.05537   1.20346   0.03188   0.00010  
 38 20.0861   3307.600287  x:  4.76890   1.67042   3.97017   2.27131   1.60075   0.19128   0.56287   0.51124   0.60915   0.17479   0.35530   0.02827   5.36876   0.02422   0.08398   0.06487   0.05061   0.03094   0.04473   1.15058   0.02428   0.00010  
 39  1.4466   3305.839372  x:  5.35052   1.90607   4.38942   2.53800   1.69736   0.23311   0.58697   0.54953   0.61850   0.16330   0.35642   0.03989   6.03664   0.02280   0.08241   0.06343   0.06239   0.02731   0.03402   1.13358   0.02401   0.00010  
 40  0.7164   3304.220659  x:  6.27650   2.15413   4.95146   2.93084   1.91820   0.23648   0.62361   0.60792   0.64823   0.15328   0.37377   0.04524   6.79096   0.03154   0.07784   0.06233   0.05199   0.02567   0.03452   1.09754   0.01933   0.00010  
 41  1.9549   3303.045613  x:  7.14748   2.38471   5.55529   3.29725   2.06704   0.27277   0.67992   0.66388   0.67743   0.16612   0.39885   0.02578   7.41982   0.04475   0.07119   0.06286   0.04220   0.03110   0.05233   1.13739   0.01817   0.00010  
 42  0.9023   3302.467242  x:  8.08113   2.67735   6.25969   3.70744   2.25738   0.30703   0.73229   0.70593   0.69968   0.17175   0.39595   0.01837   8.24529   0.04727   0.06790   0.06060   0.04943   0.02727   0.04422   1.15150   0.01591   0.00010  
 43  0.7654   3302.290508  x:  8.25044   2.72152   6.38759   3.76463   2.28221   0.31443   0.74298   0.70252   0.69772   0.17554   0.39182   0.01997   8.33518   0.04703   0.06775   0.05985   0.05090   0.02603   0.04105   1.15301   0.01624   0.00010  
 44  0.4507   3302.117426  x:  9.07516   2.93990   6.98258   4.09877   2.44420   0.33281   0.78612   0.72891   0.70415   0.18007   0.38878   0.03333   8.90787   0.04887   0.06708   0.06043   0.04660   0.02843   0.04202   1.13377   0.01480   0.00010  
 45  0.6083   3302.083053  x:  9.26991   2.99873   7.16784   4.18917   2.48357   0.33739   0.79890   0.73240   0.70297   0.18225   0.38562   0.02952   9.06199   0.04600   0.06856   0.06163   0.04852   0.02919   0.04287   1.14219   0.01467   0.00010  
 46  0.2060   3302.071765  x:  9.45702   3.05329   7.32785   4.27108   2.52483   0.33852   0.80847   0.73442   0.70261   0.18221   0.38559   0.02908   9.20674   0.04382   0.07002   0.06181   0.04800   0.02844   0.04239   1.14342   0.01434   0.00010  
 47  0.2124   3302.066355  x:  9.40894   3.04077   7.31652   4.25647   2.51952   0.33210   0.80475   0.72665   0.69893   0.18122   0.38742   0.02992   9.17071   0.04154   0.07178   0.06179   0.04724   0.02803   0.04270   1.14235   0.01445   0.00010  
 48  0.0384   3302.061386  x:  9.30622   3.02133   7.28702   4.23405   2.50693   0.32348   0.79807   0.71648   0.69640   0.18125   0.38890   0.02987   9.12888   0.03952   0.07323   0.06166   0.04797   0.02845   0.04311   1.14211   0.01451   0.00010  
 49  0.0459   3302.056864  x:  9.18933   2.99799   7.23459   4.20242   2.48859   0.31527   0.79052   0.70053   0.69620   0.18351   0.38766   0.02770   9.06729   0.04061   0.07259   0.06106   0.04762   0.02846   0.04244   1.14241   0.01464   0.00010  
 50  0.0445   3302.054135  x:  9.25444   3.02212   7.29827   4.23738   2.50020   0.31470   0.79346   0.69206   0.69682   0.18617   0.38757   0.02786   9.11929   0.04161   0.07175   0.06145   0.04744   0.02854   0.04279   1.14320   0.01456   0.00010  
 51  0.0459   3302.053168  x:  9.23154   3.01881   7.26669   4.22594   2.49126   0.31521   0.79106   0.68732   0.69685   0.18575   0.38933   0.02781   9.09810   0.04215   0.07127   0.06158   0.04795   0.02835   0.04285   1.14252   0.01460   0.00010  
 52  0.0191   3302.052542  x:  9.24846   3.02322   7.24752   4.22369   2.48787   0.31765   0.79016   0.68446   0.69674   0.18439   0.38976   0.02685   9.09042   0.04221   0.07131   0.06160   0.04769   0.02828   0.04286   1.14242   0.01460   0.00010  
 53  0.0092   3302.052315  x:  9.25093   3.02397   7.23744   4.22282   2.48577   0.31851   0.78926   0.68295   0.69646   0.18420   0.38908   0.02748   9.08615   0.04184   0.07159   0.06153   0.04777   0.02848   0.04284   1.14297   0.01461   0.00010  
 54  0.0055   3302.052256  x:  9.25702   3.02421   7.23503   4.22496   2.48573   0.31920   0.78924   0.68314   0.69649   0.18475   0.38884   0.02765   9.08688   0.04175   0.07162   0.06149   0.04777   0.02840   0.04280   1.14297   0.01461   0.00010  
 55  0.0028   3302.052231  x:  9.25186   3.02180   7.23085   4.22511   2.48457   0.31889   0.78884   0.68267   0.69633   0.18523   0.38903   0.02733   9.08306   0.04172   0.07163   0.06150   0.04776   0.02841   0.04287   1.14282   0.01462   0.00010  
 56  0.0036   3302.052198  x:  9.25471   3.01990   7.23247   4.23149   2.48505   0.31879   0.78921   0.68313   0.69600   0.18547   0.38936   0.02716   9.08527   0.04172   0.07161   0.06153   0.04777   0.02843   0.04283   1.14283   0.01461   0.00010  
 57  0.0015   3302.052185  x:  9.25192   3.01916   7.23177   4.23255   2.48460   0.31852   0.78917   0.68273   0.69599   0.18515   0.38915   0.02741   9.08413   0.04180   0.07158   0.06152   0.04774   0.02842   0.04281   1.14290   0.01461   0.00010  
 58  0.0016   3302.052179  x:  9.25230   3.01902   7.23232   4.23450   2.48456   0.31859   0.78936   0.68309   0.69609   0.18499   0.38893   0.02749   9.08447   0.04178   0.07160   0.06151   0.04776   0.02841   0.04284   1.14293   0.01461   0.00010  
 59  0.0010   3302.052174  x:  9.25183   3.02003   7.23269   4.23525   2.48414   0.31864   0.78936   0.68292   0.69635   0.18499   0.38909   0.02737   9.08342   0.04174   0.07162   0.06150   0.04777   0.02841   0.04283   1.14278   0.01461   0.00010  
 60  0.0003   3302.052172  x:  9.25169   3.02046   7.23264   4.23598   2.48401   0.31876   0.78947   0.68321   0.69646   0.18489   0.38906   0.02743   9.08277   0.04177   0.07160   0.06150   0.04776   0.02842   0.04283   1.14287   0.01461   0.00010  
 61  0.0006   3302.052171  x:  9.25012   3.02083   7.23174   4.23586   2.48383   0.31870   0.78935   0.68309   0.69634   0.18497   0.38906   0.02741   9.08116   0.04176   0.07160   0.06152   0.04775   0.02841   0.04283   1.14294   0.01461   0.00010  
 62  0.0007   3302.052170  x:  9.24989   3.02130   7.23145   4.23599   2.48395   0.31870   0.78931   0.68313   0.69622   0.18500   0.38902   0.02743   9.08046   0.04177   0.07159   0.06152   0.04776   0.02841   0.04283   1.14288   0.01461   0.00010  
 63  0.0005   3302.052170  x:  9.25047   3.02134   7.23186   4.23633   2.48418   0.31869   0.78936   0.68316   0.69623   0.18499   0.38904   0.02743   9.08097   0.04178   0.07160   0.06151   0.04776   0.02841   0.04283   1.14287   0.01461   0.00010  
 64  0.0003   3302.052170  x:  9.25038   3.02135   7.23179   4.23630   2.48417   0.31869   0.78935   0.68316   0.69623   0.18499   0.38904   0.02743   9.08089   0.04178   0.07160   0.06151   0.04776   0.02841   0.04283   1.14287   0.01461   0.00010  
 65  0.0004   3302.052170  x:  9.25030   3.02137   7.23173   4.23627   2.48417   0.31869   0.78934   0.68315   0.69623   0.18500   0.38904   0.02743   9.08082   0.04178   0.07159   0.06151   0.04776   0.02841   0.04283   1.14288   0.01461   0.00010  
 66  0.0003   3302.052170  x:  9.25022   3.02140   7.23166   4.23625   2.48419   0.31868   0.78934   0.68314   0.69623   0.18500   0.38904   0.02743   9.08076   0.04178   0.07159   0.06151   0.04776   0.02841   0.04283   1.14288   0.01461   0.00010  
 67  0.0003   3302.052170  x:  9.25014   3.02142   7.23158   4.23624   2.48423   0.31868   0.78933   0.68314   0.69623   0.18500   0.38904   0.02743   9.08071   0.04177   0.07159   0.06151   0.04776   0.02841   0.04283   1.14289   0.01461   0.00010  
 68  0.0002   3302.052170  x:  9.25005   3.02146   7.23151   4.23626   2.48430   0.31868   0.78933   0.68313   0.69624   0.18500   0.38904   0.02742   9.08072   0.04177   0.07159   0.06151   0.04776   0.02841   0.04283   1.14289   0.01461   0.00010  
 69  0.0001   3302.052170  x:  9.25024   3.02144   7.23169   4.23641   2.48439   0.31870   0.78937   0.68314   0.69626   0.18498   0.38904   0.02743   9.08110   0.04178   0.07160   0.06151   0.04776   0.02841   0.04283   1.14287   0.01461   0.00010  
 70  0.0001   3302.052170  x:  9.25024   3.02144   7.23169   4.23641   2.48439   0.31870   0.78937   0.68314   0.69626   0.18498   0.38904   0.02743   9.08110   0.04178   0.07160   0.06151   0.04776   0.02841   0.04283   1.14287   0.01461   0.00010  