

TREE # 1

  0  0.0000   7801.951936  x:  0.00000   0.17856   0.11310   0.04825   0.07348   0.03797   0.10924   0.04211   0.08212   0.06880   0.07905   0.05389   0.13877   0.06102   0.07875   0.04762   0.02428   0.07732   0.09594   2.00000   0.20000   0.20000   0.20000  
  1 99.0000   6567.577149  x: 10.36510   0.53400   0.71079   0.87856   0.55857   0.49336   0.45074   0.37405   0.35587   0.28234   0.23671   0.25016   0.51765   0.15954   0.12030   0.18709   0.31810   0.00000   0.01979   1.97500   0.27349   0.17536   0.15100  
  2 30493.5490   6431.777145  x: 10.36996   0.54374   0.72028   0.88039   0.55731   0.49074   0.45554   0.37088   0.35616   0.28047   0.23374   0.24497   0.51931   0.15454   0.11683   0.17668   0.30529   0.00000   0.00000   1.97606   0.15525   0.16307   0.13178  
  3 1096.2693   6431.777145  x: 10.36996   0.54374   0.72028   0.88039   0.55731   0.49074   0.45554   0.37088   0.35616   0.28047   0.23374   0.24497   0.51931   0.15454   0.11683   0.17668   0.30529   0.00000   0.00000   1.97606   0.15525   0.16307   0.13178  
  4 52400.5701   6419.877531  x: 10.36996   0.54374   0.72028   0.88039   0.55731   0.49074   0.45554   0.37088   0.35616   0.28047   0.23374   0.24497   0.51931   0.15454   0.11682   0.17668   0.30529   0.00239   0.00502   1.97606   0.15523   0.16307   0.13178  
  5 350432.4788   6386.787322  x: 10.36960   0.54567   0.72214   0.88102   0.55746   0.49062   0.45666   0.37073   0.35647   0.28045   0.23350   0.24432   0.51996   0.15378   0.11641   0.17505   0.30314   0.00000   0.00616   1.97598   0.13045   0.16091   0.12845  
  6 1296.2705   6312.368596  x: 10.36676   0.56988   0.74586   0.90242   0.57723   0.50790   0.47801   0.38932   0.37162   0.29480   0.24389   0.25213   0.54243   0.15388   0.12110   0.16933   0.29524   0.00000   0.00863   1.96139   0.06101   0.15011   0.11273  
  7 2579.8371   6277.064497  x: 10.35973   0.61507   0.78894   0.90952   0.57060   0.49451   0.49900   0.37351   0.37096   0.28431   0.22761   0.22562   0.55096   0.12832   0.10286   0.12352   0.23429   0.00000   0.00812   1.96326   0.06076   0.08904   0.01806  
  8 314.8620   6256.233543  x: 10.35049   0.66874   0.83999   0.91597   0.55905   0.47411   0.52333   0.34992   0.36896   0.26942   0.20912   0.19400   0.55913   0.11671   0.10209   0.08877   0.16631   0.00000   0.00793   1.96674   0.06074   0.00539   0.03803  
  9 389.2150   6244.522810  x: 10.32179   0.79952   0.96357   0.92416   0.51383   0.40206   0.58232   0.26958   0.36340   0.22579   0.18773   0.13822   0.57187   0.13814   0.16553   0.12885   0.11573   0.00000   0.01264   1.98303   0.06143   0.03969   0.03452  
 10 152.7109   6237.858380  x: 10.30126   0.86394   1.02381   0.92249   0.48091   0.35119   0.61298   0.21816   0.36637   0.20632   0.20830   0.15309   0.57277   0.13748   0.18318   0.16168   0.14346   0.00000   0.00355   2.00015   0.06122   0.01440   0.02674  
 11 183.8185   6236.472773  x: 10.29392   0.88324   1.04174   0.92167   0.47081   0.33503   0.62293   0.20334   0.36891   0.20197   0.21601   0.16048   0.57280   0.13439   0.18512   0.16822   0.15435   0.00000   0.00932   2.00644   0.06167   0.00672   0.02520  
 12 319.9605   6234.618978  x: 10.27719   0.91479   1.07060   0.91903   0.45506   0.30709   0.64214   0.18504   0.37915   0.20094   0.22791   0.17649   0.57188   0.11238   0.16828   0.15159   0.16831   0.00000   0.01094   2.02170   0.06200   0.02074   0.03460  
 13 128.3956   6233.289999  x: 10.23667   0.93349   1.08458   0.90790   0.44924   0.28098   0.66732   0.20534   0.40489   0.21545   0.20683   0.15860   0.56405   0.11297   0.17209   0.13367   0.20413   0.00000   0.01071   2.06113   0.06238   0.01825   0.03625  
 14 35.5870   6230.983243  x: 10.08195   0.95338   1.08825   0.87585   0.47671   0.24962   0.71460   0.25506   0.42896   0.20520   0.23486   0.18052   0.54556   0.13054   0.19575   0.12389   0.18310   0.00000   0.01067   2.20553   0.06405   0.02011   0.03312  
 15 32.5626   6227.612872  x:  9.80797   0.98329   1.09099   0.86871   0.55375   0.25408   0.76547   0.27697   0.44410   0.18204   0.23488   0.16530   0.56576   0.09819   0.16160   0.17546   0.17917   0.00000   0.01103   2.42028   0.06557   0.01899   0.03789  
 16 81.4889   6220.820959  x:  9.16409   1.02805   1.07705   0.92837   0.67179   0.29671   0.77422   0.17591   0.44921   0.19512   0.21973   0.17280   0.69324   0.15066   0.16458   0.12617   0.21136   0.00000   0.01086   2.82454   0.06911   0.01986   0.03822  
 17 101.9717   6212.185904  x:  8.16921   1.09538   1.07149   1.03394   0.55821   0.28113   0.65651   0.22957   0.39480   0.34314   0.25957   0.15269   0.88311   0.15246   0.14420   0.16135   0.17863   0.00000   0.01054   3.17414   0.07276   0.01891   0.03790  
 18 83.8469   6200.876122  x:  6.86925   1.17324   1.08290   1.07649   0.42981   0.37478   0.61826   0.33831   0.27870   0.24036   0.22257   0.18987   0.99935   0.11720   0.17607   0.11827   0.22966   0.00000   0.01114   3.33729   0.07558   0.01890   0.04278  
 19 120.3028   6163.553134  x:  3.41383   1.27647   1.04877   1.01332   0.19153   0.61324   0.58089   0.33126   0.42680   0.18980   0.16498   0.24947   1.08619   0.00000   0.27020   0.11897   0.20314   0.00000   0.00964   3.51860   0.08313   0.01333   0.04078  
 20 347.0637   6163.553134  x:  3.41383   1.27647   1.04877   1.01332   0.19153   0.61324   0.58089   0.33126   0.42680   0.18980   0.16498   0.24947   1.08619   0.00000   0.27020   0.11897   0.20314   0.00000   0.00964   3.51860   0.08313   0.01333   0.04078  
 21 726.1103   6160.651931  x:  3.41344   1.27758   1.05013   1.01443   0.19519   0.61430   0.58295   0.33205   0.42784   0.19151   0.16700   0.24923   1.08713   0.00060   0.27045   0.11865   0.20267   0.00000   0.00785   3.51676   0.09523   0.01150   0.03971  
 22 447.0891   6154.959649  x:  3.41037   1.28432   1.05842   1.02108   0.21826   0.62068   0.59589   0.33648   0.43403   0.20218   0.17974   0.24713   1.09271   0.00451   0.27213   0.11668   0.19964   0.00000   0.00378   3.50497   0.09334   0.00147   0.03360  
 23 239.7130   6135.119975  x:  3.39565   1.31669   1.09819   1.05293   0.32788   0.65099   0.65771   0.35760   0.46348   0.25278   0.23971   0.23692   1.11944   0.02312   0.28015   0.10778   0.18555   0.00000   0.00998   3.44840   0.08820   0.00620   0.00904  
 24 1953.9795   6098.243385  x:  3.34304   1.43256   1.24050   1.16650   0.71302   0.75700   0.87663   0.43192   0.56657   0.42912   0.44601   0.19895   1.21489   0.08862   0.30867   0.07962   0.13722   0.00000   0.01061   3.24584   0.06983   0.02028   0.06340  
 25 3703.7719   6094.781038  x:  3.33832   1.44364   1.25393   1.17605   0.73045   0.75986   0.88969   0.43489   0.56873   0.43227   0.44285   0.18978   1.22342   0.08070   0.30039   0.09189   0.14863   0.00000   0.00274   3.22662   0.06832   0.02441   0.06309  
 26 198.3846   6077.870973  x:  3.29395   1.54829   1.38080   1.26570   0.88616   0.78347   1.00937   0.46106   0.58561   0.45575   0.40276   0.10120   1.30372   0.00000   0.21774   0.20871   0.25873   0.00000   0.01652   3.04505   0.06196   0.01843   0.07099  
 27 1904.1816   6077.870973  x:  3.29395   1.54829   1.38080   1.26570   0.88616   0.78347   1.00937   0.46106   0.58561   0.45575   0.40276   0.10120   1.30372   0.00000   0.21774   0.20871   0.25873   0.00000   0.01652   3.04505   0.06196   0.01843   0.07099  
 28 149.0493   6075.934561  x:  3.29382   1.54870   1.38128   1.26603   0.88625   0.78337   1.00958   0.46107   0.58553   0.45555   0.40243   0.10163   1.30405   0.00039   0.21806   0.20748   0.25798   0.00000   0.01416   3.04431   0.06899   0.01653   0.06890  
 29 497.5409   6072.749630  x:  3.29307   1.55048   1.38341   1.26745   0.88648   0.78272   1.01041   0.46086   0.58497   0.45440   0.40068   0.10362   1.30546   0.00223   0.21965   0.20158   0.25438   0.00000   0.00391   3.04089   0.06843   0.00763   0.05888  
 30 314.7119   6071.198410  x:  3.29243   1.55200   1.38522   1.26866   0.88668   0.78217   1.01111   0.46069   0.58450   0.45342   0.39919   0.10528   1.30666   0.00381   0.22104   0.19673   0.25145   0.00000   0.00546   3.03798   0.06833   0.00196   0.05090  
 31 455.0977   6067.553219  x:  3.29016   1.55742   1.39170   1.27297   0.88738   0.78019   1.01362   0.46009   0.58280   0.44993   0.39389   0.11111   1.31094   0.00950   0.22612   0.17979   0.24120   0.00000   0.00666   3.02755   0.06809   0.00485   0.02437  
 32 573.4899   6056.154698  x:  3.27417   1.59524   1.43693   1.30306   0.89238   0.76633   1.03113   0.45594   0.57094   0.42547   0.35665   0.14806   1.34077   0.05287   0.26683   0.07894   0.17332   0.00000   0.00804   2.95377   0.06695   0.00661   0.03456  
 33 197.0265   6027.535310  x:  3.17048   1.83032   1.71918   1.49096   0.92478   0.67640   1.13983   0.43118   0.49834   0.27251   0.12890   0.26434   1.52517   0.06372   0.30795   0.16973   0.11480   0.00000   0.00796   2.47453   0.06172   0.00624   0.02907  
 34 112.4385   6001.845751  x:  3.06764   2.04425   1.97739   1.66471   0.95661   0.59056   1.23859   0.41296   0.47665   0.19161   0.19529   0.36325   1.69537   0.00000   0.27933   0.13909   0.17831   0.00000   0.00779   2.00746   0.05536   0.00632   0.03468  
 35 247.9544   5984.449389  x:  2.95484   2.24673   2.22457   1.83547   0.99573   0.50685   1.33008   0.41122   0.57708   0.27543   0.19683   0.20496   1.86412   0.00000   0.25747   0.09184   0.17498   0.00000   0.00784   1.53854   0.04847   0.00667   0.03803  
 36 192.9348   5983.115485  x:  2.93661   2.26765   2.25170   1.85604   1.00489   0.49810   1.33790   0.41767   0.59744   0.29628   0.22793   0.20068   1.88561   0.00000   0.29315   0.11756   0.14848   0.00000   0.00780   1.51142   0.04748   0.00651   0.03515  
 37 50.6273   5982.191952  x:  2.89071   2.29674   2.29465   1.89377   1.03437   0.48610   1.34360   0.44526   0.62281   0.31754   0.22727   0.19339   1.92848   0.00000   0.31684   0.12034   0.18311   0.00000   0.00743   1.56252   0.04648   0.00601   0.03299  
 38 17.4618   5980.441282  x:  2.78218   2.36147   2.39150   1.97910   1.10252   0.45822   1.35548   0.50229   0.65828   0.33874   0.24314   0.18544   2.02625   0.00000   0.26527   0.13149   0.16506   0.00000   0.00761   1.67945   0.04444   0.00623   0.03340  
 39 46.5395   5979.478659  x:  2.67690   2.40970   2.46728   2.04469   1.15618   0.43114   1.36212   0.51792   0.63862   0.30266   0.25523   0.15820   2.10527   0.00000   0.29248   0.11630   0.15686   0.00000   0.00774   1.73011   0.04378   0.00649   0.03536  
 40 19.3923   5979.046891  x:  2.60748   2.42945   2.50265   2.07517   1.18316   0.41512   1.36197   0.51328   0.65107   0.31829   0.24277   0.18850   2.14603   0.00000   0.30224   0.10520   0.15514   0.00000   0.00790   1.74039   0.04332   0.00678   0.03793  
 41 18.4090   5978.073061  x:  2.30387   2.38916   2.50595   2.07835   1.22932   0.38794   1.31841   0.39215   0.61544   0.34377   0.24646   0.18426   2.21244   0.00000   0.29613   0.10965   0.15807   0.00000   0.00780   1.74230   0.04563   0.00664   0.03641  
 42  5.5764   5977.223833  x:  1.99255   2.33310   2.49018   2.05353   1.24720   0.38722   1.30637   0.48119   0.59547   0.33545   0.24422   0.19017   2.25451   0.00000   0.29259   0.11091   0.16037   0.00000   0.00769   1.69078   0.04676   0.00653   0.03510  
 43 10.3356   5976.818513  x:  1.92737   2.36326   2.53122   2.03813   1.17627   0.33535   1.34120   0.47616   0.67058   0.27307   0.24768   0.18856   2.26383   0.00000   0.29152   0.11075   0.16138   0.00000   0.00763   1.68961   0.04728   0.00649   0.03431  
 44  2.4031   5975.197183  x:  1.96945   2.62365   2.81390   2.05105   1.13563   0.46064   1.55094   0.44603   0.62051   0.29393   0.26553   0.19318   2.31350   0.00000   0.28377   0.10910   0.17251   0.00000   0.00724   1.64453   0.04290   0.00628   0.03060  
 45  2.3657   5974.152285  x:  2.13052   2.72907   2.92807   2.18697   1.21566   0.37798   1.40891   0.48329   0.60763   0.27893   0.27418   0.19869   2.40418   0.00000   0.27588   0.10992   0.18051   0.00000   0.00701   1.56922   0.04076   0.00612   0.02777  
 46  4.0983   5973.895752  x:  2.19572   2.69612   2.90481   2.31078   1.28203   0.38050   1.50455   0.47458   0.64505   0.24861   0.27612   0.20058   2.46012   0.00000   0.27376   0.11043   0.18203   0.00000   0.00710   1.55822   0.03950   0.00624   0.02787  
 47  1.5767   5973.674988  x:  2.24716   2.70157   2.91860   2.40256   1.26415   0.32801   1.57444   0.48846   0.60904   0.27876   0.27789   0.20187   2.49949   0.00000   0.27257   0.11027   0.18245   0.00000   0.00728   1.56906   0.03937   0.00643   0.02855  
 48  2.3800   5972.666831  x:  2.45288   2.93457   3.18462   2.68422   1.25019   0.47183   1.59789   0.53008   0.65814   0.26484   0.28806   0.20621   2.63146   0.00000   0.26761   0.10807   0.18260   0.00000   0.00835   1.62554   0.03814   0.00765   0.03332  
 49  2.0297   5972.285638  x:  2.55336   3.06130   3.32245   2.58771   1.44660   0.38410   1.68510   0.55406   0.68130   0.25899   0.28963   0.20792   2.70180   0.00000   0.26680   0.10829   0.18189   0.00000   0.00857   1.63949   0.03727   0.00799   0.03418  
 50  1.9990   5971.930962  x:  2.68155   3.16708   3.46208   2.57200   1.47045   0.41540   1.75224   0.57935   0.69377   0.26954   0.28854   0.20901   3.07341   0.00000   0.26989   0.10932   0.17988   0.00000   0.00833   1.64694   0.03479   0.00806   0.03337  
 51  1.1409   5971.519313  x:  2.73552   3.35921   3.70646   2.87001   1.55992   0.41943   1.85234   0.61202   0.71188   0.28150   0.28223   0.20940   3.10722   0.00000   0.27762   0.11133   0.17513   0.00000   0.00751   1.65131   0.03230   0.00779   0.02970  
 52  0.8607   5971.315437  x:  2.71715   3.41074   3.76618   2.95751   1.58159   0.41986   1.89197   0.62390   0.71595   0.27510   0.27472   0.20876   3.19349   0.00000   0.28042   0.11303   0.17317   0.00000   0.00708   1.63477   0.03252   0.00754   0.02797  
 53  0.2040   5971.194856  x:  2.79979   3.54014   3.95196   3.09617   1.64567   0.42849   1.97801   0.65475   0.72732   0.26876   0.26955   0.20895   3.33210   0.00000   0.27564   0.11385   0.17476   0.00000   0.00763   1.62910   0.03103   0.00790   0.03141  
 54  0.3046   5971.141493  x:  2.93239   3.68411   4.07795   3.20123   1.70217   0.44860   2.06931   0.68603   0.74125   0.26699   0.27229   0.20995   3.46555   0.00000   0.27511   0.11181   0.17590   0.00000   0.00751   1.65245   0.02980   0.00763   0.03043  
 55  0.2223   5971.129678  x:  2.96353   3.66707   4.13381   3.21933   1.71131   0.45411   2.08681   0.69253   0.74378   0.26856   0.27334   0.21036   3.47289   0.00000   0.27550   0.11182   0.17628   0.00000   0.00755   1.65332   0.02977   0.00750   0.03030  
 56  0.0838   5971.125447  x:  2.97785   3.71222   4.12450   3.23856   1.72062   0.45660   2.10048   0.69754   0.74585   0.26993   0.27377   0.21061   3.48462   0.00000   0.27569   0.11216   0.17632   0.00000   0.00759   1.65113   0.02966   0.00742   0.03040  
 57  0.0902   5971.124110  x:  2.99629   3.72486   4.15167   3.25630   1.72993   0.45916   2.11375   0.70254   0.74818   0.27060   0.27404   0.21064   3.50163   0.00000   0.27576   0.11237   0.17610   0.00000   0.00759   1.64895   0.02944   0.00738   0.03047  
 58  0.0561   5971.124049  x:  2.99816   3.72509   4.15311   3.25755   1.73093   0.45942   2.11496   0.70319   0.74835   0.27055   0.27437   0.21040   3.50324   0.00000   0.27571   0.11227   0.17594   0.00000   0.00759   1.64908   0.02943   0.00735   0.03050  
 59  0.0027   5971.124042  x:  2.99720   3.72423   4.15179   3.25704   1.73078   0.45921   2.11441   0.70315   0.74832   0.27054   0.27444   0.21031   3.50291   0.00000   0.27574   0.11230   0.17597   0.00000   0.00760   1.64909   0.02943   0.00734   0.03050  
 60  0.0012   5971.124042  x:  2.99691   3.72400   4.15164   3.25699   1.73075   0.45916   2.11427   0.70317   0.74830   0.27055   0.27442   0.21032   3.50272   0.00000   0.27573   0.11229   0.17598   0.00000   0.00759   1.64907   0.02944   0.00734   0.03050  
 61  0.0003   5971.124042  x:  2.99697   3.72408   4.15171   3.25699   1.73075   0.45918   2.11430   0.70319   0.74831   0.27054   0.27441   0.21034   3.50275   0.00000   0.27573   0.11229   0.17598   0.00000   0.00760   1.64908   0.02944   0.00734   0.03050  
 62  0.0001   5971.124042  x:  2.99697   3.72408   4.15171   3.25698   1.73075   0.45918   2.11430   0.70319   0.74831   0.27054   0.27441   0.21033   3.50275   0.00000   0.27573   0.11229   0.17598   0.00000   0.00760   1.64908   0.02944   0.00734   0.03050  
 63  0.0000   5971.124042  x:  2.99697   3.72408   4.15171   3.25698   1.73075   0.45918   2.11430   0.70319   0.74831   0.27054   0.27441   0.21033   3.50275   0.00000   0.27573   0.11229   0.17598   0.00000   0.00760   1.64908   0.02944   0.00734   0.03050  
 64  0.0000   5971.124042  x:  2.99697   3.72408   4.15171   3.25698   1.73075   0.45918   2.11430   0.70319   0.74831   0.27054   0.27441   0.21033   3.50274   0.00000   0.27573   0.11229   0.17598   0.00000   0.00760   1.64908   0.02944   0.00734   0.03050  
 65  0.0000   5971.124042  x:  2.99697   3.72408   4.15171   3.25698   1.73075   0.45918   2.11430   0.70319   0.74830   0.27054   0.27441   0.21033   3.50274   0.00000   0.27573   0.11229   0.17598   0.00000   0.00760   1.64908   0.02944   0.00734   0.03050  
 66  0.0000   5971.124042  x:  2.99697   3.72408   4.15171   3.25698   1.73075   0.45918   2.11430   0.70319   0.74830   0.27054   0.27441   0.21033   3.50274   0.00000   0.27573   0.11229   0.17598   0.00000   0.00760   1.64908   0.02944   0.00734   0.03050  