

TREE # 1

  0  0.0000   3453.734768  x:  0.45027   1.20403   1.11158   0.27859   0.99006   0.13015   0.89189   0.21137   0.54896   0.37702   0.08738   0.25091   0.80123   0.16995   0.00637   0.25470   0.01276   0.00000   0.04156   2.00000   0.20000   0.20000  
  1 99.0000   3449.119960  x:  0.45090   1.20428   1.11187   0.27974   0.99024   0.13092   0.89187   0.21172   0.54908   0.37722   0.08767   0.25105   0.80184   0.17037   0.00716   0.25450   0.01983   0.03783   0.04062   1.99966   0.20192   0.19973  
  2 3698.2223   3418.469190  x:  0.47196   1.21250   1.12177   0.31831   0.99632   0.15649   0.89108   0.22338   0.55298   0.38384   0.09747   0.25564   0.82238   0.17970   0.02878   0.24496   0.17681   0.02793   0.00360   1.98817   0.26155   0.19201  
  3 539.8617   3399.581391  x:  0.59291   1.25764   1.17778   0.53812   1.02564   0.29170   0.87498   0.28215   0.56954   0.41411   0.14394   0.27268   0.94503   0.13449   0.02886   0.12852   0.28737   0.02080   0.19527   1.92944   0.19125   0.15784  
  4 207.8853   3375.649008  x:  0.72128   1.31245   1.24505   0.74480   1.05626   0.41083   0.85646   0.33949   0.59174   0.44536   0.16363   0.27600   1.07563   0.09024   0.05211   0.03819   0.22299   0.02511   0.14420   1.85618   0.23827   0.12943  
  5 222.7918   3335.063253  x:  0.91930   1.39735   1.34995   1.06074   1.09922   0.58806   0.82099   0.42206   0.62261   0.48891   0.18413   0.27465   1.27739   0.05384   0.11745   0.05290   0.15998   0.02981   0.00000   1.74518   0.14500   0.08165  
  6 599.0037   3325.994194  x:  1.00297   1.43731   1.39906   1.17970   1.11631   0.64926   0.80425   0.45322   0.63768   0.50609   0.17518   0.26527   1.36253   0.05786   0.17511   0.13180   0.12271   0.03163   0.00089   1.69227   0.16605   0.06359  
  7 359.7286   3322.410147  x:  1.04911   1.48046   1.45336   1.18500   1.11418   0.61742   0.78032   0.44644   0.65130   0.50159   0.09362   0.22463   1.40959   0.01118   0.16847   0.13950   0.13162   0.03127   0.00121   1.64398   0.15993   0.05836  
  8 47.8482   3319.961462  x:  1.07883   1.51557   1.49875   1.16964   1.10920   0.57528   0.76042   0.43509   0.66130   0.49474   0.09778   0.23956   1.44124   0.00000   0.17923   0.13609   0.13471   0.03112   0.00173   1.60668   0.15354   0.06330  
  9 48.2893   3319.318467  x:  1.09346   1.53593   1.52780   1.16545   1.10855   0.55691   0.75186   0.43316   0.66462   0.48890   0.11605   0.23968   1.46122   0.00000   0.14745   0.14991   0.13726   0.03107   0.00114   1.58978   0.15693   0.07371  
 10 35.9886   3318.465799  x:  1.10298   1.57306   1.59349   1.15697   1.12055   0.53942   0.75279   0.45179   0.66088   0.46955   0.15071   0.17478   1.50174   0.00000   0.14871   0.14641   0.13869   0.03101   0.00129   1.58448   0.15151   0.13937  
 11 14.4509   3318.072904  x:  1.10294   1.58426   1.61574   1.15683   1.12716   0.53972   0.75470   0.45980   0.66055   0.46496   0.14517   0.18070   1.51547   0.03011   0.14865   0.14768   0.13907   0.03101   0.00122   1.58710   0.15022   0.16817  
 12 21.0000   3315.819469  x:  1.10796   1.69998   1.83484   1.15058   1.19576   0.54096   0.77382   0.54091   0.66215   0.42561   0.08796   0.21272   1.65477   0.01845   0.12485   0.14635   0.14134   0.03097   0.00098   1.61046   0.13465   0.44446  
 13 34.4701   3315.054310  x:  1.10739   1.73647   1.89970   1.15142   1.21318   0.53816   0.77150   0.54396   0.67577   0.44159   0.09365   0.21537   1.69836   0.00000   0.14045   0.15730   0.14397   0.03095   0.00060   1.61757   0.13115   0.53856  
 14 21.1831   3314.535288  x:  1.10689   1.75549   1.91934   1.16853   1.22168   0.54341   0.74923   0.48116   0.70621   0.52167   0.08728   0.20968   1.73317   0.00500   0.13027   0.15417   0.14532   0.03085   0.00074   1.62554   0.12748   0.61783  
 15  6.3457   3313.511909  x:  1.12424   1.78801   1.91649   1.22468   1.21820   0.55489   0.71551   0.37350   0.65723   0.47804   0.08908   0.21397   1.79279   0.00000   0.13153   0.15527   0.14911   0.03064   0.00088   1.63086   0.12862   0.73623  
 16  4.5984   3313.511909  x:  1.12424   1.78801   1.91649   1.22468   1.21820   0.55489   0.71551   0.37350   0.65723   0.47804   0.08908   0.21397   1.79279   0.00000   0.13153   0.15527   0.14911   0.03064   0.00088   1.63086   0.12862   0.73623  
 17  6.2688   3312.254147  x:  1.12435   1.78806   1.91654   1.22483   1.21822   0.55498   0.71553   0.37362   0.65729   0.47809   0.08957   0.21431   1.79288   0.00046   0.13179   0.15506   0.14940   0.02955   0.00940   1.63075   0.12962   0.73623  
 18 755.9114   3309.834381  x:  1.12617   1.78888   1.91753   1.22759   1.21848   0.55646   0.71593   0.37583   0.65836   0.47905   0.09837   0.22028   1.79442   0.00792   0.13633   0.15122   0.15428   0.00879   0.00920   1.62888   0.14491   0.73623  
 19 151.7144   3309.439145  x:  1.12691   1.78915   1.91787   1.22873   1.21847   0.55699   0.71596   0.37668   0.65871   0.47935   0.10183   0.22267   1.79502   0.00899   0.13763   0.14944   0.15620   0.00406   0.00927   1.62834   0.14182   0.73622  
 20 120.5067   3307.348795  x:  1.13758   1.79341   1.92301   1.24523   1.21883   0.56496   0.71694   0.38918   0.66419   0.48394   0.14961   0.25566   1.80385   0.02657   0.15619   0.12520   0.18308   0.00834   0.00920   1.61961   0.13177   0.73618  
 21 119.4069   3306.353739  x:  1.14942   1.79855   1.92879   1.26307   1.21956   0.57374   0.71798   0.40211   0.67022   0.48824   0.17046   0.27069   1.81362   0.00000   0.15261   0.11118   0.19552   0.00788   0.00921   1.61003   0.13437   0.73585  
 22 56.7298   3306.353739  x:  1.14942   1.79855   1.92879   1.26307   1.21956   0.57374   0.71798   0.40211   0.67022   0.48824   0.17046   0.27069   1.81362   0.00000   0.15261   0.11118   0.19552   0.00788   0.00921   1.61003   0.13437   0.73585  
 23 31.8375   3306.243334  x:  1.15022   1.79887   1.92920   1.26431   1.21958   0.57431   0.71799   0.40286   0.67055   0.48843   0.16976   0.27021   1.81429   0.00127   0.15336   0.11191   0.19513   0.00639   0.00670   1.60948   0.13197   0.73585  
 24 43.9797   3306.054114  x:  1.15434   1.80058   1.93134   1.27063   1.21975   0.57730   0.71815   0.40676   0.67232   0.48949   0.16641   0.26795   1.81773   0.00655   0.15664   0.11538   0.19330   0.00868   0.00790   1.60650   0.12770   0.73585  
 25 43.2187   3305.556020  x:  1.16815   1.80645   1.93858   1.29171   1.22053   0.58740   0.71889   0.41983   0.67842   0.49319   0.15599   0.26097   1.82926   0.01841   0.16510   0.12568   0.18766   0.00593   0.00861   1.59614   0.13130   0.73585  
 26 116.4584   3305.158585  x:  1.18076   1.81189   1.94516   1.31083   1.22120   0.59648   0.71947   0.43145   0.68389   0.49642   0.14818   0.25584   1.83977   0.01618   0.16697   0.13128   0.18339   0.00996   0.00464   1.58690   0.13225   0.73578  
 27 110.7611   3303.456803  x:  1.22457   1.83082   1.96800   1.37727   1.22337   0.62785   0.72129   0.47148   0.70268   0.50741   0.12286   0.23934   1.87629   0.00000   0.16952   0.14732   0.16947   0.00832   0.00657   1.55519   0.12583   0.73552  
 28 452.3502   3297.693817  x:  1.47716   1.94029   2.10419   1.76049   1.23167   0.80122   0.72653   0.67723   0.79770   0.56166   0.16353   0.27460   2.08774   0.00000   0.21634   0.08961   0.19012   0.00742   0.00710   1.38902   0.09987   0.73519  
 29 93.1408   3296.677613  x:  1.52831   1.96417   2.13574   1.83719   1.23034   0.82961   0.72309   0.69807   0.80544   0.56117   0.19105   0.29090   2.13108   0.00000   0.19045   0.12382   0.21823   0.00731   0.00702   1.37982   0.09558   0.73524  
 30 52.7826   3295.854645  x:  1.56382   1.98327   2.16358   1.88931   1.22496   0.83952   0.71462   0.68300   0.79489   0.54471   0.20414   0.29067   2.16195   0.00000   0.14657   0.11029   0.21499   0.00776   0.00621   1.41027   0.09641   0.73528  
 31 28.7479   3295.409441  x:  1.59121   1.99806   2.18510   1.92955   1.22083   0.84722   0.70831   0.67166   0.78719   0.53253   0.21216   0.28932   2.18578   0.02117   0.12500   0.10362   0.21198   0.00798   0.00581   1.43311   0.09672   0.73529  
 32 141.7194   3293.246171  x:  1.76966   2.09909   2.32619   2.18921   1.19526   0.89573   0.67374   0.59911   0.74720   0.46543   0.23319   0.26556   2.34158   0.01032   0.16447   0.11574   0.18397   0.00750   0.00657   1.57167   0.09372   0.73426  
 33 43.1990   3292.936077  x:  1.79485   2.11610   2.35194   2.22671   1.18901   0.89668   0.67511   0.58061   0.74712   0.46960   0.21223   0.25737   2.36470   0.00903   0.16993   0.10736   0.21526   0.00748   0.00661   1.59767   0.09348   0.73403  
 34 20.6239   3292.522366  x:  1.82506   2.14795   2.40898   2.27705   1.17186   0.87490   0.71031   0.53673   0.77541   0.53878   0.18170   0.30363   2.39779   0.00914   0.17027   0.10888   0.20982   0.00747   0.00663   1.64233   0.09247   0.73351  
 35  9.0825   3292.278258  x:  1.83186   2.17739   2.47207   2.30047   1.16630   0.84258   0.77827   0.53150   0.79094   0.57420   0.21046   0.26481   2.41720   0.00938   0.16983   0.10975   0.20843   0.00744   0.00671   1.65695   0.09112   0.73256  
 36  4.3520   3291.762040  x:  1.82003   2.25673   2.66003   2.33689   1.20881   0.78306   0.89168   0.56407   0.78926   0.50785   0.18311   0.29783   2.45939   0.00920   0.17004   0.11054   0.21002   0.00754   0.00690   1.63892   0.08888   0.72786  
 37  3.6065   3290.379410  x:  1.75762   2.43561   3.15447   2.43185   1.43574   0.76592   0.76475   0.57045   0.88307   0.54230   0.19605   0.26859   2.57724   0.00838   0.16822   0.11746   0.20658   0.00790   0.00759   1.57857   0.08512   0.71130  
 38  4.7292   3289.808195  x:  1.76272   2.44297   3.23596   2.50241   1.49629   0.87542   0.78507   0.67013   0.81346   0.61181   0.18866   0.27515   2.63821   0.00626   0.17216   0.12112   0.20822   0.00791   0.00809   1.66490   0.08581   0.70703  
 39  3.2375   3288.995470  x:  1.89550   2.39773   3.13792   2.67101   1.39220   1.01495   0.87588   0.58326   0.85526   0.58449   0.18345   0.26798   2.78415   0.00481   0.17074   0.12690   0.20510   0.00804   0.00848   1.59707   0.08680   0.71510  
 40  2.1892   3288.653758  x:  2.03465   2.46083   3.09079   2.73180   1.33775   0.97182   0.85082   0.67790   0.95046   0.56008   0.18335   0.26945   2.84537   0.00526   0.17069   0.12766   0.20547   0.00792   0.00846   1.64646   0.08693   0.74276  
 41  1.8033   3287.733442  x:  2.45939   2.77609   3.05197   2.89504   1.41080   0.95795   0.85506   0.74552   0.87256   0.63694   0.17344   0.27038   3.00981   0.00959   0.16208   0.12662   0.20102   0.00733   0.00786   1.56710   0.07677   0.85940  
 42  2.7263   3287.522725  x:  2.52816   2.84443   3.06215   2.94785   1.48647   1.03343   0.89909   0.74170   0.93667   0.62479   0.17490   0.26953   3.04236   0.01122   0.15963   0.12584   0.20056   0.00713   0.00771   1.58816   0.07280   0.89289  
 43  3.0792   3287.248392  x:  2.36922   2.85583   3.25242   3.32158   1.38943   1.11335   0.89686   0.78569   0.96689   0.62894   0.17270   0.26828   3.07818   0.01317   0.15430   0.12786   0.19924   0.00682   0.00783   1.58335   0.07050   0.96176  
 44  0.7082   3287.103289  x:  2.46634   2.79601   3.32103   3.50275   1.53924   1.06437   0.92958   0.79430   0.99233   0.63763   0.17571   0.26887   3.13703   0.01644   0.14974   0.12872   0.20008   0.00702   0.00809   1.60398   0.06996   0.99102  
 45  0.4179   3286.984277  x:  2.63803   2.91616   3.49536   3.49301   1.50116   1.19284   0.95439   0.80885   1.02160   0.64587   0.18252   0.27006   3.22829   0.02069   0.14464   0.12826   0.20206   0.00737   0.00825   1.61818   0.06807   1.03388  
 46  0.5051   3286.947669  x:  2.65523   3.02285   3.53598   3.56658   1.55080   1.19108   0.97250   0.82628   1.03268   0.65851   0.18439   0.27114   3.39507   0.02120   0.14539   0.12771   0.20408   0.00729   0.00814   1.62008   0.06582   1.09039  
 47  0.2608   3286.934496  x:  2.67299   3.08425   3.56065   3.63887   1.56995   1.19005   0.98337   0.82928   1.03979   0.66185   0.18475   0.27128   3.37254   0.01984   0.14775   0.12754   0.20504   0.00714   0.00799   1.61886   0.06548   1.13990  
 48  0.1327   3286.930043  x:  2.69909   3.05704   3.60987   3.65315   1.57262   1.19153   0.98766   0.83380   1.04462   0.66357   0.18439   0.27129   3.38855   0.01876   0.14891   0.12770   0.20505   0.00708   0.00793   1.61569   0.06513   1.18918  
 49  0.1100   3286.926188  x:  2.70052   3.07403   3.62436   3.65268   1.57669   1.19472   0.99518   0.83718   1.05518   0.66473   0.18628   0.27226   3.41300   0.01912   0.14775   0.12747   0.20420   0.00737   0.00785   1.61741   0.06494   1.34529  
 50  0.0504   3286.918674  x:  2.71301   3.08145   3.62653   3.65074   1.58573   1.19084   1.00047   0.83909   1.05850   0.66895   0.18512   0.27114   3.38476   0.01840   0.14833   0.12756   0.20526   0.00704   0.00782   1.61681   0.06462   1.77769  
 51  0.1008   3286.911945  x:  2.67351   3.05791   3.59418   3.61950   1.57322   1.18337   0.99248   0.83516   1.04902   0.66811   0.18390   0.27116   3.39177   0.01698   0.14997   0.12770   0.20538   0.00703   0.00793   1.61706   0.06543   2.22861  
 52  0.2399   3286.904875  x:  2.68881   3.05958   3.59630   3.63829   1.56950   1.19213   0.98737   0.83444   1.04335   0.66661   0.18560   0.27269   3.38767   0.01732   0.14902   0.12820   0.20422   0.00745   0.00807   1.61487   0.06516   3.01986  
 53  0.2942   3286.899554  x:  2.70140   3.06915   3.61317   3.65443   1.57460   1.19728   0.98993   0.83468   1.04850   0.66410   0.18525   0.27147   3.39890   0.01636   0.15015   0.12758   0.20502   0.00699   0.00788   1.61815   0.06501   4.12005  
 54  0.4543   3286.896294  x:  2.69475   3.06170   3.59838   3.64108   1.57261   1.19147   0.98722   0.83221   1.04678   0.66115   0.18502   0.27114   3.39134   0.01720   0.14954   0.12748   0.20518   0.00723   0.00787   1.61741   0.06525   5.63502  
 55  0.4961   3286.893785  x:  2.69444   3.06152   3.60529   3.64444   1.57451   1.18868   0.98921   0.83314   1.04724   0.66246   0.18534   0.27166   3.38962   0.01593   0.15061   0.12779   0.20474   0.00731   0.00789   1.61651   0.06515   7.45636  
 56  1.0894   3286.891803  x:  2.69416   3.06889   3.61164   3.64427   1.57452   1.19195   0.99178   0.83509   1.04864   0.66508   0.18541   0.27194   3.39823   0.01629   0.14997   0.12786   0.20466   0.00697   0.00790   1.61743   0.06503  10.31566  
 57  1.1148   3286.890197  x:  2.69453   3.06605   3.60949   3.64708   1.57451   1.19250   0.99128   0.83484   1.04791   0.66577   0.18478   0.27140   3.39231   0.01607   0.15051   0.12775   0.20523   0.00729   0.00796   1.61718   0.06509  14.61030  
 58  1.5415   3286.889019  x:  2.69700   3.06648   3.60711   3.64792   1.57543   1.19374   0.99031   0.83495   1.04853   0.66496   0.18556   0.27196   3.39868   0.01606   0.15010   0.12790   0.20441   0.00707   0.00791   1.61696   0.06504  21.59729  
 59  2.0245   3286.888242  x:  2.69714   3.06622   3.60745   3.64708   1.57449   1.19318   0.98987   0.83473   1.04832   0.66452   0.18488   0.27131   3.39288   0.01596   0.15063   0.12768   0.20530   0.00722   0.00791   1.61734   0.06508  30.99973  
 60  3.0477   3286.887681  x:  2.69455   3.06574   3.60835   3.64581   1.57442   1.19173   0.99029   0.83468   1.04799   0.66444   0.18555   0.27197   3.39601   0.01595   0.15025   0.12788   0.20452   0.00713   0.00791   1.61697   0.06508  45.88832  
 61  4.4186   3286.887312  x:  2.69546   3.06642   3.60938   3.64657   1.57480   1.19211   0.99087   0.83437   1.04802   0.66455   0.18492   0.27139   3.39370   0.01593   0.15059   0.12770   0.20518   0.00718   0.00792   1.61743   0.06508  66.70621  
 62  6.5627   3286.887051  x:  2.69554   3.06618   3.60859   3.64687   1.57481   1.19236   0.99075   0.83448   1.04812   0.66463   0.18543   0.27187   3.39611   0.01591   0.15032   0.12788   0.20460   0.00715   0.00792   1.61698   0.06507  99.05516  
 63  9.5943   3286.886875  x:  2.69645   3.06664   3.60835   3.64704   1.57480   1.19291   0.99049   0.83471   1.04833   0.66477   0.18501   0.27146   3.39476   0.01592   0.15054   0.12775   0.20509   0.00717   0.00791   1.61735   0.06507  145.36901  
 64 14.4031   3286.886761  x:  2.69572   3.06618   3.60831   3.64698   1.57473   1.19254   0.99035   0.83486   1.04826   0.66478   0.18537   0.27181   3.39555   0.01587   0.15040   0.12785   0.20470   0.00716   0.00791   1.61703   0.06507  212.96062  
 65 20.6623   3286.886679  x:  2.69590   3.06645   3.60858   3.64676   1.57481   1.19263   0.99048   0.83472   1.04820   0.66469   0.18508   0.27153   3.39483   0.01593   0.15050   0.12775   0.20502   0.00717   0.00791   1.61730   0.06507  312.64909  
 66 30.0879   3286.886626  x:  2.69555   3.06619   3.60876   3.64685   1.57479   1.19235   0.99062   0.83461   1.04813   0.66463   0.18528   0.27173   3.39522   0.01584   0.15048   0.12782   0.20479   0.00716   0.00791   1.61711   0.06507  448.55604  
 67 45.5744   3286.886590  x:  2.69594   3.06647   3.60854   3.64677   1.57477   1.19252   0.99060   0.83458   1.04818   0.66461   0.18517   0.27161   3.39515   0.01595   0.15042   0.12779   0.20492   0.00716   0.00791   1.61723   0.06507  645.74801  
 68 62.4701   3286.886566  x:  2.69580   3.06633   3.60869   3.64692   1.57477   1.19247   0.99059   0.83463   1.04821   0.66469   0.18519   0.27164   3.39512   0.01584   0.15052   0.12780   0.20488   0.00716   0.00791   1.61720   0.06507  889.92654  
 69 92.2626   3286.886558  x:  2.69582   3.06634   3.60863   3.64692   1.57477   1.19249   0.99056   0.83465   1.04822   0.66469   0.18520   0.27165   3.39516   0.01586   0.15049   0.12780   0.20487   0.00716   0.00791   1.61719   0.06507  999.00000  
 70 142.7519   3286.886556  x:  2.69585   3.06637   3.60858   3.64689   1.57478   1.19253   0.99054   0.83466   1.04821   0.66469   0.18520   0.27165   3.39517   0.01589   0.15047   0.12780   0.20488   0.00716   0.00791   1.61719   0.06507  999.00000  
 71  0.0001   3286.886556  x:  2.69573   3.06625   3.60844   3.64674   1.57472   1.19249   0.99050   0.83464   1.04817   0.66467   0.18520   0.27165   3.39504   0.01589   0.15047   0.12780   0.20488   0.00716   0.00791   1.61719   0.06507  999.00000  
 72  0.0004   3286.886556  x:  2.69570   3.06622   3.60842   3.64671   1.57471   1.19248   0.99050   0.83463   1.04817   0.66467   0.18520   0.27165   3.39502   0.01589   0.15047   0.12780   0.20487   0.00716   0.00791   1.61719   0.06507  999.00000  