

TREE # 1

  0  0.0000   3541.292498  x:  0.30140   0.37972   0.40001   0.06397   0.47974   0.29124   0.37125   0.04211   0.28353   0.19251   0.65255   0.02091   0.04498   0.04891   0.09414   0.00000   0.09653   2.00000   0.20000   0.20000   0.20000  
  1 99.0000   3531.356798  x:  0.30326   0.38068   0.40145   0.06699   0.47993   0.29148   0.37149   0.04381   0.28387   0.19290   0.65359   0.02161   0.04572   0.04916   0.09380   0.03910   0.09598   1.99960   0.19875   0.19968   0.19948  
  2 3875.0433   3468.362875  x:  0.48677   0.47560   0.54343   0.35937   0.49858   0.31482   0.39516   0.20695   0.31763   0.23107   0.75621   0.08679   0.11865   0.06438   0.02146   0.03945   0.00000   1.96050   0.07679   0.16779   0.15268  
  3 484.3304   3466.066391  x:  0.49321   0.47893   0.54842   0.36961   0.49923   0.31564   0.39599   0.21266   0.31881   0.23241   0.75982   0.08906   0.12118   0.06492   0.01900   0.03942   0.00064   1.95912   0.07281   0.16666   0.15104  
  4 8245.6461   3418.224282  x:  0.57653   0.52304   0.61450   0.49670   0.50869   0.32625   0.40689   0.28192   0.33481   0.24938   0.80809   0.11137   0.14725   0.07226   0.00000   0.03907   0.00125   1.93949   0.11367   0.14982   0.12891  
  5 2173.6411   3392.541142  x:  0.69371   0.58585   0.70914   0.66976   0.52197   0.34010   0.42109   0.37323   0.35715   0.27176   0.87763   0.13632   0.17616   0.09078   0.08236   0.03750   0.00110   1.90995   0.15128   0.11876   0.09736  
  6 2654.8671   3357.350276  x:  0.78451   0.64154   0.80322   0.73060   0.53030   0.33282   0.41260   0.35860   0.36812   0.26290   0.95589   0.01773   0.06786   0.03593   0.09082   0.03743   0.00101   1.86269   0.14464   0.02510   0.01643  
  7 230.8921   3354.170398  x:  0.79311   0.64702   0.81342   0.73088   0.53115   0.33078   0.41051   0.35080   0.36880   0.26016   0.96529   0.01187   0.06221   0.04304   0.09053   0.03740   0.00099   1.85570   0.14388   0.02808   0.00010  
  8 214.0827   3331.833527  x:  0.98429   0.77103   1.05416   0.67516   0.55102   0.27104   0.35193   0.10919   0.38160   0.18094   1.19560   0.06280   0.01945   0.04819   0.09217   0.03726   0.00071   1.67310   0.13254   0.01654   0.00010  
  9 279.5520   3330.203019  x:  1.00324   0.78208   1.07890   0.66204   0.55445   0.26464   0.35305   0.09597   0.38514   0.17996   1.22171   0.05821   0.02277   0.03185   0.09454   0.03728   0.00069   1.65017   0.13113   0.03567   0.00010  
 10 184.0310   3318.976573  x:  1.10139   0.82990   1.22444   0.48558   0.58600   0.21838   0.41186   0.09510   0.41857   0.22145   1.40075   0.00000   0.12293   0.02538   0.09271   0.03754   0.00057   1.47189   0.12025   0.02401   0.00010  
 11 143.0829   3311.251486  x:  1.18420   0.85023   1.34196   0.28983   0.62936   0.18857   0.48306   0.18605   0.43670   0.25783   1.57620   0.05137   0.06370   0.03557   0.08662   0.03773   0.00049   1.28956   0.10900   0.03564   0.00010  
 12 145.3543   3308.488592  x:  1.20540   0.75688   1.30786   0.28851   0.69436   0.24434   0.48396   0.19916   0.36903   0.19685   1.68937   0.04560   0.08169   0.03915   0.08338   0.03785   0.00055   1.20686   0.10696   0.03807   0.00010  
 13 21.8412   3306.162299  x:  1.22735   0.62556   1.24107   0.32033   0.74162   0.26779   0.44980   0.16561   0.40448   0.25779   1.81792   0.05278   0.08101   0.04830   0.07836   0.03800   0.00061   1.14779   0.10410   0.04095   0.00010  
 14 29.5855   3304.488339  x:  1.26306   0.56100   1.20400   0.34249   0.70148   0.15855   0.43205   0.18989   0.41660   0.22187   1.92316   0.05255   0.08981   0.05167   0.07660   0.03804   0.00064   1.18843   0.10421   0.04367   0.00010  
 15 10.8967   3295.777341  x:  1.48408   0.71819   1.22012   0.42502   0.70015   0.28897   0.63191   0.16919   0.37864   0.27882   2.34336   0.07197   0.07279   0.05549   0.07217   0.03775   0.00034   1.52873   0.07926   0.04742   0.00010  
 16  5.7197   3287.208004  x:  1.56630   0.86278   1.28235   0.54917   0.73230   0.34372   0.47487   0.29671   0.49168   0.22375   2.51971   0.05593   0.06902   0.03657   0.07880   0.03695   0.00000   1.40322   0.06063   0.04083   0.00010  
 17 13.9604   3287.208004  x:  1.56630   0.86278   1.28235   0.54917   0.73230   0.34372   0.47487   0.29671   0.49168   0.22375   2.51971   0.05593   0.06902   0.03657   0.07880   0.03695   0.00000   1.40322   0.06063   0.04083   0.00010  
 18 11.9272   3272.097561  x:  1.56646   0.86288   1.28255   0.54938   0.73233   0.34370   0.47487   0.29669   0.49165   0.22371   2.51976   0.05572   0.06892   0.03736   0.07910   0.03828   0.04538   1.40304   0.06393   0.04087   0.00010  
 19 4685.1076   3271.480239  x:  1.56692   0.86319   1.28312   0.55001   0.73242   0.34362   0.47482   0.29661   0.49155   0.22359   2.51991   0.05509   0.06865   0.03906   0.07797   0.03720   0.04523   1.40249   0.06963   0.04109   0.00010  
 20 204.2367   3269.814712  x:  1.57376   0.86728   1.29163   0.55928   0.73298   0.34153   0.47335   0.29457   0.48928   0.22108   2.52174   0.04509   0.06454   0.06351   0.06008   0.02121   0.04597   1.39484   0.06835   0.04424   0.00010  
 21 95.9188   3268.953064  x:  1.58377   0.87324   1.30403   0.57275   0.73385   0.33851   0.47131   0.29175   0.48621   0.21775   2.52442   0.03525   0.06308   0.07104   0.04208   0.03331   0.04575   1.38364   0.06781   0.04510   0.00010  
 22 76.9706   3264.613499  x:  1.66767   0.92263   1.40751   0.68435   0.74156   0.31355   0.45535   0.26992   0.46277   0.19321   2.54693   0.01063   0.10241   0.05085   0.02045   0.02190   0.04663   1.29012   0.06481   0.03829   0.00010  
 23 74.2258   3262.045350  x:  1.70282   0.94319   1.45073   0.73082   0.74490   0.30317   0.44898   0.26127   0.45361   0.18393   2.55639   0.00000   0.11524   0.05419   0.02646   0.02372   0.04648   1.25119   0.06330   0.03736   0.00010  
 24 671.8902   3259.252597  x:  1.79048   0.99254   1.55651   0.84229   0.75468   0.27855   0.43760   0.24698   0.44011   0.17527   2.58046   0.04029   0.13295   0.07129   0.02667   0.03232   0.04614   1.15802   0.05916   0.04653   0.00010  
 25 294.9141   3252.663698  x:  1.95431   1.07886   1.74869   1.03961   0.77913   0.23788   0.43303   0.24552   0.44609   0.20602   2.62715   0.08022   0.03688   0.05820   0.03788   0.02588   0.04633   1.00210   0.05187   0.02107   0.00010  
 26 181.4519   3251.917041  x:  1.98036   1.09171   1.77850   1.06970   0.78427   0.23254   0.43459   0.24825   0.44968   0.21381   2.63496   0.08164   0.02223   0.05190   0.04008   0.02403   0.04641   0.98210   0.05077   0.03723   0.00010  
 27 213.5915   3249.400422  x:  2.10444   1.13472   1.90483   1.18585   0.83347   0.22954   0.48651   0.31840   0.51808   0.30694   2.68022   0.06951   0.05095   0.05641   0.03784   0.02585   0.04639   0.98838   0.04492   0.03989   0.00010  
 28 46.0799   3246.638033  x:  2.30988   1.16921   2.08253   1.31562   0.94305   0.24736   0.54504   0.37347   0.50926   0.23945   2.77175   0.08541   0.02501   0.05323   0.04221   0.02474   0.04633   1.17247   0.04097   0.03794   0.00010  
 29 26.6737   3245.723634  x:  2.43631   1.13210   2.15460   1.29919   0.96855   0.20189   0.47629   0.30431   0.55244   0.26232   2.84617   0.08503   0.02494   0.05278   0.04283   0.02471   0.04629   1.24465   0.04162   0.03886   0.00010  
 30  9.8701   3243.373375  x:  2.89889   0.88403   2.34250   1.04261   1.04456   0.11408   0.47683   0.37428   0.49881   0.25635   3.17210   0.07386   0.03772   0.05314   0.04255   0.02504   0.04622   1.19323   0.04058   0.04017   0.00010  
 31  9.3506   3242.682339  x:  3.03979   0.83615   2.39581   0.97476   1.07466   0.22428   0.49700   0.33519   0.52114   0.24714   3.28566   0.07071   0.04166   0.05339   0.04248   0.02520   0.04620   1.15750   0.03893   0.04052   0.00010  
 32 11.8968   3240.210514  x:  3.33266   1.07037   2.48260   0.96097   0.80565   0.30244   0.58983   0.34946   0.59676   0.18051   3.63265   0.06884   0.04440   0.05317   0.04452   0.02588   0.04593   1.20626   0.03924   0.04208   0.00010  
 33  3.8798   3237.688438  x:  3.52353   1.34834   2.49595   1.07038   0.91604   0.39139   0.47482   0.42044   0.44570   0.28501   3.98812   0.06619   0.05112   0.05396   0.04648   0.02709   0.04560   1.24968   0.03873   0.04451   0.00010  
 34  8.3210   3234.555282  x:  3.66140   1.63426   2.46351   1.28677   1.39427   0.24395   0.52984   0.43453   0.63282   0.14666   4.45964   0.06628   0.05382   0.05530   0.04853   0.02854   0.04522   1.17945   0.03535   0.04548   0.00010  
 35 10.6187   3234.054226  x:  3.67030   1.62989   2.52630   1.34902   1.43481   0.20218   0.63774   0.35130   0.58517   0.19134   4.55279   0.06670   0.05395   0.05584   0.04878   0.02887   0.04514   1.18642   0.03512   0.04586   0.00010  
 36  3.7568   3230.328970  x:  3.74207   1.36511   3.49130   1.95181   1.44456   0.25491   0.59746   0.44652   0.62762   0.19428   5.42811   0.07390   0.04307   0.06119   0.05014   0.03122   0.04455   1.17350   0.02802   0.04526   0.00010  
 37  3.5170   3227.849070  x:  4.51059   1.31419   4.22154   2.16494   1.56574   0.29366   0.59674   0.49785   0.65085   0.19261   4.91905   0.06839   0.04518   0.06405   0.05009   0.03217   0.04399   1.16606   0.02869   0.04474   0.00010  
 38  2.3840   3226.453510  x:  5.11686   1.66533   4.46288   2.14482   1.70823   0.27515   0.61468   0.49778   0.64953   0.20463   4.93210   0.06005   0.05213   0.06500   0.04959   0.03225   0.04373   1.12491   0.02445   0.04469   0.00010  
 39  5.1087   3225.507564  x:  5.83365   1.60644   4.30402   2.64829   1.69523   0.28908   0.62756   0.50581   0.63912   0.20741   5.31256   0.05495   0.05624   0.06112   0.05133   0.03052   0.04342   1.10873   0.02248   0.04425   0.00010  
 40  1.7479   3223.777991  x:  6.46162   2.01357   5.29243   2.94978   1.91909   0.24723   0.64585   0.48374   0.61522   0.19319   6.38777   0.02721   0.08014   0.04763   0.05486   0.02410   0.04262   1.14342   0.02050   0.04339   0.00010  
 41  0.8585   3223.294120  x:  6.90106   2.18294   5.62833   3.17338   2.01004   0.24108   0.64777   0.50521   0.63511   0.19695   6.83503   0.02276   0.07774   0.06204   0.05172   0.02923   0.04192   1.13262   0.01882   0.04070   0.00010  
 42  0.6886   3223.109485  x:  7.08606   2.22897   5.68710   3.31214   2.01851   0.24330   0.64570   0.51789   0.64617   0.19752   6.99243   0.02843   0.07614   0.06418   0.05165   0.03056   0.04167   1.13157   0.01908   0.03942   0.00010  
 43  0.3234   3222.842133  x:  7.69453   2.44587   6.11188   3.66237   2.13223   0.24829   0.66224   0.55723   0.67616   0.19548   7.54599   0.03615   0.07704   0.06070   0.05371   0.03041   0.04106   1.12787   0.01711   0.03795   0.00010  
 44  0.9474   3222.642599  x:  8.43479   2.76109   6.60451   4.01042   2.27011   0.26483   0.71440   0.60544   0.69272   0.19945   8.24976   0.03783   0.06852   0.05555   0.05258   0.02807   0.04054   1.13486   0.01591   0.03948   0.00010  
 45  0.3997   3222.601656  x:  8.64587   2.86533   6.79260   4.09038   2.32795   0.27679   0.73505   0.62194   0.69281   0.19648   8.46448   0.03923   0.06871   0.05926   0.05079   0.02878   0.04041   1.13536   0.01537   0.04119   0.00010  
 46  0.2400   3222.592522  x:  8.61679   2.86332   6.78216   4.05649   2.32988   0.28312   0.73881   0.62399   0.68970   0.19648   8.44348   0.03949   0.06863   0.05956   0.05026   0.02896   0.04052   1.13542   0.01553   0.04173   0.00010  
 47  0.0635   3222.582040  x:  8.72480   2.91240   6.87734   4.06762   2.37062   0.30026   0.75100   0.63959   0.69137   0.19838   8.56281   0.04030   0.06766   0.05778   0.05001   0.02894   0.04066   1.13351   0.01527   0.04172   0.00010  
 48  0.0964   3222.576237  x:  8.70668   2.88421   6.85171   4.02333   2.38150   0.30923   0.75058   0.64206   0.69268   0.19885   8.56254   0.03985   0.06848   0.05891   0.05033   0.02866   0.04100   1.13552   0.01532   0.04073   0.00010  
 49  0.0207   3222.573635  x:  8.73839   2.86318   6.83238   4.01977   2.38946   0.30670   0.75079   0.63976   0.69379   0.19735   8.59206   0.03875   0.06946   0.05831   0.05060   0.02901   0.04128   1.13399   0.01530   0.04080   0.00010  
 50  0.0156   3222.572260  x:  8.79389   2.86947   6.85921   4.03148   2.40045   0.30386   0.75304   0.63995   0.69371   0.19704   8.64267   0.03898   0.06913   0.05871   0.05039   0.02877   0.04151   1.13437   0.01525   0.04135   0.00010  
 51  0.0299   3222.571194  x:  8.81823   2.86753   6.88688   4.02681   2.40479   0.30153   0.75047   0.64083   0.69420   0.19875   8.66178   0.03992   0.06826   0.05847   0.05045   0.02876   0.04181   1.13463   0.01521   0.04106   0.00010  
 52  0.0121   3222.570802  x:  8.79491   2.85769   6.87975   4.01153   2.39651   0.29943   0.74834   0.63881   0.69276   0.19829   8.63210   0.03969   0.06861   0.05860   0.05034   0.02887   0.04198   1.13433   0.01526   0.04109   0.00010  
 53  0.0175   3222.570545  x:  8.79794   2.85925   6.88418   4.00903   2.39378   0.30117   0.74955   0.63976   0.69285   0.19776   8.62891   0.03931   0.06886   0.05853   0.05030   0.02875   0.04214   1.13448   0.01525   0.04109   0.00010  
 54  0.0027   3222.570327  x:  8.80104   2.86196   6.87861   4.01580   2.38959   0.30278   0.75096   0.64058   0.69400   0.19783   8.62848   0.03944   0.06873   0.05851   0.05037   0.02877   0.04230   1.13468   0.01526   0.04108   0.00010  
 55  0.0032   3222.570258  x:  8.80111   2.86644   6.88042   4.02102   2.38985   0.30269   0.75132   0.64065   0.69379   0.19792   8.63225   0.03952   0.06873   0.05861   0.05037   0.02883   0.04235   1.13432   0.01524   0.04110   0.00010  
 56  0.0034   3222.570195  x:  8.79215   2.86829   6.87722   4.02154   2.39204   0.30231   0.75088   0.64022   0.69316   0.19815   8.63305   0.03946   0.06873   0.05855   0.05043   0.02879   0.04242   1.13433   0.01525   0.04107   0.00010  
 57  0.0032   3222.570184  x:  8.79197   2.86946   6.87784   4.02438   2.39311   0.30206   0.75057   0.64025   0.69348   0.19798   8.63276   0.03945   0.06873   0.05856   0.05039   0.02879   0.04244   1.13456   0.01525   0.04110   0.00010  
 58  0.0013   3222.570181  x:  8.79167   2.86847   6.87732   4.02376   2.39321   0.30214   0.75047   0.64027   0.69356   0.19794   8.63072   0.03946   0.06874   0.05856   0.05038   0.02879   0.04244   1.13445   0.01525   0.04109   0.00010  
 59  0.0015   3222.570181  x:  8.79184   2.86823   6.87726   4.02425   2.39335   0.30215   0.75050   0.64021   0.69350   0.19797   8.62990   0.03947   0.06873   0.05856   0.05038   0.02879   0.04244   1.13440   0.01525   0.04108   0.00010  
 60  0.0005   3222.570181  x:  8.79195   2.86824   6.87746   4.02436   2.39332   0.30216   0.75053   0.64018   0.69346   0.19799   8.63004   0.03947   0.06872   0.05856   0.05038   0.02879   0.04244   1.13445   0.01525   0.04108   0.00010  
 61  0.0002   3222.570181  x:  8.79202   2.86816   6.87765   4.02440   2.39338   0.30218   0.75052   0.64019   0.69349   0.19798   8.63001   0.03947   0.06873   0.05856   0.05038   0.02879   0.04244   1.13443   0.01525   0.04108   0.00010  
 62  0.0001   3222.570181  x:  8.79205   2.86823   6.87769   4.02447   2.39334   0.30217   0.75054   0.64018   0.69347   0.19799   8.63017   0.03947   0.06873   0.05856   0.05038   0.02879   0.04244   1.13445   0.01525   0.04109   0.00010  
 63  0.0001   3222.570181  x:  8.79206   2.86821   6.87771   4.02446   2.39336   0.30218   0.75053   0.64019   0.69348   0.19798   8.63013   0.03947   0.06873   0.05856   0.05038   0.02879   0.04244   1.13444   0.01525   0.04109   0.00010  
 64  0.0001   3222.570181  x:  8.79211   2.86818   6.87783   4.02451   2.39339   0.30219   0.75053   0.64020   0.69349   0.19798   8.63018   0.03947   0.06873   0.05856   0.05038   0.02879   0.04244   1.13443   0.01525   0.04108   0.00010  
 65  0.0000   3222.570181  x:  8.79211   2.86818   6.87783   4.02451   2.39339   0.30219   0.75053   0.64020   0.69349   0.19798   8.63018   0.03947   0.06873   0.05856   0.05038   0.02879   0.04244   1.13443   0.01525   0.04108   0.00010  