

TREE # 1

  0  0.0000   3429.062350  x:  0.49569   1.34493   1.21561   0.31790   1.07802   0.15333   0.99158   0.21536   0.60967   0.42389   0.09481   0.25083   0.87547   0.18987   0.00000   0.27697   0.01573   0.00302   0.02844   2.00000   0.20000   0.20000   0.20000  
  1 99.0000   3406.696028  x:  0.51000   1.34989   1.22197   0.34398   1.08135   0.16975   0.98973   0.22317   0.61078   0.42697   0.10083   0.25429   0.88960   0.19711   0.01697   0.26857   0.16421   0.05306   0.00000   1.99179   0.25014   0.19376   0.18328  
  2 610.9912   3405.208424  x:  0.51156   1.35042   1.22266   0.34684   1.08170   0.17152   0.98949   0.22400   0.61088   0.42728   0.10147   0.25464   0.89115   0.19757   0.01842   0.26747   0.17726   0.05677   0.00645   1.99092   0.25446   0.19300   0.18148  
  3 1750.4690   3390.079958  x:  0.54056   1.35963   1.23505   0.40089   1.08683   0.20290   0.98240   0.23779   0.61113   0.43114   0.11200   0.25941   0.92110   0.18273   0.01786   0.23451   0.20830   0.00000   0.00693   1.97605   0.25302   0.17001   0.14944  
  4 196.2959   3354.847667  x:  0.66344   1.39835   1.28740   0.62991   1.10782   0.33457   0.95075   0.29518   0.61128   0.44642   0.15539   0.27835   1.04859   0.10782   0.00152   0.08846   0.22669   0.00241   0.00711   1.91368   0.20198   0.06781   0.01396  
  5 475.9458   3350.178532  x:  0.68576   1.40621   1.29776   0.66772   1.11127   0.35502   0.94437   0.30464   0.61191   0.44914   0.15836   0.27881   1.07170   0.11343   0.02908   0.08536   0.21997   0.00267   0.00703   1.90035   0.20158   0.06896   0.00010  
  6 251.6403   3332.691649  x:  0.88628   1.47643   1.39058   1.00946   1.14232   0.54061   0.88709   0.39002   0.61726   0.47348   0.18725   0.28436   1.27920   0.14404   0.24005   0.04286   0.17341   0.00516   0.00633   1.78148   0.19024   0.07404   0.03732  
  7 1317.7578   3326.452858  x:  0.93462   1.49471   1.41520   1.08716   1.14756   0.57933   0.86989   0.40740   0.61915   0.47800   0.18361   0.27910   1.32907   0.13260   0.26793   0.09497   0.17940   0.00543   0.00642   1.75138   0.14971   0.06805   0.04158  
  8 273.5060   3320.477978  x:  0.99575   1.52105   1.45071   1.17791   1.15300   0.62069   0.84665   0.42696   0.62499   0.48400   0.16786   0.26618   1.39195   0.08818   0.26607   0.17778   0.16307   0.00616   0.00616   1.70839   0.18102   0.06187   0.04319  
  9 250.9506   3316.422622  x:  1.07032   1.56229   1.50735   1.26241   1.14985   0.63982   0.80538   0.43706   0.63867   0.48741   0.11540   0.23397   1.46790   0.00000   0.23832   0.21287   0.16471   0.00684   0.00564   1.64598   0.18121   0.20002   0.03227  
 10 101.8801   3311.736477  x:  1.13424   1.62412   1.59908   1.25939   1.11909   0.56428   0.73568   0.40995   0.66954   0.48180   0.13110   0.26673   1.53331   0.00000   0.12605   0.21414   0.16270   0.00667   0.00566   1.57848   0.17842   0.20283   0.02765  
 11 24.0295   3309.650718  x:  1.20469   1.69851   1.71150   1.24327   1.08237   0.46877   0.65631   0.38167   0.70565   0.47109   0.09713   0.25536   1.60696   0.08837   0.05609   0.19816   0.16374   0.00620   0.00582   1.50380   0.17253   0.17533   0.02630  
 12 63.7638   3308.808144  x:  1.24957   1.75849   1.79324   1.20692   1.07564   0.42437   0.64030   0.40995   0.72203   0.46077   0.15188   0.22683   1.65573   0.09350   0.06714   0.19850   0.16546   0.00602   0.00580   1.47064   0.16802   0.18013   0.02611  
 13 14.7646   3307.968239  x:  1.27820   1.80796   1.85768   1.16033   1.08674   0.41060   0.65321   0.45232   0.72852   0.44906   0.14040   0.18646   1.69022   0.04721   0.10675   0.18707   0.16840   0.00568   0.00588   1.46594   0.16225   0.16222   0.02840  
 14 27.4641   3306.811695  x:  1.33610   1.90472   1.98870   1.08298   1.11612   0.40330   0.66925   0.50591   0.74368   0.43278   0.10210   0.25292   1.76594   0.01280   0.15622   0.18118   0.17157   0.00522   0.00589   1.45950   0.15305   0.15627   0.03008  
 15 26.7129   3304.542425  x:  1.41747   2.11608   2.30198   0.93187   1.27507   0.56230   0.77139   0.46386   0.75483   0.50880   0.11945   0.24505   1.96882   0.05233   0.11867   0.17638   0.17197   0.00395   0.00586   1.60414   0.13571   0.15238   0.02825  
 16 10.6341   3301.514293  x:  1.30560   2.24348   2.40696   1.21129   1.31039   0.49889   0.89536   0.38131   0.68585   0.44849   0.12375   0.24951   2.15828   0.01971   0.15408   0.16503   0.17666   0.00139   0.00587   1.62966   0.12237   0.13619   0.02970  
 17  3.1084   3300.459342  x:  1.25748   2.26416   2.42129   1.29372   1.31303   0.49724   0.89330   0.44708   0.74746   0.51761   0.12074   0.25432   2.19008   0.02049   0.15139   0.16106   0.17730   0.00051   0.00587   1.61266   0.11393   0.12909   0.02965  
 18  9.5062   3299.547144  x:  1.25066   2.25081   2.43128   1.34079   1.28214   0.58017   0.74424   0.53714   0.75350   0.42825   0.13066   0.25043   2.15492   0.02975   0.13769   0.16206   0.17602   0.00032   0.00587   1.65080   0.11549   0.12684   0.02927  
 19  3.7699   3298.043758  x:  1.28131   2.21982   2.44276   1.41292   1.19101   0.65429   0.63329   0.52459   0.74207   0.48208   0.13229   0.24912   2.08903   0.00000   0.17012   0.16112   0.17535   0.00078   0.00590   1.65241   0.11484   0.11765   0.03120  
 20  3.9746   3297.107783  x:  1.34525   2.17429   2.44466   1.45060   1.13346   0.68549   0.70186   0.59200   0.73027   0.45935   0.13532   0.25343   2.05004   0.00000   0.13417   0.16258   0.17296   0.00121   0.00593   1.59230   0.11050   0.11245   0.03023  
 21  5.9965   3296.695203  x:  1.38291   2.14525   2.44502   1.47196   1.10304   0.70336   0.73923   0.62614   0.72807   0.44554   0.13718   0.25556   2.02924   0.04044   0.11573   0.16332   0.17169   0.00144   0.00594   1.55899   0.10808   0.10945   0.02975  
 22 54.4250   3295.686273  x:  1.59078   1.96639   2.34861   1.54502   1.16336   0.68824   0.76509   0.58118   0.89789   0.39012   0.14650   0.25316   2.06479   0.03080   0.12893   0.16377   0.17134   0.00168   0.00598   1.57192   0.10597   0.10183   0.03057  
 23  3.5475   3294.454409  x:  1.84155   1.75951   2.22459   1.62264   1.24058   0.62033   0.71813   0.62675   0.77300   0.48090   0.14778   0.26244   2.14951   0.03304   0.12575   0.16467   0.17121   0.00155   0.00606   1.59020   0.10908   0.09538   0.03028  
 24  4.7513   3293.294236  x:  1.82579   1.80856   2.19727   1.73148   1.24420   0.75589   0.70150   0.55932   0.74795   0.50323   0.15735   0.25810   2.12596   0.01126   0.15422   0.16240   0.17122   0.00141   0.00617   1.41777   0.10486   0.08198   0.03090  
 25  1.8343   3291.438920  x:  1.76141   1.97125   2.24571   1.98177   1.12418   0.80462   0.74667   0.57284   0.79159   0.53782   0.16077   0.26723   2.12202   0.00000   0.16908   0.17071   0.16858   0.00166   0.00618   1.49076   0.10674   0.08443   0.03068  
 26  5.4513   3290.310785  x:  1.56451   2.15243   2.41780   2.29132   1.47796   0.70760   0.72004   0.64951   0.80729   0.56112   0.17148   0.27274   2.20614   0.00000   0.16239   0.17590   0.16900   0.00252   0.00625   1.51362   0.09854   0.09511   0.02847  
 27  2.1963   3288.489805  x:  1.67657   2.15477   2.72562   2.59574   1.28481   0.89972   0.76053   0.65678   0.81255   0.60127   0.18440   0.28148   2.62040   0.00000   0.19964   0.17256   0.17491   0.00303   0.00651   1.57246   0.08797   0.11087   0.02478  
 28  1.2651   3287.254770  x:  1.95506   2.54180   2.62017   2.75822   1.23314   0.98231   0.79171   0.66394   0.82480   0.61447   0.19149   0.28513   2.79348   0.00000   0.15414   0.16415   0.17836   0.00334   0.00681   1.63104   0.08265   0.10845   0.02008  
 29  1.6778   3287.235728  x:  1.98143   2.57695   2.61284   2.77515   1.22814   0.99051   0.79482   0.66466   0.82618   0.61560   0.19215   0.28542   2.80992   0.00970   0.14986   0.16329   0.17871   0.00337   0.00684   1.63662   0.08218   0.10817   0.01962  
 30 12.9921   3286.218393  x:  2.03335   2.46884   2.92624   3.00584   1.19891   1.05885   0.82129   0.67437   0.85857   0.60262   0.19251   0.27910   2.87599   0.01240   0.14027   0.15390   0.18247   0.00387   0.00719   1.65257   0.08608   0.10097   0.01592  
 31  1.3652   3285.788409  x:  2.14637   2.46432   3.11765   3.15044   1.28321   1.05350   0.84802   0.67450   0.87286   0.61143   0.18994   0.27546   2.72715   0.00000   0.15657   0.15056   0.18344   0.00401   0.00730   1.64706   0.08270   0.09515   0.01540  
 32  0.8131   3285.266271  x:  2.22869   2.57033   3.28950   3.38965   1.40313   1.10340   0.88640   0.73474   0.95750   0.60556   0.18388   0.26911   2.95645   0.00000   0.17676   0.14432   0.18893   0.00492   0.00765   1.59138   0.07420   0.09290   0.01163  
 33  0.5518   3285.152277  x:  2.34216   2.68073   3.31431   3.45905   1.43219   1.12612   0.90578   0.75348   0.97478   0.61001   0.18227   0.26810   3.02977   0.00000   0.16169   0.14510   0.19010   0.00523   0.00778   1.59038   0.07217   0.09579   0.00928  
 34  0.2650   3285.076162  x:  2.43355   2.74784   3.32656   3.47334   1.45370   1.12679   0.91777   0.76743   0.97394   0.61722   0.17797   0.26817   3.04959   0.00000   0.16748   0.15017   0.18943   0.00541   0.00783   1.60047   0.07271   0.09651   0.00950  
 35  0.1331   3285.026270  x:  2.49002   2.80105   3.42403   3.50867   1.47331   1.13393   0.93686   0.79371   0.98581   0.63085   0.17544   0.27019   3.15133   0.00000   0.16785   0.15395   0.18866   0.00573   0.00790   1.61454   0.07056   0.09145   0.01020  
 36  0.1518   3285.000123  x:  2.55082   2.81504   3.50340   3.52689   1.48459   1.14484   0.94972   0.80116   0.99395   0.64242   0.17756   0.27170   3.17788   0.00000   0.16742   0.15612   0.18802   0.00592   0.00790   1.61136   0.06917   0.09671   0.01039  
 37  0.1004   3284.980320  x:  2.55297   2.82424   3.53320   3.51086   1.48651   1.14972   0.94943   0.80498   1.00425   0.64567   0.18094   0.27222   3.22938   0.00000   0.16500   0.15311   0.18789   0.00610   0.00791   1.60675   0.06924   0.09641   0.01141  
 38  0.0422   3284.973347  x:  2.57737   2.85387   3.56156   3.53628   1.50507   1.15511   0.95354   0.80679   1.01211   0.64844   0.18277   0.27125   3.23772   0.00000   0.16691   0.14983   0.18821   0.00626   0.00792   1.60920   0.06846   0.09550   0.01180  
 39  0.0369   3284.970982  x:  2.57872   2.86237   3.55336   3.54953   1.51007   1.15953   0.95556   0.80545   1.01137   0.64769   0.18316   0.27025   3.22280   0.00000   0.16599   0.14984   0.18793   0.00635   0.00787   1.61392   0.06861   0.09632   0.01206  
 40  0.0086   3284.969175  x:  2.56961   2.86037   3.55802   3.56936   1.50842   1.16891   0.95850   0.80858   1.01295   0.64766   0.18273   0.27024   3.23537   0.00000   0.16601   0.15037   0.18785   0.00652   0.00782   1.61174   0.06832   0.09610   0.01226  
 41  0.0100   3284.967690  x:  2.56855   2.84840   3.55275   3.57269   1.49680   1.17112   0.95568   0.80522   1.00843   0.64864   0.18213   0.27150   3.22384   0.00000   0.16671   0.14984   0.18825   0.00664   0.00775   1.61049   0.06860   0.09586   0.01225  
 42  0.0052   3284.965785  x:  2.57946   2.85088   3.54596   3.56586   1.49506   1.16616   0.95289   0.80325   1.00670   0.64978   0.18152   0.27246   3.22050   0.00000   0.16568   0.15011   0.18863   0.00685   0.00766   1.61218   0.06857   0.09590   0.01210  
 43  0.0047   3284.964235  x:  2.56485   2.84261   3.53060   3.54241   1.49909   1.15634   0.94902   0.80098   1.00750   0.64600   0.18155   0.27112   3.21572   0.00000   0.16633   0.15032   0.18867   0.00704   0.00758   1.61015   0.06888   0.09596   0.01210  
 44  0.0126   3284.963850  x:  2.56078   2.83753   3.53904   3.53732   1.49682   1.15632   0.95062   0.80054   1.00605   0.64608   0.18211   0.27055   3.20926   0.00000   0.16612   0.15024   0.18839   0.00710   0.00758   1.61039   0.06894   0.09583   0.01207  
 45  0.0056   3284.963670  x:  2.55977   2.84233   3.53430   3.53496   1.49571   1.15844   0.95124   0.80127   1.00518   0.64618   0.18220   0.27061   3.20937   0.00000   0.16635   0.15033   0.18817   0.00712   0.00763   1.60992   0.06892   0.09592   0.01195  
 46  0.0024   3284.963602  x:  2.55937   2.84235   3.53287   3.53311   1.49542   1.15927   0.95052   0.80119   1.00569   0.64645   0.18222   0.27089   3.21144   0.00000   0.16621   0.15024   0.18810   0.00714   0.00767   1.61045   0.06895   0.09588   0.01197  
 47  0.0013   3284.963557  x:  2.55976   2.83925   3.53354   3.53311   1.49558   1.15918   0.95012   0.80065   1.00573   0.64646   0.18204   0.27090   3.20892   0.00000   0.16631   0.15034   0.18808   0.00714   0.00771   1.61054   0.06896   0.09591   0.01198  
 48  0.0015   3284.963543  x:  2.55999   2.83944   3.53299   3.53331   1.49551   1.15869   0.95012   0.80058   1.00544   0.64623   0.18201   0.27078   3.20862   0.00000   0.16623   0.15029   0.18813   0.00714   0.00773   1.61008   0.06896   0.09588   0.01199  
 49  0.0004   3284.963540  x:  2.55970   2.83968   3.53288   3.53341   1.49534   1.15836   0.95016   0.80062   1.00531   0.64621   0.18204   0.27079   3.20885   0.00000   0.16626   0.15029   0.18815   0.00715   0.00773   1.61022   0.06896   0.09589   0.01200  
 50  0.0003   3284.963540  x:  2.55947   2.83968   3.53291   3.53359   1.49536   1.15828   0.95018   0.80062   1.00537   0.64619   0.18205   0.27079   3.20891   0.00000   0.16626   0.15029   0.18815   0.00715   0.00773   1.61023   0.06896   0.09590   0.01200  
 51  0.0002   3284.963540  x:  2.55951   2.83972   3.53295   3.53368   1.49539   1.15826   0.95019   0.80061   1.00539   0.64620   0.18205   0.27080   3.20887   0.00000   0.16626   0.15030   0.18814   0.00715   0.00773   1.61023   0.06896   0.09590   0.01200  
 52  0.0001   3284.963540  x:  2.55951   2.83974   3.53297   3.53370   1.49540   1.15825   0.95019   0.80061   1.00539   0.64621   0.18205   0.27080   3.20890   0.00000   0.16626   0.15030   0.18814   0.00715   0.00773   1.61023   0.06896   0.09590   0.01200  
 53  0.0000   3284.963540  x:  2.55951   2.83973   3.53296   3.53369   1.49540   1.15825   0.95019   0.80061   1.00538   0.64621   0.18205   0.27080   3.20889   0.00000   0.16626   0.15030   0.18814   0.00715   0.00773   1.61023   0.06896   0.09590   0.01200  
 54  0.0000   3284.963540  x:  2.55951   2.83973   3.53296   3.53369   1.49540   1.15825   0.95019   0.80061   1.00538   0.64621   0.18205   0.27080   3.20889   0.00000   0.16626   0.15030   0.18814   0.00715   0.00773   1.61023   0.06896   0.09590   0.01200  