

TREE # 1

  0  0.0000   8723.619992  x:  0.00000   0.21368   0.21600   0.03488   0.13997   0.04547   0.11097   0.02372   0.17900   0.09905   0.05787   0.12246   0.19119   0.09283   0.10325   0.07166   0.06036   0.06064   0.07237   2.00000   0.20000   0.20000   0.20000  
  1 99.0000   7244.123212  x:  1.52584   0.48395   0.43620   0.56693   0.41370   0.39695   0.37645   0.47019   0.31790   0.22752   0.22222   0.21741   0.44656   0.14590   0.13030   0.13148   0.13653   0.00000   0.01679   1.97214   0.53842   0.17559   0.19002  
  2 7654.2974   7211.072157  x:  1.51480   0.51301   0.46076   0.57228   0.43016   0.40367   0.38786   0.47032   0.33523   0.23709   0.22817   0.22567   0.45961   0.15014   0.13240   0.13371   0.13841   0.00000   0.00084   1.96779   0.50740   0.16409   0.18516  
  3 600.2366   7014.033826  x:  1.41316   0.78432   0.68991   0.62289   0.58425   0.46688   0.49479   0.47197   0.49683   0.32632   0.28369   0.30263   0.58211   0.18955   0.15189   0.15452   0.15598   0.00000   0.01088   1.92688   0.21755   0.05631   0.13955  
  4 8204.2258   6935.537335  x:  1.22065   1.02739   0.89400   0.65991   0.73335   0.51705   0.59531   0.45848   0.63317   0.39523   0.31326   0.35143   0.72351   0.20084   0.16502   0.16352   0.16690   0.00000   0.01766   1.85348   0.36837   0.02199   0.08595  
  5 631.9458   6921.868171  x:  1.16521   1.10090   0.95419   0.67571   0.78172   0.53349   0.62740   0.45624   0.67018   0.41049   0.31673   0.35937   0.77415   0.20263   0.16697   0.16481   0.17056   0.00000   0.01964   1.82639   0.39348   0.10440   0.07111  
  6 956.8821   6907.867842  x:  1.13352   1.12895   0.96192   0.72182   0.83332   0.54695   0.65430   0.46691   0.63946   0.35735   0.25841   0.28982   0.87680   0.16763   0.12656   0.11753   0.13947   0.00000   0.01941   1.76273   0.38374   0.10883   0.01599  
  7 134.9092   6900.146600  x:  1.09594   1.14523   0.95373   0.77412   0.88466   0.55511   0.67815   0.48068   0.59409   0.29113   0.21455   0.22864   0.99768   0.16509   0.12947   0.12415   0.14540   0.00000   0.01910   1.68165   0.37314   0.10175   0.07923  
  8 189.2709   6892.805791  x:  1.05283   1.12491   0.90134   0.83171   0.92541   0.54484   0.69040   0.50114   0.53087   0.22405   0.26358   0.25366   1.14802   0.17503   0.14394   0.17061   0.17079   0.00000   0.01858   1.57086   0.35976   0.09790   0.05059  
  9 117.7217   6889.496466  x:  1.03289   1.09980   0.85335   0.86113   0.93597   0.52341   0.68908   0.52055   0.53251   0.25079   0.29219   0.28100   1.24033   0.18227   0.15480   0.13224   0.14454   0.00000   0.01834   1.50138   0.35213   0.09723   0.06675  
 10 77.0539   6887.664544  x:  1.02419   1.08020   0.81348   0.87548   0.93277   0.49405   0.68054   0.53777   0.56052   0.30415   0.28016   0.27635   1.30908   0.16726   0.14714   0.14671   0.16571   0.00000   0.01815   1.45688   0.34580   0.09544   0.06394  
 11 57.3962   6887.210927  x:  1.02842   1.08790   0.80953   0.86949   0.92425   0.47057   0.67061   0.54281   0.56823   0.30724   0.26933   0.27166   1.33637   0.17796   0.16555   0.15694   0.15285   0.00000   0.01816   1.45919   0.34553   0.09549   0.05556  
 12 15.9175   6885.920079  x:  1.04610   1.13197   0.81231   0.83118   0.89774   0.38993   0.63838   0.55624   0.57897   0.28707   0.26890   0.28514   1.42315   0.15599   0.16996   0.14731   0.16117   0.00000   0.01823   1.49168   0.34506   0.09544   0.06091  
 13 22.2101   6883.011067  x:  1.06035   1.15969   0.76897   0.66395   0.96144   0.37463   0.68193   0.58665   0.57711   0.30234   0.30947   0.25779   1.56376   0.14342   0.15338   0.16853   0.13490   0.00000   0.01810   1.58201   0.33936   0.09476   0.07089  
 14 11.9785   6881.141505  x:  1.07109   1.17116   0.74745   0.55746   1.00345   0.37916   0.70420   0.59664   0.57251   0.31134   0.30727   0.25000   1.64496   0.16888   0.16948   0.14168   0.17048   0.00000   0.01800   1.62369   0.33544   0.09357   0.06171  
 15 67.9985   6876.255959  x:  1.10610   1.18343   0.77828   0.37932   1.06446   0.43827   0.68568   0.55724   0.56220   0.31900   0.21574   0.35436   1.76861   0.18155   0.14128   0.15540   0.15945   0.00000   0.01786   1.59843   0.32260   0.09127   0.06844  
 16 25.3029   6862.565508  x:  1.15151   1.20682   0.99229   0.16656   1.07578   0.55120   0.56373   0.42259   0.61962   0.33257   0.31433   0.26462   1.95302   0.20718   0.11626   0.15479   0.15880   0.00000   0.01755   1.42112   0.28363   0.08522   0.06900  
 17 28.0239   6822.808758  x:  0.93281   1.20650   1.40099   0.34106   0.97628   0.64706   0.83460   0.57559   0.76977   0.30490   0.32239   0.30256   2.20140   0.18204   0.15308   0.15428   0.16521   0.00000   0.01617   1.40287   0.17426   0.07001   0.06384  
 18 26.5186   6813.243727  x:  0.86628   1.37280   1.34077   0.56986   1.16688   0.58818   0.72511   0.48536   0.70576   0.39028   0.32841   0.30789   2.19844   0.29404   0.05024   0.16091   0.17077   0.00000   0.01610   1.50443   0.15790   0.06803   0.06802  
 19 32.2128   6810.018975  x:  0.86020   1.55603   1.20042   0.56420   1.25032   0.50813   0.73678   0.55902   0.76854   0.33225   0.32735   0.30560   2.05516   0.32168   0.02194   0.16027   0.16837   0.00000   0.01621   1.38063   0.15397   0.06748   0.06781  
 20 15.4204   6808.959561  x:  0.85943   1.62523   1.14713   0.57768   1.27866   0.51093   0.73905   0.54156   0.76381   0.33712   0.32631   0.30733   2.01412   0.24652   0.09549   0.15761   0.16651   0.00000   0.01616   1.35843   0.15073   0.06710   0.06318  
 21 11.8575   6797.453832  x:  0.76436   2.05792   0.98220   0.78448   1.02752   0.67856   0.89763   0.41772   0.71904   0.39708   0.32996   0.31257   1.92908   0.27455   0.08086   0.15809   0.16808   0.00000   0.01725   1.40381   0.17304   0.07098   0.05608  
 22  4.3050   6788.221455  x:  0.62977   2.02755   1.14652   0.93954   1.30518   0.65953   0.69886   0.66455   0.81807   0.35224   0.32867   0.32719   1.80019   0.22815   0.14167   0.15385   0.16814   0.00000   0.01800   1.51013   0.18869   0.07495   0.04558  
 23 13.4272   6785.549319  x:  0.65338   1.95522   1.28185   0.96119   1.44402   0.44045   0.82896   0.58789   0.77366   0.38705   0.32565   0.32804   1.73755   0.22482   0.14930   0.15398   0.16826   0.00000   0.01819   1.47600   0.19220   0.07551   0.04363  
 24 12.7926   6785.033604  x:  0.65461   1.93596   1.27616   0.98344   1.46654   0.43470   0.85413   0.53065   0.84793   0.34418   0.32519   0.33337   1.75496   0.22573   0.14848   0.15252   0.16770   0.00000   0.01817   1.49434   0.19248   0.07544   0.04484  
 25  3.1660   6772.411376  x:  0.00000   2.68884   2.13491   1.43543   1.36746   0.78410   1.26745   0.67157   0.97615   0.45418   0.33678   0.36817   2.58017   0.26580   0.09711   0.13903   0.16016   0.00000   0.01767   1.70075   0.11195   0.06637   0.04361  
 26  1.6748   6763.269611  x:  0.09411   2.61926   2.02545   1.37421   1.50846   0.63708   1.18249   0.63034   0.95628   0.43451   0.32818   0.35929   2.46017   0.23454   0.12133   0.14243   0.15880   0.00000   0.01761   1.64589   0.14232   0.06912   0.04946  
 27  0.4245   6759.400545  x:  0.04705   2.81045   2.12658   1.36696   1.82163   0.47143   1.12733   0.57735   0.97515   0.41759   0.31784   0.33851   2.64161   0.18562   0.14781   0.15616   0.15800   0.00000   0.01524   1.47352   0.13172   0.06841   0.04891  
 28  0.2210   6758.627634  x:  0.00000   2.89457   2.17728   1.37601   1.84894   0.49527   1.11788   0.59795   0.98514   0.41559   0.32027   0.33843   2.73293   0.19260   0.14659   0.15397   0.15844   0.00000   0.01445   1.49341   0.12876   0.06804   0.05046  
 29  0.2262   6758.627634  x:  0.00000   2.89457   2.17728   1.37601   1.84894   0.49527   1.11788   0.59795   0.98514   0.41559   0.32027   0.33843   2.73293   0.19260   0.14659   0.15397   0.15844   0.00000   0.01445   1.49341   0.12876   0.06804   0.05046  
 30  1.3689   6758.100716  x:  0.00038   2.89474   2.17742   1.37609   1.84899   0.49546   1.11787   0.59809   0.98511   0.41550   0.32041   0.33851   2.73304   0.19285   0.14676   0.15385   0.15849   0.00000   0.00756   1.49355   0.12886   0.06801   0.05058  
 31 125.1992   6757.899995  x:  0.01994   2.90396   2.18438   1.38002   1.85143   0.50506   1.11702   0.60533   0.98373   0.41035   0.32743   0.34232   2.73901   0.20561   0.15534   0.14785   0.16100   0.00000   0.00759   1.50129   0.12689   0.06775   0.05622  
 32 11.9370   6757.863468  x:  0.02390   2.90587   2.18582   1.38083   1.85195   0.50702   1.11688   0.60682   0.98350   0.40938   0.32872   0.34297   2.74025   0.20752   0.15641   0.14696   0.16142   0.00000   0.00764   1.50280   0.12847   0.06739   0.05662  
 33 96.0854   6757.625674  x:  0.05450   2.92106   2.19717   1.38702   1.85606   0.52225   1.11578   0.61832   0.98194   0.40219   0.33606   0.34580   2.75006   0.21158   0.15386   0.14559   0.16350   0.00000   0.00766   1.51475   0.12696   0.06085   0.04825  
 34 42.1014   6757.258832  x:  0.10795   2.94844   2.21750   1.39790   1.86354   0.54909   1.11408   0.63860   0.97990   0.39061   0.34589   0.34826   2.76770   0.21348   0.14475   0.14805   0.16643   0.00000   0.00761   1.53500   0.12506   0.07190   0.03916  
 35 101.6158   6756.943293  x:  0.15668   2.97674   2.23801   1.40826   1.87154   0.57440   1.11332   0.65792   0.98084   0.38425   0.34523   0.34292   2.78578   0.20814   0.13017   0.15173   0.15834   0.00000   0.00762   1.55188   0.12321   0.06948   0.05413  
 36 46.4380   6756.785547  x:  0.17885   2.99943   2.25298   1.41378   1.87863   0.58773   1.11564   0.66794   0.98935   0.39390   0.32882   0.33016   2.80003   0.21224   0.13513   0.15804   0.15913   0.00000   0.00762   1.55412   0.12189   0.06877   0.05254  
 37 14.3172   6756.675816  x:  0.19055   3.02200   2.26697   1.41769   1.88609   0.59660   1.11958   0.67421   1.00046   0.40853   0.32205   0.32972   2.81409   0.20903   0.13635   0.14689   0.15664   0.00000   0.00761   1.55078   0.12044   0.07045   0.05008  
 38 15.0685   6756.444868  x:  0.20868   3.08226   2.30332   1.42651   1.90666   0.61478   1.13210   0.68612   1.02960   0.44635   0.32296   0.34712   2.85162   0.19915   0.14022   0.15044   0.16639   0.00000   0.00762   1.53727   0.11663   0.06863   0.05427  
 39 23.4856   6756.354999  x:  0.20999   3.10980   2.31955   1.43017   1.91667   0.62013   1.13908   0.68874   1.03794   0.45390   0.32616   0.35319   2.86908   0.19832   0.14543   0.15604   0.15513   0.00000   0.00762   1.53223   0.11527   0.06918   0.05235  
 40 18.2360   6755.616988  x:  0.15195   3.39989   2.48709   1.46807   2.02857   0.64588   1.22446   0.68981   1.06385   0.41523   0.33899   0.34122   3.05783   0.17560   0.16615   0.15316   0.15989   0.00000   0.00761   1.50466   0.10625   0.06801   0.05346  
 41 14.2832   6755.341334  x:  0.10011   3.51654   2.55165   1.49359   2.06813   0.63491   1.24270   0.70040   1.07025   0.43532   0.33449   0.34845   3.14360   0.19884   0.14475   0.15306   0.15973   0.00000   0.00760   1.56860   0.10477   0.06903   0.05317  
 42  9.6639   6755.279749  x:  0.08780   3.53753   2.56310   1.52613   2.06841   0.62063   1.21992   0.72361   1.05550   0.44480   0.34262   0.34078   3.18132   0.20526   0.13873   0.15293   0.15958   0.00000   0.00760   1.55705   0.10406   0.06908   0.05276  
 43  2.0337   6755.248651  x:  0.08293   3.54350   2.56565   1.54965   2.06792   0.61664   1.20922   0.72973   1.05262   0.44008   0.33074   0.35312   3.20559   0.19844   0.14563   0.15295   0.15965   0.00000   0.00759   1.55726   0.10398   0.06895   0.05274  
 44  2.0468   6755.194819  x:  0.07499   3.54277   2.56244   1.59287   2.07005   0.62355   1.21204   0.72611   1.07285   0.43908   0.34124   0.34373   3.25100   0.18449   0.15946   0.15293   0.15989   0.00000   0.00757   1.56975   0.10380   0.06877   0.05294  
 45  1.5196   6755.120681  x:  0.06948   3.53953   2.56153   1.63579   2.08042   0.64097   1.24472   0.72203   1.08982   0.43426   0.33842   0.34769   3.30645   0.20458   0.14068   0.15271   0.15946   0.00000   0.00755   1.55990   0.10292   0.06890   0.05255  
 46  1.9617   6755.021112  x:  0.07790   3.55416   2.58862   1.63300   2.10346   0.63784   1.29201   0.73226   1.05514   0.45481   0.33919   0.34852   3.35046   0.19599   0.14977   0.15257   0.15960   0.00000   0.00751   1.56385   0.10295   0.06843   0.05303  
 47  1.0714   6754.928700  x:  0.08581   3.59077   2.63937   1.60250   2.12963   0.62048   1.27161   0.73790   1.08255   0.44376   0.34081   0.34761   3.36347   0.20083   0.14621   0.15216   0.15958   0.00000   0.00748   1.56242   0.10379   0.06817   0.05307  
 48  1.2805   6754.911476  x:  0.07322   3.60714   2.65080   1.60938   2.14250   0.64473   1.26551   0.74992   1.08274   0.44454   0.34090   0.34830   3.35048   0.19966   0.14780   0.15200   0.15964   0.00000   0.00749   1.56287   0.10354   0.06813   0.05285  
 49  0.6908   6754.889369  x:  0.08003   3.65048   2.67495   1.64544   2.14590   0.65030   1.27129   0.73729   1.08105   0.45108   0.34132   0.34850   3.32996   0.20054   0.14711   0.15194   0.15956   0.00000   0.00752   1.56247   0.10284   0.06806   0.05281  
 50  0.5564   6754.872278  x:  0.08496   3.68447   2.68860   1.66551   2.14566   0.64438   1.29085   0.75795   1.09333   0.44854   0.34152   0.34946   3.32572   0.19861   0.14923   0.15187   0.15955   0.00000   0.00755   1.56383   0.10185   0.06798   0.05269  
 51  0.8801   6754.816552  x:  0.11376   3.78302   2.71225   1.66367   2.19437   0.66949   1.30350   0.77423   1.10789   0.45873   0.34257   0.35155   3.42620   0.19684   0.15126   0.15178   0.15943   0.00000   0.00767   1.56571   0.09857   0.06757   0.05284  
 52  0.5010   6754.812458  x:  0.11145   3.77859   2.74066   1.66386   2.18602   0.67700   1.30679   0.77559   1.10954   0.45972   0.34283   0.35170   3.44072   0.19662   0.15144   0.15177   0.15947   0.00000   0.00766   1.56634   0.09822   0.06760   0.05280  
 53  0.2329   6754.810993  x:  0.11237   3.77599   2.75140   1.67025   2.20062   0.67416   1.30913   0.77774   1.11124   0.46032   0.34306   0.35177   3.44709   0.19671   0.15114   0.15181   0.15954   0.00000   0.00762   1.56715   0.09798   0.06771   0.05273  
 54  0.0752   6754.808350  x:  0.11101   3.79201   2.75578   1.67527   2.20272   0.67776   1.31279   0.78010   1.11290   0.46109   0.34353   0.35168   3.46419   0.19759   0.14977   0.15187   0.15974   0.00000   0.00752   1.56836   0.09790   0.06800   0.05257  
 55  0.0633   6754.808220  x:  0.11062   3.79581   2.75793   1.67748   2.20420   0.67828   1.31410   0.78085   1.11348   0.46135   0.34364   0.35171   3.46722   0.19760   0.14980   0.15187   0.15973   0.00000   0.00760   1.56836   0.09780   0.06801   0.05254  
 56  0.0088   6754.808202  x:  0.11039   3.79798   2.75890   1.67855   2.20482   0.67857   1.31477   0.78121   1.11380   0.46150   0.34369   0.35174   3.46841   0.19755   0.14990   0.15187   0.15972   0.00000   0.00758   1.56828   0.09773   0.06800   0.05254  
 57  0.0036   6754.808202  x:  0.11025   3.79793   2.75900   1.67851   2.20486   0.67852   1.31478   0.78118   1.11382   0.46153   0.34367   0.35174   3.46841   0.19752   0.14993   0.15187   0.15971   0.00000   0.00758   1.56825   0.09774   0.06800   0.05254  
 58  0.0002   6754.808202  x:  0.11024   3.79794   2.75899   1.67850   2.20486   0.67852   1.31478   0.78118   1.11382   0.46153   0.34367   0.35174   3.46842   0.19752   0.14993   0.15187   0.15971   0.00000   0.00758   1.56825   0.09774   0.06800   0.05254  
 59  0.0000   6754.808202  x:  0.11024   3.79794   2.75899   1.67851   2.20486   0.67852   1.31478   0.78118   1.11382   0.46153   0.34367   0.35174   3.46842   0.19752   0.14993   0.15187   0.15971   0.00000   0.00758   1.56825   0.09774   0.06800   0.05255  
 60  0.0000   6754.808202  x:  0.11024   3.79794   2.75899   1.67851   2.20486   0.67852   1.31478   0.78118   1.11382   0.46153   0.34367   0.35174   3.46842   0.19752   0.14993   0.15187   0.15971   0.00000   0.00758   1.56825   0.09774   0.06800   0.05255  