   14
BAM_004870  0.000000  0.692471  3.541884  5.748597  4.224203  4.604035
  3.076270  4.958976  3.350351  4.328517  4.028233  4.243795  4.224203
  4.098806
BAM_006720  0.692471  0.000000  5.027052  4.754889  3.415294  3.891740
  3.656350  3.953785  3.848378  4.547417  4.488847  4.113262  3.415294
  3.240236
BAM_024890  3.541884  5.027052  0.000000  3.183648  2.371784  3.161665
  2.441785  2.956434  3.081736  2.568859  3.221657  2.285244  2.371784
  2.321752
BA_0626xxx  5.748597  4.754889  3.183648  0.000000  2.312733  3.152276
  1.822511  1.765529  2.088511  2.038221  2.273271  0.098315  2.312733
  2.185364
BA_4207xxx  4.224203  3.415294  2.371784  2.312733  0.000000  0.031559
  1.970793  1.673721  1.608788  1.880482  1.855763  1.987421  0.000010
  0.080935
BC_3992xxx  4.604035  3.891740  3.161665  3.152276  0.031559  0.000000
  2.009969  1.916311  2.212795  2.146767  2.481850  1.926823  0.031559
  0.048419
NT03BC1076  3.076270  3.656350  2.441785  1.822511  1.970793  2.009969
  0.000000  1.697028  2.013537  1.693050  1.270535  1.633834  1.970793
  1.887003
BH1451xxxx  4.958976  3.953785  2.956434  1.765529  1.673721  1.916311
  1.697028  0.000000  1.392586  1.066881  0.907522  1.933499  1.673721
  1.775928
NT03BL2062  3.350351  3.848378  3.081736  2.088511  1.608788  2.212795
  2.013537  1.392586  0.000000  1.544218  2.124603  1.287673  1.608788
  1.559453
BPUM_1622x  4.328517  4.547417  2.568859  2.038221  1.880482  2.146767
  1.693050  1.066881  1.544218  0.000000  1.022766  1.842098  1.880482
  1.807993
BG13415xxx  4.028233  4.488847  3.221657  2.273271  1.855763  2.481850
  1.270535  0.907522  2.124603  1.022766  0.000000  1.728492  1.855763
  1.701817
NT02BT0648  4.243795  4.113262  2.285244  0.098315  1.987421  1.926823
  1.633834  1.933499  1.287673  1.842098  1.728492  0.000000  1.987421
  1.870271
NT02BT3978  4.224203  3.415294  2.371784  2.312733  0.000010  0.031559
  1.970793  1.673721  1.608788  1.880482  1.855763  1.987421  0.000000
  0.080935
KBAB4_3821  4.098806  3.240236  2.321752  2.185364  0.080935  0.048419
  1.887003  1.775928  1.559453  1.807993  1.701817  1.870271  0.080935
  0.000000
