

TREE # 1

  0  0.0000   8282.559124  x:  0.14776   1.90871   1.49281   0.26496   1.44052   0.46034   1.40261   0.72821   0.77606   0.46726   1.02057   0.22897   0.00000   0.05497   0.06771   0.01107   0.00764   2.00000   0.20000   0.20000   0.20000  
  1 99.0000   8268.122150  x:  0.16021   1.91040   1.49604   0.27628   1.44017   0.46150   1.40196   0.72798   0.77559   0.46714   1.02511   0.23016   0.00877   0.05530   0.06757   0.00000   0.01697   1.99570   0.22326   0.19823   0.19781  
  2 630.8887   8257.702634  x:  0.18673   1.91397   1.50292   0.30047   1.43931   0.46389   1.40044   0.72735   0.77447   0.46678   1.03482   0.23250   0.02662   0.05593   0.06749   0.00951   0.03350   1.98654   0.26891   0.19439   0.19301  
  3 2666.6494   8237.242938  x:  0.23897   1.92003   1.51633   0.34946   1.43462   0.46614   1.39436   0.72293   0.76932   0.46347   1.05427   0.23142   0.04553   0.05574   0.06733   0.00881   0.00404   1.96869   0.27311   0.18523   0.18067  
  4 447.7446   8152.973805  x:  0.60061   1.96029   1.60939   0.69067   1.39590   0.47677   1.34619   0.68624   0.72835   0.43636   1.19055   0.20994   0.14327   0.05424   0.06713   0.00752   0.02747   1.84343   0.16106   0.11811   0.08894  
  5 1419.4125   8133.092981  x:  0.68259   1.97062   1.63962   0.77229   1.37436   0.47137   1.32617   0.67085   0.71625   0.43444   1.23336   0.14739   0.04136   0.05631   0.07911   0.00689   0.02878   1.78865   0.16914   0.10440   0.05665  
  6 301.9757   8127.523026  x:  0.70278   1.97448   1.65857   0.79696   1.35189   0.46038   1.31008   0.65947   0.71153   0.44243   1.25842   0.17754   0.00000   0.06265   0.06970   0.00671   0.02943   1.73920   0.16978   0.13579   0.08713  
  7 125.6602   8127.523026  x:  0.70278   1.97448   1.65857   0.79696   1.35189   0.46038   1.31008   0.65947   0.71153   0.44243   1.25842   0.17754   0.00000   0.06265   0.06970   0.00671   0.02943   1.73920   0.16978   0.13579   0.08713  
  8 118.3990   8121.202386  x:  0.70519   1.97496   1.65963   0.79919   1.35147   0.46058   1.30989   0.65955   0.71171   0.44302   1.25983   0.18189   0.00805   0.06219   0.06972   0.00000   0.02284   1.73702   0.18316   0.13586   0.08645  
  9 490.5423   8116.820358  x:  0.70926   1.97575   1.66142   0.80295   1.35070   0.46086   1.30950   0.65962   0.71195   0.44399   1.26219   0.18897   0.02104   0.06141   0.06994   0.00557   0.01278   1.73336   0.20294   0.13596   0.08531  
 10 1499.6035   8111.477862  x:  0.73329   1.97862   1.67078   0.82512   1.34233   0.45894   1.30374   0.65652   0.71058   0.44748   1.27492   0.21556   0.06816   0.05678   0.07028   0.00544   0.00820   1.71369   0.18253   0.13552   0.08012  
 11 180.7273   8110.100433  x:  0.74504   1.98016   1.67549   0.83594   1.33852   0.45822   1.30119   0.65528   0.71013   0.44935   1.28115   0.22251   0.08256   0.05550   0.07062   0.00544   0.02028   1.70392   0.18160   0.13490   0.07805  
 12 403.7736   8072.677487  x:  1.16007   2.03492   1.84459   1.21723   1.20452   0.43238   1.21281   0.61380   0.69544   0.51544   1.49794   0.13934   0.11097   0.06128   0.09448   0.00465   0.01770   1.35693   0.14836   0.09013   0.02343  
 13 183.7158   8061.077377  x:  1.36478   2.06185   1.92902   1.40507   1.13778   0.42023   1.16983   0.59496   0.68774   0.54695   1.60424   0.11092   0.11920   0.05904   0.09174   0.00457   0.01573   1.18682   0.13295   0.09018   0.09214  
 14 1226.7296   8059.323473  x:  1.38987   2.06486   1.94112   1.42715   1.12918   0.42051   1.16645   0.59662   0.68587   0.54783   1.61536   0.12145   0.10862   0.05129   0.06330   0.00482   0.01530   1.17679   0.13229   0.10286   0.08852  
 15 109.3104   8057.358517  x:  1.43208   2.06945   1.96446   1.46291   1.11426   0.42425   1.16409   0.60608   0.68154   0.54480   1.63090   0.16317   0.07888   0.07598   0.05586   0.00471   0.01485   1.17837   0.13155   0.13985   0.08032  
 16 96.3918   8055.705460  x:  1.47062   2.07339   1.98752   1.49496   1.10066   0.42982   1.16394   0.61830   0.67751   0.54030   1.64336   0.20265   0.04764   0.05858   0.07189   0.00433   0.01435   1.18978   0.13174   0.16969   0.07344  
 17 134.9973   8052.487003  x:  1.57495   2.08216   2.06694   1.57678   1.06759   0.46905   1.18447   0.68305   0.67333   0.52074   1.66241   0.25551   0.01329   0.05764   0.06796   0.00412   0.01357   1.31224   0.13025   0.10063   0.08602  
 18 36.0063   8052.012168  x:  1.60215   2.08419   2.10433   1.59389   1.06717   0.49353   1.20349   0.70459   0.69346   0.53191   1.65684   0.23041   0.02897   0.05760   0.06828   0.00412   0.01365   1.34907   0.12713   0.12656   0.08500  
 19 15.7442   8051.264534  x:  1.63117   2.08424   2.25618   1.58745   1.09708   0.53763   1.26685   0.68169   0.73827   0.53948   1.57840   0.24550   0.02065   0.05733   0.06796   0.00394   0.01347   1.32507   0.12287   0.11456   0.08556  
 20  6.2023   8050.756658  x:  1.64668   2.07905   2.36238   1.58825   1.10105   0.53229   1.28501   0.65801   0.70484   0.50178   1.53240   0.23005   0.03119   0.05761   0.06830   0.00398   0.01357   1.32831   0.12409   0.12465   0.08529  
 21 11.1485   8049.976105  x:  1.64892   2.05026   2.48993   1.60194   1.08579   0.46469   1.25973   0.65872   0.68999   0.56072   1.49415   0.22430   0.03554   0.05786   0.06837   0.00398   0.01358   1.35266   0.12777   0.12734   0.08600  
 22  7.3388   8048.048147  x:  1.62521   1.94852   2.65174   1.69761   1.18312   0.47540   1.21602   0.83880   0.69054   0.54875   1.54275   0.21478   0.04284   0.05839   0.06878   0.00373   0.01352   1.31108   0.12586   0.12855   0.08632  
 23  6.0285   8046.024518  x:  1.66667   1.94693   2.69049   1.79881   1.25324   0.51001   1.24408   0.74993   0.79818   0.50405   1.70296   0.20791   0.04600   0.05834   0.06899   0.00353   0.01327   1.37237   0.12879   0.13312   0.08960  
 24  7.1242   8044.295975  x:  1.76639   2.10466   2.65852   1.81381   1.28197   0.56199   1.44057   0.74293   0.70930   0.58900   1.84203   0.20557   0.04729   0.05815   0.06932   0.00321   0.01304   1.38480   0.12512   0.13292   0.09164  
 25  9.2560   8043.319716  x:  1.86681   2.34486   2.64925   1.76454   1.25371   0.51065   1.47602   0.82330   0.77110   0.54594   1.87342   0.19808   0.05370   0.05817   0.06994   0.00304   0.01304   1.37091   0.12227   0.13299   0.09233  
 26  7.3438   8042.712021  x:  1.93705   2.53519   2.66644   1.76208   1.33643   0.55415   1.38000   0.83192   0.75721   0.56795   1.87479   0.19693   0.05524   0.05794   0.07001   0.00290   0.01294   1.38704   0.11930   0.13306   0.09341  
 27  6.0081   8040.978569  x:  1.93366   2.78508   2.81555   2.12549   1.48264   0.46148   1.47859   0.85756   0.77310   0.57832   1.92130   0.19290   0.06364   0.05741   0.07011   0.00244   0.01285   1.40647   0.10568   0.13106   0.09463  
 28  1.7564   8038.510900  x:  2.11982   2.83551   2.97009   2.40794   1.20492   0.70386   1.46156   0.86945   0.78677   0.59764   1.90912   0.17904   0.08115   0.05776   0.07155   0.00211   0.01324   1.36523   0.09838   0.12403   0.09382  
 29  3.5877   8037.001153  x:  2.59990   2.62854   3.00119   2.38737   1.33247   0.64296   1.50042   0.88997   0.80407   0.59884   1.91240   0.16734   0.09471   0.05737   0.07207   0.00194   0.01332   1.36515   0.09327   0.12314   0.09504  
 30  4.2974   8036.544195  x:  2.70033   2.58083   2.93852   2.50363   1.33946   0.63531   1.51153   0.88080   0.81169   0.59659   1.77905   0.16314   0.09909   0.05748   0.07133   0.00212   0.01338   1.35957   0.09646   0.12712   0.09300  
 31  0.7519   8035.075015  x:  2.80005   2.55635   3.34391   2.49606   1.37293   0.64707   1.54669   0.88078   0.83565   0.61485   2.20393   0.16628   0.10083   0.05688   0.06921   0.00260   0.01371   1.34270   0.09308   0.13112   0.08121  
 32  1.1250   8033.823492  x:  3.05299   2.91516   3.63362   2.92416   1.54551   0.67994   1.68979   0.95675   0.89000   0.64431   2.29675   0.14834   0.11455   0.05906   0.06924   0.00289   0.01339   1.35579   0.07982   0.14501   0.06904  
 33  0.5444   8033.323860  x:  3.28169   3.07566   3.79409   3.08983   1.63840   0.73124   1.78334   1.02905   0.92405   0.66348   2.35670   0.13374   0.12496   0.05924   0.07393   0.00302   0.01340   1.38914   0.07734   0.16147   0.05886  
 34  0.2172   8033.149508  x:  3.42494   3.19620   3.94018   3.17168   1.70133   0.77345   1.85571   1.07872   0.95153   0.67988   2.46259   0.13796   0.12602   0.05761   0.07392   0.00295   0.01362   1.39387   0.07264   0.16691   0.05833  
 35  0.2306   8032.994593  x:  3.50249   3.24850   4.02061   3.15300   1.72890   0.81246   1.90360   1.11274   0.97021   0.69063   2.54278   0.13987   0.12719   0.05709   0.07247   0.00279   0.01366   1.39335   0.07170   0.17067   0.06507  
 36  0.1222   8032.924437  x:  3.61243   3.34507   4.15808   3.24535   1.78268   0.84114   1.96456   1.14555   0.99575   0.70365   2.62534   0.12397   0.13771   0.05862   0.07203   0.00283   0.01346   1.39643   0.06873   0.17899   0.06554  
 37  0.2331   8032.882350  x:  3.68359   3.42631   4.26931   3.36452   1.82979   0.85320   2.00987   1.15956   1.01754   0.71469   2.67888   0.12068   0.13975   0.05866   0.07170   0.00291   0.01337   1.39753   0.06736   0.18770   0.06345  
 38  0.1004   8032.873116  x:  3.73136   3.47207   4.32844   3.41590   1.85540   0.86284   2.03499   1.17251   1.02847   0.72144   2.71479   0.12146   0.14014   0.05840   0.07201   0.00290   0.01345   1.40043   0.06612   0.19087   0.06356  
 39  0.1344   8032.871308  x:  3.74468   3.48032   4.34332   3.43028   1.86093   0.86253   2.03862   1.17503   1.03050   0.72385   2.72420   0.12085   0.14077   0.05830   0.07235   0.00288   0.01353   1.40251   0.06599   0.19209   0.06429  
 40  0.0205   8032.870919  x:  3.75424   3.48379   4.34987   3.43827   1.86270   0.86185   2.03934   1.17692   1.03106   0.72504   2.72808   0.11994   0.14130   0.05832   0.07218   0.00288   0.01350   1.40241   0.06587   0.19310   0.06419  
 41  0.0086   8032.870771  x:  3.75264   3.47959   4.34337   3.43434   1.85969   0.86005   2.03579   1.17633   1.02963   0.72468   2.72499   0.12028   0.14113   0.05838   0.07216   0.00288   0.01350   1.40193   0.06597   0.19330   0.06410  
 42  0.0063   8032.870603  x:  3.75246   3.47907   4.33849   3.43050   1.85798   0.85942   2.03424   1.17670   1.02884   0.72425   2.72358   0.11949   0.14192   0.05831   0.07230   0.00288   0.01353   1.40203   0.06600   0.19449   0.06409  
 43  0.0020   8032.870151  x:  3.74944   3.48412   4.33600   3.42980   1.85851   0.85988   2.03588   1.17616   1.02925   0.72358   2.72488   0.11741   0.14383   0.05835   0.07220   0.00289   0.01348   1.40216   0.06601   0.19956   0.06381  
 44  0.0015   8032.870030  x:  3.75093   3.48195   4.33959   3.43220   1.85946   0.85986   2.03609   1.17573   1.02948   0.72421   2.72607   0.11677   0.14457   0.05839   0.07226   0.00288   0.01353   1.40190   0.06598   0.20119   0.06370  
 45  0.0025   8032.869990  x:  3.74824   3.47761   4.33791   3.42941   1.85836   0.85969   2.03477   1.17501   1.02898   0.72401   2.72383   0.11657   0.14472   0.05834   0.07224   0.00288   0.01351   1.40193   0.06603   0.20168   0.06368  
 46  0.0038   8032.869986  x:  3.74823   3.47741   4.33839   3.42967   1.85838   0.85970   2.03470   1.17518   1.02904   0.72400   2.72334   0.11657   0.14469   0.05837   0.07224   0.00288   0.01351   1.40200   0.06603   0.20169   0.06368  
 47  0.0005   8032.869985  x:  3.74830   3.47756   4.33869   3.42994   1.85839   0.85965   2.03468   1.17531   1.02909   0.72398   2.72308   0.11657   0.14470   0.05836   0.07224   0.00288   0.01351   1.40198   0.06603   0.20171   0.06368  
 48  0.0003   8032.869985  x:  3.74829   3.47761   4.33877   3.42988   1.85839   0.85965   2.03471   1.17532   1.02909   0.72397   2.72308   0.11655   0.14471   0.05836   0.07224   0.00288   0.01351   1.40197   0.06603   0.20175   0.06368  
 49  0.0001   8032.869985  x:  3.74834   3.47760   4.33885   3.42985   1.85840   0.85964   2.03473   1.17531   1.02908   0.72398   2.72311   0.11656   0.14471   0.05836   0.07224   0.00288   0.01351   1.40197   0.06603   0.20173   0.06368  
 50  0.0000   8032.869985  x:  3.74834   3.47760   4.33884   3.42985   1.85840   0.85964   2.03472   1.17531   1.02908   0.72398   2.72311   0.11656   0.14471   0.05836   0.07224   0.00288   0.01351   1.40197   0.06603   0.20173   0.06368  
 51  0.0000   8032.869985  x:  3.74834   3.47760   4.33884   3.42985   1.85840   0.85964   2.03472   1.17531   1.02908   0.72398   2.72311   0.11656   0.14471   0.05836   0.07224   0.00288   0.01351   1.40197   0.06603   0.20173   0.06368  
 52  0.0000   8032.869985  x:  3.74834   3.47760   4.33884   3.42985   1.85840   0.85964   2.03472   1.17531   1.02908   0.72398   2.72311   0.11656   0.14471   0.05836   0.07224   0.00288   0.01351   1.40197   0.06603   0.20173   0.06368  
 53  0.0000   8032.869985  x:  3.74834   3.47760   4.33883   3.42985   1.85840   0.85964   2.03472   1.17531   1.02908   0.72398   2.72310   0.11656   0.14471   0.05836   0.07224   0.00288   0.01351   1.40197   0.06603   0.20174   0.06368  
 54  0.0000   8032.869985  x:  3.74834   3.47760   4.33883   3.42985   1.85840   0.85964   2.03472   1.17531   1.02908   0.72398   2.72310   0.11656   0.14471   0.05836   0.07224   0.00288   0.01351   1.40197   0.06603   0.20174   0.06368  