   10
BAM_029380  0.000000  1.283822  1.301657  2.021464  1.773301  0.570028
  0.644216  0.278568  1.285532  1.304048
BA_5188xxx  1.283822  0.000000  0.018665  1.542449  1.604718  1.251989
  1.152315  1.177704  0.009293  0.077950
BC_4954xxx  1.301657  0.018665  0.000000  1.544836  1.595050  1.237654
  1.142314  1.159929  0.028119  0.070808
NT03BC3335  2.021464  1.542449  1.544836  0.000000  1.222330  1.799507
  1.837992  1.888167  1.563253  1.551239
BH3423xxxx  1.773301  1.604718  1.595050  1.222330  0.000000  1.662167
  1.792170  1.692459  1.625334  1.626976
NT03BL3617  0.570028  1.251989  1.237654  1.799507  1.662167  0.000000
  0.675343  0.499098  1.253571  1.211256
BPUM_2890x  0.644216  1.152315  1.142314  1.837992  1.792170  0.675343
  0.000000  0.620964  1.171661  1.178459
BG14044xxx  0.278568  1.177704  1.159929  1.888167  1.692459  0.499098
  0.620964  0.000000  1.176843  1.137546
NT02BT4949  1.285532  0.009293  0.028119  1.563253  1.625334  1.253571
  1.171661  1.176843  0.000000  0.083900
KBAB4_4773  1.304048  0.077950  0.070808  1.551239  1.626976  1.211256
  1.178459  1.137546  0.083900  0.000000
