

TREE # 1

  0  0.0000   6981.997241  x:  0.32202   1.41858   1.64834   0.36014   1.32877   0.06546   1.55813   0.49226   0.66376   0.77352   1.27572   0.23630   0.00798   0.24630   0.04808   0.00000   0.00000   2.00000   0.20000   0.20000   0.20000  
  1 99.0000   6981.996184  x:  0.32202   1.41858   1.64834   0.36014   1.32877   0.06546   1.55813   0.49226   0.66376   0.77352   1.27572   0.23630   0.00798   0.24630   0.04808   0.00000   0.00000   2.00000   0.20000   0.20000   0.20000  
  2 612.2632   6967.373563  x:  0.34739   1.42241   1.65594   0.41822   1.33370   0.10542   1.55528   0.49483   0.65432   0.76490   1.29587   0.22045   0.01592   0.20670   0.03096   0.00000   0.00000   1.98016   0.15483   0.14142   0.20957  
  3 271.1936   6947.027780  x:  0.38820   1.42980   1.66939   0.50824   1.34286   0.16716   1.55251   0.50056   0.64187   0.75338   1.32838   0.19871   0.02925   0.15288   0.03774   0.00000   0.00000   1.94695   0.16199   0.05216   0.22529  
  4 920.7343   6921.080847  x:  0.55512   1.46158   1.73092   0.86034   1.37961   0.39293   1.53949   0.51712   0.59176   0.70650   1.46624   0.16394   0.10263   0.12371   0.04452   0.00000   0.00000   1.79209   0.15980   0.15132   0.29956  
  5 240.0589   6911.958051  x:  0.61339   1.47492   1.76012   0.97267   1.39148   0.45285   1.53469   0.51858   0.58007   0.69532   1.51823   0.12931   0.06103   0.21100   0.04759   0.00000   0.00000   1.72930   0.15033   0.14419   0.32213  
  6 242.1325   6907.757208  x:  0.65763   1.49178   1.80355   1.03175   1.39829   0.45099   1.53231   0.51084   0.58980   0.70382   1.56798   0.23114   0.05763   0.26842   0.03927   0.00000   0.00000   1.66108   0.14093   0.11537   0.33624  
  7 84.6485   6904.508036  x:  0.68723   1.50798   1.84789   1.05628   1.40280   0.42093   1.53314   0.50272   0.60655   0.71874   1.60947   0.26962   0.00000   0.25111   0.04335   0.00000   0.00000   1.60532   0.13541   0.12007   0.35585  
  8 70.4241   6899.780907  x:  0.76144   1.56499   2.01771   1.07140   1.42006   0.25182   1.54661   0.48002   0.66554   0.77007   1.75759   0.22553   0.04032   0.24553   0.04344   0.00000   0.00000   1.45285   0.12056   0.11235   0.41451  
  9 48.8238   6896.974145  x:  0.78342   1.61756   2.24598   1.05918   1.52592   0.17436   1.61383   0.56743   0.60840   0.69576   1.94846   0.23424   0.03362   0.24435   0.04493   0.00000   0.00000   1.53676   0.11075   0.10948   0.43131  
 10 18.2034   6896.038527  x:  0.74825   1.62471   2.34276   1.05276   1.58803   0.21511   1.64406   0.58492   0.66570   0.74880   2.02804   0.23361   0.03309   0.24525   0.04712   0.00000   0.00000   1.57699   0.10339   0.11137   0.40920  
 11 14.2107   6895.200483  x:  0.66190   1.61467   2.43358   1.06590   1.60709   0.24383   1.64371   0.48961   0.64185   0.75264   2.09999   0.22997   0.03079   0.23870   0.05003   0.00000   0.00000   1.57879   0.10542   0.11383   0.32952  
 12  7.8332   6893.853427  x:  0.57019   1.59616   2.49255   1.10140   1.54913   0.25926   1.63896   0.59290   0.62498   0.74315   2.10030   0.22472   0.03076   0.23027   0.05615   0.00000   0.00000   1.50177   0.10407   0.11240   0.23789  
 13  2.8900   6888.258022  x:  0.44434   1.55799   2.62571   1.30616   1.30863   0.28907   1.53536   0.64745   0.63660   0.75391   2.02885   0.23529   0.03718   0.22815   0.07138   0.00000   0.00000   1.58549   0.11084   0.08092   0.44407  
 14  5.4522   6881.307011  x:  0.77282   1.62254   2.55645   1.28402   1.48094   0.38806   1.57777   0.56851   0.61389   0.72253   1.88998   0.22440   0.04576   0.20117   0.09723   0.00000   0.00000   1.53987   0.10479   0.05246   0.38015  
 15  8.2106   6880.195349  x:  0.85957   1.62618   2.47805   1.37774   1.46740   0.31807   1.61961   0.55828   0.64356   0.75248   1.93058   0.22049   0.04164   0.19232   0.10349   0.00000   0.00000   1.61600   0.10509   0.05597   0.27207  
 16  9.0671   6879.664379  x:  0.80781   1.62277   2.35810   1.41239   1.52592   0.28722   1.72194   0.55443   0.64099   0.75023   2.01695   0.22108   0.04055   0.18889   0.10572   0.00000   0.00000   1.59485   0.10336   0.05521   0.29575  
 17  3.4777   6878.734871  x:  0.78978   1.76920   2.28604   1.39870   1.59933   0.31106   1.63038   0.56727   0.66459   0.72723   2.13089   0.21162   0.03868   0.17347   0.11246   0.00000   0.00000   1.58737   0.10182   0.06585   0.26479  
 18  1.6439   6878.162388  x:  0.83725   1.76509   2.35253   1.39263   1.59793   0.34377   1.70643   0.56220   0.59188   0.80684   2.11440   0.20473   0.03884   0.16541   0.11704   0.00000   0.00000   1.58437   0.09927   0.07381   0.24905  
 19  2.4469   6877.790129  x:  0.87322   1.70197   2.42976   1.40351   1.60150   0.36086   1.77956   0.54227   0.64536   0.75231   2.08082   0.19942   0.03957   0.16017   0.12031   0.00000   0.00000   1.57789   0.09793   0.07906   0.23211  
 20  3.8932   6877.588125  x:  0.87639   1.62534   2.47063   1.44311   1.67965   0.33558   1.74014   0.55913   0.64163   0.76754   2.08286   0.19850   0.03997   0.15971   0.12212   0.00000   0.00000   1.57741   0.09815   0.07964   0.22991  
 21  1.1429   6875.991663  x:  0.85647   1.86322   2.78139   1.64508   1.77391   0.38530   1.86422   0.62287   0.68912   0.81386   2.29596   0.20279   0.04239   0.17596   0.14015   0.00000   0.00000   1.59249   0.08550   0.07715   0.21114  
 22  0.8777   6875.806542  x:  0.89591   1.81950   2.79370   1.60739   1.72621   0.42628   1.85930   0.63681   0.68948   0.81640   2.40397   0.20403   0.04144   0.17656   0.14224   0.00000   0.00000   1.59033   0.08566   0.07635   0.21488  
 23  1.9547   6875.563019  x:  0.90483   1.86529   2.82239   1.69582   1.74719   0.42235   1.90576   0.64014   0.69423   0.81973   2.38214   0.20229   0.04266   0.17329   0.14808   0.00000   0.00000   1.59000   0.08636   0.07621   0.21538  
 24  0.1335   6875.456825  x:  0.95045   1.87506   2.85360   1.77374   1.76007   0.42664   1.94119   0.64921   0.69508   0.82542   2.41553   0.20167   0.04147   0.16881   0.15339   0.00000   0.00000   1.58187   0.08347   0.07614   0.20307  
 25  0.1041   6875.428602  x:  0.96724   1.88084   2.87294   1.79688   1.77041   0.43056   1.95955   0.65429   0.69721   0.82757   2.42004   0.20388   0.04170   0.17121   0.15236   0.00000   0.00000   1.58542   0.08265   0.07601   0.21964  
 26  0.0412   6875.364882  x:  1.01579   1.90500   2.90207   1.83899   1.79690   0.43930   1.99640   0.66510   0.70172   0.83733   2.44370   0.20696   0.04220   0.17498   0.14819   0.00000   0.00000   1.60108   0.08164   0.07535   0.21293  
 27  0.0511   6875.309207  x:  1.03315   1.94176   2.94771   1.86338   1.82323   0.44577   2.01916   0.67297   0.71118   0.84680   2.48471   0.20356   0.04214   0.17029   0.14286   0.00000   0.00000   1.59714   0.07983   0.07520   0.22088  
 28  0.0462   6875.303932  x:  1.02182   1.94249   2.95685   1.86853   1.82516   0.45077   2.02375   0.67197   0.71235   0.84608   2.49476   0.20319   0.04264   0.17172   0.14181   0.00000   0.00000   1.59342   0.07968   0.07558   0.22101  
 29  0.0130   6875.303360  x:  1.01811   1.94387   2.95954   1.87424   1.82486   0.45203   2.02578   0.67295   0.71226   0.84692   2.49861   0.20312   0.04260   0.17140   0.14214   0.00000   0.00000   1.59504   0.07959   0.07557   0.22071  
 30  0.0060   6875.303324  x:  1.01776   1.94338   2.95850   1.87445   1.82412   0.45219   2.02508   0.67318   0.71211   0.84701   2.49761   0.20319   0.04258   0.17137   0.14205   0.00000   0.00000   1.59517   0.07964   0.07556   0.22084  
 31  0.0015   6875.303317  x:  1.01779   1.94315   2.95814   1.87456   1.82377   0.45233   2.02477   0.67328   0.71209   0.84701   2.49714   0.20322   0.04257   0.17138   0.14202   0.00000   0.00000   1.59508   0.07964   0.07556   0.22084  
 32  0.0006   6875.303317  x:  1.01767   1.94302   2.95795   1.87439   1.82361   0.45236   2.02457   0.67321   0.71207   0.84694   2.49696   0.20321   0.04258   0.17137   0.14203   0.00000   0.00000   1.59505   0.07964   0.07557   0.22083  
 33  0.0004   6875.303317  x:  1.01767   1.94302   2.95794   1.87438   1.82360   0.45237   2.02456   0.67319   0.71206   0.84693   2.49695   0.20321   0.04258   0.17137   0.14203   0.00000   0.00000   1.59506   0.07964   0.07556   0.22083  
 34  0.0000   6875.303317  x:  1.01768   1.94302   2.95794   1.87439   1.82360   0.45237   2.02456   0.67319   0.71206   0.84693   2.49695   0.20321   0.04258   0.17137   0.14203   0.00000   0.00000   1.59506   0.07964   0.07556   0.22083  
 35  0.0000   6875.303317  x:  1.01768   1.94302   2.95794   1.87439   1.82360   0.45237   2.02456   0.67319   0.71206   0.84693   2.49695   0.20321   0.04258   0.17137   0.14203   0.00000   0.00000   1.59506   0.07964   0.07556   0.22083  
 36  0.0000   6875.303317  x:  1.01768   1.94302   2.95794   1.87439   1.82360   0.45237   2.02456   0.67319   0.71206   0.84693   2.49695   0.20321   0.04258   0.17137   0.14203   0.00000   0.00000   1.59506   0.07964   0.07556   0.22083  