Supplemental results for CODEML (seqf: cds2.phylip  treef: tree.H2C2.nwk)

Number of codon sites with 0,1,2,3 position differences
   2 vs.    1     45   100   120    64  -1.0000 (0.7446 -1.0000)
   3 vs.    1     48    90   125    66  -1.0000 (0.7530 -1.0000)
   3 vs.    2    267    70     4     0   0.0518 (0.0199 0.3836)
   4 vs.    1     35    99   112    82   0.2260 (0.9195 4.0684)
   4 vs.    2     42    94   126    68   0.3976 (0.8663 2.1790)
   4 vs.    3     42    99   120    69   0.4330 (0.8614 1.9893)
   5 vs.    1     30   107   125    72  -1.0000 (0.8768 -1.0000)
   5 vs.    2     40   100   116    80  -1.0000 (0.8586 -1.0000)
   5 vs.    3     37   103   118    78  -1.0000 (0.8368 -1.0000)
   5 vs.    4     81   124    85    42   0.0735 (0.4251 5.7860)
   6 vs.    1     91   126    91    31  -1.0000 (0.3481 -1.0000)
   6 vs.    2     44   101   125    57  -1.0000 (0.7188 -1.0000)
   6 vs.    3     47    94   127    59  -1.0000 (0.7308 -1.0000)
   6 vs.    4     43    88   107    88  -1.0000 (0.9132 -1.0000)
   6 vs.    5     47    89   113    83   0.4584 (0.9145 1.9950)
   7 vs.    1     85   133    85    37  -1.0000 (0.3886 -1.0000)
   7 vs.    2     53   109   117    50  -1.0000 (0.6284 -1.0000)
   7 vs.    3     52   110   118    49  -1.0000 (0.6361 -1.0000)
   7 vs.    4     37    71   120   100  -1.0000 (1.0457 -1.0000)
   7 vs.    5     41    89   105    99  -1.0000 (0.9576 -1.0000)
   7 vs.    6     89   127    91    32  -1.0000 (0.3526 -1.0000)
   8 vs.    1    133   142    53    12   0.0977 (0.1861 1.9042)
   8 vs.    2     48   107   116    58  -1.0000 (0.7002 -1.0000)
   8 vs.    3     49   101   117    62  -1.0000 (0.7198 -1.0000)
   8 vs.    4     43    87   107    91  -1.0000 (0.9063 -1.0000)
   8 vs.    5     40    89   124    81  -1.0000 (0.8989 -1.0000)
   8 vs.    6    102   136    68    33  -1.0000 (0.3124 -1.0000)
   8 vs.    7     86   134    80    40  -1.0000 (0.3690 -1.0000)
   9 vs.    1     42   102   120    65  -1.0000 (0.7455 -1.0000)
   9 vs.    2    314    26     1     0   0.0392 (0.0049 0.1255)
   9 vs.    3    265    71     5     0   0.0446 (0.0186 0.4173)
   9 vs.    4     41    91   131    67   0.4145 (0.8851 2.1352)
   9 vs.    5     40    98   119    79  -1.0000 (0.8588 -1.0000)
   9 vs.    6     44   101   127    55  -1.0000 (0.7168 -1.0000)
   9 vs.    7     49   117   114    49  -1.0000 (0.6262 -1.0000)
   9 vs.    8     47   103   121    58  -1.0000 (0.7010 -1.0000)
  10 vs.    1     49   104   110    66   0.1533 (0.7398 4.8248)
  10 vs.    2    227   104    10     0   0.0498 (0.0357 0.7183)
  10 vs.    3    213   118    10     0   0.0373 (0.0350 0.9407)
  10 vs.    4     44   101   112    73   0.5483 (0.8830 1.6104)
  10 vs.    5     42    99   109    86  -1.0000 (0.8588 -1.0000)
  10 vs.    6     44   107   114    62  -1.0000 (0.7288 -1.0000)
  10 vs.    7     56   108   121    44   0.2193 (0.6250 2.8506)
  10 vs.    8     45   109   113    62  -1.0000 (0.7148 -1.0000)
  10 vs.    9    222   109     9     1   0.0447 (0.0357 0.7998)

