

TREE # 1

  0  0.0000  11173.452655  x:  0.00000   0.24420   0.22950   0.10939   0.09172   0.06194   0.16579   0.10279   0.09940   0.10437   0.09179   0.04651   0.06269   0.02016   0.06584   0.10293   0.08524   2.00000   0.20000   0.20000   0.20000  
  1 99.0000   8793.200380  x:  7.72938   0.55020   0.54250   0.60762   0.53436   0.38956   0.41720   0.34193   0.44252   0.37805   0.76940   0.25116   0.22568   0.37698   0.11543   0.05582   0.05269   1.95210   0.74143   0.16318   0.17656  
  2 30332.1525   8641.154973  x:  7.73050   0.62495   0.61604   0.63550   0.55880   0.42094   0.50006   0.39231   0.49235   0.41875   0.79606   0.22414   0.20888   0.31488   0.06691   0.00633   0.04418   1.95468   0.56352   0.01961   0.13856  
  3 616.8990   8580.530181  x:  7.73142   0.67770   0.66789   0.65655   0.57621   0.44317   0.55727   0.42690   0.52684   0.44660   0.81614   0.21184   0.20415   0.27603   0.03733   0.04155   0.05905   1.95473   0.42523   0.00464   0.11289  
  4 1827.6691   8500.727328  x:  7.73219   0.73869   0.72785   0.68061   0.59632   0.46887   0.62371   0.46714   0.56687   0.47900   0.83908   0.19591   0.19688   0.22985   0.00288   0.05636   0.06843   1.95515   0.26833   0.00973   0.08296  
  5 20819.2058   8472.619563  x:  7.73208   0.77098   0.75958   0.69374   0.60714   0.48260   0.65876   0.48842   0.58802   0.49608   0.85154   0.18829   0.19382   0.20641   0.01457   0.06252   0.07248   1.95486   0.18614   0.01139   0.06766  
  6 7366.4167   8407.580490  x:  7.67505   0.96260   0.94747   0.80761   0.69166   0.57871   0.85764   0.61788   0.71297   0.59578   0.95476   0.19830   0.22848   0.13887   0.03185   0.11193   0.06685   1.90193   0.23273   0.02183   0.01568  
  7 425.7974   8384.284061  x:  7.61912   1.13612   1.11700   0.93657   0.77371   0.66696   1.02558   0.72594   0.81585   0.67246   1.07028   0.23529   0.28833   0.16346   0.03581   0.13891   0.04211   1.83130   0.22763   0.02636   0.19598  
  8 763.6723   8339.360377  x:  7.53577   1.30424   1.27824   1.19737   0.88344   0.75963   1.12683   0.78761   0.86303   0.67641   1.29647   0.39743   0.47112   0.51070   0.01888   0.11059   0.01206   1.65876   0.13681   0.01953   0.13627  
  9 258.2561   8336.780526  x:  7.52938   1.31635   1.28975   1.22375   0.89299   0.76619   1.13088   0.78988   0.86412   0.67330   1.31892   0.40751   0.48193   0.52918   0.01810   0.09837   0.04543   1.64201   0.13211   0.01916   0.13492  
 10 281.4633   8321.754376  x:  7.50252   1.34869   1.31722   1.51311   0.96011   0.77586   1.04174   0.72512   0.79593   0.56153   1.55664   0.41032   0.46669   0.41291   0.01559   0.09798   0.03912   1.47415   0.10543   0.01789   0.13717  
 11 80.2709   8315.438724  x:  7.48809   1.39403   1.35921   1.67760   0.94831   0.73580   1.01546   0.67637   0.77575   0.51767   1.68672   0.27845   0.33452   0.46437   0.01931   0.11471   0.03789   1.46631   0.11137   0.02064   0.13650  
 12 59.7447   8313.834479  x:  7.47896   1.36929   1.33237   1.78398   0.90923   0.67757   0.98810   0.66711   0.82628   0.60244   1.75343   0.27895   0.31697   0.46399   0.01947   0.11587   0.03752   1.51470   0.11017   0.02081   0.13685  
 13 20.1134   8313.070397  x:  7.47638   1.35672   1.31645   1.85805   0.87786   0.64325   1.02916   0.69568   0.80211   0.57922   1.77586   0.30500   0.32350   0.45174   0.01955   0.11469   0.03765   1.59464   0.11263   0.02073   0.13844  
 14 10.6544   8311.020481  x:  7.47249   1.28819   1.22121   2.05434   0.91580   0.71537   1.10579   0.75749   0.79360   0.59445   1.65957   0.31953   0.24146   0.44596   0.02055   0.11681   0.03758   1.58270   0.10932   0.02144   0.13967  
 15  4.0888   8296.272524  x:  7.48326   1.47218   1.21745   3.16814   0.86485   0.82396   1.16911   0.61819   0.86991   0.58573   0.67963   0.54307   0.04934   0.26069   0.02398   0.09384   0.04319   1.54678   0.10968   0.02111   0.15197  
 16 21.8041   8292.211332  x:  7.48549   1.53442   1.22831   3.46698   0.88855   0.80380   1.05911   0.78417   0.81669   0.61925   0.43277   0.38291   0.19606   0.20533   0.02538   0.08690   0.04494   1.53146   0.10885   0.02105   0.15546  
 17 22.7231   8290.536737  x:  7.47440   1.50221   1.23816   3.43733   1.01092   0.76617   1.07661   0.76466   0.95782   0.53087   0.50858   0.31416   0.25897   0.19633   0.02608   0.08324   0.04603   1.57586   0.10841   0.02113   0.15566  
 18  4.4504   8279.235850  x:  7.41090   1.43186   1.60388   2.83202   1.48917   0.35989   1.34559   0.71162   0.84540   0.69156   1.38742   0.26111   0.22541   0.16705   0.03097   0.05755   0.05500   1.55707   0.10211   0.02214   0.15099  
 19  9.3726   8271.152205  x:  7.35785   1.48302   1.88380   2.44166   1.49271   0.54199   1.17723   0.94733   0.92054   0.66382   2.01965   0.34972   0.05764   0.17248   0.03424   0.04087   0.06117   1.69036   0.09749   0.02308   0.14782  
 20 20.8758   8265.888850  x:  7.33796   1.50158   1.93960   2.25897   1.12910   0.81240   1.32927   0.89397   0.97968   0.66382   2.40628   0.19110   0.19616   0.16474   0.03615   0.02649   0.06576   1.63049   0.09516   0.02306   0.14295  
 21 14.7406   8259.969016  x:  7.30728   1.82831   1.89182   2.46060   1.32889   0.86542   1.40440   0.86586   0.95360   0.76057   2.26363   0.12021   0.29750   0.23314   0.03860   0.01695   0.06816   1.78784   0.09044   0.02411   0.13093  
 22  2.2727   8257.527664  x:  7.30504   1.94220   1.86315   2.51898   1.29171   0.70672   1.46468   1.00460   1.05003   0.70558   2.19298   0.14270   0.27040   0.26198   0.03945   0.01511   0.06867   1.67289   0.08565   0.02466   0.12437  
 23 10.8174   8249.379551  x:  7.23795   2.11606   1.96123   2.42112   1.23258   0.94092   1.59291   1.06640   1.13437   0.77657   2.63003   0.41240   0.19753   0.25618   0.04536   0.02954   0.06137   1.69920   0.07913   0.02876   0.10072  
 24  0.9309   8240.671263  x:  7.17159   2.12700   2.55949   3.71284   1.31317   1.06221   1.83554   1.12738   1.21353   0.85927   1.91132   0.27439   0.21614   0.23639   0.05958   0.05287   0.05256   1.75387   0.06981   0.03748   0.06071  
 25  1.3057   8236.683103  x:  7.11898   2.73207   2.20744   3.92891   1.44991   1.07723   1.91743   1.18096   1.26003   0.90583   2.06059   0.30331   0.16037   0.20172   0.06720   0.04778   0.05298   1.75700   0.07127   0.04067   0.03788  
 26  1.7172   8234.131647  x:  7.05752   2.70660   2.47408   3.82095   1.58933   1.12299   1.98287   1.24399   1.31361   0.94348   2.54453   0.33510   0.12618   0.16206   0.07281   0.03388   0.05675   1.74750   0.06418   0.04253   0.03339  
 27  1.0764   8232.422837  x:  7.01926   2.40023   2.90481   3.62067   1.65668   1.13493   1.99886   1.30959   1.36065   0.94855   2.95606   0.29445   0.15222   0.16354   0.07655   0.02950   0.05902   1.71149   0.06385   0.04391   0.04890  
 28  1.1115   8231.512570  x:  6.97576   2.66082   2.83912   3.54769   1.73287   1.14570   2.06470   1.36287   1.40565   0.96809   3.29025   0.24902   0.16919   0.17393   0.08128   0.03490   0.05801   1.69844   0.05985   0.04644   0.05028  
 29  0.7572   8230.694506  x:  6.90805   2.79034   3.04537   3.82860   1.85566   1.18315   2.16851   1.45324   1.48800   1.00819   3.44731   0.26850   0.17666   0.18458   0.08926   0.03338   0.05883   1.70120   0.05698   0.04981   0.04045  
 30  0.3671   8230.368798  x:  6.87524   3.03620   2.97042   4.04160   1.92617   1.20058   2.22716   1.47668   1.51827   1.03147   3.48012   0.27963   0.16051   0.17233   0.09354   0.03301   0.05923   1.72658   0.05603   0.05155   0.04635  
 31  0.4120   8230.296224  x:  6.85636   2.98991   3.10712   4.14180   1.94842   1.21918   2.25919   1.48486   1.53487   1.04311   3.52765   0.27054   0.15871   0.17011   0.09583   0.03426   0.05835   1.72928   0.05535   0.05233   0.04457  
 32  0.1621   8230.221326  x:  6.83472   2.98258   3.18598   4.20003   1.97373   1.23211   2.28994   1.47854   1.54844   1.05616   3.64298   0.28671   0.15235   0.17337   0.09704   0.03369   0.05762   1.72514   0.05426   0.05190   0.04614  
 33  0.0632   8230.140049  x:  6.83158   2.98810   3.15965   4.23327   1.96284   1.22975   2.29040   1.44393   1.54006   1.05646   3.67980   0.29036   0.15279   0.17605   0.09600   0.03442   0.05685   1.72257   0.05500   0.05009   0.04678  
 34  0.0417   8230.016910  x:  6.81966   3.04937   3.11150   4.29996   1.97722   1.22416   2.29891   1.41542   1.53948   1.06025   3.75668   0.28065   0.15790   0.17260   0.09509   0.03399   0.05737   1.72054   0.05423   0.04732   0.04590  
 35  0.0672   8229.901244  x:  6.81341   3.02562   3.17627   4.36131   2.01435   1.19653   2.28640   1.47342   1.56351   1.05010   3.71681   0.27713   0.16943   0.17703   0.09414   0.03477   0.05967   1.72278   0.05387   0.04447   0.04439  
 36  0.0299   8229.841449  x:  6.79928   3.09172   3.20268   4.35378   2.04702   1.20456   2.31225   1.52308   1.58549   1.05929   3.76815   0.28976   0.15700   0.17388   0.09533   0.03461   0.05877   1.72077   0.05335   0.04381   0.04713  
 37  0.0448   8229.817080  x:  6.79414   3.10806   3.22611   4.31900   2.04189   1.23057   2.33767   1.52381   1.58689   1.07298   3.80675   0.28533   0.16065   0.17494   0.09543   0.03519   0.05730   1.72030   0.05299   0.04309   0.04559  
 38  0.0286   8229.810637  x:  6.79948   3.10471   3.22312   4.30720   2.02949   1.24228   2.34377   1.51556   1.58157   1.07778   3.76336   0.28533   0.16227   0.17496   0.09513   0.03496   0.05776   1.72151   0.05318   0.04319   0.04589  
 39  0.0255   8229.809684  x:  6.79808   3.10766   3.22791   4.31604   2.03225   1.24340   2.34818   1.51267   1.58319   1.07941   3.76476   0.28537   0.16204   0.17498   0.09511   0.03491   0.05807   1.72055   0.05307   0.04302   0.04609  
 40  0.0091   8229.809234  x:  6.79750   3.10928   3.23252   4.31203   2.03578   1.24225   2.35067   1.51030   1.58615   1.07945   3.76992   0.28532   0.16138   0.17509   0.09512   0.03498   0.05815   1.72011   0.05305   0.04313   0.04602  
 41  0.0029   8229.808891  x:  6.79749   3.11261   3.23257   4.30869   2.03950   1.23956   2.35044   1.50961   1.58874   1.07881   3.77137   0.28580   0.16164   0.17500   0.09492   0.03493   0.05812   1.72084   0.05305   0.04304   0.04601  
 42  0.0027   8229.808522  x:  6.79797   3.11324   3.23461   4.31176   2.03958   1.23924   2.35020   1.50914   1.58936   1.07933   3.76738   0.28537   0.16192   0.17505   0.09468   0.03496   0.05791   1.72079   0.05302   0.04317   0.04615  
 43  0.0012   8229.807874  x:  6.79823   3.11461   3.23717   4.31921   2.03827   1.23946   2.34938   1.51002   1.58913   1.08057   3.76686   0.28503   0.16196   0.17544   0.09406   0.03499   0.05785   1.72015   0.05302   0.04304   0.04627  
 44  0.0023   8229.807291  x:  6.79667   3.12136   3.24194   4.32278   2.04062   1.24261   2.35210   1.51486   1.59049   1.08285   3.77909   0.28569   0.16146   0.17541   0.09375   0.03491   0.05809   1.72104   0.05292   0.04315   0.04621  
 45  0.0067   8229.807176  x:  6.79711   3.11891   3.24014   4.32008   2.04042   1.24303   2.35295   1.51304   1.58966   1.08231   3.78227   0.28564   0.16169   0.17540   0.09361   0.03496   0.05806   1.72106   0.05294   0.04316   0.04628  
 46  0.0020   8229.807074  x:  6.79731   3.11812   3.24021   4.32192   2.04269   1.24280   2.35513   1.51460   1.59030   1.08150   3.78060   0.28568   0.16153   0.17544   0.09353   0.03496   0.05806   1.72092   0.05292   0.04315   0.04627  
 47  0.0015   8229.807047  x:  6.79725   3.11974   3.23954   4.32407   2.04309   1.24305   2.35597   1.51422   1.59059   1.08160   3.78119   0.28571   0.16148   0.17550   0.09355   0.03491   0.05805   1.72108   0.05292   0.04316   0.04625  
 48  0.0009   8229.806849  x:  6.79816   3.12019   3.24086   4.32548   2.04296   1.24389   2.35677   1.51481   1.59149   1.08166   3.78284   0.28536   0.16185   0.17551   0.09357   0.03491   0.05805   1.72122   0.05290   0.04315   0.04628  
 49  0.0004   8229.805304  x:  6.81498   3.12611   3.25393   4.34141   2.03977   1.25390   2.36541   1.52125   1.60256   1.08232   3.79883   0.28254   0.16475   0.17550   0.09365   0.03488   0.05809   1.72258   0.05270   0.04311   0.04652  
 50  0.0219   8229.798523  x:  6.86515   3.14095   3.26002   4.36395   2.04085   1.26425   2.37458   1.52693   1.61481   1.08684   3.80974   0.28665   0.16054   0.17538   0.09347   0.03492   0.05808   1.72345   0.05243   0.04317   0.04626  
 51  0.0077   8229.787078  x:  7.04068   3.19868   3.30150   4.45273   2.06901   1.29752   2.41320   1.55260   1.65531   1.10929   3.86928   0.29472   0.15219   0.17527   0.09321   0.03506   0.05803   1.72827   0.05128   0.04328   0.04584  
 52  0.1168   8229.757364  x:  7.37617   3.32854   3.44608   4.64072   2.20235   1.34251   2.50649   1.61889   1.71987   1.17041   4.05127   0.28663   0.16062   0.17576   0.09374   0.03497   0.05796   1.73966   0.04874   0.04322   0.04665  
 53  0.0789   8229.753149  x:  7.38310   3.33868   3.46115   4.64549   2.21471   1.33652   2.51481   1.62306   1.71602   1.17208   4.06422   0.28689   0.16001   0.17546   0.09381   0.03491   0.05801   1.73765   0.04875   0.04328   0.04647  
 54  0.0190   8229.748696  x:  7.49888   3.40159   3.52575   4.72472   2.25395   1.35416   2.56205   1.65108   1.74333   1.18947   4.14132   0.28911   0.15768   0.17511   0.09375   0.03487   0.05804   1.73910   0.04769   0.04337   0.04627  
 55  0.1478   8229.746556  x:  7.56001   3.42353   3.54381   4.75162   2.25358   1.36136   2.57813   1.65788   1.75183   1.19026   4.15502   0.28882   0.15891   0.17526   0.09374   0.03498   0.05798   1.74206   0.04749   0.04331   0.04643  
 56  0.0435   8229.746322  x:  7.55809   3.42087   3.54106   4.74463   2.25247   1.35981   2.57486   1.65619   1.74809   1.18851   4.15010   0.28864   0.15838   0.17537   0.09374   0.03490   0.05804   1.74228   0.04753   0.04333   0.04645  
 57  0.0048   8229.746241  x:  7.53728   3.41180   3.53245   4.73052   2.24562   1.35694   2.56757   1.65174   1.74255   1.18423   4.13816   0.28862   0.15868   0.17536   0.09371   0.03491   0.05802   1.74177   0.04769   0.04331   0.04645  
 58  0.0183   8229.746227  x:  7.53816   3.41287   3.53346   4.73227   2.24589   1.35773   2.56805   1.65203   1.74299   1.18416   4.13881   0.28861   0.15878   0.17533   0.09373   0.03493   0.05801   1.74165   0.04767   0.04331   0.04644  
 59  0.0021   8229.746221  x:  7.53901   3.41353   3.53369   4.73354   2.24618   1.35849   2.56799   1.65211   1.74331   1.18421   4.13878   0.28860   0.15871   0.17533   0.09373   0.03493   0.05802   1.74157   0.04766   0.04331   0.04644  
 60  0.0007   8229.746220  x:  7.54111   3.41437   3.53464   4.73428   2.24682   1.35903   2.56844   1.65253   1.74375   1.18443   4.14004   0.28863   0.15872   0.17534   0.09372   0.03492   0.05802   1.74169   0.04765   0.04331   0.04644  
 61  0.0018   8229.746220  x:  7.54100   3.41432   3.53461   4.73422   2.24679   1.35901   2.56842   1.65252   1.74373   1.18442   4.14000   0.28863   0.15872   0.17534   0.09372   0.03492   0.05802   1.74168   0.04765   0.04331   0.04644  
 62  0.0004   8229.746220  x:  7.54098   3.41431   3.53461   4.73421   2.24679   1.35900   2.56841   1.65251   1.74373   1.18441   4.14000   0.28863   0.15872   0.17534   0.09372   0.03492   0.05802   1.74168   0.04765   0.04331   0.04644  
 63  0.0003   8229.746220  x:  7.54097   3.41431   3.53461   4.73421   2.24679   1.35900   2.56841   1.65251   1.74373   1.18441   4.14000   0.28863   0.15872   0.17534   0.09372   0.03492   0.05802   1.74168   0.04765   0.04331   0.04644  
 64  0.0002   8229.746220  x:  7.54097   3.41431   3.53461   4.73421   2.24679   1.35900   2.56841   1.65251   1.74373   1.18441   4.14000   0.28863   0.15872   0.17534   0.09372   0.03492   0.05802   1.74168   0.04765   0.04331   0.04644  
 65  0.0002   8229.746220  x:  7.54094   3.41430   3.53460   4.73419   2.24678   1.35900   2.56841   1.65251   1.74373   1.18441   4.13999   0.28863   0.15872   0.17534   0.09372   0.03492   0.05802   1.74168   0.04765   0.04331   0.04644  