   11
BAM_016870  0.000000  0.549080  0.551603  0.711860  0.611663  0.097435
  0.041331  0.157913  0.033038  0.549080  0.550156
BA_3906xxx  0.549080  0.000000  0.010789  0.790903  0.742546  0.543034
  0.699949  0.566221  0.553911  0.000010  0.010788
BC_3770xxx  0.551603  0.010789  0.000000  0.784530  0.735985  0.552570
  0.720713  0.564247  0.563577  0.010789  0.021697
NT03BC2506  0.711860  0.790903  0.784530  0.000000  0.350808  0.708076
  1.011919  0.709983  0.726138  0.790903  0.812792
BH2370xxxx  0.611663  0.742546  0.735985  0.350808  0.000000  0.581916
  0.890804  0.635866  0.628485  0.742546  0.755222
NT03BL2026  0.097435  0.543034  0.552570  0.708076  0.581916  0.000000
  0.074942  0.108847  0.080532  0.543034  0.542955
Bmo3297xxx  0.041331  0.699949  0.720713  1.011919  0.890804  0.074942
  0.000000  0.206327  0.000010  0.699949  0.702806
BPUM_1607x  0.157913  0.566221  0.564247  0.709983  0.635866  0.108847
  0.206327  0.000000  0.160574  0.566221  0.566164
BG10494xxx  0.033038  0.553911  0.563577  0.726138  0.628485  0.080532
  0.000010  0.160574  0.000000  0.553911  0.554994
NT02BT3754  0.549080  0.000010  0.010789  0.790903  0.742546  0.543034
  0.699949  0.566221  0.553911  0.000000  0.010788
KBAB4_3541  0.550156  0.010788  0.021697  0.812792  0.755222  0.542955
  0.702806  0.566164  0.554994  0.010788  0.000000
