   11
BAM_007260  0.000000  0.123092  0.123092  2.118094  2.064647  1.972585
  0.132118  1.969452  0.032150  0.123092  0.125712
BA_0803xxx  0.123092  0.000000  0.000010  2.257954  2.244288  2.173384
  0.124217  2.139334  0.110486  0.000010  0.071108
BC_0821xxx  0.123092  0.000010  0.000000  2.257954  2.244288  2.173384
  0.124217  2.139334  0.110486  0.000010  0.071108
NT03BC3857  2.118094  2.257954  2.257954  0.000000  0.792594  0.538666
  2.139635  0.582481  2.157418  2.257954  2.207973
NT03BC4100  2.064647  2.244288  2.244288  0.792594  0.000000  0.449454
  2.095448  0.491700  2.116680  2.244288  2.210597
BH1069xxxx  1.972585  2.173384  2.173384  0.538666  0.449454  0.000000
  2.075156  0.314991  2.019567  2.173384  2.149283
NT03BL1215  0.132118  0.124217  0.124217  2.139635  2.095448  2.075156
  0.000000  2.008466  0.114586  0.124217  0.134642
BPUM_1305x  1.969452  2.139334  2.139334  0.582481  0.491700  0.314991
  2.008466  0.000000  1.995755  2.139334  2.174732
BG11801xxx  0.032150  0.110486  0.110486  2.157418  2.116680  2.019567
  0.114586  1.995755  0.000000  0.110486  0.125008
NT02BT0849  0.123092  0.000010  0.000010  2.257954  2.244288  2.173384
  0.124217  2.139334  0.110486  0.000000  0.071108
KBAB4_0716  0.125712  0.071108  0.071108  2.207973  2.210597  2.149283
  0.134642  2.174732  0.125008  0.071108  0.000000
