

TREE # 1

  0  0.0000   6454.429285  x:  0.21581   0.23924   0.20957   0.00000   0.30984   0.15619   0.14702   0.09631   0.11447   0.08205   0.17910   0.09490   0.10535   0.07955   0.05018   0.05953   0.09686   2.00000   0.20000  
  1 99.0000   5816.118630  x:  0.54244   0.44340   0.54165   0.12399   0.62296   0.35883   0.26651   0.21758   0.22536   0.24476   0.38086   0.22815   0.21058   0.09607   0.07582   0.00000   0.03744   1.96494   0.53355  
  2 1870.9190   5725.067333  x:  0.69603   0.54300   0.69031   0.13595   0.79911   0.45256   0.31953   0.26058   0.26331   0.29191   0.47769   0.27184   0.24478   0.09646   0.07898   0.35960   0.00000   1.94464   0.44397  
  3 1175.1527   5622.330589  x:  0.79758   0.60180   0.77770   0.10595   0.92913   0.50887   0.34564   0.27483   0.27400   0.29944   0.53902   0.28292   0.25331   0.08794   0.07813   0.33024   0.02224   1.92446   0.20087  
  4 593.3112   5614.612670  x:  0.80958   0.60532   0.77812   0.07355   0.95528   0.51122   0.34320   0.26814   0.26585   0.28108   0.54444   0.27231   0.24575   0.08523   0.07267   0.32653   0.00000   1.91004   0.19717  
  5 175.7648   5600.474779  x:  0.83428   0.61176   0.77694   0.00000   1.01051   0.51445   0.33778   0.25364   0.24950   0.24207   0.55447   0.24966   0.22999   0.08595   0.07323   0.32466   0.00701   1.87755   0.20165  
  6 617.1058   5585.540529  x:  0.87341   0.60596   0.75358   0.00000   1.08993   0.48719   0.33865   0.24679   0.28277   0.24739   0.54159   0.25637   0.24149   0.11095   0.09992   0.32063   0.00000   1.79511   0.20050  
  7 122.2377   5550.431800  x:  1.02965   0.60493   0.70845   0.00000   1.33142   0.35554   0.35892   0.25665   0.37935   0.29578   0.44663   0.29680   0.28669   0.03261   0.03966   0.31171   0.00000   1.50682   0.20899  
  8 424.4071   5547.668950  x:  1.05968   0.60811   0.70651   0.00000   1.36967   0.32884   0.36361   0.26123   0.39011   0.30343   0.42441   0.30331   0.29266   0.02398   0.03156   0.31010   0.02323   1.45849   0.21020  
  9 1028.0076   5520.989300  x:  1.22812   0.66120   0.76568   0.00000   1.49902   0.16502   0.39833   0.31496   0.36866   0.32960   0.25854   0.32786   0.29805   0.06406   0.00000   0.30206   0.02645   1.26285   0.21253  
 10 412.2514   5510.184263  x:  1.32820   0.69390   0.80396   0.00000   1.57040   0.06798   0.41942   0.34777   0.34992   0.34292   0.15883   0.34191   0.29978   0.05639   0.02069   0.29741   0.02414   1.15336   0.21393  
 11 2030.9235   5487.286607  x:  1.64123   0.68408   0.85152   0.00000   1.50517   0.20119   0.54125   0.46717   0.19306   0.38115   0.18900   0.51024   0.27839   0.06605   0.03285   0.28321   0.02539   1.29653   0.23611  
 12 37.1796   5473.572693  x:  1.84896   0.71852   0.99901   0.00000   1.49039   0.13258   0.46470   0.42267   0.31985   0.43580   0.23747   0.46077   0.19022   0.06456   0.03307   0.27416   0.02596   1.58030   0.26073  
 13 63.8589   5470.886351  x:  1.87736   0.70104   1.05108   0.00000   1.51542   0.10916   0.42305   0.38801   0.30892   0.41520   0.23305   0.45114   0.31301   0.06547   0.03009   0.27195   0.02647   1.66116   0.26497  
 14 32.8484   5467.846155  x:  1.85547   0.59957   1.12090   0.00000   1.60294   0.15872   0.47254   0.39085   0.31577   0.43777   0.15257   0.38698   0.33643   0.06603   0.02959   0.26822   0.02654   1.72017   0.26679  
 15 12.5795   5458.896646  x:  1.76214   0.37532   1.33725   0.00000   1.76143   0.05859   0.55607   0.40483   0.24502   0.48946   0.26944   0.39090   0.30975   0.06922   0.03131   0.25683   0.02645   1.72126   0.25876  
 16 19.4591   5412.765420  x:  1.61804   0.36727   2.08930   0.00000   1.99680   0.38734   0.32957   0.26346   0.38625   0.35928   0.31180   0.55547   0.24197   0.07199   0.05112   0.18952   0.02200   1.26601   0.16983  
 17 20.6009   5378.159120  x:  1.87800   0.52608   2.01346   0.00000   2.23965   0.34663   0.43275   0.47255   0.49355   0.22873   0.40217   0.43673   0.30870   0.07988   0.05649   0.14173   0.02005   1.22849   0.11053  
 18 38.1524   5365.322298  x:  1.98198   0.70277   1.83062   0.00000   2.52233   0.31597   0.41471   0.28286   0.33061   0.41392   0.33249   0.57068   0.23543   0.08270   0.05105   0.12165   0.02125   1.35599   0.10140  
 19 38.1926   5359.090971  x:  1.78470   0.95816   1.78029   0.00000   2.74517   0.27268   0.50881   0.34422   0.35886   0.33309   0.30023   0.70182   0.21558   0.08342   0.04948   0.10188   0.02183   1.49900   0.10812  
 20 14.4046   5329.126588  x:  2.03694   1.21825   1.61020   0.00000   3.04184   0.31149   0.30906   0.55328   0.19192   0.64516   0.44034   0.29468   0.30537   0.09554   0.06391   0.04448   0.01885   1.51128   0.12176  
 21  5.7469   5295.687153  x:  2.63619   1.10049   1.50673   0.00000   3.20561   0.23242   0.43013   0.38737   0.30331   0.47100   0.40499   0.37405   0.28333   0.10366   0.05868   0.00000   0.01777   1.58652   0.13056  
 22 35.1495   5289.964268  x:  2.84626   0.95931   1.44476   0.00000   3.27554   0.20962   0.30087   0.46476   0.33812   0.37891   0.35216   0.48778   0.23001   0.10485   0.05415   0.00441   0.01825   1.64316   0.13374  
 23 10.5909   5285.839917  x:  2.95187   0.97447   1.43031   0.00000   3.21921   0.18649   0.47390   0.29882   0.36450   0.36416   0.37193   0.43044   0.26278   0.10720   0.05389   0.00912   0.01801   1.61901   0.13678  
 24 11.6379   5271.419671  x:  3.71848   0.77446   1.46520   0.00000   3.58477   0.12253   0.47929   0.36119   0.47343   0.12229   0.34437   0.46494   0.23835   0.11216   0.05227   0.00540   0.01553   1.60901   0.12974  
 25  0.9815   5243.475126  x:  4.80447   0.82854   1.89746   0.00000   4.62910   0.13608   0.54719   0.69681   0.41255   0.24868   0.44141   0.25595   0.29260   0.11345   0.07137   0.00933   0.00852   1.37521   0.08509  
 26  1.2128   5217.371773  x:  6.81567   0.98026   2.45805   0.00000   6.68115   0.07203   0.67362   0.63025   0.26395   0.38861   0.32611   0.79010   0.21385   0.13491   0.07435   0.00566   0.03342   1.42777   0.06855  
 27  1.2229   5217.011858  x:  6.88639   0.98602   2.48039   0.09637   6.74989   0.07273   0.67730   0.62817   0.26492   0.38993   0.32584   0.79847   0.21501   0.13554   0.07478   0.00566   0.03398   1.42933   0.06789  
 28  3.6528   5209.035120  x:  7.34918   1.02783   2.65172   0.00000   7.15539   0.10600   0.69206   0.61689   0.34490   0.35506   0.36523   0.72737   0.26710   0.13775   0.08104   0.00717   0.03350   1.43705   0.06272  
 29  2.6316   5199.635221  x:  8.48583   1.12153   3.05187   0.00000   8.10536   0.20356   0.70726   0.52261   0.49564   0.29047   0.46681   0.51422   0.36926   0.13369   0.09648   0.01135   0.02729   1.49052   0.06636  
 30  2.7306   5190.628266  x:  9.88930   1.22040   3.55046   0.00000   9.38528   0.26159   0.73999   0.50195   0.55993   0.23596   0.53182   0.42652   0.40747   0.12408   0.11053   0.01371   0.02069   1.48903   0.04802  
 31  3.1619   5183.226560  x: 12.84237   1.41050   4.40529   0.00000  12.08903   0.25642   0.78750   0.40547   0.56809   0.22653   0.53738   0.44343   0.37219   0.08576   0.12578   0.01554   0.00535   1.57478   0.03949  
 32  1.4092   5180.172510  x: 13.83981   1.47227   4.62418   0.00000  13.05633   0.22319   0.78240   0.42144   0.52939   0.25586   0.51230   0.51271   0.33282   0.08013   0.12502   0.01357   0.01694   1.61133   0.04143  
 33  1.6196   5178.106237  x: 15.24848   1.57636   5.02899   0.00000  14.41293   0.22421   0.78879   0.48093   0.51993   0.26187   0.52737   0.54714   0.32532   0.07264   0.13084   0.01295   0.02327   1.60069   0.03473  
 34  2.7887   5174.966838  x: 19.03837   1.85800   6.09858   0.00000  18.06284   0.23991   0.74997   0.73946   0.50258   0.24247   0.60130   0.53757   0.33981   0.03941   0.14547   0.01221   0.02192   1.51557   0.02865  
 35  1.7023   5174.169403  x: 19.31666   1.89996   6.16500   0.00000  18.36288   0.25460   0.77625   0.73960   0.54106   0.23117   0.63051   0.51689   0.38048   0.05636   0.14492   0.01307   0.01902   1.50833   0.02961  
 36  0.2345   5173.240368  x: 20.95205   2.05194   6.62095   0.00000  19.96951   0.27263   0.83163   0.75626   0.59007   0.21818   0.67959   0.51715   0.42502   0.06947   0.14881   0.01412   0.01810   1.49993   0.02587  
 37  2.5755   5172.453114  x: 23.95136   2.33973   7.43448   0.00000  22.97071   0.25828   0.96397   0.76828   0.63046   0.21046   0.72706   0.58705   0.44733   0.07567   0.14683   0.01533   0.01168   1.51187   0.02313  
 38  1.1686   5172.027377  x: 24.88464   2.43205   7.68432   0.00000  23.93527   0.23178   1.00832   0.77611   0.60864   0.21367   0.72203   0.61647   0.41130   0.06487   0.14004   0.01442   0.01740   1.52666   0.02286  
 39  0.5168   5171.886963  x: 25.92272   2.53231   7.97417   0.00000  24.97842   0.23014   1.04581   0.79335   0.61913   0.20748   0.74233   0.61924   0.41402   0.06420   0.13847   0.01448   0.01835   1.52442   0.02144  
 40  2.2720   5171.491659  x: 28.39378   2.82698   8.68165   0.00000  27.58492   0.24089   1.19248   0.81957   0.68242   0.17223   0.82497   0.55614   0.44083   0.07679   0.12271   0.01510   0.01775   1.51000   0.01962  
 41  0.9020   5171.357419  x: 27.88284   2.80848   8.55339   0.00000  27.17016   0.23971   1.18925   0.82471   0.66074   0.18794   0.81460   0.55384   0.42631   0.07966   0.11484   0.01418   0.01775   1.50704   0.02040  
 42  0.2997   5171.033379  x: 28.43651   2.94974   8.75209   0.00000  28.01290   0.23740   1.24206   0.87873   0.61929   0.22331   0.82130   0.57405   0.39878   0.09072   0.09099   0.01160   0.01827   1.49791   0.01942  
 43  0.4155   5170.862648  x: 27.22263   2.89852   8.45731   0.00000  26.97591   0.26262   1.22071   0.87434   0.62200   0.22574   0.81613   0.55715   0.41805   0.11136   0.08137   0.01090   0.01617   1.50327   0.02007  
 44  0.7017   5170.737942  x: 25.67748   2.80197   8.07930   0.00000  25.57961   0.27360   1.17831   0.83952   0.61506   0.20875   0.78039   0.56608   0.41019   0.11659   0.07291   0.01029   0.01909   1.53142   0.02107  
 45  0.6014   5170.690931  x: 25.82749   2.83272   8.14393   0.00000  25.77774   0.27646   1.19494   0.81680   0.63612   0.18872   0.78244   0.56560   0.40910   0.11483   0.06910   0.01104   0.01855   1.52867   0.02104  
 46  0.1152   5170.656788  x: 25.20335   2.79014   7.99828   0.00000  25.22458   0.28478   1.16630   0.79674   0.63941   0.18949   0.76584   0.57987   0.40679   0.11635   0.06709   0.01152   0.01676   1.51840   0.02134  
 47  0.3819   5170.631978  x: 25.36788   2.81458   8.05352   0.00000  25.46188   0.28554   1.15513   0.80466   0.63514   0.20372   0.76430   0.58367   0.39821   0.11615   0.06424   0.01169   0.01701   1.50289   0.02116  
 48  0.0940   5170.601332  x: 25.01448   2.78345   7.97007   0.00000  25.17826   0.29288   1.10781   0.79051   0.64430   0.20098   0.75285   0.57914   0.40014   0.11658   0.06567   0.01258   0.01827   1.50449   0.02139  
 49  0.1950   5170.569222  x: 25.21366   2.84180   8.05164   0.00000  25.57827   0.29769   1.09444   0.79905   0.64717   0.19743   0.75485   0.57203   0.40466   0.12406   0.05859   0.01280   0.01768   1.51915   0.02130  
 50  0.1315   5170.551344  x: 25.38066   2.84812   8.09135   0.00000  25.77985   0.29065   1.07460   0.80568   0.63729   0.19996   0.74843   0.58501   0.40324   0.12212   0.06151   0.01302   0.01695   1.52447   0.02119  
 51  0.1422   5170.538426  x: 25.26712   2.85534   8.07349   0.00000  25.78063   0.28696   1.07370   0.80339   0.62898   0.19536   0.74405   0.58563   0.39886   0.12359   0.05848   0.01284   0.01742   1.51828   0.02115  
 52  0.0294   5170.515591  x: 25.37055   2.86424   8.09652   0.00000  26.00254   0.27844   1.08153   0.79569   0.62810   0.19390   0.75044   0.57330   0.40307   0.12496   0.06127   0.01319   0.01714   1.49804   0.02102  
 53  0.0715   5170.476312  x: 24.44759   2.81707   7.86766   0.00000  25.46654   0.26785   1.06475   0.75978   0.61625   0.20697   0.72843   0.57977   0.39629   0.12950   0.05878   0.01292   0.01708   1.50718   0.02169  
 54  0.2217   5170.422752  x: 24.92054   2.86431   7.99276   0.00000  26.24399   0.24491   1.12765   0.76286   0.62466   0.20661   0.74857   0.56973   0.39950   0.12201   0.06381   0.01211   0.01776   1.52486   0.02130  
 55  0.2304   5170.360982  x: 24.45955   2.86759   7.93251   0.00000  26.41789   0.24895   1.09039   0.78160   0.63987   0.20096   0.74917   0.56186   0.40613   0.11823   0.06474   0.01223   0.01704   1.51604   0.02121  
 56  0.1744   5170.337365  x: 24.18955   2.84784   7.87003   0.00000  26.33242   0.25037   1.09068   0.80208   0.63740   0.19761   0.75356   0.56672   0.40914   0.11640   0.06765   0.01170   0.01710   1.51441   0.02147  
 57  0.1196   5170.329195  x: 24.37093   2.87014   7.93293   0.00000  26.57214   0.25724   1.10391   0.80348   0.64273   0.19343   0.76047   0.57491   0.40701   0.11655   0.06692   0.01200   0.01787   1.50992   0.02127  
 58  0.1065   5170.324181  x: 24.35846   2.88003   7.94350   0.00000  26.69557   0.26214   1.10767   0.80263   0.63920   0.19722   0.76302   0.57939   0.40599   0.11859   0.06644   0.01218   0.01744   1.51342   0.02120  
 59  0.0535   5170.320342  x: 24.38434   2.86982   7.95341   0.00000  26.70513   0.27019   1.10705   0.80101   0.63622   0.19731   0.76613   0.57521   0.40351   0.11582   0.06865   0.01257   0.01720   1.51496   0.02122  
 60  0.0098   5170.319942  x: 24.28956   2.86174   7.92979   0.00000  26.62347   0.27188   1.10520   0.79813   0.63472   0.19828   0.76448   0.57406   0.40273   0.11608   0.06821   0.01255   0.01730   1.51413   0.02128  
 61  0.0896   5170.318970  x: 24.33363   2.85214   7.93627   0.00000  26.62544   0.27680   1.10365   0.79510   0.63289   0.19949   0.76248   0.57383   0.40481   0.11631   0.06767   0.01244   0.01728   1.51386   0.02127  
 62  0.0058   5170.318538  x: 24.34740   2.84489   7.93856   0.00000  26.67372   0.27853   1.10272   0.79291   0.63325   0.19919   0.76165   0.57342   0.40663   0.11593   0.06812   0.01237   0.01734   1.51390   0.02126  
 63  0.0323   5170.318185  x: 24.36475   2.84152   7.94014   0.00000  26.70854   0.27711   1.10431   0.79466   0.63454   0.19854   0.76158   0.57362   0.40424   0.11606   0.06825   0.01234   0.01738   1.51378   0.02125  
 64  0.0062   5170.317956  x: 24.34850   2.82920   7.93095   0.00000  26.66432   0.27958   1.10175   0.79371   0.63472   0.19814   0.75902   0.57436   0.40353   0.11640   0.06784   0.01231   0.01733   1.51394   0.02128  
 65  0.0247   5170.317749  x: 24.35626   2.82051   7.92721   0.00000  26.65243   0.27890   1.10347   0.79561   0.63461   0.19826   0.75808   0.57453   0.40416   0.11636   0.06783   0.01243   0.01734   1.51410   0.02129  
 66  0.0022   5170.317712  x: 24.34369   2.82135   7.92509   0.00000  26.65649   0.27823   1.10358   0.79523   0.63448   0.19829   0.75798   0.57407   0.40438   0.11646   0.06766   0.01244   0.01731   1.51402   0.02129  
 67  0.0108   5170.317710  x: 24.34783   2.82101   7.92595   0.00000  26.65967   0.27814   1.10356   0.79537   0.63439   0.19835   0.75803   0.57402   0.40440   0.11648   0.06761   0.01244   0.01731   1.51408   0.02129  
 68  0.0018   5170.317697  x: 24.34426   2.81980   7.92560   0.00000  26.65564   0.27773   1.10329   0.79515   0.63444   0.19830   0.75883   0.57412   0.40434   0.11648   0.06763   0.01244   0.01731   1.51402   0.02129  
 69  0.0007   5170.317692  x: 24.34297   2.81832   7.92563   0.00000  26.65315   0.27718   1.10306   0.79499   0.63439   0.19833   0.75964   0.57410   0.40434   0.11648   0.06762   0.01244   0.01731   1.51399   0.02130  
 70  0.0033   5170.317692  x: 24.34341   2.81806   7.92581   0.00000  26.65324   0.27710   1.10305   0.79499   0.63436   0.19835   0.75970   0.57407   0.40436   0.11649   0.06761   0.01244   0.01731   1.51400   0.02130  
 71  0.0002   5170.317690  x: 24.34364   2.81764   7.92666   0.00000  26.65347   0.27713   1.10309   0.79502   0.63437   0.19835   0.75962   0.57406   0.40437   0.11649   0.06761   0.01244   0.01731   1.51400   0.02130  
 72  0.0001   5170.317689  x: 24.34378   2.81620   7.92928   0.00000  26.65375   0.27718   1.10317   0.79506   0.63439   0.19834   0.75954   0.57409   0.40436   0.11649   0.06762   0.01244   0.01731   1.51399   0.02130  
 73  0.0028   5170.317689  x: 24.34378   2.81620   7.92928   0.00000  26.65375   0.27718   1.10317   0.79506   0.63439   0.19834   0.75954   0.57409   0.40436   0.11649   0.06762   0.01244   0.01731   1.51399   0.02130  
 74  0.0001   5170.317689  x: 24.34378   2.81620   7.92928   0.00000  26.65375   0.27718   1.10317   0.79506   0.63439   0.19834   0.75954   0.57409   0.40436   0.11649   0.06762   0.01244   0.01731   1.51399   0.02130  
 75  0.0001   5170.317689  x: 24.34378   2.81620   7.92928   0.00000  26.65375   0.27718   1.10317   0.79506   0.63439   0.19834   0.75954   0.57409   0.40436   0.11649   0.06762   0.01244   0.01731   1.51399   0.02130  

TREE # 2

  0  0.0000   7648.238851  x:  0.18344   0.19075   0.18410   0.05287   0.15950   0.00000   0.15693   0.05414   0.23437   0.15933   0.18235   0.07850   0.09301   0.04105   0.10412   0.09408   0.06235   1.51399   0.02130  
  1 99.0000   6638.592106  x:  0.20062   0.19966   0.19722   0.05940   0.16279   0.03451   0.16258   0.05847   0.25214   0.16252   0.18524   0.08376   0.09778   0.04284   0.10422   0.09227   0.06078   1.51222   0.39828  
  2 27390.0044   5799.772043  x:  0.67261   0.46035   0.57534   0.22703   0.24341   0.15288   0.31228   0.16371   0.76579   0.24630   0.25204   0.23246   0.22556   0.09406   0.09212   0.02173   0.00000   1.50581   0.37748  
  3 2022.5869   5706.999174  x:  0.84844   0.55751   0.71514   0.28601   0.27274   0.19291   0.36947   0.19893   0.95916   0.27634   0.27676   0.28538   0.27158   0.11076   0.08705   0.00000   0.16686   1.50347   0.36995  
  4 6951.7206   5682.326340  x:  0.90601   0.56660   0.71252   0.19356   0.23981   0.08690   0.40487   0.08128   1.07139   0.22986   0.26004   0.21643   0.21691   0.04516   0.04945   0.03658   0.16640   1.51176   0.37868  
  5 170.2007   5674.889234  x:  0.92533   0.56471   0.70322   0.15143   0.22947   0.03973   0.42377   0.02887   1.11536   0.21353   0.25886   0.19125   0.19799   0.07076   0.07381   0.01072   0.16678   1.51644   0.38259  
  6 282.1252   5674.235417  x:  0.92586   0.56121   0.69698   0.14442   0.23190   0.03944   0.42928   0.02624   1.12138   0.21756   0.26352   0.19055   0.19719   0.06747   0.07155   0.00173   0.16690   1.51799   0.38263  
  7 73.1577   5670.989785  x:  0.92865   0.52734   0.63762   0.08574   0.25999   0.04661   0.48108   0.01157   1.17335   0.26304   0.31419   0.19309   0.19677   0.07045   0.07484   0.00678   0.16641   1.53301   0.38196  
  8 127.4091   5670.499135  x:  0.92825   0.52696   0.63259   0.08636   0.26130   0.03839   0.47973   0.00000   1.17556   0.26939   0.33738   0.20026   0.20142   0.07174   0.07021   0.00725   0.16633   1.53801   0.38261  
  9 28.4673   5670.499135  x:  0.92825   0.52696   0.63259   0.08636   0.26130   0.03839   0.47973   0.00000   1.17556   0.26939   0.33738   0.20026   0.20142   0.07174   0.07021   0.00725   0.16633   1.53801   0.38261  
 10 17.7964   5646.138242  x:  0.94412   0.53644   0.64642   0.09397   0.26492   0.04189   0.48412   0.00622   1.19179   0.27400   0.34133   0.20708   0.20708   0.07646   0.07168   0.00000   0.14832   1.53816   0.34334  
 11 470.1070   5591.133796  x:  1.01305   0.57648   0.70480   0.12292   0.27898   0.05215   0.50283   0.02496   1.26202   0.29058   0.35744   0.23342   0.22953   0.09468   0.07903   0.05787   0.07432   1.53616   0.19645  
 12 2805.3383   5554.484773  x:  1.08694   0.61786   0.76474   0.14926   0.29228   0.05871   0.52311   0.03622   1.33674   0.30419   0.37396   0.25715   0.25159   0.10106   0.07832   0.06895   0.00000   1.52628   0.20622  
 13 525.7422   5473.091023  x:  1.57088   0.88408   1.15190   0.31233   0.37451   0.09155   0.65413   0.09919   1.82795   0.38587   0.47752   0.40296   0.38873   0.13745   0.08032   0.11388   0.05793   1.46152   0.24416  
 14 892.9875   5441.543067  x:  1.74751   0.93533   1.24145   0.28090   0.34964   0.00308   0.67770   0.00000   2.01632   0.33848   0.46751   0.37197   0.36782   0.04672   0.01198   0.10508   0.05996   1.43363   0.22036  
 15 270.2391   5440.251701  x:  1.75295   0.93647   1.24371   0.27919   0.34861   0.00000   0.67828   0.00000   2.02219   0.33662   0.46685   0.37037   0.36660   0.04633   0.01347   0.10460   0.05990   1.43272   0.21983  
 16 641.4070   5440.251701  x:  1.75295   0.93647   1.24371   0.27919   0.34861   0.00000   0.67828   0.00000   2.02219   0.33662   0.46685   0.37037   0.36660   0.04633   0.01347   0.10460   0.05990   1.43272   0.21983  
 17 421.8688   5412.495724  x:  1.76085   0.93552   1.24470   0.27513   0.34813   0.00095   0.67845   0.00000   2.03151   0.33605   0.46452   0.36693   0.36241   0.09076   0.06991   0.07930   0.03950   1.43495   0.15479  
 18 572.1340   5403.064208  x:  1.77734   0.93695   1.24986   0.27135   0.34908   0.00576   0.68050   0.00000   2.05008   0.33670   0.46298   0.36279   0.35747   0.10280   0.08265   0.03583   0.00575   1.43380   0.16912  
 19 242.1319   5399.668740  x:  1.79013   0.93791   1.25373   0.26832   0.34958   0.00861   0.68197   0.00000   2.06450   0.33705   0.46176   0.35951   0.35365   0.10415   0.08330   0.00797   0.01226   1.43309   0.16962  
 20 270.5399   5386.645770  x:  1.93763   0.94840   1.29790   0.23289   0.35325   0.03480   0.69814   0.00000   2.23075   0.34016   0.44769   0.32308   0.31057   0.09973   0.06169   0.00411   0.00202   1.42626   0.14630  
 21 126.9486   5354.495219  x:  2.44947   0.98550   1.45183   0.11130   0.36649   0.12689   0.75458   0.00000   2.80745   0.35116   0.39992   0.19901   0.16339   0.13329   0.04690   0.01722   0.01149   1.40148   0.12982  
 22 4507.8698   5307.152386  x:  3.42350   1.04086   1.73373   0.02940   0.34206   0.08859   0.82791   0.00000   3.89861   0.31984   0.45271   0.42475   0.41388   0.05399   0.12911   0.02732   0.01574   1.37307   0.08520  
 23 301.8633   5300.532629  x:  3.51430   1.02542   1.74149   0.07251   0.32758   0.00000   0.81337   0.00000   4.00375   0.30795   0.50363   0.41343   0.40294   0.06912   0.11995   0.02621   0.01541   1.40864   0.08544  
 24 93.3654   5296.849631  x:  3.60057   0.96929   1.71063   0.15221   0.37397   0.03039   0.76726   0.00000   4.10935   0.34907   0.60394   0.41807   0.38905   0.05885   0.13013   0.02748   0.01585   1.51142   0.08447  
 25 51.9588   5294.239362  x:  3.65084   0.90071   1.65900   0.10133   0.39215   0.01289   0.72009   0.00000   4.17958   0.36060   0.61056   0.42289   0.38556   0.02339   0.15915   0.02742   0.01548   1.61812   0.09285  
 26 35.1269   5292.428720  x:  3.69187   0.84525   1.61587   0.04531   0.40910   0.01122   0.68744   0.00000   4.23648   0.37207   0.61541   0.44670   0.40714   0.07032   0.12271   0.02662   0.01610   1.69890   0.09724  
 27 55.1121   5287.454366  x:  3.75238   0.86483   1.62150   0.00000   0.40605   0.01384   0.78459   0.00000   4.30079   0.36129   0.71134   0.47825   0.38278   0.07324   0.13115   0.02617   0.01569   1.64433   0.09859  
 28  6.6923   5287.454366  x:  3.75238   0.86483   1.62150   0.00000   0.40605   0.01384   0.78459   0.00000   4.30079   0.36129   0.71134   0.47825   0.38278   0.07324   0.13115   0.02617   0.01569   1.64433   0.09859  
 29 21.1436   5284.669603  x:  3.75298   0.86534   1.62209   0.00032   0.40598   0.01363   0.78469   0.00000   4.30136   0.36120   0.71154   0.47771   0.38235   0.07302   0.12988   0.02334   0.01515   1.64362   0.11293  
 30 406.7114   5283.768429  x:  3.75564   0.86716   1.62426   0.00117   0.40514   0.01178   0.78469   0.00000   4.30385   0.36030   0.71201   0.47435   0.37953   0.07188   0.12304   0.01001   0.01371   1.64117   0.11258  
 31 91.8154   5282.829814  x:  3.76537   0.87383   1.63222   0.00427   0.40222   0.00540   0.78472   0.00000   4.31296   0.35712   0.71376   0.46224   0.36932   0.07031   0.10010   0.00525   0.02782   1.63227   0.11255  
 32 87.1248   5281.649054  x:  3.77442   0.87995   1.63956   0.00713   0.39972   0.00000   0.78476   0.00000   4.32144   0.35435   0.71538   0.45122   0.35998   0.07214   0.08195   0.00753   0.02483   1.62408   0.11236  
 33 177.0691   5278.028306  x:  3.84325   0.92445   1.69347   0.02851   0.38812   0.00000   0.78631   0.00000   4.38600   0.33847   0.72742   0.37722   0.29589   0.15710   0.03878   0.00445   0.02796   1.56383   0.11050  
 34 129.9092   5272.035383  x:  4.08946   1.05573   1.86231   0.08487   0.39412   0.00000   0.80454   0.00000   4.62017   0.32209   0.75706   0.29913   0.24689   0.08781   0.12186   0.00794   0.02478   1.38126   0.10110  
 35 44.6200   5264.099774  x:  4.55878   1.25506   2.14102   0.14796   0.42278   0.00000   0.84036   0.00000   5.07432   0.33488   0.79294   0.39599   0.40207   0.11934   0.09908   0.00887   0.02335   1.15368   0.08294  
 36 85.4481   5245.597360  x:  5.88735   1.56591   2.71765   0.03056   0.47868   0.00000   0.94919   0.00000   6.40867   0.37809   0.69898   0.46889   0.42263   0.12066   0.10889   0.01074   0.01991   1.54768   0.06254  
 37 61.5425   5240.740222  x:  6.30869   1.39887   2.66821   0.13758   0.38585   0.00000   0.86839   0.00000   6.86259   0.28625   0.84442   0.53229   0.39437   0.11957   0.12237   0.01314   0.01657   1.61371   0.06164  
 38 29.1282   5234.947647  x:  6.87203   1.04508   2.48392   0.11173   0.49374   0.00000   0.81176   0.00000   7.48715   0.41682   0.94387   0.53270   0.33782   0.12489   0.11163   0.01719   0.01068   1.56001   0.06180  
 39 51.3324   5232.435749  x:  7.06143   0.91767   2.40846   0.00000   0.46415   0.00000   0.82913   0.00000   7.70280   0.36240   0.90972   0.51150   0.35722   0.12838   0.11641   0.01882   0.00844   1.50488   0.06408  
 40 39.8609   5232.435749  x:  7.06143   0.91767   2.40846   0.00000   0.46415   0.00000   0.82913   0.00000   7.70280   0.36240   0.90972   0.51150   0.35722   0.12838   0.11641   0.01882   0.00844   1.50488   0.06408  
 41  5.0886   5231.152206  x:  7.06149   0.91782   2.40859   0.00003   0.46410   0.00000   0.82923   0.00000   7.70287   0.36235   0.90974   0.51135   0.35715   0.12786   0.11578   0.01840   0.00989   1.50476   0.07008  
 42 431.0493   5230.772168  x:  7.06163   0.91816   2.40887   0.00000   0.46388   0.00000   0.82947   0.00000   7.70302   0.36214   0.90973   0.51082   0.35684   0.12618   0.11374   0.01690   0.01327   1.50461   0.06987  
 43 106.0258   5230.075627  x:  7.06247   0.92012   2.41052   0.00000   0.46261   0.00000   0.83084   0.00000   7.70390   0.36095   0.90969   0.50776   0.35507   0.11728   0.10256   0.00785   0.01285   1.50376   0.06998  
 44 119.0163   5229.008268  x:  7.06478   0.92554   2.41509   0.00000   0.45912   0.00000   0.83462   0.00000   7.70636   0.35771   0.90956   0.49936   0.35023   0.09582   0.07435   0.01298   0.01119   1.50146   0.07007  
 45 134.3359   5227.678202  x:  7.08778   0.97822   2.45943   0.00000   0.42794   0.00000   0.87084   0.00000   7.73085   0.32895   0.90873   0.42383   0.31001   0.12929   0.04741   0.01261   0.01152   1.47975   0.06962  
 46 21.0458   5226.751477  x:  7.12816   1.06035   2.52909   0.00000   0.41198   0.00000   0.92177   0.00000   7.77426   0.31728   0.91597   0.37512   0.31629   0.09175   0.08741   0.01331   0.01106   1.44890   0.06815  
 47 20.5636   5225.110366  x:  7.24714   1.26948   2.70921   0.00000   0.43056   0.00000   1.02243   0.00000   7.90345   0.34930   0.96024   0.36904   0.41740   0.11303   0.06629   0.01322   0.01146   1.38966   0.06332  
 48 26.4945   5222.952434  x:  7.53754   1.56612   2.99073   0.00000   0.46365   0.00000   0.97651   0.00000   8.22729   0.28432   1.04933   0.49439   0.34093   0.11212   0.06862   0.01306   0.01210   1.48582   0.05903  
 49 15.6718   5222.177048  x:  7.69568   1.62693   3.06698   0.00000   0.49694   0.00000   0.94568   0.00000   8.40726   0.36014   1.05767   0.48037   0.29942   0.10820   0.07315   0.01297   0.01239   1.51325   0.05760  
 50 18.4591   5218.330033  x:  8.60057   1.70991   3.30333   0.00000   0.39298   0.00000   0.77587   0.00000   9.44644   0.41231   0.98998   0.41124   0.41298   0.10899   0.07249   0.01262   0.01385   1.56073   0.05257  
 51 26.9380   5212.420497  x: 10.11330   1.66189   3.55694   0.00000   0.54983   0.00000   0.94869   0.00000  11.18846   0.31314   0.94240   0.43750   0.42041   0.11435   0.06768   0.01225   0.01621   1.52463   0.04278  
 52 59.4600   5210.756680  x: 10.54759   1.62205   3.60510   0.00000   0.43055   0.00000   1.07388   0.00000  11.68634   0.36632   1.05752   0.50175   0.38506   0.11337   0.06895   0.01207   0.01712   1.54282   0.04105  
 53 28.0448   5207.134080  x: 11.46934   1.55550   3.69751   0.00000   0.50695   0.00000   1.12940   0.00000  12.73095   0.30201   1.39400   0.37960   0.46193   0.10967   0.07214   0.01164   0.01971   1.66132   0.04272  
 54 14.7787   5204.328902  x: 12.13403   1.55834   3.80411   0.00000   0.51688   0.00000   1.06556   0.00000  13.47488   0.29348   1.39008   0.47527   0.37933   0.10930   0.07257   0.01153   0.02168   1.40547   0.04165  
 55 20.7367   5203.645025  x: 12.34557   1.58158   3.86797   0.00000   0.50365   0.00000   1.13317   0.00000  13.70346   0.30937   1.23067   0.51481   0.37280   0.11257   0.06860   0.01116   0.02241   1.47822   0.04302  
 56  8.2253   5199.444269  x: 15.15302   1.75561   4.91196   0.00000   0.55277   0.00000   1.19263   0.00000  16.59050   0.29754   1.30625   0.49077   0.40300   0.11228   0.06735   0.01138   0.02263   1.48730   0.03241  
 57  3.2380   5195.719027  x: 21.57211   2.89773   6.01212   0.00000   0.52717   0.00000   1.49191   0.00000  23.50707   0.27520   1.41770   0.43843   0.44221   0.11222   0.07855   0.01380   0.01604   1.52918   0.02526  
 58  2.0436   5195.562374  x: 21.71800   2.91062   6.05971   0.13088   0.52867   0.00000   1.49777   0.00000  23.67241   0.27506   1.42604   0.43917   0.44277   0.11178   0.07869   0.01377   0.01597   1.52793   0.02504  
 59  4.3192   5195.299486  x: 22.30466   2.84886   6.45537   0.12836   0.55251   0.00000   1.51517   0.00000  24.40903   0.27889   1.45512   0.46104   0.44262   0.10703   0.07788   0.01301   0.01643   1.50545   0.02348  
 60  1.6123   5195.008759  x: 22.40663   2.65445   6.84960   0.10821   0.58078   0.00000   1.51636   0.00000  24.68774   0.28644   1.46468   0.49405   0.43797   0.10097   0.07621   0.01184   0.01724   1.47904   0.02369  
 61  1.1693   5194.856746  x: 23.44739   2.64817   7.41163   0.07482   0.59978   0.00000   1.57320   0.00000  25.95367   0.27072   1.55371   0.50958   0.45296   0.10945   0.08059   0.01283   0.01708   1.49079   0.02244  
 62  0.8541   5194.754567  x: 24.56486   2.83913   7.72453   0.01187   0.60142   0.00000   1.64193   0.00000  27.17156   0.25286   1.68269   0.50485   0.46783   0.10276   0.07791   0.01236   0.01700   1.50630   0.02159  
 63  0.6705   5194.739411  x: 24.65192   2.86876   7.72899   0.00000   0.60197   0.00000   1.64686   0.00000  27.25194   0.25381   1.70015   0.50448   0.46678   0.10312   0.07846   0.01241   0.01704   1.50311   0.02153  
 64  0.2946   5194.719016  x: 24.94147   2.96561   7.74684   0.00000   0.60462   0.00000   1.66389   0.00000  27.51513   0.25605   1.76175   0.50385   0.46370   0.10349   0.07983   0.01248   0.01718   1.49510   0.02128  
 65  0.7487   5194.715248  x: 24.79165   2.97011   7.66548   0.00000   0.60393   0.00000   1.65661   0.00000  27.31912   0.26089   1.74421   0.50426   0.45947   0.10414   0.08034   0.01253   0.01722   1.49130   0.02138  
 66  0.2395   5194.714348  x: 24.72326   2.98427   7.62478   0.00000   0.60328   0.00000   1.65890   0.00000  27.21135   0.26073   1.74019   0.50442   0.45877   0.10392   0.08011   0.01250   0.01724   1.49385   0.02147  
 67  0.0521   5194.713733  x: 24.73797   2.99211   7.63718   0.00000   0.60430   0.00000   1.66500   0.00000  27.21047   0.25959   1.74277   0.50544   0.45918   0.10389   0.08008   0.01249   0.01724   1.49411   0.02142  
 68  0.0143   5194.713488  x: 24.71359   2.98430   7.64811   0.00000   0.60494   0.00000   1.66664   0.00000  27.18440   0.25923   1.74320   0.50540   0.45949   0.10400   0.08018   0.01251   0.01722   1.49278   0.02143  
 69  0.0224   5194.713457  x: 24.70643   2.98343   7.64922   0.00000   0.60463   0.00000   1.66686   0.00000  27.18036   0.25944   1.74222   0.50458   0.45957   0.10394   0.08020   0.01251   0.01721   1.49268   0.02144  
 70  0.0044   5194.713451  x: 24.71270   2.98567   7.65133   0.00000   0.60459   0.00000   1.66734   0.00000  27.19071   0.25946   1.74294   0.50454   0.45947   0.10395   0.08020   0.01251   0.01721   1.49282   0.02143  
 71  0.0055   5194.713450  x: 24.71060   2.98575   7.65099   0.00000   0.60462   0.00000   1.66725   0.00000  27.18986   0.25946   1.74249   0.50466   0.45942   0.10396   0.08020   0.01251   0.01722   1.49278   0.02143  
 72  0.0014   5194.713450  x: 24.71123   2.98667   7.65103   0.00000   0.60464   0.00000   1.66729   0.00000  27.19247   0.25943   1.74254   0.50467   0.45944   0.10395   0.08020   0.01251   0.01722   1.49277   0.02143  
 73  0.0011   5194.713450  x: 24.71115   2.98663   7.65100   0.00000   0.60464   0.00000   1.66729   0.00000  27.19228   0.25943   1.74254   0.50467   0.45944   0.10395   0.08020   0.01251   0.01722   1.49277   0.02143  
 74  0.0012   5194.713450  x: 24.71114   2.98663   7.65100   0.00000   0.60464   0.00000   1.66729   0.00000  27.19226   0.25943   1.74254   0.50467   0.45944   0.10395   0.08020   0.01251   0.01722   1.49277   0.02143  
 75  0.0014   5194.713450  x: 24.71114   2.98663   7.65100   0.00000   0.60464   0.00000   1.66729   0.00000  27.19226   0.25943   1.74254   0.50467   0.45944   0.10395   0.08020   0.01251   0.01722   1.49277   0.02143  
 76  0.0015   5194.713450  x: 24.71100   2.98659   7.65094   0.00000   0.60464   0.00000   1.66727   0.00000  27.19205   0.25944   1.74254   0.50466   0.45945   0.10395   0.08020   0.01251   0.01721   1.49277   0.02143  
 77  0.0052   5194.713450  x: 24.71100   2.98659   7.65094   0.00000   0.60464   0.00000   1.66727   0.00000  27.19204   0.25944   1.74254   0.50466   0.45945   0.10395   0.08020   0.01251   0.01721   1.49277   0.02143  
 78  0.0008   5194.713450  x: 24.71100   2.98659   7.65094   0.00000   0.60464   0.00000   1.66727   0.00000  27.19204   0.25944   1.74254   0.50466   0.45945   0.10395   0.08020   0.01251   0.01721   1.49277   0.02143  
 79  0.0008   5194.713450  x: 24.71100   2.98659   7.65094   0.00000   0.60464   0.00000   1.66727   0.00000  27.19204   0.25944   1.74254   0.50466   0.45945   0.10395   0.08020   0.01251   0.01721   1.49277   0.02143  
 80  0.0565   5194.713450  x: 24.71100   2.98659   7.65094   0.00000   0.60464   0.00000   1.66727   0.00000  27.19204   0.25944   1.74254   0.50466   0.45945   0.10395   0.08020   0.01251   0.01721   1.49277   0.02143  
 81  0.0040   5194.713450  x: 24.71100   2.98659   7.65094   0.00000   0.60464   0.00000   1.66727   0.00000  27.19204   0.25944   1.74254   0.50466   0.45945   0.10395   0.08020   0.01251   0.01721   1.49277   0.02143  
 82  0.0016   5194.713450  x: 24.71100   2.98659   7.65094   0.00000   0.60464   0.00000   1.66727   0.00000  27.19204   0.25944   1.74254   0.50466   0.45945   0.10395   0.08020   0.01251   0.01721   1.49277   0.02143  
 83  0.0030   5194.713450  x: 24.71100   2.98659   7.65094   0.00000   0.60464   0.00000   1.66727   0.00000  27.19204   0.25944   1.74255   0.50466   0.45946   0.10395   0.08020   0.01251   0.01721   1.49277   0.02143  
 84  0.0031   5194.713450  x: 24.71100   2.98659   7.65093   0.00000   0.60464   0.00000   1.66727   0.00000  27.19204   0.25944   1.74255   0.50466   0.45946   0.10395   0.08020   0.01251   0.01721   1.49277   0.02143  
 85  0.0009   5194.713450  x: 24.71100   2.98659   7.65093   0.00000   0.60464   0.00000   1.66726   0.00000  27.19204   0.25944   1.74255   0.50466   0.45946   0.10395   0.08020   0.01251   0.01721   1.49277   0.02143  
 86  0.0008   5194.713450  x: 24.71100   2.98658   7.65093   0.00000   0.60464   0.00000   1.66726   0.00000  27.19204   0.25944   1.74257   0.50465   0.45946   0.10395   0.08020   0.01251   0.01721   1.49277   0.02143  
 87  0.0008   5194.713450  x: 24.71100   2.98658   7.65093   0.00000   0.60464   0.00000   1.66725   0.00000  27.19203   0.25944   1.74258   0.50466   0.45946   0.10395   0.08020   0.01251   0.01721   1.49277   0.02143  