   10
BAM_020110  0.000000  1.238658  1.385535  1.123986  0.553313  0.282833
  0.700726  0.261842  1.384392  1.361456
BA_1626xxx  1.238658  0.000000  0.055918  0.979347  1.221732  1.211672
  1.139642  1.189963  0.055891  0.093293
BC_1600xxx  1.385535  0.055918  0.000000  0.985032  1.312466  1.349402
  1.251201  1.191578  0.057336  0.052705
BH2282xxxx  1.123986  0.979347  0.985032  0.000000  1.116529  1.012491
  1.222350  1.218270  0.993105  0.992148
NT03BL2472  0.553313  1.221732  1.312466  1.116529  0.000000  0.393265
  0.637554  0.319367  1.329852  1.302797
Bmo2921xxx  0.282833  1.211672  1.349402  1.012491  0.393265  0.000000
  0.705731  0.081903  1.380821  1.326533
BPUM_1933x  0.700726  1.139642  1.251201  1.222350  0.637554  0.705731
  0.000000  0.548636  1.273433  1.206345
BG11609xxx  0.261842  1.189963  1.191578  1.218270  0.319367  0.081903
  0.548636  0.000000  1.180780  1.160858
NT02BT1636  1.384392  0.055891  0.057336  0.993105  1.329852  1.380821
  1.273433  1.180780  0.000000  0.092442
KBAB4_1514  1.361456  0.093293  0.052705  0.992148  1.302797  1.326533
  1.206345  1.160858  0.092442  0.000000
