

TREE # 1

  0  0.0000  14589.309405  x:  0.17673   2.00331   2.68384   0.26622   1.49766   0.23007   1.30377   0.45607   1.08915   0.29710   0.28810   0.34511   1.83609   0.38818   0.07371   0.26919   0.09192   0.11424   0.08291   2.00000   0.20000   0.20000   0.20000  
  1 99.0000  14357.056330  x:  0.19917   2.01475   2.69450   0.29984   1.50600   0.24831   1.31089   0.47079   1.10038   0.31922   0.28873   0.34989   1.85130   0.38435   0.07362   0.25750   0.10636   0.09682   0.11693   1.97383   0.55054   0.16457   0.17927  
  2 2480.6603  14314.925215  x:  0.23598   2.03437   2.71168   0.35627   1.51417   0.27253   1.31513   0.49074   1.11457   0.35199   0.27278   0.34755   1.87699   0.37777   0.07873   0.22557   0.13532   0.05583   0.15059   1.94305   0.53874   0.06420   0.12400  
  3 393.6185  14278.831156  x:  0.32116   2.08051   2.75315   0.48562   1.53296   0.32598   1.32459   0.53543   1.14739   0.42432   0.23823   0.34453   1.93845   0.38394   0.11420   0.18206   0.21185   0.04645   0.21753   1.86219   0.51430   0.10044   0.04174  
  4 444.8114  14245.172629  x:  0.46895   2.16202   2.82904   0.70675   1.56456   0.41283   1.33998   0.60905   1.20359   0.54100   0.18742   0.34702   2.04846   0.41251   0.20822   0.10961   0.28754   0.05192   0.25122   1.71681   0.47956   0.10182   0.13315  
  5 662.7976  14218.049888  x:  0.58112   2.22883   2.89991   0.86746   1.58389   0.45801   1.34653   0.65029   1.24135   0.59912   0.19541   0.38118   2.14276   0.38014   0.22778   0.14799   0.24746   0.07165   0.11832   1.60688   0.46458   0.10144   0.10941  
  6 280.1095  14205.062161  x:  0.65690   2.27838   2.96056   0.97101   1.59135   0.46896   1.34530   0.66389   1.26063   0.60967   0.21593   0.40870   2.21556   0.32805   0.20927   0.19575   0.13604   0.10438   0.14968   1.54228   0.44983   0.10003   0.11200  
  7 230.1403  14202.179718  x:  0.67837   2.29501   2.98552   0.99834   1.59014   0.46093   1.34183   0.65995   1.26240   0.59697   0.21743   0.40797   2.24135   0.30805   0.19768   0.21893   0.12513   0.07030   0.15588   1.53376   0.44681   0.11026   0.12284  
  8 126.4197  14197.554763  x:  0.72861   2.34169   3.06688   1.05686   1.57833   0.41057   1.32548   0.63000   1.25740   0.52529   0.21581   0.38872   2.31713   0.26049   0.16685   0.25186   0.16361   0.08721   0.16138   1.54392   0.44447   0.10401   0.13992  
  9 96.7269  14190.396101  x:  0.80496   2.42334   3.22073   1.14151   1.55280   0.30079   1.29501   0.57104   1.24670   0.38944   0.22331   0.35823   2.45281   0.24890   0.18572   0.19588   0.14719   0.08157   0.15074   1.58756   0.44564   0.11275   0.13251  
 10 136.6178  14188.606312  x:  0.81973   2.45083   3.28230   1.15379   1.54615   0.25477   1.28889   0.56174   1.25064   0.37051   0.24763   0.37295   2.50109   0.27635   0.21578   0.21680   0.15348   0.07947   0.15827   1.61058   0.44479   0.10702   0.12681  
 11 74.9819  14183.346358  x:  0.80751   2.54936   3.55969   1.10642   1.55008   0.06690   1.29927   0.61207   1.30872   0.48572   0.23902   0.38434   2.68767   0.28570   0.19268   0.20898   0.15042   0.07857   0.15603   1.73356   0.44267   0.11108   0.13078  
 12 45.4646  14178.669308  x:  0.71439   2.66310   3.92561   0.96259   1.69454   0.09094   1.35340   0.71431   1.30583   0.45828   0.19411   0.34759   2.90471   0.34081   0.17823   0.22977   0.13840   0.07993   0.15705   1.76140   0.43709   0.10469   0.12340  
 13 34.9245  14175.116536  x:  0.63236   2.75364   4.21739   0.84268   1.81028   0.12617   1.39279   0.78321   1.30196   0.43414   0.24023   0.38589   3.07300   0.35309   0.13914   0.19440   0.15822   0.07249   0.15952   1.76482   0.42891   0.10811   0.12933  
 14 170.7246  14172.407261  x:  0.51230   2.84397   4.45853   0.73181   1.80451   0.17173   1.34151   0.63206   1.33626   0.49077   0.23333   0.37898   3.16416   0.32723   0.17209   0.18433   0.16893   0.06886   0.16404   1.64397   0.42402   0.10246   0.12327  
 15 18.5229  14169.865361  x:  0.39138   2.99303   4.67188   0.76235   1.66163   0.35057   1.32723   0.56011   1.26974   0.54830   0.19750   0.42809   3.17609   0.27270   0.22356   0.18901   0.16657   0.06879   0.16413   1.73199   0.42021   0.10250   0.12286  
 16 11.8409  14167.825907  x:  0.28622   3.11341   4.81840   0.81154   1.52178   0.43552   1.35222   0.57931   1.25938   0.57475   0.26966   0.34525   3.14966   0.25019   0.24574   0.19130   0.16683   0.06830   0.16421   1.74301   0.41394   0.10043   0.12271  
 17 24.4329  14163.396614  x:  0.04686   3.34875   5.07422   0.94901   1.25902   0.44796   1.43533   0.69709   1.31842   0.50658   0.22579   0.39176   3.03584   0.25574   0.24072   0.18423   0.17494   0.06425   0.16679   1.63616   0.39898   0.09128   0.11972  
 18 25.1985  14161.308393  x:  0.00000   3.39655   5.11869   1.01056   1.28418   0.44168   1.42262   0.69872   1.33769   0.50450   0.22636   0.39233   3.00112   0.26344   0.23301   0.18431   0.17484   0.06366   0.16659   1.63933   0.39485   0.08970   0.12013  
 19 16.8358  14161.308393  x:  0.00000   3.39655   5.11869   1.01056   1.28418   0.44168   1.42262   0.69872   1.33769   0.50450   0.22636   0.39233   3.00112   0.26344   0.23301   0.18431   0.17484   0.06366   0.16659   1.63933   0.39485   0.08970   0.12013  
 20 15.7758  14146.438572  x:  0.00299   3.39722   5.11900   1.01505   1.28830   0.44179   1.42077   0.69865   1.33766   0.50607   0.22230   0.38937   3.00282   0.26165   0.23194   0.17959   0.17657   0.05569   0.16298   1.64140   0.31206   0.05997   0.10973  
 21 283.8007  14142.621553  x:  0.00524   3.39791   5.11941   1.01829   1.29132   0.44261   1.42039   0.69939   1.33842   0.50797   0.22100   0.38857   3.00421   0.26240   0.23256   0.17896   0.17944   0.05535   0.16368   1.64040   0.27899   0.07442   0.10779  
 22 427.9666  14138.021192  x:  0.05562   3.41718   5.13236   1.08696   1.35563   0.47537   1.43212   0.73068   1.36975   0.56286   0.22463   0.39729   3.03749   0.27324   0.24120   0.16351   0.20758   0.08350   0.17498   1.58349   0.25542   0.06952   0.07508  
 23 62.9824  14131.509833  x:  0.12931   3.44528   5.15159   1.18697   1.44797   0.52092   1.44896   0.77429   1.41421   0.63824   0.22693   0.40728   3.08644   0.28932   0.25240   0.14607   0.22715   0.04510   0.16577   1.50459   0.23024   0.06910   0.05739  
 24 349.8041  14129.076892  x:  0.16886   3.46013   5.16232   1.24011   1.49481   0.54099   1.45692   0.79374   1.43548   0.67055   0.22300   0.40777   3.11320   0.29524   0.25659   0.14392   0.21884   0.04812   0.16309   1.47241   0.21454   0.06343   0.09223  
 25 208.9998  14126.549414  x:  0.22132   3.47910   5.17796   1.30922   1.54892   0.55269   1.46320   0.80649   1.45509   0.68778   0.20501   0.39579   3.15035   0.26560   0.22680   0.17139   0.17839   0.05114   0.16921   1.46640   0.20457   0.06502   0.09109  
 26 84.4553  14125.359432  x:  0.25935   3.49201   5.19077   1.35834   1.58121   0.54634   1.46301   0.80372   1.46152   0.67858   0.20156   0.39294   3.17905   0.25971   0.21879   0.18009   0.18689   0.05778   0.14319   1.49344   0.20317   0.06611   0.09153  
 27 51.9684  14120.660859  x:  0.44012   3.55217   5.25426   1.59062   1.72588   0.49556   1.45680   0.77653   1.48364   0.61105   0.20737   0.39532   3.31856   0.26591   0.21109   0.16565   0.22084   0.04529   0.17145   1.65366   0.20038   0.06527   0.10197  
 28 129.0660  14119.898505  x:  0.46814   3.56103   5.26592   1.62637   1.74587   0.47954   1.45594   0.77122   1.48720   0.60138   0.21258   0.39931   3.34207   0.27760   0.22015   0.15009   0.19989   0.04927   0.16516   1.67613   0.19971   0.06798   0.09361  
 29 71.3954  14119.587413  x:  0.48020   3.56412   5.27380   1.64143   1.75127   0.46093   1.45614   0.76834   1.48942   0.60046   0.21621   0.40249   3.35505   0.29097   0.23240   0.16534   0.19268   0.04993   0.16555   1.68012   0.19869   0.06699   0.08872  
 30 27.7257  14117.892108  x:  0.53374   3.56991   5.34018   1.70597   1.74760   0.25913   1.46365   0.75422   1.50541   0.63437   0.20048   0.39399   3.44372   0.28945   0.23197   0.15983   0.19752   0.04978   0.16649   1.64148   0.19862   0.06697   0.08914  
 31 16.7265  14117.626625  x:  0.53866   3.56877   5.35344   1.71269   1.75205   0.23377   1.46761   0.75769   1.50478   0.63731   0.21868   0.40782   3.45864   0.28220   0.22512   0.16138   0.19670   0.05000   0.16586   1.63615   0.19691   0.06702   0.09162  
 32 19.6328  14112.552942  x:  0.50077   3.48246   5.67037   1.71166   2.01956   0.08778   1.61381   0.99744   1.38338   0.58603   0.24285   0.37830   3.73864   0.28288   0.22789   0.16630   0.19060   0.05163   0.16622   1.62045   0.19767   0.06981   0.09410  
 33  9.1817  14107.101199  x:  0.47116   3.43594   6.03890   1.70098   2.17289   0.12450   1.62588   0.97200   1.55149   0.70045   0.15379   0.51177   4.00310   0.28801   0.21804   0.17523   0.17904   0.05312   0.16633   1.70473   0.20175   0.07493   0.10163  
 34 17.4306  14102.655351  x:  0.49507   3.45725   6.35644   1.72265   2.20789   0.22375   1.62763   0.86432   1.73350   0.73741   0.26759   0.38676   4.20438   0.29272   0.20772   0.18104   0.17243   0.05490   0.16621   1.70077   0.20188   0.07812   0.10585  
 35 34.6037  14099.763566  x:  0.59409   3.57843   6.57716   1.79103   2.08965   0.34290   1.71070   0.80622   1.77525   0.60141   0.24182   0.42735   4.30932   0.29170   0.20235   0.18115   0.17445   0.05703   0.16606   1.58285   0.19514   0.07832   0.10453  
 36 18.9784  14097.046998  x:  0.75010   3.82058   6.82188   1.88234   1.80799   0.46603   1.90595   0.92934   1.76308   0.69011   0.24827   0.42865   4.37040   0.29260   0.20549   0.18123   0.17316   0.05698   0.16652   1.65775   0.18673   0.08095   0.10534  
 37 16.2040  14094.566530  x:  0.78741   4.53922   7.26595   1.84620   2.00777   0.42054   1.70966   1.00701   1.70877   0.76627   0.24775   0.43842   4.31638   0.26753   0.23431   0.18088   0.17480   0.05797   0.16687   1.64574   0.17960   0.08375   0.10599  
 38  3.4323  14092.106439  x:  0.68590   5.13039   7.70099   1.82256   2.23716   0.33643   1.90668   1.06014   1.95698   0.74385   0.24660   0.44063   4.36465   0.31646   0.18855   0.17607   0.18263   0.05939   0.16738   1.67066   0.15797   0.08412   0.10398  
 39 12.2429  14090.374338  x:  0.44010   5.39026   7.96362   2.05600   2.34090   0.36764   2.06967   0.92274   1.89155   0.85130   0.24811   0.44496   4.61990   0.26758   0.24298   0.17227   0.18775   0.05881   0.16733   1.66397   0.14581   0.08559   0.10238  
 40  5.8707  14089.203704  x:  0.26053   5.45892   8.05233   2.34316   2.31967   0.38015   1.98419   1.03608   1.95361   0.84789   0.24798   0.44748   4.80393   0.36591   0.13898   0.17167   0.18993   0.06143   0.16753   1.65099   0.13880   0.08445   0.10174  
 41  4.8675  14088.342842  x:  0.23432   5.43175   8.01775   2.56518   2.34566   0.35252   1.96423   1.13335   2.07027   0.81819   0.24970   0.45042   4.80912   0.26160   0.25205   0.16938   0.19206   0.05924   0.16701   1.65178   0.13693   0.08609   0.10046  
 42  3.3503  14085.393788  x:  0.53466   5.20041   7.77492   3.20286   2.65335   0.23228   2.15517   1.07776   2.13127   0.91614   0.25074   0.46286   4.55208   0.35566   0.15565   0.16943   0.19140   0.06179   0.16633   1.63135   0.13695   0.08493   0.09873  
 43  4.1223  14082.445216  x:  1.44182   4.79612   8.20697   3.15894   2.83718   0.30107   2.21223   1.14863   2.25934   1.01004   0.25386   0.47716   5.14794   0.35439   0.16044   0.16466   0.19339   0.06000   0.16426   1.62345   0.11897   0.08420   0.09064  
 44  3.0147  14079.675089  x:  1.30141   5.97123   9.43556   3.36883   3.17330   0.33488   2.38759   1.19432   2.50434   1.10447   0.27001   0.49083   6.31927   0.35801   0.15101   0.17318   0.17915   0.05260   0.16212   1.73458   0.10814   0.07914   0.08455  
 45  1.1141  14078.704850  x:  1.37127   6.30023  10.17922   3.68475   3.38245   0.33184   2.53376   1.25385   2.65184   1.17107   0.27843   0.50198   6.55027   0.34971   0.16278   0.17376   0.18823   0.05608   0.16647   1.73049   0.09681   0.08016   0.08814  
 46  1.0207  14077.779925  x:  1.46447   6.37361  10.73416   3.92137   3.49401   0.34544   2.60257   1.31796   2.74168   1.21128   0.28483   0.50744   6.69970   0.33323   0.18317   0.17232   0.20109   0.06095   0.17151   1.70533   0.09540   0.08190   0.09412  
 47  1.0094  14076.937498  x:  1.62891   6.85744  11.70690   4.37975   3.81742   0.34437   2.83527   1.43724   2.98039   1.31302   0.29707   0.52309   7.14244   0.35543   0.15755   0.17169   0.18886   0.05928   0.16741   1.68872   0.08345   0.08370   0.09382  
 48  0.9761  14076.424173  x:  1.71989   7.18132  12.18331   4.57738   4.00296   0.35422   2.98810   1.51911   3.12770   1.37829   0.30369   0.53073   7.45775   0.37844   0.13040   0.17116   0.17850   0.05672   0.16248   1.70115   0.08127   0.08393   0.08967  
 49  0.4939  14076.120392  x:  1.84308   7.67398  12.93303   4.84468   4.26699   0.37801   3.18270   1.61948   3.33294   1.47607   0.31387   0.54268   7.97474   0.38253   0.12905   0.17089   0.18397   0.05699   0.16367   1.71815   0.07414   0.08370   0.08813  
 50  1.1818  14075.944908  x:  1.88604   7.96383  13.29601   4.91906   4.39385   0.40710   3.28252   1.67168   3.43673   1.53570   0.31836   0.54813   8.26737   0.36422   0.15277   0.17144   0.19305   0.05788   0.16737   1.73038   0.07251   0.08302   0.08987  
 51  0.4833  14075.866159  x:  1.95402   8.31567  13.84224   5.09835   4.57731   0.43367   3.41805   1.74114   3.57808   1.61267   0.32413   0.55658   8.59504   0.36693   0.14906   0.17194   0.18902   0.05790   0.16684   1.72889   0.06852   0.08335   0.08952  
 52  0.6076  14075.826377  x:  1.95526   8.40513  13.98479   5.12825   4.61823   0.44917   3.44725   1.75544   3.61052   1.63760   0.32453   0.55863   8.65954   0.37211   0.14183   0.17203   0.18547   0.05785   0.16580   1.72380   0.06822   0.08359   0.08903  
 53  0.2181  14075.815039  x:  1.97584   8.58011  14.26845   5.20052   4.70291   0.47184   3.50585   1.78473   3.68047   1.67967   0.32706   0.56290   8.82822   0.37091   0.14330   0.17165   0.18738   0.05757   0.16576   1.72641   0.06663   0.08351   0.08960  
 54  0.2698  14075.813377  x:  1.96915   8.58517  14.28841   5.19984   4.70340   0.47808   3.50303   1.78222   3.68466   1.68353   0.32699   0.56321   8.83386   0.37095   0.14351   0.17172   0.18759   0.05781   0.16598   1.72753   0.06671   0.08349   0.08946  
 55  0.0173  14075.812238  x:  1.96274   8.59427  14.32292   5.20889   4.70749   0.48653   3.50111   1.77877   3.69508   1.68926   0.32715   0.56388   8.84379   0.37082   0.14373   0.17184   0.18699   0.05776   0.16597   1.72763   0.06655   0.08355   0.08945  
 56  0.0156  14075.811867  x:  1.95550   8.56109  14.26795   5.19402   4.68988   0.48582   3.48780   1.77037   3.68487   1.68249   0.32664   0.56320   8.81229   0.37092   0.14350   0.17174   0.18731   0.05770   0.16590   1.72705   0.06683   0.08354   0.08946  
 57  0.0473  14075.811783  x:  1.95530   8.56299  14.25719   5.19128   4.68872   0.48669   3.48885   1.76983   3.68591   1.68249   0.32655   0.56317   8.81067   0.37116   0.14324   0.17174   0.18733   0.05780   0.16593   1.72687   0.06682   0.08352   0.08942  
 58  0.0050  14075.811746  x:  1.95514   8.56487  14.25324   5.18946   4.68801   0.48770   3.48987   1.76990   3.68668   1.68280   0.32650   0.56318   8.80971   0.37085   0.14359   0.17175   0.18730   0.05774   0.16593   1.72680   0.06683   0.08351   0.08948  
 59  0.0036  14075.811736  x:  1.95512   8.56364  14.25403   5.18885   4.68689   0.48850   3.48980   1.77017   3.68637   1.68286   0.32647   0.56318   8.80824   0.37096   0.14344   0.17176   0.18729   0.05773   0.16592   1.72688   0.06683   0.08352   0.08944  
 60  0.0011  14075.811732  x:  1.95490   8.56150  14.25297   5.18780   4.68539   0.48895   3.48917   1.77016   3.68548   1.68258   0.32645   0.56315   8.80631   0.37085   0.14358   0.17175   0.18730   0.05774   0.16592   1.72685   0.06684   0.08352   0.08945  
 61  0.0020  14075.811731  x:  1.95472   8.56176  14.25284   5.18739   4.68525   0.48912   3.48910   1.77017   3.68532   1.68260   0.32645   0.56315   8.80676   0.37089   0.14353   0.17175   0.18730   0.05774   0.16592   1.72682   0.06684   0.08351   0.08946  
 62  0.0003  14075.811731  x:  1.95460   8.56180  14.25239   5.18719   4.68520   0.48912   3.48905   1.77012   3.68525   1.68257   0.32646   0.56314   8.80685   0.37088   0.14354   0.17175   0.18730   0.05774   0.16592   1.72683   0.06684   0.08351   0.08946  
 63  0.0003  14075.811731  x:  1.95451   8.56184  14.25234   5.18713   4.68520   0.48913   3.48905   1.77011   3.68522   1.68257   0.32646   0.56314   8.80689   0.37088   0.14355   0.17175   0.18730   0.05774   0.16592   1.72683   0.06684   0.08351   0.08946  
 64  0.0001  14075.811731  x:  1.95445   8.56182  14.25238   5.18716   4.68523   0.48912   3.48906   1.77011   3.68521   1.68257   0.32646   0.56314   8.80683   0.37089   0.14354   0.17175   0.18730   0.05774   0.16592   1.72682   0.06684   0.08352   0.08946  
 65  0.0000  14075.811731  x:  1.95444   8.56179  14.25238   5.18716   4.68524   0.48912   3.48906   1.77012   3.68521   1.68256   0.32646   0.56314   8.80681   0.37089   0.14354   0.17175   0.18730   0.05774   0.16592   1.72682   0.06684   0.08351   0.08946  