

TREE # 1

  0  0.0000   2827.225319  x:  0.30573   0.98532   0.80721   0.20311   0.93087   0.00000   0.96778   0.52676   0.50633   0.48263   0.96617   0.17690   0.06106   0.11708   0.12548   0.00737   0.01433   2.00000   0.20000   0.20000   0.20000  
  1 99.0000   2817.095536  x:  0.30887   0.98511   0.80702   0.20912   0.93026   0.00055   0.96702   0.52624   0.50595   0.48230   0.96741   0.17661   0.06181   0.11671   0.12697   0.00000   0.00696   1.99974   0.17992   0.19624   0.19814  
  2 433.3244   2814.874280  x:  0.31234   0.98586   0.80778   0.21446   0.93064   0.00109   0.96742   0.52664   0.50654   0.48286   0.96926   0.17641   0.06199   0.11642   0.12771   0.00000   0.00000   1.99882   0.17937   0.19277   0.19651  
  3 285.5081   2814.203251  x:  0.31414   0.98665   0.80856   0.21467   0.93100   0.00000   0.96810   0.52668   0.50719   0.48348   0.97089   0.17660   0.06241   0.11677   0.12710   0.00000   0.00000   1.99779   0.17887   0.18806   0.19461  
  4 192.8266   2814.203251  x:  0.31414   0.98665   0.80856   0.21467   0.93100   0.00000   0.96810   0.52668   0.50719   0.48348   0.97089   0.17660   0.06241   0.11677   0.12710   0.00000   0.00000   1.99779   0.17887   0.18806   0.19461  
  5 1654.6083   2796.677379  x:  0.32633   0.98623   0.80818   0.23738   0.92901   0.00203   0.96566   0.52499   0.50609   0.48255   0.97597   0.17558   0.06510   0.11546   0.13259   0.00000   0.00000   1.99647   0.10836   0.17324   0.18741  
  6 357.9575   2758.038978  x:  0.46954   0.99871   0.82103   0.48401   0.92442   0.02911   0.95846   0.52276   0.51075   0.48754   1.04344   0.16595   0.08784   0.10249   0.18276   0.00000   0.00000   1.97000   0.10231   0.01394   0.10889  
  7 185.2688   2742.741541  x:  0.60219   1.01137   0.83435   0.69780   0.91708   0.04190   0.95356   0.51333   0.51564   0.49390   1.11122   0.16945   0.12374   0.11105   0.20483   0.00000   0.00000   1.93961   0.09690   0.08971   0.00675  
  8 237.5087   2742.170495  x:  0.61869   1.01400   0.83733   0.71690   0.91396   0.03509   0.95501   0.50653   0.51670   0.49620   1.12320   0.16369   0.12240   0.10855   0.19987   0.00000   0.00000   1.93208   0.09619   0.09771   0.02894  
  9 66.6089   2740.215458  x:  0.64533   1.02129   0.84592   0.72712   0.90262   0.00000   0.96362   0.47916   0.51961   0.50426   1.15296   0.13688   0.10482   0.09650   0.16780   0.00000   0.00000   1.90932   0.09460   0.10026   0.02780  
 10 53.4201   2735.019273  x:  0.78721   1.07296   0.90585   0.70868   0.81914   0.00000   1.04592   0.25911   0.53452   0.56527   1.36370   0.10402   0.15116   0.19884   0.12313   0.00000   0.00000   1.73231   0.08760   0.07868   0.02604  
 11 48.0401   2732.019556  x:  0.85709   1.10276   0.93789   0.69034   0.76878   0.00000   1.10520   0.13669   0.53937   0.59951   1.49286   0.10075   0.18283   0.13318   0.18522   0.00000   0.00000   1.62148   0.08484   0.08213   0.02119  
 12 61.0264   2728.836618  x:  0.88843   1.13552   0.95457   0.74815   0.77327   0.00000   1.25074   0.27447   0.56238   0.65182   1.68937   0.13962   0.20407   0.10070   0.17286   0.00000   0.00000   1.48231   0.07235   0.07410   0.01756  
 13 13.2804   2726.932694  x:  0.89538   1.14584   0.95105   0.80563   0.76600   0.00000   1.31500   0.33156   0.54754   0.65027   1.79140   0.10530   0.15102   0.12799   0.22693   0.00000   0.00000   1.43795   0.06971   0.07952   0.01419  
 14 31.9537   2721.587852  x:  0.89857   1.14592   0.90312   1.04946   0.69942   0.00000   1.38998   0.33538   0.41098   0.53096   2.01261   0.16204   0.12549   0.12348   0.20571   0.00000   0.00000   1.48888   0.07965   0.06860   0.00862  
 15 21.0675   2716.399811  x:  0.97966   1.21907   0.94414   1.30132   0.79103   0.00000   1.39536   0.24855   0.62668   0.64310   2.12915   0.20954   0.08920   0.11956   0.21565   0.00000   0.00000   1.75283   0.07868   0.06123   0.00201  
 16 16.8635   2713.337415  x:  1.13712   1.45531   1.19191   1.43108   1.12312   0.00000   1.47696   0.18246   0.52804   0.61630   2.03904   0.17287   0.12660   0.11143   0.21602   0.00000   0.00000   1.87025   0.06773   0.05731   0.00259  
 17  9.7092   2710.709588  x:  1.25294   1.59897   1.33152   1.62295   1.01655   0.00000   1.47204   0.18806   0.65194   0.59126   1.70107   0.05852   0.24576   0.10944   0.20513   0.00000   0.00000   1.76483   0.06854   0.05035   0.00928  
 18  5.1507   2709.677334  x:  1.33659   1.62508   1.37217   1.70437   0.93811   0.00000   1.47466   0.17896   0.59197   0.73644   1.60697   0.18935   0.12170   0.12078   0.20267   0.00000   0.00000   1.74521   0.06642   0.04551   0.01166  
 19  5.0990   2708.068627  x:  1.60253   1.49377   1.32681   1.72109   0.92749   0.00000   1.54185   0.20392   0.66571   0.63433   1.75770   0.28619   0.03377   0.12720   0.20658   0.00000   0.00000   1.85417   0.06176   0.03150   0.01489  
 20  2.4699   2707.105739  x:  1.69003   1.36469   1.23261   1.77030   0.99444   0.00000   1.49802   0.20482   0.61650   0.72515   1.86365   0.22057   0.09863   0.12189   0.20267   0.00000   0.00000   1.86936   0.06286   0.02250   0.01696  
 21  4.9183   2706.090291  x:  1.52204   1.45158   1.25552   1.99472   1.02633   0.00000   1.52872   0.12132   0.65147   0.72754   1.95500   0.19275   0.11727   0.11909   0.18803   0.00000   0.00000   1.78038   0.05765   0.01797   0.01770  
 22  2.1319   2705.415922  x:  1.54819   1.53168   1.37876   2.07721   0.90227   0.00000   1.50884   0.17974   0.60491   0.76293   1.99730   0.11801   0.17899   0.10793   0.19564   0.00000   0.00000   1.80549   0.05496   0.01941   0.01639  
 23  1.9460   2704.379248  x:  1.68811   1.44731   1.40219   2.22018   0.93565   0.00000   1.49332   0.17961   0.60497   0.73451   1.91487   0.10829   0.16044   0.09367   0.20175   0.00000   0.00000   1.62099   0.05400   0.02632   0.01328  
 24  1.6762   2704.070115  x:  1.70392   1.49446   1.30625   2.30029   0.92546   0.00000   1.64281   0.15826   0.59594   0.76161   1.94164   0.08225   0.17547   0.09250   0.19971   0.00000   0.00000   1.67603   0.05363   0.03042   0.01463  
 25  1.1367   2703.127061  x:  1.76733   1.75722   1.22722   2.51416   0.93731   0.00000   1.57787   0.21181   0.62786   0.71415   2.22952   0.12580   0.12498   0.10318   0.20234   0.00000   0.00000   1.70271   0.05341   0.03099   0.01675  
 26  1.1424   2702.514699  x:  1.81089   1.59975   1.51760   2.75734   0.91093   0.00000   1.75886   0.21565   0.63560   0.71072   2.30611   0.12572   0.12530   0.11525   0.19444   0.00000   0.00000   1.72898   0.05212   0.02917   0.01731  
 27  1.4415   2702.030685  x:  2.05256   1.75500   1.52766   2.96063   0.91063   0.00000   1.90378   0.24937   0.62426   0.70693   2.25935   0.12578   0.13932   0.12172   0.18966   0.00000   0.00000   1.68663   0.04754   0.02335   0.01490  
 28  0.7586   2701.754702  x:  2.08786   1.80419   1.60840   3.15511   0.96863   0.00000   1.94248   0.24540   0.63696   0.73127   2.41370   0.13191   0.14051   0.11692   0.19011   0.00000   0.00000   1.71890   0.04398   0.02686   0.01651  
 29  0.7004   2701.481212  x:  2.16925   1.90196   1.67037   3.40401   0.99895   0.00000   1.98916   0.23985   0.63753   0.77805   2.51976   0.11376   0.16878   0.10253   0.19025   0.00000   0.00000   1.73327   0.04359   0.02805   0.01628  
 30  0.2582   2701.349364  x:  2.30404   2.03348   1.77560   3.70654   1.01497   0.00000   2.11947   0.23788   0.65990   0.81276   2.61989   0.11787   0.15433   0.10973   0.19504   0.00000   0.00000   1.72035   0.04028   0.02744   0.01500  
 31  0.2397   2701.314362  x:  2.33212   2.06642   1.80775   3.77804   1.01532   0.00000   2.16157   0.22803   0.68219   0.82031   2.65995   0.12898   0.14458   0.11040   0.19529   0.00000   0.00000   1.72920   0.04028   0.02778   0.01414  
 32  0.0744   2701.302629  x:  2.36960   2.10206   1.84488   3.83956   1.02068   0.00000   2.19993   0.22553   0.69634   0.82915   2.70886   0.13157   0.14340   0.10800   0.19512   0.00000   0.00000   1.73643   0.03937   0.02762   0.01337  
 33  0.0770   2701.294830  x:  2.37103   2.10030   1.84609   3.79452   1.02486   0.00000   2.19907   0.22499   0.70015   0.83628   2.73144   0.12633   0.14703   0.10930   0.19452   0.00000   0.00000   1.73673   0.03946   0.02776   0.01258  
 34  0.0212   2701.292811  x:  2.36949   2.09132   1.83397   3.75315   1.02286   0.00000   2.19244   0.22538   0.69823   0.83596   2.73476   0.13260   0.14124   0.10870   0.19495   0.00000   0.00000   1.73505   0.03957   0.02775   0.01276  
 35  0.0259   2701.292205  x:  2.38466   2.10312   1.83960   3.76489   1.02092   0.00000   2.20186   0.22436   0.69882   0.83749   2.74641   0.13402   0.14012   0.10917   0.19485   0.00000   0.00000   1.73281   0.03940   0.02773   0.01279  
 36  0.0093   2701.291967  x:  2.38835   2.10502   1.84312   3.76399   1.02239   0.00000   2.20244   0.22402   0.69847   0.83732   2.75070   0.13311   0.14071   0.10889   0.19487   0.00000   0.00000   1.73360   0.03940   0.02773   0.01294  
 37  0.0038   2701.291925  x:  2.38976   2.10610   1.84541   3.76492   1.02359   0.00000   2.20398   0.22398   0.69890   0.83711   2.75062   0.13320   0.14070   0.10898   0.19472   0.00000   0.00000   1.73358   0.03936   0.02776   0.01296  
 38  0.0022   2701.291918  x:  2.39003   2.10622   1.84571   3.76411   1.02341   0.00000   2.20431   0.22406   0.69901   0.83706   2.74931   0.13343   0.14044   0.10897   0.19474   0.00000   0.00000   1.73338   0.03937   0.02775   0.01296  
 39  0.0011   2701.291917  x:  2.39015   2.10642   1.84581   3.76414   1.02325   0.00000   2.20436   0.22413   0.69904   0.83726   2.74915   0.13339   0.14048   0.10897   0.19474   0.00000   0.00000   1.73344   0.03937   0.02775   0.01297  
 40  0.0002   2701.291917  x:  2.39016   2.10641   1.84581   3.76425   1.02325   0.00000   2.20433   0.22413   0.69908   0.83728   2.74921   0.13339   0.14048   0.10897   0.19473   0.00000   0.00000   1.73343   0.03937   0.02775   0.01297  
 41  0.0001   2701.291917  x:  2.39018   2.10641   1.84580   3.76422   1.02325   0.00000   2.20434   0.22413   0.69908   0.83728   2.74921   0.13340   0.14048   0.10897   0.19473   0.00000   0.00000   1.73343   0.03937   0.02775   0.01297  
 42  0.0000   2701.291917  x:  2.39018   2.10641   1.84580   3.76422   1.02325   0.00000   2.20434   0.22413   0.69908   0.83728   2.74921   0.13340   0.14048   0.10897   0.19473   0.00000   0.00000   1.73343   0.03937   0.02775   0.01297  