    8
BAM_033430  0.000000  2.697576  2.617635  0.638512  0.894933  0.927719
  1.285160  0.969850
BH2346xxxx  2.697576  0.000000  2.051065  3.082293  3.120219  3.042828
  2.464147  2.721723
NT03BL2347  2.617635  2.051065  0.000000  2.066637  2.565339  2.106559
  2.150228  2.142127
NT03BL2874  0.638512  3.082293  2.066637  0.000000  0.893227  1.048378
  1.186538  1.141841
NT03BL4304  0.894933  3.120219  2.565339  0.893227  0.000000  1.175698
  1.033192  1.200989
Bmo533xxxx  0.927719  3.042828  2.106559  1.048378  1.175698  0.000000
  1.003372  0.230064
BPUM_3545x  1.285160  2.464147  2.150228  1.186538  1.033192  1.003372
  0.000000  1.239911
BG12512xxx  0.969850  2.721723  2.142127  1.141841  1.200989  0.230064
  1.239911  0.000000
