

TREE # 1

  0  0.0000  10145.096798  x:  0.00000   0.39340   0.43937   0.15156   0.21282   0.10396   0.26408   0.14836   0.18173   0.10761   0.27432   0.08704   0.06234   0.06352   0.04491   0.02750   0.08698   2.00000   0.20000   0.20000  
  1 99.0000   8834.540858  x:  2.62732   0.57244   0.59509   0.49387   0.41738   0.28705   0.41814   0.30689   0.38632   0.35153   0.52530   0.18523   0.18716   0.17846   0.12468   0.03301   0.05826   1.94894   0.71389   0.18628  
  2 9495.3322   8556.376842  x:  2.65786   0.68411   0.70092   0.61261   0.52748   0.40074   0.57764   0.41912   0.50834   0.44889   0.63143   0.20963   0.12937   0.11870   0.02844   0.00000   0.03463   1.94219   0.33713   0.11413  
  3 670.9241   8520.481434  x:  2.66489   0.71005   0.72550   0.64018   0.55304   0.42713   0.61467   0.44517   0.53666   0.47149   0.65608   0.21530   0.11596   0.10490   0.00632   0.00197   0.02935   1.94061   0.24959   0.09736  
  4 117136.6589   8494.910738  x:  2.66621   0.72990   0.74444   0.66127   0.57182   0.44634   0.64177   0.46416   0.55714   0.48753   0.67509   0.22109   0.10803   0.10421   0.03143   0.00196   0.03756   1.93774   0.19055   0.08363  
  5 2700.7170   8415.440771  x:  2.58758   0.84760   0.85890   0.78486   0.67556   0.55022   0.79032   0.56838   0.66579   0.56877   0.79026   0.25383   0.07988   0.13935   0.03411   0.00228   0.12649   1.89584   0.21763   0.00010  
  6 655.2996   8385.420810  x:  2.51944   0.94768   0.95657   0.89090   0.76158   0.63548   0.91318   0.65375   0.75469   0.63417   0.88964   0.28327   0.07302   0.16999   0.04199   0.00295   0.17364   1.85719   0.24050   0.06250  
  7 2087.0960   8366.068937  x:  2.48772   0.99979   1.00921   0.95413   0.78222   0.64809   0.93976   0.66490   0.76343   0.62941   0.95032   0.31480   0.10019   0.21334   0.06208   0.00470   0.06688   1.80948   0.25404   0.04661  
  8 250.0849   8341.607069  x:  2.46194   1.13606   1.15359   1.15193   0.75900   0.58072   0.89361   0.59041   0.67316   0.49942   1.14197   0.38880   0.17895   0.30926   0.02008   0.00325   0.10439   1.59803   0.19835   0.04343  
  9 149.3825   8328.728127  x:  2.44853   1.21437   1.24301   1.28799   0.73173   0.51831   0.85351   0.54035   0.63397   0.44092   1.27381   0.34545   0.10163   0.19916   0.04357   0.00366   0.09144   1.42973   0.20680   0.04641  
 10 139.5018   8327.286682  x:  2.44540   1.20727   1.24392   1.31388   0.71539   0.49016   0.83478   0.53397   0.65244   0.47317   1.29858   0.31891   0.07870   0.22362   0.04034   0.00359   0.08873   1.39920   0.20183   0.04863  
 11 38.2147   8326.157406  x:  2.43856   1.18459   1.23498   1.34436   0.69926   0.45752   0.81665   0.53573   0.67843   0.52018   1.32724   0.32289   0.10480   0.20760   0.04100   0.00356   0.09080   1.37167   0.19946   0.04567  
 12 35.7948   8323.500990  x:  2.42504   1.03888   1.17420   1.46931   0.73934   0.43345   0.84064   0.60733   0.63835   0.51829   1.43846   0.29561   0.11548   0.20264   0.04150   0.00351   0.08854   1.37656   0.19407   0.04369  
 13 12.5082   8317.217081  x:  2.40263   0.92768   1.27978   1.60320   0.82426   0.41512   0.83905   0.51843   0.73806   0.49716   1.54782   0.40217   0.03255   0.18587   0.04288   0.00342   0.07980   1.51226   0.19070   0.05061  
 14  9.1000   8300.651131  x:  2.36770   0.92386   1.66600   1.66358   0.94771   0.42524   0.97419   0.55279   0.81313   0.51991   1.59215   0.23440   0.13887   0.14425   0.04153   0.00287   0.06426   1.54585   0.14841   0.03758  
 15 18.9770   8296.245499  x:  2.36382   0.96739   1.69298   1.63839   0.91696   0.44295   1.01799   0.65765   0.76325   0.56934   1.58242   0.34749   0.06120   0.14410   0.03778   0.00274   0.05801   1.46536   0.13682   0.04509  
 16 24.5001   8293.410772  x:  2.35023   1.23814   1.44887   1.68375   0.79325   0.53941   1.04312   0.64882   0.75936   0.58989   1.68521   0.33939   0.06032   0.13426   0.04026   0.00275   0.05475   1.54398   0.13594   0.04459  
 17 10.6368   8292.637255  x:  2.34764   1.28956   1.35228   1.68180   0.85496   0.55678   1.04321   0.63211   0.81372   0.55719   1.67842   0.34009   0.06217   0.13754   0.03937   0.00274   0.05504   1.49013   0.13224   0.04426  
 18  6.9448   8290.193351  x:  2.33738   1.46481   1.26974   1.71306   1.03393   0.35251   1.09320   0.67810   0.81327   0.56761   1.64203   0.35363   0.04988   0.14166   0.04223   0.00290   0.05655   1.53283   0.13474   0.04479  
 19  4.9306   8284.487236  x:  2.29989   1.54884   1.34455   1.79175   1.18582   0.52330   1.04663   0.64656   0.70384   0.73628   1.63744   0.35910   0.04763   0.15041   0.04968   0.00336   0.06239   1.54093   0.13562   0.04227  
 20  4.1846   8275.351265  x:  2.26660   1.55041   1.54477   1.85939   0.97715   0.68872   1.21259   0.81045   0.91819   0.61598   1.68886   0.37625   0.04508   0.18116   0.06022   0.00416   0.07141   1.54651   0.13923   0.03822  
 21 14.0663   8273.932061  x:  2.26327   1.52925   1.58373   1.68834   1.00980   0.65663   1.36591   0.71659   0.89535   0.65578   1.93719   0.37945   0.05050   0.18791   0.06151   0.00427   0.07320   1.52844   0.13496   0.03596  
 22  2.6616   8271.892164  x:  2.24383   1.57704   1.69001   1.56586   1.09929   0.65559   1.23783   0.84079   0.93473   0.63960   2.22612   0.36554   0.06598   0.19167   0.06455   0.00443   0.07502   1.58049   0.12680   0.03217  
 23  5.5171   8267.785608  x:  2.19409   1.64168   1.82842   1.97617   1.11262   0.66505   1.35354   0.82741   0.94330   0.67105   2.14839   0.34978   0.09571   0.20070   0.07062   0.00477   0.07720   1.59804   0.11065   0.02617  
 24  2.9664   8263.962495  x:  2.14562   1.73776   1.95489   2.22161   1.21778   0.65927   1.41410   0.86273   0.98675   0.66852   2.28936   0.35966   0.07292   0.14384   0.09333   0.00574   0.07150   1.52475   0.10643   0.02340  
 25  0.3398   8262.125759  x:  2.10437   1.88552   2.01916   2.50477   1.22928   0.66980   1.45688   0.88395   0.99824   0.66742   2.42399   0.39700   0.06758   0.17574   0.10325   0.00680   0.06786   1.53633   0.10382   0.02758  
 26  0.1995   8261.520308  x:  2.08857   1.95652   2.07566   2.57537   1.26412   0.66783   1.47860   0.90469   1.00987   0.67540   2.58329   0.39434   0.05971   0.16765   0.10927   0.00721   0.07803   1.53190   0.09825   0.03206  
 27  0.2027   8260.904718  x:  2.09231   1.99394   2.13349   2.61256   1.30539   0.65785   1.47838   0.90728   1.01445   0.68497   2.74813   0.35812   0.07569   0.15264   0.11708   0.00798   0.07148   1.53696   0.09837   0.03435  
 28  0.0914   8259.995021  x:  2.12812   2.03188   2.20643   2.66063   1.34141   0.66289   1.50539   0.90611   1.02276   0.71269   2.91809   0.33557   0.09511   0.17024   0.11571   0.00913   0.06192   1.55095   0.09235   0.03706  
 29  0.0547   8256.800229  x:  2.36817   2.03610   2.22131   2.73019   1.30137   0.71007   1.56509   0.87850   1.03862   0.77322   3.00208   0.29292   0.13521   0.20676   0.08841   0.01238   0.07809   1.61454   0.09466   0.05381  
 30  0.0846   8251.062030  x:  2.77298   2.14540   2.42760   3.01117   1.43440   0.78895   1.65792   0.99495   1.16420   0.81370   3.24097   0.21232   0.17797   0.17774   0.06630   0.01932   0.06196   1.56633   0.07751   0.07086  
 31  0.2166   8248.613903  x:  3.01137   2.20094   2.46719   3.16761   1.47618   0.82292   1.69356   1.06426   1.21306   0.80621   3.18670   0.21491   0.19855   0.15920   0.05772   0.02320   0.05081   1.57925   0.08017   0.07560  
 32  0.2397   8244.907788  x:  3.40795   2.60128   2.79044   3.80544   1.69178   0.91233   1.92948   1.26411   1.34000   0.84738   3.54051   0.20122   0.24694   0.15544   0.06787   0.03267   0.06008   1.65527   0.06562   0.08450  
 33  0.4715   8241.776286  x:  3.89449   2.88434   3.01500   4.17422   1.84994   0.99767   2.13785   1.40587   1.40964   0.89402   3.72110   0.11440   0.29738   0.18289   0.07447   0.04233   0.06152   1.73368   0.06379   0.08831  
 34  0.4347   8240.540865  x:  4.25843   3.07218   3.20381   4.42948   1.99578   1.06206   2.28666   1.50449   1.47992   0.94004   3.93244   0.08665   0.32454   0.18328   0.07561   0.04952   0.05369   1.73104   0.05645   0.09467  
 35  0.8334   8238.996956  x:  4.65387   3.19528   3.32355   4.50135   2.14077   1.11522   2.42049   1.57513   1.52348   0.98388   4.04838   0.14858   0.30311   0.17426   0.08004   0.05656   0.04342   1.66794   0.05327   0.09786  
 36  0.4593   8237.711140  x:  5.19165   3.29944   3.45631   4.49298   2.27434   1.19505   2.55787   1.64079   1.57484   1.05979   4.17236   0.11205   0.30898   0.16784   0.07999   0.06516   0.05125   1.65769   0.05199   0.10203  
 37  0.3162   8237.298723  x:  5.52187   3.41978   3.58670   4.59819   2.37647   1.25168   2.65964   1.70189   1.62636   1.11018   4.33304   0.10468   0.31612   0.17223   0.08207   0.07112   0.05073   1.67647   0.04845   0.10567  
 38  0.5488   8236.699781  x:  5.84402   3.42828   3.64879   4.47817   2.41808   1.30186   2.67861   1.70004   1.66493   1.17185   4.45344   0.13684   0.29329   0.18373   0.08685   0.07601   0.04428   1.72519   0.04869   0.10366  
 39  0.1681   8235.991983  x:  6.06636   3.30157   3.63456   4.26430   2.34674   1.33915   2.57367   1.62841   1.72469   1.20653   4.45343   0.12706   0.28056   0.16414   0.09645   0.07821   0.04508   1.73900   0.04914   0.09300  
 40  0.0895   8235.136668  x:  5.68664   2.93266   3.33541   3.92380   2.01117   1.27551   2.24731   1.41948   1.70315   1.13515   4.05121   0.17592   0.25658   0.16691   0.09707   0.06906   0.05261   1.71419   0.05385   0.06948  
 41  0.3525   8234.363068  x:  5.39742   2.76503   3.06732   3.86815   1.80632   1.17248   2.11053   1.32682   1.60942   1.03803   3.55127   0.23280   0.22030   0.17876   0.09533   0.06248   0.04291   1.65624   0.05797   0.04917  
 42  0.2167   8233.457184  x:  5.58467   2.79743   2.94966   3.90807   1.78634   1.12069   2.14628   1.34836   1.53709   1.00644   3.24370   0.30509   0.15619   0.17869   0.09969   0.06417   0.04361   1.64601   0.05988   0.03330  
 43  0.2332   8233.145546  x:  5.68456   2.89952   3.00362   3.99431   1.87408   1.12165   2.22392   1.40917   1.51972   1.01893   3.35085   0.30794   0.14488   0.17258   0.09739   0.06627   0.04763   1.67141   0.05891   0.04097  
 44  0.3358   8232.876033  x:  5.60068   2.82887   2.90939   3.90478   1.81265   1.08256   2.14905   1.37458   1.47674   0.99489   3.26983   0.33430   0.11406   0.16439   0.09627   0.06392   0.05194   1.68903   0.06038   0.03627  
 45  0.4425   8232.745654  x:  5.57788   2.79901   2.89895   3.83627   1.81712   1.07400   2.11648   1.36069   1.44993   0.99114   3.36564   0.33747   0.10949   0.16693   0.09136   0.06330   0.04826   1.70097   0.06045   0.03868  
 46  0.0727   8232.693409  x:  5.60942   2.79854   2.88721   3.81763   1.82855   1.06711   2.11679   1.36084   1.42076   0.97755   3.38692   0.35082   0.10191   0.16946   0.09065   0.06358   0.04781   1.69004   0.06060   0.03623  
 47  0.0332   8232.665168  x:  5.62552   2.79411   2.91175   3.80447   1.83949   1.08181   2.11380   1.35725   1.42438   0.97508   3.45859   0.34212   0.11309   0.16882   0.09091   0.06391   0.04908   1.68303   0.06024   0.03651  
 48  0.0626   8232.655445  x:  5.61320   2.78255   2.90689   3.80450   1.82744   1.08378   2.10400   1.35100   1.41731   0.96464   3.45799   0.34027   0.11210   0.16643   0.09114   0.06355   0.04932   1.68660   0.06049   0.03594  
 49  0.0115   8232.639324  x:  5.64954   2.78576   2.92584   3.84568   1.81601   1.10710   2.11860   1.35033   1.42292   0.95858   3.44395   0.33201   0.11664   0.16838   0.09115   0.06396   0.04855   1.69129   0.06044   0.03661  
 50  0.0177   8232.612615  x:  5.67231   2.75156   2.91627   3.84558   1.77964   1.13033   2.10561   1.32883   1.41945   0.95026   3.38744   0.33516   0.11576   0.17002   0.08992   0.06350   0.04969   1.68430   0.06050   0.03631  
 51  0.0200   8232.551541  x:  5.81119   2.76772   2.95170   3.87303   1.80076   1.16941   2.12736   1.33560   1.41607   0.96551   3.37184   0.34449   0.10866   0.16465   0.09283   0.06443   0.04866   1.68611   0.05983   0.03791  
 52  0.0350   8232.385668  x:  5.68454   2.75620   2.92968   3.90838   1.78411   1.16983   2.08505   1.32712   1.36738   0.94680   3.28040   0.34246   0.11916   0.16568   0.09926   0.05901   0.04872   1.70024   0.06071   0.03771  
 53  0.0338   8232.063267  x:  5.80371   2.69470   2.89583   3.67244   1.80556   1.17092   2.01719   1.31520   1.36679   0.98696   3.26877   0.32144   0.12847   0.16729   0.10396   0.05326   0.05196   1.70497   0.06180   0.03744  
 54  0.0681   8231.699656  x:  5.80507   2.69796   2.79988   3.62841   1.81890   1.10274   2.03593   1.35128   1.31825   0.94321   3.17130   0.31008   0.12891   0.16643   0.09632   0.04502   0.05504   1.67116   0.06259   0.04094  
 55  0.0772   8231.072450  x:  6.45949   2.84570   2.93004   3.84157   1.84914   1.12988   2.23750   1.43282   1.50181   0.93992   3.45295   0.29314   0.15126   0.17128   0.09092   0.04492   0.05169   1.72214   0.05829   0.04314  
 56  0.1515   8230.719904  x:  6.76923   2.98083   3.01849   3.95022   1.96417   1.12936   2.30732   1.49513   1.53477   0.98710   3.62557   0.29950   0.15754   0.16565   0.10383   0.03811   0.05583   1.73168   0.05532   0.04337  
 57  0.2206   8230.347040  x:  7.11775   3.19324   3.20685   4.26548   2.11197   1.17091   2.44624   1.56778   1.58235   1.07333   3.91336   0.29312   0.14318   0.17072   0.10444   0.04086   0.05914   1.71049   0.05128   0.04214  
 58  0.1714   8230.070673  x:  7.27789   3.26043   3.26427   4.46285   2.14202   1.20088   2.46774   1.59676   1.60286   1.11607   3.91305   0.28391   0.14752   0.17577   0.09728   0.03383   0.05692   1.72219   0.05068   0.04166  
 59  0.1251   8229.936008  x:  7.51086   3.35807   3.39141   4.67950   2.19451   1.26841   2.53181   1.63342   1.66603   1.16567   4.01374   0.29268   0.15000   0.17532   0.09421   0.03507   0.05599   1.73848   0.04832   0.04195  
 60  0.4034   8229.858080  x:  7.47960   3.36103   3.43465   4.73767   2.19571   1.31080   2.51639   1.62974   1.68040   1.18402   3.99727   0.29991   0.14915   0.17287   0.09240   0.03670   0.05680   1.74326   0.04864   0.04092  
 61  0.1022   8229.809022  x:  7.68598   3.45886   3.56183   4.87337   2.26956   1.36744   2.57513   1.67473   1.74746   1.22180   4.14678   0.29405   0.15383   0.17136   0.09487   0.03457   0.05912   1.74614   0.04677   0.04171  
 62  0.1763   8229.773112  x:  7.77944   3.51284   3.63800   4.89820   2.31742   1.39752   2.62538   1.70537   1.79782   1.22770   4.26884   0.29387   0.15141   0.17494   0.09459   0.03500   0.05799   1.74588   0.04606   0.04329  
 63  0.0842   8229.769230  x:  7.84249   3.54266   3.66954   4.93390   2.33792   1.40874   2.65256   1.71933   1.81615   1.23325   4.31018   0.29497   0.15129   0.17438   0.09450   0.03509   0.05794   1.74850   0.04554   0.04333  
 64  0.0899   8229.767799  x:  7.84729   3.54581   3.66932   4.93063   2.34016   1.40737   2.66056   1.72025   1.81681   1.23037   4.31001   0.29635   0.15078   0.17367   0.09456   0.03501   0.05799   1.74941   0.04559   0.04296  
 65  0.0078   8229.767375  x:  7.85282   3.54955   3.67151   4.92999   2.34339   1.40817   2.66704   1.71920   1.81625   1.23246   4.31190   0.29672   0.15017   0.17418   0.09447   0.03502   0.05800   1.74927   0.04554   0.04278  
 66  0.0047   8229.767163  x:  7.83901   3.54567   3.66895   4.92130   2.34151   1.40879   2.66525   1.71477   1.81365   1.23309   4.30670   0.29661   0.15027   0.17396   0.09444   0.03498   0.05800   1.74935   0.04560   0.04285  
 67  0.0068   8229.767106  x:  7.83223   3.54482   3.66791   4.91675   2.34038   1.40844   2.66518   1.71356   1.81372   1.23137   4.30823   0.29645   0.15046   0.17397   0.09443   0.03499   0.05800   1.74912   0.04561   0.04285  
 68  0.0037   8229.767085  x:  7.82532   3.54294   3.66462   4.91378   2.33792   1.40751   2.66242   1.71237   1.81214   1.23014   4.30413   0.29675   0.15016   0.17401   0.09439   0.03496   0.05801   1.74907   0.04566   0.04280  
 69  0.0038   8229.767077  x:  7.82544   3.54359   3.66475   4.91340   2.33797   1.40791   2.66220   1.71253   1.81230   1.23008   4.30386   0.29706   0.14987   0.17398   0.09441   0.03497   0.05801   1.74908   0.04566   0.04278  
 70  0.0006   8229.767075  x:  7.82643   3.54398   3.66496   4.91295   2.33824   1.40805   2.66228   1.71275   1.81255   1.23017   4.30427   0.29697   0.14994   0.17399   0.09440   0.03497   0.05800   1.74902   0.04565   0.04279  
 71  0.0005   8229.767074  x:  7.82621   3.54419   3.66469   4.91282   2.33806   1.40801   2.66205   1.71273   1.81238   1.23012   4.30383   0.29693   0.14998   0.17398   0.09440   0.03497   0.05801   1.74908   0.04566   0.04278  
 72  0.0003   8229.767074  x:  7.82690   3.54490   3.66499   4.91332   2.33825   1.40812   2.66234   1.71287   1.81246   1.23022   4.30419   0.29689   0.15002   0.17398   0.09440   0.03497   0.05801   1.74908   0.04565   0.04279  
 73  0.0004   8229.767073  x:  7.82671   3.54474   3.66492   4.91324   2.33814   1.40809   2.66228   1.71277   1.81245   1.23020   4.30416   0.29692   0.14999   0.17398   0.09440   0.03497   0.05801   1.74907   0.04565   0.04279  
 74  0.0002   8229.767073  x:  7.82688   3.54485   3.66493   4.91326   2.33810   1.40809   2.66230   1.71273   1.81249   1.23023   4.30425   0.29692   0.14999   0.17398   0.09440   0.03497   0.05801   1.74907   0.04565   0.04279  
 75  0.0001   8229.767073  x:  7.82690   3.54486   3.66493   4.91324   2.33812   1.40808   2.66231   1.71275   1.81248   1.23023   4.30424   0.29692   0.15000   0.17398   0.09440   0.03497   0.05801   1.74908   0.04565   0.04279  