

TREE # 1

  0  0.0000   8300.398393  x:  0.00000   0.30862   0.28649   0.03943   0.19819   0.10828   0.19727   0.10317   0.17167   0.13019   0.05603   0.07498   0.28721   0.10712   0.05791   0.11888   0.02084   0.09652   0.09622   2.00000   0.20000   0.20000   0.20000  
  1 99.0000   7222.584420  x:  1.39312   0.60987   0.55095   0.71708   0.49979   0.35589   0.40891   0.30741   0.38650   0.27951   0.38212   0.36107   0.56385   0.19939   0.16225   0.16928   0.38534   0.00000   0.00750   1.95414   0.75786   0.14332   0.19648  
  2 4566.2164   7099.145434  x:  1.40236   0.72667   0.64590   0.74928   0.57669   0.40348   0.48009   0.34882   0.45697   0.30370   0.36332   0.34936   0.61538   0.19961   0.14988   0.13831   0.32918   0.00000   0.00526   1.93909   0.58693   0.02051   0.19641  
  3 518.6247   6933.966104  x:  1.42236   0.95605   0.83176   0.81484   0.72841   0.49607   0.61776   0.42842   0.59322   0.35043   0.32634   0.32658   0.71993   0.21017   0.13610   0.08725   0.22553   0.00000   0.03327   1.90558   0.22996   0.06076   0.19626  
  4 2102.0934   6920.798901  x:  1.40606   0.98313   0.85337   0.81717   0.74568   0.50478   0.63173   0.43554   0.60643   0.35478   0.31908   0.32152   0.73587   0.21206   0.13626   0.09625   0.21026   0.00000   0.00346   1.89521   0.23084   0.06842   0.19629  
  5 385.9320   6889.246630  x:  1.29081   1.13673   0.97526   0.82550   0.84325   0.55087   0.70678   0.47224   0.67614   0.37752   0.27687   0.29216   0.83421   0.22174   0.13859   0.16891   0.12332   0.00000   0.01785   1.82489   0.31207   0.09044   0.19651  
  6 697.2623   6873.145808  x:  1.14960   1.25077   1.04936   0.86025   0.91930   0.54543   0.69928   0.44411   0.65858   0.35366   0.32299   0.34389   1.01116   0.21086   0.15001   0.31789   0.28109   0.00000   0.02153   1.67361   0.27462   0.08465   0.19669  
  7 139.6399   6858.653554  x:  1.06117   1.31154   1.06069   0.96072   0.97792   0.48437   0.62015   0.37758   0.57450   0.31246   0.39680   0.40437   1.28458   0.15149   0.13496   0.22280   0.23583   0.00000   0.01956   1.43788   0.27228   0.08976   0.19661  
  8 93.0172   6855.440330  x:  1.04340   1.30604   1.03848   0.99908   0.98747   0.44948   0.60061   0.37451   0.56214   0.31911   0.39139   0.39196   1.38165   0.19891   0.19803   0.21262   0.21639   0.00000   0.01999   1.37025   0.26048   0.08453   0.19650  
  9 82.1730   6851.925173  x:  1.03293   1.26342   0.97114   1.05828   0.99358   0.38479   0.60813   0.41808   0.58934   0.36636   0.34250   0.33268   1.52787   0.16336   0.19502   0.23171   0.21666   0.00000   0.02017   1.31865   0.24598   0.08311   0.19615  
 10 47.9386   6850.020830  x:  0.98319   1.23797   0.92422   1.08076   1.01962   0.34919   0.65868   0.45979   0.61648   0.37164   0.36472   0.36877   1.64632   0.15949   0.21053   0.20497   0.22358   0.00000   0.01969   1.39110   0.25030   0.08476   0.19568  
 11 21.4736   6848.525337  x:  0.97907   1.23915   0.91659   1.10139   1.04925   0.33549   0.66338   0.44278   0.59350   0.32880   0.35168   0.35854   1.73931   0.15283   0.21281   0.22829   0.20276   0.00000   0.01985   1.48113   0.24398   0.08394   0.19490  
 12 19.9077   6846.755404  x:  0.96711   1.26218   0.94750   1.09233   1.07055   0.33550   0.63894   0.40901   0.60372   0.34079   0.32551   0.32055   1.80653   0.15826   0.21324   0.18436   0.23884   0.00000   0.01920   1.54219   0.25288   0.08529   0.19361  
 13 14.9479   6839.614350  x:  0.95998   1.30587   1.06264   0.99877   1.09155   0.34631   0.54296   0.35208   0.67578   0.48726   0.38206   0.33102   1.97008   0.17527   0.18697   0.20772   0.19033   0.00000   0.01840   1.62924   0.22807   0.08482   0.18728  
 14 19.1183   6811.272949  x:  0.95846   1.41205   1.41764   0.62941   1.17253   0.52784   0.69333   0.55101   0.61983   0.49212   0.39765   0.29100   2.37058   0.24510   0.11120   0.13898   0.16021   0.00000   0.01377   1.56338   0.16343   0.08547   0.16317  
 15 35.5238   6804.659160  x:  0.91929   1.52835   1.40265   0.72036   1.20619   0.44410   0.73340   0.48006   0.81297   0.36424   0.27830   0.40300   2.31765   0.23485   0.12003   0.12768   0.14887   0.00000   0.01247   1.50742   0.15339   0.08556   0.15677  
 16 22.5868   6799.558304  x:  0.80551   1.72169   1.30493   0.96127   1.30319   0.34599   0.77703   0.46574   0.87143   0.32334   0.41036   0.28258   2.14818   0.22567   0.12960   0.12171   0.14186   0.00000   0.01128   1.49787   0.14806   0.08622   0.15115  
 17 23.3043   6796.547690  x:  0.70598   1.86321   1.22388   1.17026   1.39136   0.35260   0.75893   0.51317   0.76502   0.42153   0.34795   0.33381   2.02407   0.22880   0.12421   0.11652   0.14242   0.00000   0.01041   1.52093   0.14423   0.08611   0.14717  
 18 22.1186   6791.002985  x:  0.59204   1.99310   1.34465   1.34324   1.24028   0.40065   0.65137   0.70302   0.82290   0.33093   0.33836   0.33889   2.00328   0.25259   0.09805   0.11745   0.14924   0.00000   0.00758   1.57441   0.15409   0.08776   0.13456  
 19  2.8769   6780.629863  x:  0.44339   2.05196   1.45514   1.50852   1.20877   0.61481   0.89509   0.52877   0.86591   0.36804   0.32330   0.32559   1.96660   0.14615   0.20249   0.13501   0.15110   0.00000   0.00250   1.57360   0.16379   0.08864   0.11000  
 20 13.1784   6777.993163  x:  0.46647   2.08653   1.46867   1.41332   1.39933   0.45965   0.94211   0.51545   0.85106   0.37653   0.30630   0.33686   1.94572   0.25357   0.08732   0.13886   0.16067   0.00000   0.00209   1.55715   0.17120   0.08862   0.10314  
 21  9.5044   6776.508513  x:  0.49074   2.13500   1.47929   1.30962   1.55124   0.36808   0.90767   0.56767   0.84766   0.36941   0.29738   0.34418   1.92404   0.17128   0.17302   0.13873   0.16423   0.00000   0.00281   1.55548   0.17409   0.08825   0.09846  
 22  9.5799   6774.946886  x:  0.46395   2.16789   1.40795   1.28308   1.62684   0.50387   0.87475   0.56943   0.90966   0.33718   0.30565   0.33171   1.96619   0.20397   0.13805   0.14647   0.16869   0.00000   0.00535   1.54102   0.17208   0.08658   0.09146  
 23  2.7734   6771.893477  x:  0.41701   2.34598   1.51457   1.30684   1.42921   0.45859   1.04882   0.51121   0.86537   0.38958   0.29978   0.33561   2.07174   0.23586   0.10223   0.16031   0.17578   0.00000   0.01049   1.56427   0.16902   0.08379   0.07654  
 24  5.3547   6769.169246  x:  0.26866   2.12944   1.91265   1.47803   1.57101   0.44274   1.07167   0.55053   0.89713   0.38335   0.30645   0.33093   2.13169   0.23071   0.10712   0.16963   0.17710   0.00000   0.01181   1.57309   0.15644   0.07987   0.05842  
 25  2.9082   6761.280454  x:  0.14007   2.66092   2.03629   1.17264   1.70788   0.57235   1.07608   0.70307   0.99395   0.35563   0.33341   0.31486   2.65369   0.18110   0.15368   0.18332   0.17094   0.00000   0.00936   1.58534   0.12902   0.06863   0.00010  
 26  2.7918   6759.158712  x:  0.07041   2.78406   2.12212   1.16335   1.77689   0.58505   1.11876   0.68920   0.99771   0.37114   0.33466   0.32840   2.76908   0.18769   0.15298   0.14312   0.15152   0.00000   0.01006   1.56584   0.13208   0.06550   0.00010  
 27  0.3422   6758.410688  x:  0.00000   2.91205   2.17890   1.22286   1.81729   0.57768   1.13659   0.68288   0.99972   0.38453   0.32320   0.33760   2.79729   0.18863   0.15702   0.14829   0.15832   0.00000   0.00981   1.54715   0.12853   0.06203   0.00010  
 28  0.2016   6758.410688  x:  0.00000   2.91205   2.17890   1.22286   1.81729   0.57768   1.13659   0.68288   0.99972   0.38453   0.32320   0.33760   2.79729   0.18863   0.15702   0.14829   0.15832   0.00000   0.00981   1.54715   0.12853   0.06203   0.00010  
 29  0.8165   6758.328358  x:  0.00017   2.91219   2.17903   1.22304   1.81733   0.57770   1.13652   0.68278   0.99970   0.38459   0.32327   0.33766   2.79737   0.18865   0.15700   0.14850   0.15847   0.00000   0.00744   1.54706   0.12899   0.06238   0.00010  
 30 62.0671   6758.278141  x:  0.00390   2.91380   2.18043   1.22516   1.81787   0.57790   1.13559   0.68153   0.99945   0.38523   0.32414   0.33832   2.79824   0.18886   0.15671   0.15087   0.16012   0.00000   0.00749   1.54615   0.12992   0.06554   0.00010  
 31 15.4972   6758.231462  x:  0.00810   2.91563   2.18201   1.22756   1.81845   0.57808   1.13449   0.68006   0.99913   0.38592   0.32507   0.33903   2.79922   0.18897   0.15626   0.15317   0.16167   0.00000   0.00702   1.54521   0.12813   0.06682   0.00010  
 32 56.7889   6758.033597  x:  0.02944   2.92519   2.19030   1.24008   1.82160   0.57919   1.12898   0.67266   0.99759   0.38961   0.32967   0.34252   2.80436   0.18898   0.15336   0.16236   0.16740   0.00000   0.00577   1.54025   0.12846   0.06246   0.00010  
 33 68.6591   6757.834906  x:  0.05169   2.93977   2.20270   1.25866   1.82664   0.58096   1.12140   0.66238   0.99556   0.39491   0.33316   0.34458   2.81212   0.19073   0.15102   0.15412   0.15985   0.00000   0.00438   1.53356   0.12767   0.06422   0.00010  
 34 24.6950   6757.272444  x:  0.03674   3.02153   2.26974   1.35702   1.85713   0.59195   1.08878   0.61700   0.98769   0.42038   0.32648   0.33277   2.85493   0.21142   0.15305   0.14672   0.16856   0.00000   0.00541   1.50616   0.12438   0.06214   0.00010  
 35 13.5323   6757.016542  x:  0.02361   3.06272   2.30263   1.40367   1.87267   0.59759   1.07844   0.60235   0.98532   0.42934   0.32883   0.33394   2.87649   0.20198   0.13671   0.15256   0.15955   0.00000   0.00628   1.49913   0.12264   0.06356   0.00010  
 36 36.1851   6756.753243  x:  0.01460   3.12344   2.34744   1.45956   1.89591   0.60600   1.09108   0.61815   0.98949   0.42572   0.34573   0.35450   2.90885   0.20601   0.14674   0.15657   0.15151   0.00000   0.00691   1.51694   0.11993   0.06292   0.00010  
 37 13.0703   6756.315803  x:  0.01338   3.23087   2.42498   1.55119   1.93721   0.62048   1.12525   0.66026   1.00208   0.41547   0.34821   0.36352   2.96718   0.19107   0.14769   0.14198   0.16813   0.00000   0.00710   1.55420   0.11539   0.06382   0.00010  
 38 40.3499   6755.901608  x:  0.02078   3.33707   2.50013   1.63481   1.97826   0.63359   1.16537   0.70710   1.02007   0.40848   0.32793   0.34716   3.02641   0.18438   0.15848   0.15230   0.15798   0.00000   0.00675   1.58734   0.11102   0.06398   0.00010  
 39 55.3649   6755.703656  x:  0.02054   3.40329   2.53787   1.64724   2.00496   0.63134   1.20721   0.73656   1.06022   0.44130   0.34063   0.33992   3.07317   0.18057   0.16167   0.15190   0.15794   0.00000   0.00684   1.56337   0.10667   0.06375   0.00010  
 40  7.5412   6755.557699  x:  0.02142   3.47455   2.56823   1.61210   2.03758   0.62087   1.24321   0.72544   1.07048   0.41802   0.32921   0.35445   3.13986   0.18637   0.15610   0.15176   0.15794   0.00000   0.00690   1.53958   0.10462   0.06348   0.00010  
 41  4.0732   6755.448080  x:  0.02358   3.53603   2.58841   1.56562   2.06544   0.61364   1.25164   0.70720   1.06831   0.42542   0.34479   0.33902   3.20555   0.19055   0.15225   0.15180   0.15818   0.00000   0.00690   1.56593   0.10437   0.06369   0.00010  
 42  4.5227   6755.405156  x:  0.02522   3.55839   2.59225   1.54648   2.07556   0.62231   1.23869   0.71548   1.06423   0.44274   0.33204   0.35178   3.23720   0.18753   0.15518   0.15186   0.15834   0.00000   0.00689   1.57370   0.10406   0.06376   0.00010  
 43  2.3184   6755.356795  x:  0.02698   3.57841   2.59311   1.53322   2.08405   0.64349   1.21702   0.74069   1.05323   0.43880   0.33871   0.34585   3.27522   0.18380   0.15886   0.15196   0.15828   0.00000   0.00694   1.56232   0.10349   0.06363   0.00010  
 44  2.0149   6755.243748  x:  0.03466   3.59628   2.58826   1.55316   2.07691   0.66477   1.21135   0.74685   1.10547   0.42599   0.33898   0.34620   3.34432   0.19805   0.14544   0.15214   0.15875   0.00000   0.00705   1.56860   0.10350   0.06358   0.00010  
 45  0.7602   6755.096943  x:  0.04507   3.61347   2.59575   1.59087   2.07758   0.66623   1.26305   0.73774   1.09538   0.43837   0.33986   0.34614   3.40911   0.17162   0.17130   0.15262   0.15902   0.00000   0.00723   1.56301   0.10356   0.06347   0.00010  
 46  1.7283   6755.049876  x:  0.04933   3.62064   2.61300   1.59935   2.09330   0.66207   1.28336   0.74952   1.07774   0.44978   0.33905   0.34711   3.41190   0.19175   0.15201   0.15272   0.15936   0.00000   0.00726   1.56144   0.10342   0.06339   0.00010  
 47  1.5615   6754.994192  x:  0.05595   3.64201   2.67574   1.59368   2.15408   0.65596   1.27718   0.75754   1.09320   0.44791   0.33978   0.34737   3.37346   0.18603   0.15788   0.15300   0.15983   0.00000   0.00727   1.56095   0.10306   0.06336   0.00010  
 48  1.0079   6754.949950  x:  0.06429   3.71509   2.74021   1.61318   2.13544   0.69853   1.29862   0.75797   1.09929   0.45413   0.34150   0.34888   3.38443   0.18648   0.15784   0.15322   0.16050   0.00000   0.00735   1.56460   0.10098   0.06341   0.00010  
 49  0.2821   6754.911387  x:  0.07225   3.77730   2.76831   1.65509   2.14654   0.66807   1.29798   0.77716   1.10487   0.45614   0.34254   0.35056   3.42412   0.18465   0.15985   0.15346   0.16100   0.00000   0.00744   1.56667   0.09950   0.06345   0.00010  
 50  0.8221   6754.886331  x:  0.07896   3.80613   2.76489   1.69096   2.19592   0.67851   1.31179   0.77890   1.11094   0.46008   0.34388   0.35156   3.45934   0.18501   0.15964   0.15365   0.16139   0.00000   0.00744   1.57011   0.09781   0.06351   0.00010  
 51  1.0167   6754.879172  x:  0.08760   3.79517   2.78891   1.69094   2.20811   0.67994   1.31746   0.78171   1.11462   0.46210   0.34402   0.35188   3.49313   0.18498   0.15920   0.15303   0.16044   0.00000   0.00748   1.56948   0.09737   0.06358   0.00010  
 52  0.0515   6754.874748  x:  0.09472   3.81909   2.77607   1.68994   2.21418   0.68096   1.31997   0.78305   1.11650   0.46301   0.34389   0.35201   3.49271   0.18526   0.15865   0.15269   0.15986   0.00000   0.00748   1.56781   0.09738   0.06361   0.00010  
 53  0.1038   6754.871692  x:  0.10733   3.82230   2.77674   1.68417   2.21387   0.68266   1.32189   0.78490   1.11789   0.46382   0.34420   0.35210   3.49089   0.18542   0.15878   0.15348   0.16076   0.00000   0.00748   1.56790   0.09712   0.06344   0.00010  
 54  0.0063   6754.870158  x:  0.11273   3.80125   2.76211   1.67655   2.20680   0.67924   1.31707   0.78221   1.11464   0.46199   0.34379   0.35176   3.47316   0.18543   0.15867   0.15302   0.16031   0.00000   0.00754   1.56868   0.09762   0.06356   0.00010  
 55  0.0173   6754.870069  x:  0.11236   3.79990   2.76039   1.67660   2.20603   0.67880   1.31593   0.78112   1.11408   0.46172   0.34377   0.35181   3.47181   0.18555   0.15851   0.15312   0.16038   0.00000   0.00758   1.56802   0.09767   0.06350   0.00010  
 56  0.0022   6754.870063  x:  0.11239   3.80062   2.76100   1.67668   2.20625   0.67898   1.31603   0.78112   1.11420   0.46185   0.34375   0.35176   3.47223   0.18558   0.15851   0.15309   0.16037   0.00000   0.00759   1.56808   0.09765   0.06352   0.00010  
 57  0.0009   6754.870063  x:  0.11238   3.80056   2.76099   1.67665   2.20629   0.67897   1.31606   0.78116   1.11421   0.46186   0.34375   0.35176   3.47225   0.18557   0.15852   0.15310   0.16037   0.00000   0.00759   1.56811   0.09765   0.06351   0.00010  
 58  0.0001   6754.870063  x:  0.11238   3.80057   2.76099   1.67665   2.20630   0.67897   1.31607   0.78117   1.11421   0.46186   0.34375   0.35176   3.47226   0.18557   0.15852   0.15310   0.16037   0.00000   0.00759   1.56811   0.09765   0.06351   0.00010  
 59  0.0000   6754.870063  x:  0.11238   3.80057   2.76099   1.67665   2.20630   0.67897   1.31607   0.78117   1.11421   0.46186   0.34375   0.35176   3.47226   0.18557   0.15852   0.15310   0.16037   0.00000   0.00759   1.56811   0.09765   0.06351   0.00010  
 60  0.0000   6754.870063  x:  0.11238   3.80057   2.76099   1.67665   2.20630   0.67897   1.31607   0.78118   1.11421   0.46186   0.34375   0.35176   3.47226   0.18557   0.15852   0.15310   0.16037   0.00000   0.00759   1.56811   0.09765   0.06351   0.00010  