

TREE # 1

  0  0.0000   2829.080405  x:  0.37129   1.19654   0.98102   0.24062   1.12880   0.00000   1.17802   0.62798   0.60962   0.59400   1.19006   0.21024   0.06006   0.12614   0.15102   0.00008   0.00025   2.00000   0.20000   0.20000  
  1 99.0000   2829.065013  x:  0.37129   1.19654   0.98102   0.24063   1.12880   0.00000   1.17802   0.62798   0.60962   0.59400   1.19006   0.21024   0.06006   0.12614   0.15102   0.00007   0.00024   2.00000   0.19998   0.20000  
  2 617.9822   2828.989714  x:  0.37135   1.19657   0.98106   0.24071   1.12883   0.00000   1.17805   0.62801   0.60965   0.59403   1.19010   0.21026   0.06007   0.12612   0.15105   0.00000   0.00018   1.99997   0.19989   0.19999  
  3 610.2079   2828.830906  x:  0.37150   1.19666   0.98114   0.24090   1.12891   0.00000   1.17814   0.62809   0.60973   0.59410   1.19019   0.21031   0.06010   0.12607   0.15111   0.00000   0.00000   1.99990   0.19967   0.19998  
  4 57400.0792   2766.800643  x:  0.46665   1.24127   1.02634   0.37199   1.16731   0.00000   1.22001   0.66986   0.65361   0.63372   1.24376   0.22276   0.05511   0.09132   0.17143   0.00000   0.00000   1.95781   0.07866   0.18728  
  5 5382.9298   2761.843755  x:  0.52852   1.25888   1.03774   0.41874   1.15421   0.00000   1.22299   0.63381   0.62110   0.59774   1.30613   0.15921   0.00855   0.13169   0.13256   0.00000   0.00000   1.92772   0.08036   0.13910  
  6 41.0004   2758.959570  x:  0.58334   1.27866   1.05084   0.41679   1.13834   0.00000   1.22969   0.58976   0.59041   0.56402   1.37462   0.15336   0.03819   0.15531   0.07290   0.00000   0.00000   1.89225   0.08022   0.06548  
  7 67.4775   2756.850230  x:  0.61273   1.29118   1.05902   0.40395   1.12836   0.00000   1.23484   0.56157   0.57292   0.54498   1.41650   0.14494   0.04420   0.17147   0.07320   0.00000   0.00000   1.86979   0.07987   0.01318  
  8 146.3928   2754.157209  x:  0.70565   1.32657   1.07855   0.36536   1.08506   0.00000   1.24379   0.45752   0.51303   0.48174   1.55524   0.13148   0.07068   0.22876   0.09391   0.00000   0.00000   1.79475   0.07784   0.03046  
  9 54.1031   2752.336419  x:  0.72541   1.34789   1.07658   0.33955   1.03004   0.00000   1.24487   0.35887   0.49538   0.47277   1.67229   0.14433   0.04894   0.14291   0.10204   0.00000   0.00000   1.73106   0.07914   0.04041  
 10 26.4650   2750.818273  x:  0.67697   1.35449   1.03794   0.36337   0.92799   0.00000   1.23329   0.25217   0.53760   0.54468   1.82598   0.20867   0.00522   0.17355   0.09641   0.00000   0.00000   1.65648   0.07799   0.03451  
 11 18.4299   2749.675573  x:  0.60936   1.34309   0.96729   0.38327   0.83159   0.00000   1.25291   0.35498   0.53170   0.55657   2.00481   0.16376   0.03735   0.16407   0.10239   0.00000   0.00000   1.61199   0.07684   0.03563  
 12  6.8247   2748.377851  x:  0.63917   1.33059   0.93283   0.38760   0.83981   0.00000   1.26598   0.39385   0.51865   0.53971   2.06663   0.21738   0.00000   0.16126   0.10276   0.00000   0.00000   1.64438   0.07592   0.03370  
 13  3.9293   2742.793403  x:  0.92141   1.25951   0.83821   0.40992   1.02611   0.00000   1.29013   0.33382   0.71198   0.70035   2.29294   0.12971   0.07115   0.11722   0.13338   0.00000   0.00000   1.84455   0.06723   0.03351  
 14  7.4580   2733.294539  x:  0.77534   1.53571   1.30863   0.77271   1.22551   0.00000   1.47443   0.16944   0.63504   0.62984   2.25791   0.10669   0.11780   0.08944   0.16422   0.00000   0.00000   1.68329   0.05364   0.01201  
 15  7.9036   2727.928167  x:  1.05429   1.70253   1.49141   0.79091   0.86902   0.00000   1.50727   0.28935   0.71864   0.67499   2.04047   0.15890   0.09322   0.08737   0.17812   0.00000   0.00000   1.49225   0.05528   0.00402  
 16  6.4315   2724.558376  x:  1.11268   1.85772   1.56527   0.88185   0.81946   0.00000   1.68902   0.24947   0.56297   0.84553   2.08407   0.14812   0.11185   0.08468   0.19106   0.00000   0.00000   1.65716   0.06112   0.01475  
 17  4.3813   2723.123507  x:  1.08741   1.84561   1.49269   0.94104   0.94656   0.00000   1.74153   0.21540   0.71375   0.68347   2.14517   0.14861   0.11589   0.09359   0.19432   0.00000   0.00000   1.60737   0.06352   0.01766  
 18  4.3966   2721.842915  x:  1.15820   1.82132   1.44791   0.97618   1.08973   0.00000   1.65692   0.26033   0.61388   0.77267   2.21844   0.17012   0.10092   0.11496   0.19472   0.00000   0.00000   1.46569   0.06131   0.01797  
 19  1.5640   2717.549622  x:  1.40289   2.05632   1.67058   1.15608   1.01099   0.00000   1.63769   0.34812   0.69436   0.76201   2.59031   0.21537   0.06589   0.17841   0.19963   0.00000   0.00000   1.71544   0.05070   0.02442  
 20  3.3336   2716.317014  x:  1.52737   2.01234   1.53603   1.26426   0.94484   0.00000   2.11650   0.26767   0.65511   0.78601   2.60142   0.21527   0.06266   0.18685   0.20126   0.00000   0.00000   1.67846   0.04711   0.02349  
 21  2.5355   2711.921175  x:  1.78878   1.96243   1.83167   1.64427   1.19831   0.00000   2.37195   0.23931   0.62623   0.82587   3.37561   0.26915   0.00000   0.13720   0.21606   0.00000   0.00000   1.83293   0.04549   0.01485  
 22  0.9804   2710.145614  x:  2.01300   2.26101   1.84044   1.82056   1.21813   0.00000   2.34457   0.29937   0.70897   0.79570   3.57492   0.31557   0.00000   0.08911   0.22069   0.00000   0.00000   1.70937   0.03978   0.02770  
 23  2.1735   2709.403922  x:  2.09744   2.73785   1.66960   1.94127   1.24991   0.00000   2.39156   0.26762   0.71985   0.79934   3.59396   0.26661   0.00000   0.09507   0.22067   0.00000   0.00000   1.73125   0.03844   0.02648  
 24  1.0873   2707.725466  x:  2.53065   2.79006   2.23546   2.37037   1.09194   0.00000   2.84546   0.25104   0.83011   0.84252   3.86748   0.25206   0.00000   0.12538   0.20916   0.00000   0.00000   1.66861   0.03295   0.03591  
 25  0.7543   2707.704778  x:  2.53551   2.79166   2.24103   2.37534   1.09052   0.00000   2.85047   0.25080   0.83118   0.84313   3.87072   0.25208   0.01157   0.12565   0.20901   0.00000   0.00000   1.66815   0.03290   0.03599  
 26  4.2151   2707.115293  x:  2.63952   2.92944   2.28755   2.50123   1.09630   0.00000   2.95278   0.23920   0.83730   0.87077   3.95195   0.26408   0.00000   0.12271   0.20265   0.00000   0.00000   1.68173   0.03339   0.03511  
 27  0.5840   2706.432817  x:  3.01216   3.35316   2.47276   2.95058   1.19415   0.00000   3.26304   0.22319   0.83406   0.99021   4.32830   0.30256   0.00000   0.10902   0.18865   0.00000   0.00000   1.75264   0.02961   0.03157  
 28  1.0389   2706.150834  x:  3.18891   3.41186   2.70820   3.16976   1.21014   0.00000   3.44478   0.23203   0.86705   1.05233   4.42397   0.27037   0.00000   0.10181   0.17933   0.00000   0.00000   1.72642   0.02823   0.03189  
 29  0.3844   2706.029818  x:  3.30410   3.49706   2.82323   3.32414   1.22926   0.00000   3.56981   0.23447   0.89393   1.09401   4.48215   0.27256   0.00000   0.11745   0.17407   0.00000   0.00000   1.73229   0.02786   0.02917  
 30  0.2099   2705.970688  x:  3.44150   3.61554   2.93749   3.50569   1.25515   0.00000   3.71275   0.23244   0.92920   1.13555   4.58840   0.27674   0.00000   0.11807   0.17465   0.00000   0.00000   1.73285   0.02632   0.02689  
 31  0.2473   2705.909874  x:  3.52047   3.67080   3.03213   3.63753   1.27461   0.00000   3.82595   0.23269   0.98216   1.17039   4.63227   0.28103   0.00000   0.11184   0.18128   0.00000   0.00000   1.71713   0.02587   0.02326  
 32  0.1438   2705.899079  x:  3.53329   3.69440   3.05548   3.66913   1.26575   0.00000   3.86103   0.22755   1.00396   1.18153   4.63044   0.27494   0.00000   0.11425   0.18390   0.00000   0.00000   1.71776   0.02568   0.02255  
 33  0.0461   2705.896164  x:  3.51906   3.70376   3.04231   3.66224   1.24965   0.00000   3.85982   0.22320   1.01469   1.18609   4.61750   0.27668   0.00000   0.11394   0.18461   0.00000   0.00000   1.71880   0.02576   0.02312  
 34  0.0165   2705.895778  x:  3.52643   3.71655   3.05102   3.67896   1.24889   0.00000   3.87263   0.22191   1.02039   1.19502   4.62538   0.27684   0.00000   0.11365   0.18425   0.00000   0.00000   1.71963   0.02565   0.02309  
 35  0.0283   2705.895778  x:  3.52643   3.71655   3.05102   3.67896   1.24889   0.00000   3.87263   0.22191   1.02039   1.19502   4.62538   0.27684   0.00000   0.11365   0.18425   0.00000   0.00000   1.71963   0.02565   0.02309  
 36  0.0037   2705.895648  x:  3.53138   3.72137   3.05268   3.68269   1.24823   0.00000   3.87694   0.22148   1.02096   1.19398   4.62666   0.27717   0.00000   0.11354   0.18449   0.00000   0.00000   1.71954   0.02561   0.02302  
 37  0.0454   2705.893281  x:  3.54259   3.73384   3.05645   3.68955   1.24462   0.00000   3.88580   0.22063   1.01996   1.19397   4.62158   0.27641   0.00000   0.11312   0.18408   0.00000   0.00000   1.72010   0.02560   0.02297  
 38  0.0027   2705.886770  x:  3.59550   3.78731   3.07555   3.72400   1.23408   0.00000   3.92263   0.21896   1.01475   1.19871   4.59892   0.27488   0.00000   0.11269   0.18240   0.00000   0.00000   1.72187   0.02552   0.02270  
 39  0.0480   2705.848503  x:  3.63579   3.80659   3.09333   3.75187   1.23822   0.00000   3.92883   0.22287   1.01684   1.22563   4.54867   0.27725   0.00000   0.11408   0.18414   0.00000   0.00000   1.71772   0.02537   0.02307  
 40  0.0100   2705.778406  x:  3.71748   3.82381   3.11734   3.80451   1.24838   0.00000   3.91223   0.22051   1.02648   1.31968   4.35710   0.28080   0.00000   0.11447   0.19053   0.00000   0.00000   1.71363   0.02517   0.02517  
 41  0.1456   2705.590589  x:  3.62365   3.65260   3.05427   3.80422   1.28074   0.00000   3.84531   0.14024   1.05722   1.37580   4.32626   0.27316   0.00000   0.10502   0.19072   0.00000   0.00000   1.74535   0.02566   0.02628  
 42  0.0307   2705.388971  x:  3.68758   3.63316   3.05934   4.04666   1.29879   0.00000   3.90307   0.05897   1.12433   1.44714   4.35169   0.27361   0.00000   0.10929   0.18757   0.00000   0.00000   1.72636   0.02515   0.02544  
 43  0.0967   2705.034117  x:  3.88993   3.85964   3.20057   4.58450   1.31746   0.00000   4.06435   0.12699   1.18817   1.50954   4.60952   0.28057   0.00000   0.12172   0.17912   0.00000   0.00000   1.63989   0.02324   0.02082  
 44  0.3021   2704.628919  x:  3.60596   3.99414   2.93178   4.88566   1.18023   0.00000   3.89555   0.12438   1.24690   1.61024   4.68814   0.27829   0.00000   0.11285   0.18639   0.00000   0.00000   1.69936   0.02412   0.02222  
 45  0.1858   2704.543752  x:  3.63196   4.05496   2.97557   5.07160   1.16657   0.00000   3.94678   0.13297   1.22528   1.63220   4.77241   0.27310   0.00000   0.10994   0.18933   0.00000   0.00000   1.70559   0.02318   0.02165  
 46  0.1904   2704.541758  x:  3.63288   4.05747   2.97749   5.07970   1.16597   0.00000   3.94896   0.13337   1.22419   1.63314   4.77609   0.27287   0.00392   0.10981   0.18946   0.00000   0.00000   1.70584   0.02314   0.02163  
 47  2.6812   2704.498137  x:  3.49900   3.97680   2.98580   5.10318   1.16351   0.00000   3.92041   0.14830   1.13529   1.62671   4.78320   0.26305   0.01417   0.11109   0.19100   0.00000   0.00000   1.69167   0.02352   0.02187  
 48  0.0866   2704.497850  x:  3.49497   3.97654   2.99386   5.10355   1.16329   0.00000   3.92867   0.14632   1.13318   1.62359   4.77611   0.26169   0.01545   0.11102   0.19125   0.00000   0.00000   1.69233   0.02351   0.02196  
 49  0.0396   2704.497850  x:  3.49497   3.97654   2.99386   5.10355   1.16329   0.00000   3.92867   0.14632   1.13318   1.62359   4.77611   0.26169   0.01545   0.11102   0.19125   0.00000   0.00000   1.69233   0.02351   0.02196  
 50  0.0059   2704.497617  x:  3.49497   3.97654   2.99386   5.10355   1.16329   0.00000   3.92866   0.14633   1.13318   1.62359   4.77611   0.26169   0.01545   0.11102   0.19125   0.00000   0.00000   1.69234   0.02355   0.02197  
 51 11.9241   2704.488808  x:  3.49574   3.97562   2.99366   5.10445   1.16287   0.00000   3.92799   0.14702   1.13337   1.62152   4.77558   0.26133   0.01541   0.11165   0.18997   0.00000   0.00000   1.69370   0.02355   0.02516  
 52  4.3911   2704.402838  x:  3.51002   3.95854   2.98996   5.12130   1.15494   0.00000   3.91537   0.15982   1.13684   1.58308   4.76574   0.25608   0.01620   0.11339   0.17226   0.00000   0.00000   1.71900   0.02368   0.02282  
 53  5.3053   2704.133454  x:  3.56258   3.89525   2.97612   5.18347   1.12618   0.00000   3.86856   0.20420   1.14829   1.44184   4.72919   0.24991   0.03257   0.13083   0.17923   0.00000   0.00000   1.80814   0.02410   0.02030  
 54 22.7941   2703.968356  x:  3.59470   3.85587   2.96734   5.22188   1.10948   0.00000   3.83937   0.22818   1.15327   1.35620   4.70636   0.23904   0.03531   0.11151   0.18965   0.00000   0.00000   1.85672   0.02433   0.02396  
 55 38.3265   2703.839231  x:  3.63346   3.79788   2.95187   5.27398   1.10534   0.00000   3.79566   0.21674   1.12795   1.26878   4.67120   0.24444   0.05516   0.10532   0.18503   0.00000   0.00000   1.82811   0.02442   0.02512  
 56  3.8892   2703.577797  x:  3.70947   3.68198   2.92066   5.37740   1.10007   0.00000   3.70825   0.19313   1.07455   1.10025   4.60049   0.22026   0.05816   0.11365   0.18561   0.00000   0.00000   1.76534   0.02461   0.02327  
 57 46.0003   2703.331858  x:  3.78790   3.50143   2.86496   5.51257   1.18449   0.00000   3.57120   0.29191   0.95814   1.05202   4.47221   0.21558   0.06190   0.11288   0.18695   0.00000   0.00000   1.72573   0.02474   0.02325  
 58  3.3300   2703.158510  x:  3.82113   3.34262   2.81293   5.60956   1.20277   0.00000   3.44883   0.23129   0.86418   1.08655   4.33661   0.22120   0.05545   0.11307   0.18668   0.00000   0.00000   1.78151   0.02534   0.02335  
 59  2.8766   2702.971939  x:  3.79470   3.11149   2.73177   5.69075   1.16841   0.00000   3.28302   0.19676   0.97988   1.16677   4.08092   0.21669   0.05843   0.11321   0.18667   0.00000   0.00000   1.76369   0.02579   0.02320  
 60  1.9671   2702.822089  x:  3.60430   2.97152   2.68846   5.60842   1.04996   0.00000   3.21498   0.23071   0.91151   1.15707   3.74379   0.14445   0.12910   0.11299   0.18664   0.00000   0.00000   1.74271   0.02670   0.02305  
 61  0.9995   2702.655485  x:  3.29847   2.82694   2.62099   5.44935   1.07894   0.00000   3.14189   0.22750   0.86520   1.05754   3.34577   0.16437   0.11018   0.11273   0.18627   0.00000   0.00000   1.74624   0.02796   0.02308  
 62  2.4417   2702.581839  x:  3.17190   2.77760   2.55141   5.29540   1.13287   0.00000   3.05831   0.20972   0.85783   1.01821   3.27327   0.11072   0.16247   0.11299   0.18579   0.00000   0.00000   1.75688   0.02864   0.02300  
 63  1.0865   2702.297312  x:  2.73723   2.62770   2.24972   4.64653   1.10517   0.00000   2.68243   0.22692   0.77427   0.91124   3.22711   0.13001   0.14170   0.11365   0.18492   0.00000   0.00000   1.74553   0.03119   0.02289  
 64  2.1716   2702.174939  x:  2.80289   2.57187   2.22891   4.38962   1.10891   0.00000   2.69878   0.21474   0.80078   0.95989   3.33472   0.15613   0.11409   0.11427   0.18480   0.00000   0.00000   1.73724   0.03184   0.02282  
 65  0.4409   2702.089045  x:  2.81696   2.40809   2.11849   4.26334   1.06225   0.00000   2.49405   0.23206   0.76093   0.92106   3.14609   0.15851   0.11116   0.11465   0.18420   0.00000   0.00000   1.73507   0.03352   0.02272  
 66  0.3513   2702.048422  x:  2.70116   2.38207   2.05547   4.23859   1.04641   0.00000   2.51885   0.23366   0.74344   0.90042   3.04328   0.14844   0.12118   0.11488   0.18372   0.00000   0.00000   1.73667   0.03455   0.02263  
 67  0.1898   2702.040296  x:  2.65337   2.37156   2.08262   4.20370   1.05142   0.00000   2.47408   0.23007   0.74463   0.89695   3.01881   0.14439   0.12512   0.11493   0.18355   0.00000   0.00000   1.73863   0.03489   0.02261  
 68  0.2169   2702.037291  x:  2.62421   2.33378   2.05346   4.16193   1.05662   0.00000   2.44936   0.22670   0.74361   0.89175   3.00760   0.14027   0.12902   0.11495   0.18339   0.00000   0.00000   1.74112   0.03520   0.02260  
 69  0.1503   2702.036686  x:  2.63136   2.34098   2.04542   4.16041   1.05860   0.00000   2.44463   0.22577   0.74446   0.89243   3.01214   0.13949   0.12967   0.11494   0.18337   0.00000   0.00000   1.74165   0.03525   0.02260  
 70  0.0316   2702.036584  x:  2.63238   2.33543   2.04621   4.15547   1.05738   0.00000   2.44445   0.22608   0.74293   0.89186   3.01122   0.13917   0.12987   0.11496   0.18335   0.00000   0.00000   1.74144   0.03529   0.02260  
 71  0.0132   2702.036568  x:  2.63098   2.33427   2.04438   4.15252   1.05639   0.00000   2.44295   0.22624   0.74284   0.89216   3.00812   0.13916   0.12985   0.11497   0.18334   0.00000   0.00000   1.74127   0.03531   0.02260  
 72  0.0097   2702.036567  x:  2.63064   2.33394   2.04412   4.15235   1.05639   0.00000   2.44270   0.22633   0.74285   0.89188   3.00770   0.13928   0.12974   0.11498   0.18334   0.00000   0.00000   1.74125   0.03532   0.02260  
 73  0.0011   2702.036567  x:  2.63053   2.33394   2.04407   4.15229   1.05639   0.00000   2.44266   0.22630   0.74281   0.89188   3.00766   0.13930   0.12972   0.11498   0.18334   0.00000   0.00000   1.74125   0.03532   0.02260  
 74  0.0003   2702.036567  x:  2.63051   2.33394   2.04407   4.15230   1.05639   0.00000   2.44267   0.22630   0.74281   0.89188   3.00767   0.13930   0.12972   0.11498   0.18334   0.00000   0.00000   1.74125   0.03532   0.02260  