

TREE # 1

  0  0.0000   3349.093412  x:  0.40577   0.95964   0.90444   0.10406   0.89771   0.31576   0.70335   0.17036   0.34313   0.61320   0.60130   0.13982   0.01885   0.21697   0.04776   0.00000   0.02120   2.00000   0.20000   0.20000   0.20000  
  1 99.0000   3346.038924  x:  0.40615   0.95982   0.90464   0.10512   0.89784   0.31599   0.70340   0.17055   0.34332   0.61327   0.60171   0.13990   0.01919   0.21685   0.04870   0.01543   0.02100   1.99981   0.20151   0.19972   0.19996  
  2 3482.3688   3311.504753  x:  0.42670   0.96942   0.91542   0.16170   0.90455   0.32812   0.70557   0.18086   0.35353   0.61689   0.62391   0.14369   0.03704   0.21026   0.09443   0.01517   0.00000   1.98982   0.28023   0.18495   0.19808  
  3 506.0542   3291.864777  x:  0.46560   0.98758   0.93584   0.26861   0.91725   0.35106   0.70966   0.20037   0.37284   0.62372   0.66593   0.15076   0.07058   0.19774   0.18047   0.01408   0.00801   1.97092   0.42791   0.15697   0.19449  
  4 10781.2866   3238.858080  x:  0.60303   1.05399   1.01107   0.54101   0.94648   0.41142   0.70297   0.25577   0.43863   0.63216   0.81823   0.10519   0.06121   0.12077   0.21375   0.01411   0.00700   1.91818   0.29023   0.02112   0.14549  
  5 207.3952   3215.241444  x:  0.71510   1.11099   1.07611   0.75201   0.97055   0.45925   0.69697   0.30094   0.49229   0.64009   0.94135   0.08569   0.07596   0.08209   0.23466   0.01420   0.00618   1.86917   0.18053   0.09371   0.09827  
  6 563.0762   3205.109454  x:  0.78058   1.15620   1.12923   0.80549   0.98439   0.48097   0.69066   0.32644   0.52515   0.64743   1.01158   0.06576   0.06870   0.12101   0.13258   0.01470   0.00604   1.82374   0.19450   0.10555   0.03946  
  7 140.2233   3201.335553  x:  0.83435   1.20306   1.18522   0.80657   0.99523   0.49369   0.68184   0.34450   0.54988   0.65450   1.06806   0.07449   0.09112   0.16384   0.08377   0.01496   0.00584   1.77067   0.19116   0.10415   0.10234  
  8 98.5892   3194.285326  x:  0.96007   1.33918   1.34968   0.67922   1.01890   0.50882   0.65072   0.37738   0.60020   0.67213   1.19755   0.07158   0.09353   0.27454   0.14706   0.01467   0.00555   1.60900   0.15945   0.09171   0.09749  
  9 85.0607   3187.027003  x:  1.08384   1.48555   1.52519   0.51026   1.04415   0.52118   0.61620   0.39661   0.63262   0.68243   1.33168   0.06253   0.06542   0.15824   0.16023   0.01470   0.00538   1.42997   0.17389   0.10582   0.10859  
 10 95.3847   3186.029827  x:  1.10215   1.51067   1.55495   0.48157   1.04909   0.52341   0.61138   0.39567   0.63121   0.68204   1.35355   0.08837   0.09147   0.13488   0.15775   0.01470   0.00536   1.40111   0.17112   0.10145   0.09530  
 11 80.7739   3185.298733  x:  1.09840   1.55180   1.59724   0.48894   1.06965   0.53667   0.62488   0.34049   0.53670   0.65353   1.38268   0.07518   0.10106   0.13527   0.15639   0.01470   0.00534   1.38347   0.16986   0.10124   0.09403  
 12  9.3289   3183.888099  x:  0.95235   1.68487   1.73107   0.52443   1.17051   0.58015   0.81002   0.33279   0.53402   0.73789   1.43558   0.08064   0.09297   0.12471   0.15377   0.01468   0.00512   1.42247   0.15731   0.10142   0.09086  
 13  3.9596   3181.682566  x:  0.84265   1.83850   1.88642   0.60438   1.23685   0.52679   0.73419   0.24683   0.65377   0.71795   1.49302   0.03071   0.13555   0.11204   0.15246   0.01460   0.00498   1.53322   0.15298   0.10222   0.08445  
 14  5.9545   3177.690139  x:  0.78490   2.00002   2.07010   0.76253   1.28016   0.47485   0.57385   0.46455   0.64264   0.58608   1.57601   0.11446   0.05939   0.10893   0.15321   0.01440   0.00455   1.63084   0.14732   0.10436   0.07867  
 15 10.4040   3172.651361  x:  0.91285   2.01427   2.08384   0.88101   1.20764   0.50631   0.51542   0.58689   0.59843   0.70185   1.63837   0.00000   0.15737   0.09339   0.15037   0.01427   0.00405   1.56382   0.12857   0.10259   0.06208  
 16  8.7158   3165.641284  x:  1.31229   1.93083   1.99873   1.09889   1.04685   0.65878   0.54942   0.42506   0.66933   0.85259   1.86948   0.14061   0.03457   0.10663   0.15848   0.01382   0.00303   1.43988   0.11227   0.10467   0.04975  
 17 19.8239   3161.795570  x:  1.62062   1.85112   1.88931   1.10726   1.03360   0.77351   0.77066   0.41966   0.77881   0.64094   2.10310   0.07867   0.09739   0.10498   0.17519   0.01354   0.00250   1.53065   0.11047   0.10881   0.04523  
 18 16.5083   3160.390137  x:  1.72708   1.83296   1.81580   1.10587   1.19748   0.75392   0.72230   0.44294   0.72842   0.75367   2.26791   0.07684   0.10466   0.11042   0.18753   0.01336   0.00230   1.67194   0.11754   0.11289   0.05063  
 19  4.4835   3158.075339  x:  1.68136   1.87119   1.74794   1.28552   1.41788   0.55125   0.75025   0.45492   0.76394   0.72602   2.25246   0.04885   0.13005   0.12864   0.19454   0.01304   0.00196   1.42559   0.11240   0.11110   0.05142  
 20  2.9619   3154.388367  x:  1.77454   2.10848   2.20810   1.61283   1.22083   0.81022   0.74687   0.49409   0.79408   0.74827   1.82154   0.00000   0.17479   0.14244   0.21216   0.01235   0.00140   1.45284   0.11316   0.11325   0.06274  
 21  3.7542   3152.976884  x:  1.92054   1.95657   2.58962   1.76326   1.26178   0.58993   0.84209   0.52412   0.75990   0.81575   1.91905   0.00000   0.17495   0.13263   0.21832   0.01195   0.00123   1.52795   0.10713   0.10951   0.06421  
 22  1.3533   3151.695677  x:  1.96527   1.82072   2.84291   1.87660   1.46432   0.68861   0.80455   0.55301   0.77605   0.82998   2.00277   0.00000   0.18495   0.12449   0.22364   0.01157   0.00099   1.51479   0.09408   0.10460   0.06378  
 23  5.7668   3149.489423  x:  1.78140   2.14971   2.76428   2.07934   1.23467   0.84690   0.71562   0.65541   0.78150   0.86825   2.66554   0.00000   0.18100   0.10809   0.24142   0.01073   0.00092   1.50964   0.08757   0.09681   0.06304  
 24  2.3726   3148.754174  x:  1.95775   2.43512   2.66306   2.16093   1.35971   0.82455   0.74719   0.66316   0.78423   0.88379   2.60645   0.00000   0.15899   0.09857   0.24156   0.01041   0.00111   1.54847   0.08263   0.09223   0.05972  
 25  1.6613   3148.698423  x:  1.98548   2.47973   2.64790   2.17445   1.37949   0.82121   0.75215   0.66440   0.78476   0.88621   2.59741   0.01463   0.15566   0.09712   0.24158   0.01036   0.00114   1.55450   0.08187   0.09148   0.05915  
 26 30.7325   3146.313516  x:  2.17510   2.57952   2.95457   2.62494   1.58457   0.89514   0.77480   0.67407   0.84747   0.87632   2.68238   0.00000   0.17758   0.10727   0.24237   0.00870   0.00277   1.53611   0.08436   0.06750   0.03287  
 27  0.5951   3144.751804  x:  2.27329   2.68279   3.18558   2.93303   1.61733   0.94447   0.84577   0.69386   0.89823   0.88775   2.78491   0.00000   0.20149   0.13589   0.24123   0.00770   0.00349   1.53342   0.07521   0.05317   0.06179  
 28  0.5587   3144.182090  x:  2.40142   2.71535   3.30548   3.09095   1.67615   0.96482   0.89985   0.69221   0.93265   0.90610   2.84786   0.00000   0.16889   0.12102   0.23394   0.00723   0.00383   1.51629   0.06931   0.05571   0.06618  
 29  0.3156   3144.176402  x:  2.41025   2.71776   3.31387   3.10206   1.68011   0.96629   0.90362   0.69215   0.93504   0.90743   2.85230   0.00526   0.16676   0.12003   0.23342   0.00719   0.00386   1.51521   0.06890   0.05591   0.06647  
 30  6.2659   3143.945065  x:  2.43538   2.74359   3.34489   3.15383   1.68166   0.97641   0.91849   0.69711   0.94352   0.91758   2.87344   0.00000   0.17186   0.12047   0.23050   0.00706   0.00397   1.52395   0.06829   0.05860   0.06561  
 31  0.2988   3143.292363  x:  2.62681   2.89896   3.62337   3.57501   1.73917   1.05738   1.00852   0.73671   1.00955   0.98185   3.05624   0.00000   0.20621   0.12053   0.21038   0.00593   0.00507   1.55956   0.06370   0.06622   0.06181  
 32  0.7693   3143.007017  x:  2.79023   3.03641   3.72400   3.81052   1.80979   1.09756   1.06652   0.74880   1.05276   1.01417   3.15978   0.00000   0.17818   0.11548   0.19663   0.00531   0.00584   1.57856   0.06100   0.07013   0.06521  
 33  0.6247   3142.951927  x:  2.82023   3.10932   3.76431   3.89420   1.83628   1.11164   1.07484   0.76417   1.06452   1.02858   3.21844   0.00000   0.17633   0.12313   0.19615   0.00516   0.00608   1.58473   0.05909   0.06886   0.06317  
 34  0.2476   3142.844168  x:  2.84974   3.20420   3.81978   4.01246   1.89190   1.13390   1.07056   0.79463   1.08104   1.04655   3.32759   0.00000   0.17623   0.13159   0.20061   0.00525   0.00656   1.58045   0.05875   0.06748   0.06162  
 35  0.1604   3142.739699  x:  2.96682   3.34720   4.02025   4.27298   2.00158   1.18157   1.09868   0.84656   1.12588   1.08436   3.52685   0.00000   0.17920   0.12454   0.20599   0.00527   0.00735   1.56635   0.05434   0.06773   0.06115  
 36  0.2309   3142.674676  x:  3.07237   3.45595   4.15407   4.38368   2.08143   1.19917   1.13411   0.87676   1.15382   1.11183   3.62758   0.00000   0.17639   0.11946   0.21075   0.00606   0.00791   1.59353   0.05349   0.06971   0.06147  
 37  0.1078   3142.641243  x:  3.16557   3.55890   4.28128   4.49461   2.14402   1.21762   1.17612   0.89706   1.18332   1.13644   3.70369   0.00000   0.17754   0.12260   0.21058   0.00663   0.00842   1.60174   0.05136   0.06987   0.06010  
 38  0.1410   3142.621134  x:  3.17099   3.54134   4.28544   4.42166   2.13312   1.20907   1.19309   0.88235   1.18468   1.13163   3.65481   0.00000   0.17886   0.12491   0.20834   0.00728   0.00838   1.59264   0.05194   0.06929   0.06019  
 39  0.0560   3142.613001  x:  3.19713   3.55371   4.31242   4.41074   2.13816   1.21992   1.20369   0.88034   1.19241   1.13469   3.66823   0.00000   0.17729   0.12272   0.20764   0.00757   0.00844   1.58692   0.05142   0.06884   0.06121  
 40  0.0284   3142.606072  x:  3.18484   3.54681   4.28200   4.33035   2.10894   1.23763   1.18696   0.87501   1.18653   1.13274   3.68363   0.00000   0.17882   0.12301   0.20767   0.00767   0.00826   1.59070   0.05182   0.06771   0.06140  
 41  0.0273   3142.602886  x:  3.20599   3.57038   4.29574   4.33649   2.11569   1.24916   1.18629   0.88047   1.19072   1.13877   3.72170   0.00000   0.17728   0.12392   0.20662   0.00757   0.00830   1.59029   0.05149   0.06898   0.06115  
 42  0.0185   3142.600109  x:  3.24232   3.59251   4.33376   4.34537   2.13353   1.25073   1.19508   0.88648   1.19642   1.14353   3.74797   0.00000   0.17886   0.12264   0.20704   0.00743   0.00832   1.58672   0.05110   0.06923   0.06133  
 43  0.0176   3142.597975  x:  3.26779   3.61091   4.35354   4.34928   2.14603   1.24751   1.20216   0.88917   1.19876   1.14610   3.75624   0.00000   0.17785   0.12350   0.20722   0.00717   0.00829   1.59012   0.05091   0.06862   0.06132  
 44  0.0182   3142.597613  x:  3.26053   3.60484   4.35298   4.34434   2.14401   1.24847   1.20231   0.88771   1.19909   1.14564   3.74874   0.00000   0.17838   0.12347   0.20703   0.00707   0.00823   1.58934   0.05092   0.06856   0.06120  
 45  0.0043   3142.597266  x:  3.25331   3.60540   4.35594   4.34144   2.14512   1.25229   1.20381   0.88772   1.20151   1.14691   3.74721   0.00000   0.17781   0.12337   0.20724   0.00708   0.00817   1.58981   0.05094   0.06875   0.06121  
 46  0.0031   3142.597105  x:  3.26095   3.62025   4.37034   4.35606   2.15324   1.25578   1.20775   0.89167   1.20546   1.15038   3.76122   0.00000   0.17800   0.12342   0.20755   0.00709   0.00819   1.59083   0.05073   0.06875   0.06117  
 47  0.0141   3142.596866  x:  3.26016   3.62725   4.37035   4.36280   2.15362   1.25657   1.20957   0.89309   1.20683   1.15141   3.76824   0.00000   0.17821   0.12347   0.20705   0.00709   0.00812   1.59057   0.05070   0.06851   0.06133  
 48  0.0027   3142.596684  x:  3.26407   3.63059   4.37386   4.37161   2.15631   1.25693   1.21144   0.89372   1.20795   1.15230   3.77396   0.00000   0.17785   0.12344   0.20670   0.00713   0.00807   1.59090   0.05060   0.06860   0.06141  
 49  0.0041   3142.596459  x:  3.26765   3.62648   4.37607   4.37068   2.15869   1.25483   1.21091   0.89315   1.20691   1.15169   3.77389   0.00000   0.17802   0.12348   0.20705   0.00715   0.00794   1.59135   0.05063   0.06868   0.06133  
 50  0.0022   3142.596432  x:  3.27159   3.62938   4.38034   4.37414   2.16018   1.25642   1.21132   0.89346   1.20769   1.15229   3.77441   0.00000   0.17802   0.12347   0.20711   0.00717   0.00794   1.59063   0.05057   0.06862   0.06129  
 51  0.0028   3142.596419  x:  3.27250   3.63007   4.38040   4.37642   2.15953   1.25746   1.21086   0.89340   1.20766   1.15244   3.77320   0.00000   0.17800   0.12347   0.20706   0.00716   0.00794   1.59099   0.05057   0.06864   0.06129  
 52  0.0016   3142.596418  x:  3.27302   3.63030   4.38088   4.37658   2.15935   1.25769   1.21106   0.89339   1.20774   1.15251   3.77312   0.00000   0.17802   0.12347   0.20706   0.00716   0.00794   1.59105   0.05057   0.06865   0.06131  
 53  0.0005   3142.596417  x:  3.27290   3.63014   4.38076   4.37659   2.15912   1.25769   1.21105   0.89340   1.20770   1.15249   3.77309   0.00000   0.17801   0.12347   0.20707   0.00716   0.00794   1.59101   0.05057   0.06865   0.06131  
 54  0.0002   3142.596417  x:  3.27293   3.63011   4.38080   4.37660   2.15905   1.25773   1.21106   0.89342   1.20770   1.15250   3.77312   0.00000   0.17801   0.12347   0.20707   0.00716   0.00794   1.59101   0.05057   0.06865   0.06131  
 55  0.0001   3142.596417  x:  3.27301   3.63011   4.38083   4.37661   2.15907   1.25774   1.21109   0.89344   1.20771   1.15250   3.77313   0.00000   0.17801   0.12347   0.20707   0.00716   0.00794   1.59102   0.05057   0.06865   0.06131  
 56  0.0000   3142.596417  x:  3.27300   3.63010   4.38080   4.37661   2.15906   1.25774   1.21108   0.89344   1.20771   1.15249   3.77312   0.00000   0.17801   0.12347   0.20707   0.00716   0.00794   1.59102   0.05057   0.06865   0.06131  
 57  0.0000   3142.596417  x:  3.27300   3.63009   4.38079   4.37661   2.15906   1.25775   1.21107   0.89344   1.20771   1.15249   3.77311   0.00000   0.17801   0.12347   0.20707   0.00716   0.00794   1.59101   0.05057   0.06865   0.06131  
 58  0.0000   3142.596417  x:  3.27300   3.63009   4.38078   4.37661   2.15906   1.25775   1.21107   0.89344   1.20771   1.15249   3.77311   0.00000   0.17801   0.12347   0.20707   0.00716   0.00794   1.59101   0.05057   0.06865   0.06131  
 59  0.0000   3142.596417  x:  3.27300   3.63009   4.38078   4.37661   2.15906   1.25775   1.21107   0.89344   1.20771   1.15249   3.77311   0.00000   0.17801   0.12347   0.20707   0.00716   0.00794   1.59101   0.05057   0.06865   0.06131  