   11
BAM_009070  0.000000  2.616438  0.633910  2.612569  0.921613  2.655452
  0.188804  2.611952  0.655471  2.637352  2.583797
BA_1309xxx  2.616438  0.000000  2.543568  0.020775  3.922666  0.300528
  2.726434  0.002059  2.619059  0.016557  2.432549
BC_0412xxx  0.633910  2.543568  0.000000  2.557077  0.821335  2.580316
  0.663423  2.539303  0.104931  2.558982  2.824686
BC_1297xxx  2.612569  0.020775  2.557077  0.000000  3.901421  0.294422
  2.709605  0.018683  2.629696  0.024972  2.402555
BC_2955xxx  0.921613  3.922666  0.821335  3.901421  0.000000  3.144909
  0.936923  3.922666  0.799590  3.901421  2.654974
Bmo726xxxx  2.655452  0.300528  2.580316  0.294422  3.144909  0.000000
  2.725218  0.297711  2.678364  0.294380  2.625124
BG12231xxx  0.188804  2.726434  0.663423  2.709605  0.936923  2.725218
  0.000000  2.720316  0.665309  2.760852  2.524165
NT02BT1332  2.611952  0.002059  2.539303  0.018683  3.922666  0.297711
  2.720316  0.000000  2.614488  0.014477  2.417049
KBAB4_0351  0.655471  2.619059  0.104931  2.629696  0.799590  2.678364
  0.665309  2.614488  0.000000  2.646221  2.846172
KBAB4_1212  2.637352  0.016557  2.558982  0.024972  3.901421  0.294380
  2.760852  0.014477  2.646221  0.000000  2.445798
KBAB4_4899  2.583797  2.432549  2.824686  2.402555  2.654974  2.625124
  2.524165  2.417049  2.846172  2.445798  0.000000
