   10
BAM_020400  0.000000  1.281551  1.325263  1.858135  1.663314  1.084862
  0.860611  0.638648  1.308377  1.456303
BA_1580xxx  1.281551  0.000000  0.143506  1.815089  1.390255  1.231442
  1.255043  1.041136  0.012684  0.153995
BC_1559xxx  1.325263  0.143506  0.000000  1.768458  1.544167  1.353829
  1.520583  1.137689  0.142700  0.243953
NT03BC2454  1.858135  1.815089  1.768458  0.000000  1.374717  2.465914
  2.431496  2.301392  1.815089  2.038039
BH2273xxxx  1.663314  1.390255  1.544167  1.374717  0.000000  1.627703
  1.838535  1.711451  1.390255  1.611751
NT03BL2502  1.084862  1.231442  1.353829  2.465914  1.627703  0.000000
  1.033933  0.900536  1.248723  1.366649
BPUM_1958x  0.860611  1.255043  1.520583  2.431496  1.838535  1.033933
  0.000000  0.749009  1.232322  1.490829
BG11448xxx  0.638648  1.041136  1.137689  2.301392  1.711451  0.900536
  0.749009  0.000000  1.066195  1.247536
NT02BT1590  1.308377  0.012684  0.142700  1.815089  1.390255  1.248723
  1.232322  1.066195  0.000000  0.147575
KBAB4_1480  1.456303  0.153995  0.243953  2.038039  1.611751  1.366649
  1.490829  1.247536  0.147575  0.000000
