

TREE # 1

  0  0.0000   7807.701486  x:  0.00000   0.47594   0.43013   0.03673   0.37694   0.16740   0.24727   0.10229   0.25056   0.18640   0.11740   0.10046   0.39311   0.10646   0.08036   0.11106   0.10291   0.03067   0.08034   2.00000   0.20000   0.20000   0.20000  
  1 99.0000   7394.208982  x:  0.19157   0.52586   0.47514   0.19310   0.41748   0.21110   0.29055   0.15301   0.28773   0.21127   0.15579   0.14802   0.44667   0.12640   0.09563   0.12014   0.11463   0.00000   0.05202   1.98734   0.35121   0.19600   0.18696  
  2 2746.2599   7290.432473  x:  0.16268   0.58505   0.52354   0.20953   0.46617   0.25156   0.34492   0.20267   0.33800   0.24038   0.19056   0.18671   0.50379   0.14680   0.11143   0.13082   0.12808   0.00000   0.00000   1.97246   0.31182   0.18909   0.16015  
  3 843.4710   7290.432473  x:  0.16268   0.58505   0.52354   0.20953   0.46617   0.25156   0.34492   0.20267   0.33800   0.24038   0.19056   0.18671   0.50379   0.14680   0.11143   0.13082   0.12808   0.00000   0.00000   1.97246   0.31182   0.18909   0.16015  
  4 8741.9505   7277.759973  x:  0.16268   0.58506   0.52354   0.20954   0.46617   0.25156   0.34493   0.20268   0.33800   0.24039   0.19057   0.18671   0.50379   0.14680   0.11144   0.13082   0.12808   0.00076   0.00671   1.97245   0.31182   0.18909   0.16015  
  5 410622.3623   7275.890847  x:  0.16328   0.58585   0.52421   0.21036   0.46679   0.25207   0.34553   0.20321   0.33856   0.24071   0.19092   0.18712   0.50458   0.14700   0.11157   0.13092   0.12819   0.00000   0.00680   1.97222   0.31245   0.18900   0.15977  
  6 765.1452   7233.676847  x:  0.18564   0.64903   0.57563   0.24108   0.51242   0.27839   0.38198   0.22593   0.37366   0.25649   0.20053   0.19865   0.55991   0.15110   0.11302   0.13738   0.12079   0.00000   0.01038   1.95101   0.21465   0.18091   0.11369  
  7 662.9543   7214.961059  x:  0.15632   0.70963   0.62206   0.20076   0.54779   0.27568   0.39197   0.20774   0.38754   0.25361   0.17580   0.16953   0.60001   0.13541   0.10010   0.14337   0.08943   0.00000   0.01044   1.91371   0.21968   0.17212   0.04090  
  8 254.6894   7202.866989  x:  0.10373   0.79513   0.68735   0.13985   0.59775   0.26610   0.40082   0.17740   0.40264   0.24679   0.15564   0.14494   0.65708   0.13784   0.10793   0.16739   0.07489   0.00000   0.00899   1.84706   0.22097   0.16419   0.08124  
  9 267.9985   7198.651364  x:  0.06834   0.82364   0.70881   0.12467   0.61251   0.25137   0.39093   0.15936   0.39585   0.23758   0.17184   0.16412   0.67394   0.14137   0.11354   0.17006   0.11102   0.00000   0.00721   1.79791   0.21941   0.16572   0.07367  
 10 150.4512   7194.021442  x:  0.04172   0.84628   0.72692   0.15920   0.62003   0.22603   0.36471   0.15370   0.37055   0.22194   0.18224   0.17834   0.68215   0.13809   0.10911   0.14726   0.09150   0.00000   0.00350   1.69127   0.21723   0.16548   0.07797  
 11 96.8057   7187.595293  x:  0.06352   0.86203   0.74031   0.16845   0.61477   0.19821   0.34403   0.18905   0.34487   0.21762   0.15899   0.15401   0.67178   0.13903   0.11064   0.14332   0.11640   0.00000   0.00341   1.47229   0.21214   0.16889   0.07647  
 12 119.6817   7183.150730  x:  0.06451   0.85623   0.73426   0.14532   0.60640   0.20442   0.35213   0.20049   0.35110   0.23168   0.17767   0.17565   0.65291   0.13868   0.11143   0.15041   0.09613   0.00000   0.00614   1.30431   0.20888   0.16508   0.07361  
 13 161.1923   7181.100577  x:  0.05739   0.84067   0.72046   0.15950   0.60496   0.23564   0.37015   0.16804   0.36929   0.23576   0.16991   0.16705   0.64574   0.14305   0.11629   0.15976   0.10016   0.00000   0.00480   1.23560   0.20732   0.16154   0.07069  
 14 61.1451   7178.885154  x:  0.08147   0.83134   0.71344   0.14533   0.60923   0.23630   0.38361   0.15897   0.38419   0.22256   0.17512   0.17083   0.65916   0.13320   0.10767   0.14225   0.10426   0.00000   0.00193   1.22242   0.20748   0.15466   0.07470  
 15 13.1585   7171.710844  x:  0.10126   0.80987   0.69752   0.14866   0.63598   0.22175   0.40538   0.13281   0.41450   0.17049   0.17869   0.17123   0.72378   0.12746   0.09960   0.09514   0.11685   0.00000   0.00710   1.20497   0.21081   0.12125   0.08234  
 16 50.2728   7146.561298  x:  0.09471   0.75861   0.66007   0.16590   0.68756   0.17659   0.42629   0.17342   0.45480   0.13382   0.18608   0.17823   0.85261   0.14386   0.10561   0.14383   0.11656   0.00000   0.00620   1.20120   0.21748   0.02725   0.07550  
 17 98.3504   7074.824902  x:  0.03505   0.61060   0.55950   0.23245   0.93832   0.06659   0.50441   0.34201   0.61893   0.19013   0.20581   0.20413   1.41558   0.19452   0.11704   0.23868   0.09628   0.00000   0.00415   1.22624   0.25262   0.27871   0.05672  
 18 233.6916   6928.960660  x:  0.30683   0.95387   0.86896   0.28010   1.09436   0.54182   0.34529   0.31689   0.38837   0.30570   0.31233   0.35022   1.81119   0.23420   0.19693   0.35538   0.08498   0.00000   0.01050   1.40854   0.32161   0.31995   0.04840  
 19 142.0113   6872.550634  x:  0.12280   1.21767   1.05859   0.35513   0.96505   0.52265   0.59764   0.48177   0.57801   0.41958   0.29350   0.33596   1.58313   0.24362   0.22009   0.11366   0.16705   0.00000   0.00640   1.50169   0.34415   0.21556   0.07716  
 20 130.7445   6865.840026  x:  0.12509   1.27393   1.09066   0.40150   0.95612   0.46863   0.64561   0.46450   0.62549   0.39955   0.30531   0.34425   1.51338   0.18188   0.14468   0.17305   0.18294   0.00000   0.00849   1.51348   0.34820   0.22753   0.09289  
 21 79.8134   6863.101847  x:  0.17248   1.31609   1.09891   0.41648   0.98695   0.38584   0.67532   0.41762   0.66108   0.36435   0.31679   0.35045   1.43208   0.24981   0.16734   0.20793   0.15969   0.00000   0.00850   1.52209   0.34951   0.25151   0.07716  
 22 39.0469   6862.156435  x:  0.17355   1.33037   1.06753   0.41572   1.10259   0.38128   0.68116   0.42161   0.64927   0.37460   0.31175   0.35325   1.36784   0.26889   0.13403   0.19751   0.16573   0.00000   0.00850   1.52510   0.34972   0.24239   0.08027  
 23 12.1504   6860.991197  x:  0.18619   1.35930   1.04709   0.42530   1.13479   0.35990   0.62815   0.40523   0.69818   0.42298   0.32126   0.34294   1.36284   0.21994   0.17688   0.18771   0.16849   0.00000   0.00891   1.52381   0.34673   0.22572   0.07984  
 24  2.1525   6848.977748  x:  0.15678   1.55168   0.98427   0.45658   1.22274   0.39591   0.70994   0.48111   0.70008   0.29681   0.30162   0.36436   1.41032   0.03401   0.38912   0.20613   0.14153   0.00000   0.00818   1.50500   0.31944   0.25934   0.04973  
 25  6.5643   6826.945411  x:  0.13701   1.77052   1.05059   0.49504   1.22341   0.40301   0.74715   0.50090   0.75777   0.31998   0.31274   0.34689   1.59112   0.12769   0.26962   0.19359   0.12785   0.00000   0.00805   1.46760   0.27241   0.24340   0.01724  
 26 22.8712   6823.634880  x:  0.15437   1.73108   1.15022   0.50937   1.24712   0.33988   0.82745   0.44879   0.69662   0.41777   0.22420   0.42300   1.62835   0.10010   0.27932   0.18297   0.12934   0.00000   0.00891   1.46306   0.26342   0.21434   0.01792  
 27 12.8536   6817.262766  x:  0.14764   1.64597   1.36110   0.53557   1.31703   0.29855   0.93087   0.42539   0.62589   0.49304   0.36812   0.29384   1.66391   0.06342   0.28530   0.16750   0.13178   0.00000   0.00953   1.45526   0.24454   0.18591   0.02074  
 28 14.3438   6798.519124  x:  0.07383   1.63139   1.75586   0.57482   1.42470   0.41910   0.77939   0.55714   0.89699   0.36699   0.30852   0.33782   1.72448   0.12824   0.13747   0.13972   0.13320   0.00000   0.00855   1.43587   0.19460   0.17924   0.03532  
 29 16.4196   6794.493825  x:  0.08074   1.85966   1.55317   0.59201   1.35583   0.39905   0.84253   0.53590   0.84451   0.43441   0.31904   0.32679   1.82597   0.16980   0.06833   0.12856   0.13737   0.00000   0.00895   1.43181   0.18394   0.15869   0.04242  
 30 13.9078   6781.119573  x:  0.12650   2.19723   1.52554   0.66466   1.41148   0.41220   0.95905   0.55203   0.84610   0.37576   0.32651   0.34847   2.05305   0.21576   0.19560   0.17582   0.09919   0.00000   0.00811   1.44913   0.16021   0.19081   0.05250  
 31  0.4009   6774.429579  x:  0.12809   2.34602   1.67281   0.72654   1.48706   0.45000   0.98056   0.57933   0.90117   0.37589   0.32572   0.36194   2.14168   0.25788   0.16095   0.18058   0.12250   0.00000   0.00796   1.47832   0.18057   0.17430   0.05963  
 32  0.2735   6762.844438  x:  0.10278   2.64192   2.24900   0.89916   1.80806   0.53192   1.05377   0.65939   1.04603   0.41166   0.32933   0.35986   2.47228   0.22912   0.13708   0.16077   0.16004   0.00000   0.00791   1.51192   0.12873   0.09059   0.05905  
 33  0.5971   6760.077682  x:  0.10171   2.89320   2.35865   0.98486   1.89041   0.57366   1.11167   0.68325   1.05607   0.44039   0.33420   0.35501   2.67159   0.22198   0.12668   0.15483   0.17126   0.00000   0.00787   1.54173   0.12972   0.05551   0.06206  
 34  0.2959   6757.711969  x:  0.10516   3.25075   2.46484   1.10347   1.97174   0.63567   1.19456   0.73806   1.07688   0.37686   0.34696   0.35009   2.98773   0.20375   0.13864   0.18933   0.15770   0.00000   0.00780   1.55924   0.12030   0.10253   0.06289  
 35  0.3773   6756.682334  x:  0.10415   3.45158   2.57398   1.17745   2.05154   0.66701   1.24370   0.76496   1.09111   0.38726   0.34890   0.34736   3.17297   0.18754   0.15186   0.18319   0.15789   0.00000   0.00769   1.56327   0.10690   0.09385   0.06258  
 36  0.5166   6755.557731  x:  0.10769   3.68626   2.63515   1.26037   2.11981   0.69086   1.29310   0.77970   1.07524   0.43740   0.34162   0.34441   3.37960   0.16882   0.17981   0.15014   0.15385   0.00000   0.00742   1.56497   0.10376   0.08013   0.06028  
 37  0.2043   6755.130702  x:  0.12652   3.93884   2.79466   1.37944   2.21731   0.70377   1.34095   0.78998   1.11410   0.44669   0.34020   0.35143   3.60460   0.17121   0.16715   0.16548   0.14765   0.00000   0.00776   1.57086   0.09704   0.09211   0.05671  
 38  0.1355   6755.002105  x:  0.13491   3.97163   2.83984   1.41200   2.24448   0.69539   1.34183   0.78459   1.12706   0.46349   0.34160   0.35185   3.62881   0.18726   0.16246   0.15873   0.14905   0.00000   0.00767   1.56903   0.09712   0.09140   0.05492  
 39  0.0414   6754.956659  x:  0.13820   3.99771   2.87948   1.43600   2.26791   0.69485   1.34628   0.78616   1.13832   0.46956   0.34421   0.35173   3.65076   0.19327   0.15950   0.15717   0.15091   0.00000   0.00761   1.56905   0.09493   0.08986   0.05437  
 40  0.0613   6754.902207  x:  0.14107   3.92332   2.88301   1.43769   2.26285   0.68155   1.33000   0.77895   1.14636   0.46808   0.34904   0.35240   3.58182   0.20122   0.15023   0.16183   0.15411   0.00000   0.00756   1.56918   0.09622   0.09080   0.05450  
 41  0.0395   6754.688320  x:  0.14105   3.78969   2.84598   1.49202   2.25249   0.66915   1.31403   0.77984   1.12402   0.47544   0.35198   0.35569   3.45541   0.17928   0.16672   0.15481   0.15157   0.00000   0.00700   1.56958   0.09761   0.09031   0.05576  
 42  0.0250   6754.559156  x:  0.15021   3.83843   2.85279   1.61238   2.27364   0.67335   1.33278   0.78924   1.11081   0.47987   0.34813   0.36103   3.48144   0.16848   0.17641   0.15950   0.14483   0.00000   0.00683   1.57181   0.09619   0.09717   0.05614  
 43  0.0534   6754.466147  x:  0.15018   3.88465   2.84311   1.65810   2.26526   0.68235   1.33509   0.79508   1.11689   0.47592   0.34513   0.35601   3.50296   0.19172   0.16066   0.16130   0.15160   0.00000   0.00719   1.57003   0.09555   0.09325   0.05666  
 44  0.0250   6754.429825  x:  0.14272   3.84420   2.78671   1.66809   2.23106   0.68755   1.32520   0.79917   1.10509   0.47056   0.34241   0.35223   3.46002   0.18553   0.16226   0.15805   0.15235   0.00000   0.00738   1.56863   0.09672   0.08928   0.05711  
 45  0.0475   6754.413580  x:  0.14062   3.82545   2.77449   1.66733   2.21290   0.68482   1.31452   0.79557   1.11491   0.46627   0.34328   0.35070   3.44716   0.18711   0.16053   0.15951   0.15056   0.00000   0.00764   1.56798   0.09711   0.09034   0.05535  
 46  0.0107   6754.410354  x:  0.13880   3.81848   2.76093   1.66584   2.20302   0.68445   1.31376   0.79398   1.11311   0.46435   0.34274   0.35105   3.44435   0.18757   0.16321   0.15954   0.15008   0.00000   0.00763   1.56830   0.09744   0.09088   0.05524  
 47  0.0085   6754.404899  x:  0.13225   3.79905   2.75328   1.66103   2.19343   0.68173   1.31574   0.78817   1.11100   0.46372   0.34334   0.35327   3.44688   0.18533   0.16440   0.15972   0.15144   0.00000   0.00747   1.56919   0.09771   0.09039   0.05517  
 48  0.0039   6754.401366  x:  0.12808   3.81612   2.76084   1.67479   2.19731   0.68308   1.32118   0.78621   1.11284   0.46453   0.34344   0.35331   3.47467   0.18715   0.16238   0.15922   0.15142   0.00000   0.00743   1.56783   0.09738   0.09010   0.05494  
 49  0.0149   6754.398016  x:  0.12185   3.79631   2.75876   1.67915   2.19825   0.68212   1.31845   0.78352   1.11455   0.46120   0.34491   0.35205   3.47036   0.18842   0.16095   0.15928   0.15057   0.00000   0.00742   1.56601   0.09755   0.09015   0.05541  
 50  0.0065   6754.396755  x:  0.11925   3.79965   2.76378   1.67173   2.20436   0.68212   1.31882   0.78199   1.11686   0.46078   0.34433   0.35193   3.48030   0.18802   0.16144   0.15922   0.15053   0.00000   0.00749   1.56728   0.09748   0.09023   0.05547  
 51  0.0067   6754.396141  x:  0.11793   3.79605   2.76126   1.67682   2.20632   0.68106   1.31806   0.78117   1.11641   0.46144   0.34356   0.35183   3.47781   0.18713   0.16233   0.15919   0.15089   0.00000   0.00756   1.56826   0.09756   0.09025   0.05546  
 52  0.0035   6754.395958  x:  0.11736   3.79780   2.76169   1.67729   2.20883   0.67989   1.31872   0.78084   1.11549   0.46221   0.34402   0.35148   3.47804   0.18690   0.16269   0.15930   0.15076   0.00000   0.00755   1.56744   0.09750   0.09049   0.05540  
 53  0.0010   6754.395781  x:  0.11556   3.79717   2.75775   1.67532   2.20757   0.67906   1.31783   0.78082   1.11466   0.46183   0.34389   0.35123   3.47466   0.18745   0.16207   0.15931   0.15088   0.00000   0.00755   1.56696   0.09762   0.09025   0.05536  
 54  0.0019   6754.395629  x:  0.11446   3.80002   2.75938   1.67665   2.20935   0.67836   1.31749   0.78137   1.11485   0.46184   0.34351   0.35195   3.47397   0.18766   0.16191   0.15935   0.15073   0.00000   0.00752   1.56769   0.09761   0.09037   0.05536  
 55  0.0014   6754.395550  x:  0.11326   3.80256   2.76029   1.67815   2.20878   0.67869   1.31710   0.78195   1.11509   0.46169   0.34379   0.35177   3.47562   0.18726   0.16227   0.15927   0.15075   0.00000   0.00753   1.56791   0.09755   0.09031   0.05537  
 56  0.0010   6754.395504  x:  0.11287   3.80280   2.76143   1.67778   2.20826   0.67858   1.31656   0.78212   1.11505   0.46185   0.34398   0.35173   3.47528   0.18715   0.16240   0.15932   0.15082   0.00000   0.00754   1.56776   0.09758   0.09034   0.05540  
 57  0.0007   6754.395488  x:  0.11255   3.80178   2.76175   1.67754   2.20754   0.67855   1.31634   0.78198   1.11467   0.46200   0.34375   0.35189   3.47502   0.18712   0.16243   0.15931   0.15077   0.00000   0.00755   1.56752   0.09759   0.09033   0.05540  
 58  0.0005   6754.395483  x:  0.11252   3.80188   2.76225   1.67761   2.20751   0.67867   1.31643   0.78200   1.11449   0.46205   0.34374   0.35184   3.47521   0.18727   0.16230   0.15933   0.15079   0.00000   0.00755   1.56763   0.09758   0.09034   0.05540  
 59  0.0003   6754.395481  x:  0.11244   3.80153   2.76222   1.67748   2.20738   0.67871   1.31636   0.78195   1.11441   0.46203   0.34378   0.35179   3.47504   0.18724   0.16232   0.15932   0.15077   0.00000   0.00755   1.56770   0.09759   0.09036   0.05539  
 60  0.0003   6754.395479  x:  0.11243   3.80164   2.76225   1.67746   2.20735   0.67891   1.31626   0.78186   1.11440   0.46204   0.34375   0.35178   3.47493   0.18720   0.16236   0.15932   0.15078   0.00000   0.00754   1.56766   0.09759   0.09034   0.05539  
 61  0.0000   6754.395478  x:  0.11239   3.80164   2.76216   1.67743   2.20727   0.67902   1.31615   0.78172   1.11443   0.46203   0.34375   0.35178   3.47471   0.18721   0.16236   0.15933   0.15078   0.00000   0.00754   1.56763   0.09760   0.09034   0.05539  
 62  0.0002   6754.395477  x:  0.11240   3.80173   2.76204   1.67741   2.20718   0.67903   1.31622   0.78163   1.11439   0.46204   0.34377   0.35179   3.47456   0.18724   0.16232   0.15932   0.15078   0.00000   0.00754   1.56765   0.09760   0.09035   0.05539  
 63  0.0001   6754.395477  x:  0.11240   3.80176   2.76208   1.67742   2.20716   0.67904   1.31626   0.78160   1.11438   0.46203   0.34377   0.35180   3.47451   0.18723   0.16233   0.15932   0.15078   0.00000   0.00754   1.56765   0.09760   0.09035   0.05539  
 64  0.0000   6754.395477  x:  0.11240   3.80176   2.76211   1.67743   2.20718   0.67903   1.31627   0.78162   1.11439   0.46202   0.34377   0.35179   3.47452   0.18723   0.16233   0.15932   0.15078   0.00000   0.00754   1.56765   0.09760   0.09035   0.05539  
 65  0.0000   6754.395477  x:  0.11239   3.80176   2.76210   1.67743   2.20717   0.67903   1.31627   0.78161   1.11440   0.46202   0.34377   0.35179   3.47451   0.18723   0.16233   0.15932   0.15078   0.00000   0.00754   1.56765   0.09760   0.09035   0.05539  
 66  0.0000   6754.395477  x:  0.11239   3.80177   2.76212   1.67744   2.20717   0.67903   1.31628   0.78162   1.11440   0.46202   0.34377   0.35179   3.47452   0.18723   0.16233   0.15932   0.15078   0.00000   0.00754   1.56765   0.09760   0.09035   0.05539  
 67  0.0000   6754.395477  x:  0.11239   3.80177   2.76212   1.67743   2.20717   0.67903   1.31628   0.78162   1.11440   0.46202   0.34377   0.35179   3.47452   0.18723   0.16233   0.15932   0.15078   0.00000   0.00754   1.56765   0.09760   0.09035   0.05539  
 68  0.0000   6754.395477  x:  0.11239   3.80177   2.76211   1.67743   2.20717   0.67903   1.31628   0.78162   1.11440   0.46202   0.34377   0.35179   3.47452   0.18723   0.16233   0.15932   0.15078   0.00000   0.00754   1.56765   0.09760   0.09035   0.05539  
 69  0.0000   6754.395477  x:  0.11239   3.80178   2.76212   1.67744   2.20718   0.67904   1.31628   0.78162   1.11440   0.46203   0.34377   0.35179   3.47453   0.18723   0.16233   0.15932   0.15078   0.00000   0.00754   1.56765   0.09760   0.09035   0.05539  
 70  0.0000   6754.395477  x:  0.11239   3.80177   2.76212   1.67744   2.20718   0.67904   1.31628   0.78162   1.11440   0.46202   0.34377   0.35179   3.47453   0.18723   0.16233   0.15932   0.15078   0.00000   0.00754   1.56765   0.09760   0.09035   0.05539  
 71  0.0000   6754.395477  x:  0.11239   3.80178   2.76212   1.67744   2.20718   0.67904   1.31628   0.78162   1.11440   0.46202   0.34377   0.35179   3.47453   0.18723   0.16233   0.15932   0.15078   0.00000   0.00754   1.56765   0.09760   0.09035   0.05539  