Supplemental results for CODEML (seqf: cds2.phylip  treef: tree.H0.nwk)

Number of codon sites with 0,1,2,3 position differences
   2 vs.    1     36   102   131   110  -1.0000 (1.0426 -1.0000)
   3 vs.    1     49    98   129   108   0.3280 (0.9936 3.0294)
   3 vs.    2    412   149     7     3   0.0392 (0.0224 0.5720)
   4 vs.    1     37    97   132   122   0.4123 (1.1792 2.8601)
   4 vs.    2     36    92   197   157  -1.0000 (1.3840 -1.0000)
   4 vs.    3     38   104   188   155   0.4590 (1.3534 2.9487)
   5 vs.    1     30    87   132   132  -1.0000 (1.3082 -1.0000)
   5 vs.    2     65   100   144   119   0.5274 (1.0005 1.8971)
   5 vs.    3     71   100   150   112   0.6276 (0.9713 1.5476)
   5 vs.    4     32   111   171   129   0.2330 (1.2167 5.2222)
   6 vs.    1     78   125    75    63  -1.0000 (0.5114 -1.0000)
   6 vs.    2     35    85   118   104   0.4347 (1.1429 2.6291)
   6 vs.    3     37    86   120   104   0.3392 (1.1060 3.2609)
   6 vs.    4     41    76   139    94   0.4160 (1.0794 2.5944)
   6 vs.    5     36    77   123   108  -1.0000 (1.1573 -1.0000)
   7 vs.    1     73   134    89    55   0.1701 (0.5237 3.0784)
   7 vs.    2     42   100   144   112   0.2199 (1.0665 4.8496)
   7 vs.    3     49   100   141   113   0.4166 (1.0439 2.5058)
   7 vs.    4     30   110   138   115   0.2196 (1.1393 5.1871)
   7 vs.    5     49    87   148   103   0.6130 (1.0928 1.7828)
   7 vs.    6     80   125    87    40   0.1808 (0.4506 2.4922)
   8 vs.    1    133   126    66    45   0.2696 (0.3523 1.3070)
   8 vs.    2     45    99   113   112   0.3411 (1.0282 3.0147)
   8 vs.    3     51    91   118   114  -1.0000 (0.9884 -1.0000)
   8 vs.    4     36    75   142   123  -1.0000 (1.2157 -1.0000)
   8 vs.    5     35    84   139   110   0.5603 (1.2332 2.2011)
   8 vs.    6     90   110    92    52   0.2633 (0.5002 1.8998)
   8 vs.    7     81   122   100    49   0.2361 (0.5178 2.1930)
   9 vs.    1     41   107   125   113  -1.0000 (1.0166 -1.0000)
   9 vs.    2    500    57    11     9   0.2260 (0.0386 0.1706)
   9 vs.    3    393   158    13    11   0.0759 (0.0488 0.6431)
   9 vs.    4     38    93   199   160  -1.0000 (1.3752 -1.0000)
   9 vs.    5     67   103   148   118   0.5183 (0.9805 1.8916)
   9 vs.    6     42    80   117   110   0.3856 (1.1251 2.9176)
   9 vs.    7     48   101   145   111   0.1892 (1.0145 5.3625)
   9 vs.    8     50    93   127   106   0.4229 (1.0102 2.3890)
  10 vs.    1     51    93   130   111   0.3717 (1.0204 2.7453)
  10 vs.    2    335   204    13    13   0.0625 (0.0619 0.9902)
  10 vs.    3    363   170    15    13   0.0875 (0.0633 0.7233)
  10 vs.    4     40   101   181   162   0.4071 (1.3773 3.3832)
  10 vs.    5     74   100   147   116   0.5740 (0.9581 1.6691)
  10 vs.    6     42    75   123   104   0.2504 (1.1031 4.4044)
  10 vs.    7     47    94   159   105   0.2588 (1.0329 3.9905)
  10 vs.    8     49    90   122   110  -1.0000 (1.0045 -1.0000)
  10 vs.    9    356   187    20    13   0.0701 (0.0639 0.9113)

