

TREE # 1

  0  0.0000  17354.762098  x:  0.00000   0.28951   0.44013   0.16510   0.22392   0.03399   0.21953   0.06226   0.14258   0.13623   0.23248   0.11447   0.03771   0.06416   0.11678   0.08026   0.05768   2.00000   0.20000  
  1 99.0000  14660.364131  x:  1.82981   0.68552   0.80721   0.62511   0.51070   0.56163   0.51397   0.61523   0.56924   0.51794   0.71906   0.32565   0.29754   0.26385   0.19675   0.08542   0.23574   1.88619   1.59091  
  2 9005.5659  14478.907558  x:  1.85450   0.78718   0.92841   0.68944   0.55547   0.58436   0.57410   0.64316   0.62054   0.56350   0.78800   0.26067   0.22396   0.17395   0.13137   0.00710   0.14125   1.88181   1.48883  
  3 829.9600  14354.385888  x:  1.87865   0.89607   1.05867   0.75868   0.60332   0.60796   0.63867   0.67247   0.67525   0.61199   0.86229   0.19259   0.14624   0.08212   0.07233   0.04948   0.05408   1.87730   1.37201  
  4 5027.2285  14167.121876  x:  1.90182   1.11245   1.32172   0.89777   0.69662   0.64650   0.76746   0.72357   0.78049   0.70410   1.01228   0.09678   0.02642   0.06544   0.14451   0.06018   0.15297   1.86952   1.07036  
  5 1628.7033  13694.858352  x:  1.93428   1.60685   1.92696   1.21740   0.90663   0.72579   1.06112   0.83303   1.01620   0.90878   1.35775   0.20974   0.09997   0.16356   0.23051   0.08500   0.19358   1.85189   0.29237  
  6 3358.9993  13676.119871  x:  1.81083   1.67130   2.03104   1.27256   0.92892   0.69236   1.10281   0.81550   1.02676   0.91235   1.42385   0.24454   0.11498   0.15206   0.22457   0.08817   0.22337   1.76357   0.36157  
  7 194.8914  13654.576276  x:  1.82083   1.62505   2.08394   1.40193   0.89846   0.59191   1.10330   0.79184   0.96448   0.82022   1.59644   0.26371   0.08200   0.19452   0.14984   0.09063   0.25484   1.37103   0.31705  
  8 102.2595  13649.033965  x:  1.82806   1.60035   2.09874   1.44733   0.88490   0.55243   1.10181   0.78584   0.94495   0.78977   1.65737   0.27619   0.08088   0.16661   0.21204   0.08934   0.22732   1.25061   0.30429  
  9 184.8768  13647.077579  x:  1.83101   1.54188   2.11279   1.50249   0.86488   0.48828   1.10087   0.79229   0.94715   0.77970   1.73072   0.28284   0.09324   0.13620   0.20690   0.08820   0.24465   1.27938   0.30047  
 10 26.5979  13643.864036  x:  1.82189   1.43449   2.14577   1.60374   0.83363   0.37038   1.10326   0.80595   0.95578   0.76734   1.86531   0.26820   0.08901   0.16200   0.21440   0.08857   0.22525   1.34076   0.30855  
 11 141.7103  13640.903476  x:  1.76069   1.24021   2.18812   1.64815   0.95027   0.39490   1.13683   0.88560   0.98623   0.82461   1.93728   0.26594   0.09263   0.16289   0.21512   0.08823   0.22329   1.33509   0.29946  
 12 14.2255  13625.562334  x:  1.75097   0.90830   3.00675   1.57168   1.13872   0.38938   1.01766   0.96714   0.87506   0.69703   1.89333   0.25116   0.12180   0.17114   0.21889   0.08970   0.22045   1.39254   0.28534  
 13 11.0488  13613.114435  x:  1.72799   0.76430   3.45320   1.52547   1.04425   0.27747   1.01933   0.93471   1.08530   0.90086   1.78922   0.26278   0.12789   0.17576   0.21576   0.09082   0.22364   1.32962   0.26040  
 14 39.0728  13579.795333  x:  1.51483   0.99446   3.73975   1.96811   0.86524   0.50540   1.75527   0.68034   1.14658   0.87902   1.78740   0.30458   0.12325   0.19260   0.22328   0.09193   0.21183   1.41018   0.20740  
 15 22.3200  13559.685161  x:  1.28714   1.55804   3.58568   2.27864   1.07185   0.50589   1.40918   0.82246   1.13458   1.03397   2.02057   0.24004   0.20540   0.20305   0.22970   0.09247   0.20429   1.44908   0.17569  
 16 28.3258  13552.599060  x:  1.21204   1.75349   3.52812   2.11937   1.11498   0.41866   1.43705   1.04654   1.26269   0.90578   2.18457   0.46240   0.00000   0.20344   0.23082   0.09204   0.19705   1.48851   0.17642  
 17 10.1109  13547.026727  x:  1.18315   1.83215   3.52192   2.00183   1.13624   0.39308   1.49631   1.05325   1.30091   0.88234   2.30563   0.35519   0.00000   0.20480   0.23024   0.09177   0.19605   1.48936   0.17862  
 18 14.9520  13532.853808  x:  1.09239   2.09652   3.50539   1.62556   1.22464   0.32522   1.66371   1.01469   1.39185   0.85364   2.73058   0.08917   0.29386   0.20895   0.22945   0.09072   0.19008   1.51085   0.18772  
 19 219.6094  13515.425176  x:  0.96825   2.41683   3.56461   1.44703   1.31623   0.42252   1.64419   0.70508   1.22282   1.16370   3.26346   0.31621   0.10159   0.21129   0.23482   0.08831   0.16604   1.64934   0.21126  
 20 22.7428  13501.664469  x:  0.71735   2.50558   3.81909   2.33106   1.00164   0.62625   1.51330   1.05898   1.17603   1.23082   2.77517   0.22050   0.17300   0.21138   0.22972   0.08607   0.15694   1.66292   0.22661  
 21 12.2519  13497.912015  x:  0.72496   2.53891   3.85497   2.61310   1.25912   0.49664   1.48791   0.89775   1.39164   1.08599   2.56664   0.23172   0.16224   0.20998   0.22662   0.08507   0.15362   1.66789   0.22948  
 22 10.2333  13493.876904  x:  0.75676   2.64015   3.91823   2.73587   1.51405   0.13034   1.68673   0.94745   1.23681   1.18387   2.38294   0.24360   0.15437   0.20537   0.21818   0.08385   0.15424   1.64878   0.22744  
 23  7.4271  13452.794872  x:  0.00000   3.30341   5.32275   2.81036   1.43612   0.24062   2.03556   1.09511   1.58861   1.08455   3.70844   0.35368   0.10132   0.15542   0.11431   0.06388   0.14105   1.50872   0.17328  
 24  2.8638  13452.794872  x:  0.00000   3.30341   5.32275   2.81036   1.43612   0.24062   2.03556   1.09511   1.58861   1.08455   3.70844   0.35368   0.10132   0.15542   0.11431   0.06388   0.14105   1.50872   0.17328  
 25  0.6415  13450.529249  x:  0.00178   3.30556   5.32480   2.81187   1.43716   0.24240   2.03499   1.09546   1.58811   1.08538   3.70921   0.35095   0.09917   0.16352   0.14014   0.06284   0.14536   1.50843   0.16273  
 26 152.2124  13449.170787  x:  0.00472   3.30802   5.32710   2.81364   1.43850   0.24460   2.03458   1.09607   1.58784   1.08655   3.71018   0.34847   0.09735   0.16917   0.16098   0.06156   0.14905   1.50722   0.17083  
 27 272.7732  13448.267126  x:  0.02621   3.32093   5.33929   2.82287   1.44526   0.25572   2.03215   1.09896   1.58606   1.09242   3.71516   0.33583   0.08825   0.15017   0.17176   0.05074   0.14895   1.50281   0.17010  
 28 44.3555  13447.502924  x:  0.05270   3.33677   5.35430   2.83418   1.45339   0.26909   2.02914   1.10240   1.58385   1.09955   3.72129   0.32743   0.08442   0.13566   0.17943   0.06180   0.15222   1.49769   0.16868  
 29 121.0596  13436.798459  x:  0.52397   3.61895   5.62357   3.03565   1.59460   0.50034   1.97553   1.16148   1.54495   1.22539   3.83067   0.31338   0.15552   0.14897   0.20980   0.06065   0.13952   1.41456   0.13739  
 30 120.2787  13435.887890  x:  0.56471   3.64723   5.65208   3.05602   1.60593   0.51852   1.97127   1.16637   1.54243   1.23749   3.84193   0.30336   0.15184   0.15946   0.20330   0.05720   0.16219   1.41548   0.13478  
 31 130.9616  13435.176811  x:  0.58836   3.67766   5.68712   3.07836   1.61006   0.52398   1.96968   1.16856   1.54331   1.24872   3.85480   0.28605   0.13535   0.17616   0.19833   0.06187   0.15143   1.44197   0.13493  
 32 43.2681  13431.904386  x:  0.66326   3.86937   5.92378   3.22028   1.60811   0.50975   1.97016   1.17128   1.56015   1.31122   3.93832   0.30938   0.14340   0.16382   0.20933   0.05864   0.15735   1.67016   0.13780  
 33 53.5042  13421.582788  x:  0.39791   4.71132   7.11288   3.85105   1.50938   0.22372   2.14209   1.17561   1.72981   1.49149   4.35289   0.43539   0.02931   0.16327   0.19275   0.06022   0.15530   1.55974   0.12022  
 34 25.5437  13414.140059  x:  0.00000   5.16696   7.83591   4.19850   1.71932   0.38554   2.27462   1.25776   1.73553   1.44742   4.57914   0.41394   0.06032   0.16225   0.16624   0.06096   0.15512   1.56602   0.11484  
 35 40.3468  13414.140059  x:  0.00000   5.16696   7.83591   4.19850   1.71932   0.38554   2.27462   1.25776   1.73553   1.44742   4.57914   0.41394   0.06032   0.16225   0.16624   0.06096   0.15512   1.56602   0.11484  
 36  5.1962  13411.788546  x:  0.00018   5.16703   7.83601   4.19856   1.71946   0.38570   2.27471   1.25788   1.73564   1.44753   4.57922   0.41396   0.06045   0.16251   0.16669   0.06090   0.15526   1.56566   0.12490  
 37 492.0675  13411.640635  x:  0.00413   5.16807   7.83832   4.19930   1.72162   0.38808   2.27551   1.25942   1.73687   1.44843   4.58019   0.41081   0.05971   0.16668   0.17689   0.05722   0.15670   1.56439   0.12465  
 38 21.8974  13411.566060  x:  0.00974   5.16956   7.84161   4.20036   1.72467   0.39143   2.27665   1.26160   1.73862   1.44972   4.58158   0.40748   0.05982   0.16536   0.18141   0.06147   0.15816   1.56268   0.12442  
 39 20.2440  13411.187366  x:  0.04817   5.17977   7.86419   4.20766   1.74540   0.41418   2.28456   1.27643   1.75064   1.45856   4.59119   0.38835   0.06426   0.14908   0.18867   0.05847   0.15557   1.55138   0.12340  
 40 38.1601  13408.685661  x:  0.35941   5.26255   8.04821   4.26703   1.90925   0.59257   2.34817   1.39380   1.84710   1.52902   4.66941   0.31294   0.17872   0.15720   0.18270   0.05585   0.16847   1.46912   0.11195  
 41 80.3736  13408.363160  x:  0.40017   5.27362   8.07330   4.27535   1.92783   0.61196   2.35673   1.40743   1.85954   1.53797   4.68024   0.29954   0.18534   0.16628   0.18019   0.06013   0.15402   1.46761   0.11102  
 42 81.0633  13408.040246  x:  0.44760   5.28699   8.10470   4.28623   1.94312   0.62588   2.36712   1.41942   1.87345   1.54767   4.69409   0.28213   0.18031   0.17526   0.17091   0.06013   0.15947   1.48494   0.11080  
 43 42.2992  13406.376780  x:  0.73352   5.36952   8.30348   4.35656   2.00922   0.67409   2.43110   1.47495   1.95373   1.60233   4.78291   0.28146   0.20735   0.16821   0.17963   0.05915   0.15953   1.64908   0.11016  
 44 55.8562  13402.792541  x:  1.47577   5.60987   8.92599   4.59100   1.97749   0.51100   2.61728   1.46808   2.10055   1.70545   5.08179   0.46957   0.02874   0.17263   0.17879   0.05939   0.16150   1.60657   0.09958  
 45 18.7899  13402.062299  x:  1.54389   5.65267   9.20202   4.69791   2.04326   0.45015   2.66087   1.40273   1.97184   1.62223   5.20373   0.41701   0.08045   0.17142   0.17999   0.05925   0.16142   1.60939   0.09974  
 46  5.3457  13400.108237  x:  1.22370   5.65295  10.42622   5.09126   2.43267   0.37007   2.73743   1.46646   1.93771   1.91218   5.56166   0.47550   0.02986   0.17325   0.18133   0.05931   0.16267   1.62908   0.09339  
 47  5.0693  13398.905700  x:  0.97945   5.69924  11.25625   5.33971   2.45395   0.29779   2.80980   1.57658   2.23434   1.83557   5.72696   0.40208   0.10571   0.17182   0.18428   0.05910   0.16333   1.62551   0.09007  
 48  8.9495  13398.355825  x:  0.89150   5.79089  11.65251   5.45162   2.39814   0.46788   2.83796   1.63023   2.26824   1.72757   5.72973   0.46613   0.04371   0.17332   0.18340   0.05930   0.16335   1.63562   0.08980  
 49  5.2965  13397.661815  x:  0.84186   6.02058  12.17032   5.57525   2.14079   0.63703   2.82219   1.61336   2.23160   1.85740   5.65535   0.41166   0.09824   0.17214   0.18493   0.05920   0.16336   1.63825   0.09025  
 50  4.5996  13397.257242  x:  0.91116   6.39219  12.51295   5.67461   2.32806   0.52641   3.04591   1.61836   2.25810   1.89574   5.52759   0.42797   0.08521   0.17219   0.18612   0.05907   0.16420   1.63757   0.08849  
 51  1.2082  13397.082885  x:  0.97951   6.57902  12.69890   5.79165   2.43873   0.49400   2.95086   1.60538   2.30992   1.89864   5.58591   0.44310   0.07182   0.17238   0.18660   0.05902   0.16462   1.63701   0.08761  
 52  1.7424  13396.898607  x:  1.05009   6.74561  12.95848   5.99806   2.46268   0.49061   2.99748   1.74159   2.30816   1.93831   5.81275   0.44639   0.07300   0.17286   0.18781   0.05894   0.16563   1.63551   0.08425  
 53  1.5855  13396.803019  x:  1.08618   6.78949  13.11487   6.10266   2.48211   0.54404   3.08021   1.68834   2.35895   1.97575   5.97508   0.44696   0.07537   0.17326   0.18848   0.05889   0.16625   1.63556   0.08217  
 54  1.7385  13396.693752  x:  1.18048   6.68521  13.32082   6.09097   2.51010   0.55213   3.12286   1.71431   2.38304   2.00064   6.17853   0.45244   0.07207   0.17349   0.18874   0.05883   0.16661   1.63595   0.08207  
 55  0.5546  13396.666255  x:  1.24867   6.73045  13.55599   6.12014   2.54693   0.56901   3.14275   1.74327   2.41697   2.02866   6.16390   0.44798   0.07924   0.17377   0.18916   0.05879   0.16690   1.63535   0.08082  
 56  0.1966  13396.663437  x:  1.26785   6.70950  13.53249   6.16223   2.54696   0.57292   3.14629   1.74342   2.42313   2.03122   6.13761   0.44646   0.08071   0.17387   0.18906   0.05880   0.16689   1.63616   0.08087  
 57  0.0528  13396.663112  x:  1.28166   6.70235  13.50751   6.14956   2.54463   0.57532   3.14614   1.74370   2.42293   2.02932   6.13712   0.44676   0.08019   0.17388   0.18904   0.05881   0.16689   1.63619   0.08090  
 58  0.0189  13396.663104  x:  1.28246   6.70108  13.50385   6.14978   2.54459   0.57480   3.14521   1.74346   2.42232   2.02932   6.13649   0.44667   0.08027   0.17385   0.18906   0.05880   0.16689   1.63605   0.08091  
 59  0.0032  13396.663103  x:  1.28270   6.70071  13.50413   6.14962   2.54466   0.57476   3.14522   1.74339   2.42228   2.02937   6.13627   0.44664   0.08030   0.17384   0.18906   0.05880   0.16689   1.63605   0.08091  
 60  0.0005  13396.663103  x:  1.28277   6.70059  13.50420   6.14968   2.54466   0.57474   3.14523   1.74339   2.42227   2.02935   6.13623   0.44665   0.08030   0.17385   0.18906   0.05880   0.16689   1.63606   0.08091  
 61  0.0001  13396.663103  x:  1.28277   6.70059  13.50420   6.14968   2.54466   0.57474   3.14523   1.74339   2.42227   2.02935   6.13623   0.44665   0.08030   0.17385   0.18906   0.05880   0.16689   1.63606   0.08091  