    8
BAM_014010  0.000000  3.419440  2.899408  0.870112  0.574599  1.265756
  0.596487  3.415233
BA_1663xxx  3.419440  0.000000  2.673424  3.207614  2.880317  3.243689
  2.929366  0.096832
BC_4006xxx  2.899408  2.673424  0.000000  2.745398  2.711959  3.008579
  2.700044  2.682113
NT03BL1720  0.870112  3.207614  2.745398  0.000000  0.772706  1.095725
  0.781235  3.138069
Bmo2321xxx  0.574599  2.880317  2.711959  0.772706  0.000000  1.211262
  0.155583  2.788193
BPUM_1322x  1.265756  3.243689  3.008579  1.095725  1.211262  0.000000
  1.209724  3.352500
BG12251xxx  0.596487  2.929366  2.700044  0.781235  0.155583  1.209724
  0.000000  2.822768
NT02BT1676  3.415233  0.096832  2.682113  3.138069  2.788193  3.352500
  2.822768  0.000000
