

TREE # 1

  0  0.0000   8290.881012  x:  0.14303   1.86578   1.45238   0.25917   1.40331   0.45218   1.36509   0.71206   0.75349   0.45857   0.99102   0.22277   0.00000   0.05323   0.07159   0.01231   0.01366   2.00000   0.20000  
  1 99.0000   8276.485026  x:  0.15636   1.86764   1.45588   0.27121   1.40308   0.45352   1.36455   0.71195   0.75322   0.45865   0.99594   0.22443   0.00985   0.05383   0.07073   0.00000   0.01171   1.99545   0.22267  
  2 616.1077   8263.138779  x:  0.19011   1.87233   1.46473   0.30172   1.40240   0.45684   1.36310   0.71159   0.75247   0.45877   1.00841   0.22842   0.03398   0.05526   0.06872   0.00679   0.00872   1.98393   0.27690  
  3 2813.9954   8194.016854  x:  0.62855   1.92535   1.57959   0.71045   1.36767   0.47884   1.31773   0.67944   0.71828   0.43917   1.17460   0.20653   0.17262   0.05461   0.03961   0.00000   0.19930   1.83700   0.19227  
  4 448.0915   8161.006132  x:  0.79648   1.94718   1.62922   0.86706   1.34871   0.48382   1.29775   0.66574   0.70676   0.43738   1.24463   0.15804   0.16152   0.07210   0.12310   0.00000   0.12731   1.76591   0.14285  
  5 578.2879   8138.067366  x:  0.89345   1.96098   1.66422   0.96175   1.32993   0.48181   1.28054   0.65318   0.69788   0.43784   1.29192   0.09645   0.07009   0.03789   0.10629   0.00000   0.08891   1.71021   0.14046  
  6 490.1880   8131.989233  x:  0.92141   1.96606   1.68206   0.99389   1.31377   0.47455   1.26814   0.64378   0.69278   0.44055   1.31353   0.12097   0.02554   0.07242   0.07284   0.00000   0.06206   1.67586   0.13471  
  7 204.9604   8131.721261  x:  0.92326   1.96643   1.68357   0.99625   1.31221   0.47378   1.26698   0.64290   0.69230   0.44082   1.31532   0.12401   0.02219   0.07368   0.07093   0.00270   0.06006   1.67278   0.13425  
  8 500.3512   8127.578212  x:  0.93171   1.96888   1.69671   1.01132   1.29598   0.46480   1.25524   0.63389   0.68753   0.44360   1.33015   0.16395   0.00000   0.06005   0.06711   0.00242   0.04623   1.64387   0.13025  
  9 279.9818   8127.578212  x:  0.93171   1.96888   1.69671   1.01132   1.29598   0.46480   1.25524   0.63389   0.68753   0.44360   1.33015   0.16395   0.00000   0.06005   0.06711   0.00242   0.04623   1.64387   0.13025  
 10 142.7839   8101.073192  x:  0.93447   1.96988   1.69845   1.01383   1.29606   0.46562   1.25574   0.63481   0.68853   0.44512   1.33205   0.17168   0.01420   0.05972   0.06756   0.00000   0.03460   1.64034   0.18936  
 11 1157.1210   8100.391107  x:  0.93473   1.96994   1.69859   1.01406   1.29599   0.46563   1.25572   0.63483   0.68858   0.44523   1.33220   0.17236   0.01535   0.05965   0.06761   0.00311   0.03337   1.64006   0.19104  
 12 827.1541   8094.764992  x:  0.93906   1.97066   1.70079   1.01788   1.29419   0.46523   1.25491   0.63473   0.68898   0.44686   1.33467   0.18331   0.03304   0.05817   0.06753   0.00353   0.00954   1.63579   0.18780  
 13 324.2420   8092.158509  x:  0.95210   1.97290   1.70751   1.02935   1.28902   0.46414   1.25266   0.63460   0.69027   0.45175   1.34202   0.20298   0.06665   0.05516   0.06686   0.00297   0.02083   1.62295   0.18255  
 14 168.1813   8063.550303  x:  1.40645   2.05604   1.94668   1.42687   1.12236   0.43410   1.18551   0.63984   0.73796   0.61643   1.59363   0.09300   0.13795   0.07102   0.09502   0.00222   0.02112   1.17852   0.14857  
 15 92.2985   8061.455780  x:  1.44159   2.06285   1.96633   1.45707   1.11148   0.43437   1.18245   0.64228   0.73739   0.62160   1.61215   0.09123   0.13564   0.05208   0.06898   0.00260   0.02051   1.15625   0.14715  
 16 180.8228   8059.608304  x:  1.49463   2.07421   1.99950   1.50097   1.10148   0.44293   1.18449   0.65222   0.72406   0.60698   1.63710   0.11722   0.11819   0.07215   0.04836   0.00285   0.02005   1.16259   0.14586  
 17 72.2073   8051.591455  x:  1.81013   2.14322   2.20119   1.76020   1.04995   0.50314   1.20464   0.71852   0.63588   0.50052   1.78165   0.28031   0.00000   0.04899   0.07482   0.00235   0.01832   1.24174   0.13986  
 18 258.2549   8045.237232  x:  2.08965   2.21854   2.42076   1.97565   1.09057   0.64129   1.30126   0.83044   0.74124   0.54572   1.88096   0.21256   0.05127   0.04630   0.07158   0.00206   0.01885   1.51906   0.12491  
 19 43.1136   8043.201906  x:  2.16204   2.30899   2.58783   2.00684   1.28171   0.73230   1.45996   0.86857   0.76789   0.49842   1.85929   0.20275   0.06330   0.04711   0.07180   0.00185   0.01900   1.47284   0.11141  
 20 15.1377   8042.677729  x:  2.17485   2.35747   2.66388   2.00585   1.33323   0.71105   1.49743   0.85486   0.80284   0.54391   1.84469   0.23972   0.03767   0.04550   0.07294   0.00180   0.01848   1.47170   0.10896  
 21 12.4982   8042.047686  x:  2.18041   2.45451   2.80330   2.00220   1.37715   0.60847   1.51902   0.80563   0.77989   0.54467   1.83190   0.21879   0.05371   0.04676   0.07203   0.00182   0.01845   1.49782   0.10804  
 22  9.3864   8041.696036  x:  2.13423   2.49956   2.88864   2.01950   1.36950   0.58187   1.47708   0.90770   0.79517   0.53786   1.84672   0.21762   0.05540   0.04830   0.07222   0.00184   0.01801   1.48225   0.10570  
 23  2.1614   8040.867518  x:  2.04972   2.52869   3.01523   2.12375   1.37654   0.68663   1.38684   0.86150   0.78881   0.56295   1.93899   0.21523   0.05704   0.05233   0.07264   0.00199   0.01645   1.45804   0.10243  
 24  2.4334   8039.627907  x:  2.05763   2.48978   3.07951   2.25145   1.26752   0.68007   1.54305   0.81932   0.84749   0.54387   2.04138   0.21156   0.05971   0.05896   0.07324   0.00228   0.01385   1.41088   0.09891  
 25  3.5312   8038.842545  x:  2.18388   2.45553   3.06153   2.28769   1.29100   0.65573   1.58653   0.85573   0.75907   0.62594   2.03890   0.20056   0.06760   0.06322   0.07284   0.00249   0.01225   1.38830   0.09692  
 26  4.4162   8037.708989  x:  2.47878   2.42731   3.00623   2.30446   1.38952   0.59192   1.49457   0.85454   0.82249   0.59199   1.96983   0.19018   0.07493   0.06881   0.07233   0.00285   0.00994   1.35007   0.09644  
 27  6.8354   8037.374964  x:  2.54685   2.53850   3.03492   2.27652   1.30691   0.66349   1.49730   0.85079   0.81958   0.59690   1.89946   0.18473   0.07811   0.06900   0.07177   0.00297   0.01018   1.33310   0.09660  
 28  1.3524   8036.105352  x:  2.58344   2.87185   3.05173   2.52024   1.44506   0.62325   1.57134   0.90403   0.83996   0.61727   2.12560   0.17453   0.08058   0.06264   0.06839   0.00333   0.01342   1.32955   0.09264  
 29  1.1607   8035.563504  x:  2.73501   2.71336   3.36613   2.43792   1.47074   0.65197   1.59477   0.92722   0.85316   0.62503   2.28532   0.17196   0.08298   0.05816   0.06774   0.00346   0.01464   1.32641   0.09007  
 30  1.1210   8034.995211  x:  2.91485   2.82110   3.51032   2.67745   1.51379   0.68667   1.65196   0.95945   0.87886   0.63529   2.25255   0.17416   0.08650   0.05377   0.06799   0.00351   0.01497   1.34287   0.08347  
 31  0.8592   8034.839120  x:  2.94536   2.77677   3.59926   2.81959   1.52445   0.68563   1.66921   0.96555   0.88085   0.64016   2.15538   0.17526   0.08797   0.05442   0.06875   0.00353   0.01459   1.35334   0.08403  
 32  0.6939   8034.475626  x:  3.15337   2.96299   3.68538   2.88897   1.56753   0.73453   1.74210   1.00235   0.90673   0.65734   2.32174   0.18971   0.08468   0.05820   0.07310   0.00343   0.01282   1.38938   0.08031  
 33  0.5558   8034.382634  x:  3.28029   3.04050   3.79012   2.98092   1.61934   0.75338   1.78809   1.03603   0.92560   0.66110   2.39386   0.17897   0.09422   0.05676   0.07153   0.00326   0.01330   1.37345   0.07751  
 34  0.1168   8034.374763  x:  3.29257   3.06006   3.80618   2.99153   1.63133   0.75689   1.79861   1.04045   0.92976   0.66404   2.40700   0.17977   0.09353   0.05765   0.07175   0.00309   0.01344   1.37987   0.07736  
 35  0.0265   8034.373212  x:  3.29644   3.07096   3.81959   3.00199   1.63660   0.75918   1.80439   1.04318   0.93213   0.66614   2.41344   0.18040   0.09303   0.05756   0.07170   0.00300   0.01336   1.38043   0.07699  
 36  0.0208   8034.372867  x:  3.29052   3.06876   3.81710   2.99917   1.63472   0.75844   1.80275   1.04215   0.93193   0.66633   2.41150   0.18057   0.09271   0.05740   0.07162   0.00295   0.01335   1.37941   0.07709  
 37  0.0070   8034.372809  x:  3.28980   3.06668   3.81556   2.99772   1.63381   0.75801   1.80172   1.04164   0.93180   0.66621   2.40984   0.18048   0.09271   0.05745   0.07165   0.00294   0.01339   1.37922   0.07712  
 38  0.0034   8034.372799  x:  3.28993   3.06606   3.81467   2.99719   1.63330   0.75790   1.80130   1.04145   0.93163   0.66611   2.40950   0.18044   0.09277   0.05745   0.07166   0.00294   0.01338   1.37935   0.07714  
 39  0.0010   8034.372798  x:  3.29026   3.06609   3.81477   2.99735   1.63344   0.75792   1.80138   1.04151   0.93162   0.66608   2.40960   0.18043   0.09279   0.05745   0.07165   0.00293   0.01338   1.37932   0.07713  
 40  0.0003   8034.372798  x:  3.29017   3.06606   3.81474   2.99731   1.63342   0.75791   1.80136   1.04150   0.93160   0.66608   2.40957   0.18043   0.09278   0.05745   0.07165   0.00293   0.01338   1.37933   0.07713  
 41  0.0001   8034.372798  x:  3.29014   3.06605   3.81472   2.99730   1.63341   0.75791   1.80136   1.04149   0.93159   0.66607   2.40956   0.18043   0.09278   0.05745   0.07165   0.00293   0.01338   1.37933   0.07713  
 42  0.0000   8034.372798  x:  3.29013   3.06606   3.81473   2.99730   1.63341   0.75791   1.80136   1.04149   0.93159   0.66607   2.40956   0.18043   0.09278   0.05745   0.07165   0.00293   0.01338   1.37932   0.07713  
 43  0.0000   8034.372798  x:  3.29013   3.06606   3.81473   2.99730   1.63341   0.75791   1.80136   1.04149   0.93159   0.66607   2.40956   0.18043   0.09278   0.05745   0.07165   0.00293   0.01338   1.37932   0.07713  