

TREE # 1

  0  0.0000   4708.106199  x:  0.04840   0.43706   0.54844   0.17614   0.34256   0.00000   0.37678   0.12842   0.41981   0.27376   0.31577   0.12724   0.08291   0.05432   0.06787   0.08109   0.04751   2.00000   0.20000   0.20000  
  1 99.0000   4286.205625  x:  0.31221   0.54304   0.62827   0.34320   0.48642   0.51179   0.53411   0.25560   0.50935   0.35650   0.47555   0.27526   0.19673   0.23547   0.12959   0.01764   0.00000   1.94508   0.84479   0.22001  
  2 1764.0966   4267.064899  x:  0.39223   0.57605   0.65327   0.39422   0.53048   0.66534   0.58254   0.29434   0.53711   0.38220   0.52459   0.31993   0.23063   0.28953   0.14773   0.00000   0.06765   1.92835   1.03690   0.22584  
  3 23408.4970   4262.896471  x:  0.41051   0.59359   0.66837   0.40927   0.54442   0.68434   0.60128   0.30457   0.55023   0.39469   0.54160   0.32625   0.22921   0.28974   0.14271   0.07837   0.07226   1.92395   1.04542   0.22350  
  4 694.8618   4137.065484  x:  0.58722   0.85067   0.89776   0.58279   0.71218   0.73062   0.84807   0.41312   0.73499   0.57104   0.75542   0.35530   0.13288   0.18148   0.00000   0.06781   0.06851   1.87649   0.81513   0.16474  
  5 332.9840   4027.657671  x:  0.85696   1.25315   1.26082   0.85000   0.97102   0.78142   1.23147   0.57362   1.02018   0.83956   1.08771   0.41539   0.00000   0.07436   0.19486   0.04870   0.06115   1.79741   0.39574   0.07471  
  6 1695.3216   3997.503963  x:  0.92670   1.36280   1.36232   0.91955   1.03876   0.77803   1.33343   0.60990   1.09333   0.90609   1.17734   0.46307   0.07464   0.11872   0.21919   0.04359   0.05857   1.76718   0.24706   0.16044  
  7 675.3202   3982.745754  x:  0.92337   1.48973   1.50789   0.95514   1.09078   0.49730   1.42588   0.58700   1.15260   0.94148   1.25996   0.49494   0.09512   0.18109   0.23469   0.03990   0.05692   1.65657   0.35031   0.19712  
  8 101.7923   3976.898585  x:  0.97583   1.51871   1.57537   0.96879   1.12189   0.43924   1.45826   0.50894   1.10325   0.84433   1.30598   0.53678   0.10642   0.30742   0.21141   0.03953   0.05622   1.52633   0.32395   0.07990  
  9 42.1093   3972.223817  x:  1.07476   1.52903   1.65600   0.98309   1.16540   0.41642   1.50003   0.37710   1.01140   0.66655   1.36718   0.58083   0.03250   0.30008   0.21007   0.03923   0.05592   1.31048   0.30700   0.13187  
 10 43.4409   3971.431098  x:  1.11399   1.50891   1.67837   0.97479   1.16786   0.40438   1.51826   0.33927   1.01220   0.64361   1.37760   0.59204   0.09091   0.23811   0.21629   0.03909   0.05583   1.26471   0.30890   0.11015  
 11 14.5868   3968.995382  x:  1.37260   1.28135   1.78899   0.85785   1.11295   0.33038   1.64597   0.20970   1.16229   0.71590   1.37970   0.60606   0.06977   0.25154   0.21570   0.03689   0.05517   1.23411   0.29795   0.11695  
 12  6.6789   3965.361587  x:  1.66367   1.04986   2.05249   0.79070   1.17578   0.15765   1.79405   0.46373   1.14570   0.59162   1.44333   0.52980   0.08985   0.24879   0.22317   0.03148   0.05348   1.34640   0.28936   0.12769  
 13  7.9672   3955.074153  x:  1.79706   1.01170   2.54441   0.93063   1.51196   0.00000   1.53918   0.60340   1.02876   0.92850   1.58100   0.52303   0.09535   0.22709   0.23659   0.01804   0.04977   1.29377   0.23662   0.13883  
 14  6.7253   3944.478935  x:  1.48793   1.39717   2.89456   1.10442   1.77686   0.00194   1.84972   0.36741   1.28243   0.82046   1.64007   0.37399   0.13702   0.22570   0.25194   0.00274   0.04662   1.51739   0.21268   0.15848  
 15 11.2076   3943.505635  x:  1.45698   1.42343   2.89342   1.10996   1.76323   0.00000   1.88217   0.38552   1.30409   0.81410   1.64051   0.41646   0.13100   0.22005   0.25191   0.00199   0.04638   1.50549   0.20780   0.15564  
 16 13.6204   3942.078263  x:  1.40192   1.53322   2.84223   1.11745   1.63494   0.01511   1.97581   0.46377   1.33754   0.83953   1.66663   0.33578   0.14194   0.23112   0.25410   0.00131   0.04604   1.37454   0.19622   0.15739  
 17  8.3529   3939.023113  x:  1.38736   1.82018   2.76126   1.12437   1.39930   0.00000   2.09849   0.46016   1.27475   0.87427   1.78832   0.37795   0.14365   0.21152   0.25720   0.00442   0.04573   1.40446   0.19613   0.15784  
 18  6.8555   3939.023113  x:  1.38736   1.82018   2.76126   1.12437   1.39930   0.00000   2.09849   0.46016   1.27475   0.87427   1.78832   0.37795   0.14365   0.21152   0.25720   0.00442   0.04573   1.40446   0.19613   0.15784  
 19  4.8023   3936.667138  x:  1.38936   1.82240   2.76251   1.12674   1.40265   0.00461   2.10083   0.46236   1.27711   0.87606   1.79073   0.38162   0.14472   0.21030   0.24274   0.03015   0.02968   1.40228   0.22042   0.15947  
 20 166.0875   3934.864265  x:  1.39168   1.82499   2.76392   1.12938   1.40640   0.00961   2.10343   0.46456   1.27965   0.87794   1.79344   0.38595   0.14547   0.20846   0.22412   0.02411   0.01031   1.40069   0.22904   0.16053  
 21 136.9787   3929.449365  x:  1.40742   1.84261   2.77336   1.14691   1.43138   0.04233   2.12078   0.47846   1.29632   0.89013   1.81157   0.41466   0.14853   0.19713   0.09695   0.01182   0.02353   1.39223   0.24596   0.16526  
 22 118.1653   3928.389247  x:  1.41296   1.84886   2.77665   1.15277   1.43962   0.05252   2.12661   0.48238   1.30169   0.89393   1.81774   0.42339   0.14757   0.19924   0.06717   0.02103   0.01787   1.39070   0.22819   0.16447  
 23 116.5618   3923.760552  x:  1.50423   1.95134   2.83234   1.24902   1.57200   0.20890   2.22275   0.54606   1.39061   0.95719   1.91972   0.54583   0.12854   0.36207   0.03944   0.02292   0.01781   1.35053   0.19796   0.14180  
 24 41.5708   3920.793906  x:  1.56310   2.01737   2.87003   1.30834   1.64787   0.28767   2.28225   0.57758   1.44270   0.99393   1.98418   0.57522   0.07694   0.35078   0.04816   0.02454   0.01735   1.33389   0.18516   0.08263  
 25 69.8226   3916.755388  x:  1.67451   2.14229   2.94340   1.41632   1.77934   0.41031   2.39122   0.62418   1.53352   1.05713   2.10409   0.62804   0.00000   0.27778   0.08834   0.02944   0.01594   1.30853   0.15291   0.13222  
 26 107.6821   3911.125249  x:  2.07115   2.58637   3.24829   1.68623   1.98588   0.25292   2.68671   0.47944   1.66107   1.13041   2.47224   0.53151   0.16418   0.26678   0.09553   0.03224   0.01485   1.55530   0.13149   0.12997  
 27 19.5839   3908.952093  x:  2.20867   2.74394   3.35865   1.76522   2.04464   0.16499   2.78884   0.42341   1.69505   1.14399   2.59107   0.45373   0.08416   0.31939   0.07162   0.02976   0.01541   1.62658   0.13477   0.15959  
 28 49.6574   3907.155368  x:  2.32595   2.88965   3.47525   1.77708   2.05900   0.00000   2.87861   0.40778   1.69248   1.11951   2.65884   0.56606   0.02930   0.31365   0.06999   0.02926   0.01560   1.55624   0.13381   0.14924  
 29 11.4164   3907.155368  x:  2.32595   2.88965   3.47525   1.77708   2.05900   0.00000   2.87861   0.40778   1.69248   1.11951   2.65884   0.56606   0.02930   0.31365   0.06999   0.02926   0.01560   1.55624   0.13381   0.14924  
 30  5.9573   3905.379679  x:  2.32626   2.88998   3.47557   1.77739   2.05961   0.00095   2.87907   0.40869   1.69296   1.11991   2.65920   0.56629   0.02999   0.31248   0.07086   0.02349   0.01588   1.55485   0.15323   0.14961  
 31 188.4910   3905.069034  x:  2.32679   2.89054   3.47611   1.77775   2.06054   0.00235   2.87971   0.41015   1.69354   1.12038   2.65966   0.56657   0.03107   0.30923   0.07215   0.01290   0.01817   1.55311   0.15237   0.14966  
 32 47.6094   3904.938843  x:  2.32792   2.89176   3.47727   1.77854   2.06256   0.00537   2.88112   0.41330   1.69480   1.12141   2.66068   0.56711   0.03332   0.30230   0.07452   0.01210   0.02567   1.54934   0.15221   0.14984  
 33 29.8861   3903.660792  x:  2.34354   2.90844   3.49330   1.78924   2.09002   0.04633   2.90034   0.45599   1.71205   1.13539   2.67459   0.57372   0.06271   0.21007   0.10260   0.01372   0.02121   1.49829   0.14749   0.15247  
 34 46.3528   3902.314974  x:  2.39785   2.96665   3.54957   1.82293   2.17259   0.16010   2.96470   0.57534   1.76504   1.17812   2.72097   0.57518   0.09829   0.25114   0.08752   0.01398   0.02079   1.37088   0.13391   0.17099  
 35 15.3647   3901.687652  x:  2.42700   2.99787   3.58000   1.84042   2.21186   0.20977   2.99787   0.62794   1.79056   1.19863   2.74565   0.54898   0.08901   0.26143   0.07663   0.01383   0.02101   1.32606   0.12943   0.13704  
 36 44.3445   3901.445728  x:  2.45068   3.02313   3.60518   1.85341   2.23368   0.22803   3.02170   0.64843   1.80501   1.20997   2.76528   0.53133   0.07364   0.26844   0.10020   0.01428   0.02049   1.32975   0.12718   0.14367  
 37 14.6427   3900.879586  x:  2.51470   3.09133   3.67362   1.88769   2.28585   0.26207   3.08391   0.68854   1.83966   1.23694   2.81815   0.49610   0.04215   0.26040   0.09052   0.01378   0.02116   1.36419   0.12356   0.18081  
 38 31.9713   3898.593644  x:  2.84113   3.43867   4.02476   2.05842   2.52068   0.36136   3.38936   0.82186   1.99428   1.35579   3.08740   0.47354   0.12426   0.27079   0.08912   0.01403   0.02031   1.60929   0.10919   0.17806  
 39 33.7746   3895.796645  x:  3.34046   3.97913   4.58763   2.28105   2.73116   0.12691   3.79830   0.70297   2.11212   1.41437   3.49351   0.50603   0.09681   0.26647   0.09220   0.01395   0.02040   1.47965   0.09020   0.17748  
 40 12.9653   3894.296490  x:  3.62499   4.26160   4.95253   2.19904   2.85027   0.00000   3.90742   0.80489   2.01036   1.28839   3.56572   0.61057   0.02699   0.25815   0.09363   0.01426   0.02031   1.49901   0.09545   0.15833  
 41  2.3059   3894.296490  x:  3.62499   4.26160   4.95253   2.19904   2.85027   0.00000   3.90742   0.80489   2.01036   1.28839   3.56572   0.61057   0.02699   0.25815   0.09363   0.01426   0.02031   1.49901   0.09545   0.15833  
 42  3.5012   3894.051179  x:  3.62502   4.26162   4.95256   2.19909   2.85032   0.00010   3.90746   0.80494   2.01047   1.28851   3.56577   0.61051   0.02711   0.25808   0.09369   0.01430   0.02038   1.49882   0.10005   0.15836  
 43 109.4883   3893.983982  x:  3.62725   4.26321   4.95519   2.20246   2.85351   0.00703   3.90902   0.80637   2.01878   1.29904   3.56953   0.60210   0.03788   0.24854   0.09680   0.01455   0.02501   1.48979   0.09951   0.15683  
 44  5.4128   3893.866541  x:  3.63101   4.26591   4.95963   2.20813   2.85888   0.01866   3.91167   0.80878   2.03275   1.31674   3.57586   0.58807   0.05585   0.23329   0.10176   0.01095   0.02391   1.47469   0.09870   0.15498  
 45 104.2983   3893.780158  x:  3.63411   4.26814   4.96330   2.21281   2.86329   0.02822   3.91387   0.81074   2.04423   1.33125   3.58109   0.57675   0.07040   0.22225   0.10542   0.01449   0.02032   1.46248   0.09799   0.15465  
 46 118.8196   3893.575027  x:  3.64501   4.27610   4.97623   2.22874   2.87789   0.05961   3.92193   0.81660   2.08211   1.37842   3.59898   0.54473   0.11275   0.22892   0.10777   0.01414   0.02085   1.42780   0.09549   0.18284  
 47 18.2111   3893.275833  x:  3.66180   4.28869   4.99623   2.25254   2.89897   0.10384   3.93509   0.82402   2.13570   1.44381   3.62588   0.47444   0.14648   0.25378   0.08725   0.01409   0.02095   1.39389   0.09294   0.18599  
 48 24.0675   3893.230616  x:  3.66592   4.29198   5.00120   2.25796   2.90313   0.11181   3.93869   0.82466   2.14566   1.45509   3.63214   0.46128   0.14928   0.26004   0.09634   0.01417   0.02076   1.39507   0.09257   0.18570  
 49 10.8345   3893.067007  x:  3.69186   4.31373   5.03282   2.28963   2.92383   0.14603   3.96332   0.82234   2.19056   1.49990   3.66962   0.42461   0.15258   0.24773   0.09842   0.01391   0.02113   1.44719   0.09212   0.21073  
 50  6.3628   3892.927942  x:  3.72221   4.34000   5.07021   2.32498   2.94550   0.17665   3.99328   0.81737   2.23298   1.53776   3.71239   0.42435   0.18632   0.25355   0.09559   0.01405   0.02078   1.50089   0.09170   0.20459  
 51 10.0234   3892.059230  x:  4.06334   4.65761   5.50373   2.67856   3.13405   0.30326   4.35851   0.73233   2.48179   1.63901   4.16777   0.54937   0.07969   0.25357   0.10087   0.01441   0.02071   1.47225   0.07972   0.18127  
 52  3.8869   3891.437094  x:  4.38063   4.96531   5.92685   2.89272   3.23751   0.15511   4.68510   0.73974   2.50818   1.60363   4.49473   0.42739   0.18325   0.25572   0.09873   0.01424   0.02096   1.47967   0.07453   0.21430  
 53  4.5303   3890.945004  x:  4.69327   5.26998   6.38941   2.90502   3.39249   0.01803   4.93311   1.06315   2.51347   1.78347   4.64247   0.46756   0.15231   0.25462   0.10183   0.01436   0.02095   1.49697   0.07027   0.21161  
 54  2.3352   3890.386721  x:  5.02570   5.57718   6.91446   2.81842   3.69915   0.09262   5.07339   1.03486   2.50932   1.75096   4.71651   0.44910   0.16850   0.25288   0.10360   0.01432   0.02106   1.50966   0.07081   0.22273  
 55  1.8871   3890.183073  x:  5.29809   5.81207   7.31811   2.95089   3.75467   0.03838   5.26486   1.02282   2.84570   1.77087   4.95070   0.43610   0.18102   0.25291   0.10489   0.01434   0.02116   1.49875   0.06730   0.23183  
 56  0.9223   3890.054199  x:  5.48904   5.97431   7.59424   3.08791   3.85997   0.12711   5.44654   1.07935   2.92098   1.78651   5.14685   0.41441   0.20108   0.25325   0.10573   0.01434   0.02125   1.49250   0.06297   0.24226  
 57  2.3213   3889.944791  x:  5.66228   6.10573   7.83927   3.26160   3.92076   0.14184   5.62839   1.02725   2.87807   1.97093   5.37517   0.41252   0.20387   0.25397   0.10644   0.01438   0.02123   1.48281   0.06071   0.24863  
 58  1.3813   3889.867874  x:  5.73744   6.12620   7.94034   3.39583   3.97178   0.16882   5.77252   1.13282   2.89771   1.97576   5.53560   0.40415   0.21412   0.25342   0.10675   0.01437   0.02123   1.48515   0.06012   0.25892  
 59  0.3391   3889.821663  x:  5.90004   6.27982   8.18016   3.43752   4.21058   0.14667   6.00831   1.16997   2.99878   2.03700   5.64786   0.39836   0.22301   0.25226   0.10797   0.01438   0.02132   1.48646   0.05754   0.27226  
 60  0.5449   3889.797506  x:  6.05844   6.48610   8.39721   3.47797   4.27984   0.15440   6.04236   1.19587   3.05349   2.09255   5.73876   0.37758   0.24014   0.25319   0.10840   0.01436   0.02137   1.48657   0.05657   0.29102  
 61  0.2326   3889.790974  x:  6.09970   6.54882   8.44748   3.49857   4.28272   0.16511   6.07548   1.20435   3.07291   2.10419   5.76963   0.38349   0.23660   0.25333   0.10856   0.01438   0.02136   1.48495   0.05616   0.29599  
 62  0.1322   3889.779877  x:  6.16248   6.65847   8.52017   3.55715   4.30218   0.17071   6.21301   1.22707   3.11260   2.12242   5.85117   0.36273   0.25462   0.25401   0.10869   0.01436   0.02138   1.48463   0.05514   0.31956  
 63  0.1288   3889.766909  x:  6.09353   6.65887   8.40344   3.55899   4.31876   0.14073   6.19507   1.21718   3.09555   2.10788   5.83945   0.34433   0.27028   0.25455   0.10821   0.01433   0.02141   1.48702   0.05582   0.34769  
 64  0.0747   3889.752280  x:  6.06512   6.68039   8.35409   3.56600   4.33594   0.13835   6.11144   1.21736   3.08435   2.09536   5.84877   0.33100   0.28387   0.25441   0.10821   0.01430   0.02147   1.48694   0.05562   0.37983  
 65  0.0599   3889.742006  x:  6.01707   6.64637   8.30037   3.48746   4.25559   0.17504   6.10118   1.19208   3.06491   2.09261   5.76826   0.31507   0.29883   0.25379   0.10829   0.01425   0.02150   1.48550   0.05615   0.41251  
 66  0.0987   3889.734726  x:  6.02716   6.53042   8.35564   3.49255   4.27199   0.16212   6.07804   1.21196   3.07067   2.10074   5.78793   0.30233   0.30897   0.25517   0.10797   0.01425   0.02142   1.48780   0.05622   0.45958  
 67  0.0361   3889.733333  x:  6.04587   6.54016   8.38581   3.50423   4.28290   0.16169   6.09512   1.21727   3.07856   2.10603   5.80735   0.29455   0.31588   0.25518   0.10802   0.01423   0.02145   1.48797   0.05601   0.47540  
 68  0.1602   3889.731164  x:  6.10523   6.58554   8.47190   3.52942   4.29455   0.17035   6.16026   1.21573   3.09416   2.11495   5.84140   0.29035   0.32102   0.25392   0.10841   0.01422   0.02161   1.48632   0.05548   0.49478  
 69  0.0861   3889.729886  x:  6.11427   6.59338   8.48331   3.54024   4.30892   0.16341   6.15527   1.21231   3.09195   2.10916   5.84413   0.28318   0.32706   0.25453   0.10819   0.01419   0.02147   1.48735   0.05554   0.52637  
 70  0.0137   3889.729198  x:  6.12035   6.60985   8.49007   3.54564   4.31112   0.16693   6.16984   1.21904   3.09873   2.11431   5.85076   0.27625   0.33337   0.25465   0.10826   0.01420   0.02163   1.48764   0.05536   0.55562  
 71  0.0170   3889.728950  x:  6.11611   6.61931   8.47996   3.54567   4.31022   0.16767   6.17072   1.22069   3.09960   2.11592   5.84993   0.27640   0.33327   0.25458   0.10829   0.01420   0.02163   1.48756   0.05534   0.56133  
 72  0.0198   3889.728775  x:  6.11837   6.63132   8.48108   3.54990   4.31522   0.16700   6.17492   1.22192   3.10188   2.11884   5.85692   0.27221   0.33709   0.25446   0.10830   0.01418   0.02156   1.48746   0.05530   0.58062  
 73  0.0215   3889.728744  x:  6.12281   6.63685   8.48814   3.55203   4.31949   0.16705   6.17942   1.22191   3.10400   2.12040   5.86571   0.27065   0.33860   0.25443   0.10831   0.01418   0.02159   1.48742   0.05525   0.59057  
 74  0.0090   3889.728737  x:  6.12255   6.63412   8.48926   3.54995   4.31817   0.16783   6.17957   1.22199   3.10407   2.12011   5.86592   0.27038   0.33883   0.25448   0.10831   0.01418   0.02158   1.48748   0.05525   0.59199  
 75  0.0027   3889.728737  x:  6.12237   6.63332   8.48938   3.54939   4.31809   0.16770   6.17913   1.22191   3.10387   2.11994   5.86614   0.27034   0.33886   0.25447   0.10830   0.01418   0.02158   1.48749   0.05525   0.59228  
 76  0.0010   3889.728737  x:  6.12246   6.63344   8.48954   3.54933   4.31817   0.16763   6.17920   1.22196   3.10387   2.11996   5.86637   0.27029   0.33891   0.25447   0.10831   0.01418   0.02158   1.48749   0.05525   0.59252  
 77  0.0003   3889.728737  x:  6.12243   6.63346   8.48950   3.54928   4.31814   0.16762   6.17919   1.22198   3.10385   2.11996   5.86635   0.27031   0.33889   0.25447   0.10831   0.01418   0.02158   1.48749   0.05525   0.59242  
 78  0.0001   3889.728737  x:  6.12242   6.63347   8.48948   3.54927   4.31814   0.16763   6.17919   1.22198   3.10385   2.11996   5.86636   0.27031   0.33889   0.25447   0.10830   0.01418   0.02158   1.48749   0.05525   0.59241  
 79  0.0000   3889.728737  x:  6.12241   6.63349   8.48947   3.54925   4.31814   0.16763   6.17920   1.22198   3.10385   2.11996   5.86638   0.27032   0.33888   0.25447   0.10830   0.01418   0.02158   1.48749   0.05525   0.59240  
 80  0.0000   3889.728737  x:  6.12242   6.63348   8.48947   3.54925   4.31814   0.16763   6.17919   1.22198   3.10385   2.11996   5.86638   0.27031   0.33888   0.25447   0.10830   0.01418   0.02158   1.48749   0.05525   0.59240  