   10
BAM_002920  0.000000  0.525804  0.551337  0.573132  0.667408  0.229714
  0.132042  0.148942  0.525804  0.548994
BA_5640xxx  0.525804  0.000000  0.015241  0.571974  0.525733  0.581202
  0.587136  0.559223  0.000010  0.030901
BC_5390xxx  0.551337  0.015241  0.000000  0.569821  0.527336  0.576445
  0.605708  0.585341  0.015241  0.030829
NT03BC4429  0.573132  0.571974  0.569821  0.000000  0.357139  0.446434
  0.627873  0.582360  0.571974  0.567586
BH3826xxxx  0.667408  0.525733  0.527336  0.357139  0.000000  0.575135
  0.684771  0.666082  0.525733  0.523616
NT03BL0347  0.229714  0.581202  0.576445  0.446434  0.575135  0.000000
  0.232106  0.198872  0.581202  0.610502
BPUM_0256x  0.132042  0.587136  0.605708  0.627873  0.684771  0.232106
  0.000000  0.131895  0.587136  0.628508
BG11172xxx  0.148942  0.559223  0.585341  0.582360  0.666082  0.198872
  0.131895  0.000000  0.559223  0.607716
NT02BT5377  0.525804  0.000010  0.015241  0.571974  0.525733  0.581202
  0.587136  0.559223  0.000000  0.030901
KBAB4_5183  0.548994  0.030901  0.030829  0.567586  0.523616  0.610502
  0.628508  0.607716  0.030901  0.000000
