

TREE # 1

  0  0.0000   8858.506228  x:  0.00000   0.17140   0.13483   0.02344   0.13248   0.11000   0.08723   0.10014   0.12675   0.11545   0.06586   0.11244   0.15729   0.10703   0.07742   0.04987   0.08811   0.05195   0.07273   2.00000   0.20000   0.20000  
  1 99.0000   7346.839964  x:  2.26600   0.47430   0.44282   0.63829   0.37893   0.26101   0.33013   0.22689   0.28129   0.20664   0.18920   0.20037   0.42924   0.15046   0.11587   0.12565   0.12902   0.00000   0.02448   1.97624   0.46275   0.19851  
  2 11854.1130   7287.461603  x:  2.25289   0.50906   0.47233   0.64553   0.40504   0.28047   0.35449   0.24481   0.30953   0.22301   0.20227   0.21408   0.44346   0.15342   0.11688   0.12839   0.13091   0.00000   0.00075   1.97085   0.41675   0.19793  
  3 732.6415   7110.961729  x:  2.18880   0.68036   0.61773   0.68163   0.53368   0.37621   0.47429   0.33278   0.44807   0.30327   0.26627   0.28120   0.51406   0.16796   0.12185   0.14183   0.14023   0.00000   0.01385   1.94396   0.18996   0.19507  
  4 8684.9767   6997.712374  x:  2.01748   0.94521   0.84044   0.73763   0.73184   0.51764   0.64538   0.45801   0.63662   0.41219   0.34141   0.36184   0.64982   0.18946   0.13401   0.15480   0.15457   0.00000   0.02719   1.87252   0.34705   0.18959  
  5 902.1178   6972.023844  x:  1.97051   1.05725   0.92034   0.81815   0.80055   0.52122   0.64219   0.42461   0.58827   0.34252   0.23644   0.26063   0.80450   0.14283   0.08907   0.09304   0.10653   0.00000   0.02674   1.78634   0.33812   0.17937  
  6 160.2509   6960.603395  x:  1.93809   1.12149   0.96106   0.87392   0.83641   0.50787   0.62592   0.38928   0.54072   0.28690   0.18666   0.21136   0.91654   0.16075   0.11196   0.14771   0.14424   0.00000   0.02614   1.71932   0.32767   0.17037  
  7 269.8880   6950.824247  x:  1.90318   1.17214   0.97809   0.94625   0.85648   0.45420   0.58148   0.32848   0.47053   0.22989   0.25488   0.26784   1.07277   0.17978   0.13978   0.13378   0.14120   0.00000   0.02550   1.61742   0.31631   0.15341  
  8 139.0958   6946.340046  x:  1.88706   1.16803   0.94584   0.98938   0.84787   0.38380   0.56222   0.31968   0.48530   0.28515   0.27095   0.28006   1.18806   0.14280   0.11076   0.15792   0.15484   0.00000   0.02528   1.53765   0.31010   0.13252  
  9 71.8598   6943.377436  x:  1.87673   1.15250   0.90444   1.01818   0.84129   0.32393   0.56338   0.33466   0.51186   0.33469   0.26162   0.27073   1.28305   0.16817   0.14165   0.14417   0.14186   0.00000   0.02508   1.47661   0.30373   0.10947  
 10 100.8938   6941.628670  x:  1.87207   1.12189   0.84180   1.01562   0.86546   0.30287   0.61585   0.38970   0.51471   0.30064   0.26236   0.27756   1.36344   0.16195   0.14031   0.13422   0.16202   0.00000   0.02498   1.46081   0.30021   0.06510  
 11 28.5447   6940.934322  x:  1.87192   1.11564   0.81921   1.00426   0.88010   0.29862   0.62935   0.39955   0.51776   0.28966   0.26420   0.28060   1.39665   0.16011   0.13979   0.15345   0.13699   0.00000   0.02497   1.46675   0.29963   0.03484  
 12 33.8758   6939.955111  x:  1.87396   1.11867   0.80790   0.98658   0.89224   0.29703   0.62896   0.39384   0.52282   0.29013   0.26480   0.28048   1.42119   0.16006   0.14044   0.15298   0.13771   0.00000   0.02498   1.48014   0.29931   0.00010  
 13 31.8815   6933.110224  x:  1.94026   1.27276   0.79160   0.55698   0.89413   0.20754   0.63512   0.49843   0.46071   0.31516   0.26416   0.29171   1.73963   0.17247   0.12707   0.16096   0.13061   0.00000   0.02481   1.52882   0.28801   0.00010  
 14 28.3908   6926.259592  x:  1.99515   1.28224   0.77774   0.22613   0.86795   0.36820   0.62210   0.50208   0.51028   0.29556   0.27405   0.28700   1.98199   0.18731   0.11233   0.16553   0.12488   0.00000   0.02452   1.37642   0.27004   0.00010  
 15 33.6612   6898.861193  x:  1.88147   1.06667   1.22497   0.28865   0.61855   0.48754   0.86934   0.48811   0.65697   0.24912   0.18407   0.43752   2.56692   0.16661   0.13980   0.18883   0.10581   0.00000   0.02341   1.54904   0.20837   0.00010  
 16 11.8728   6880.523545  x:  1.79426   0.94070   1.43178   0.40446   0.73470   0.52790   0.94644   0.57495   0.60671   0.32005   0.36733   0.27103   2.78931   0.16614   0.14974   0.20407   0.09377   0.00000   0.02242   1.59277   0.16402   0.00010  
 17 57.6043   6867.454346  x:  1.74678   1.03284   1.39161   0.52681   1.02631   0.42983   0.89265   0.63558   0.64877   0.30920   0.24972   0.41307   2.71431   0.18862   0.12814   0.21062   0.08692   0.00000   0.02187   1.48137   0.13606   0.00010  
 18 30.9746   6862.384821  x:  1.72601   1.23573   1.28029   0.60264   0.99914   0.34052   0.93436   0.60336   0.79686   0.19965   0.31081   0.35233   2.63158   0.19706   0.11053   0.21443   0.08649   0.00000   0.02201   1.44475   0.13201   0.00010  
 19 24.7128   6857.472235  x:  1.68866   1.51800   1.03132   0.74831   0.91203   0.45523   1.05924   0.54569   0.70001   0.28822   0.30763   0.35763   2.55780   0.19039   0.12453   0.21260   0.08710   0.00000   0.02188   1.45537   0.12723   0.00010  
 20 17.4633   6838.308021  x:  1.60288   1.76177   0.99517   1.05195   0.98127   0.59552   0.74840   0.77333   0.78288   0.28059   0.31197   0.37186   2.37113   0.31898   0.00000   0.20079   0.11506   0.00000   0.02278   1.61003   0.14034   0.00010  
 21  4.1597   6822.922158  x:  1.54945   1.92025   1.07438   1.19754   1.16939   0.57879   0.69305   0.79711   0.84833   0.28747   0.31339   0.37420   2.09260   0.03132   0.29053   0.18238   0.13397   0.00000   0.02366   1.62765   0.15143   0.00010  
 22 35.4022   6811.316281  x:  1.52578   1.92379   1.22696   1.19499   1.41114   0.40515   1.02800   0.51491   0.81760   0.35722   0.31112   0.36970   1.83298   0.13711   0.18887   0.16834   0.15191   0.00000   0.02426   1.53446   0.16237   0.00010  
 23 28.9479   6787.811589  x:  1.27094   2.31768   1.87749   1.38092   1.65327   0.59451   0.95551   0.66767   0.98881   0.43282   0.37643   0.30752   2.17279   0.19337   0.15038   0.10952   0.21163   0.00000   0.02237   1.68386   0.11608   0.00010  
 24  0.5518   6770.003831  x:  0.92557   3.00263   2.18528   1.68502   2.14042   0.64424   1.17316   0.79189   1.13647   0.48291   0.38996   0.33042   2.62296   0.21528   0.09750   0.16816   0.12415   0.00000   0.02194   1.62462   0.11357   0.00010  
 25  0.5354   6763.783667  x:  0.74452   3.35102   2.47526   1.75924   2.35190   0.69677   1.27960   0.83372   1.21167   0.51667   0.38784   0.34092   2.99994   0.20960   0.10090   0.16600   0.13896   0.00000   0.01959   1.59701   0.08998   0.00010  
 26  0.7419   6758.473787  x:  0.47753   3.99254   2.88320   1.75320   2.68803   0.74823   1.47768   0.82669   1.29545   0.56394   0.35028   0.36105   3.65804   0.16373   0.16443   0.12522   0.18086   0.00000   0.01406   1.57298   0.08468   0.00010  
 27  0.4819   6757.209974  x:  0.32912   4.28397   3.05813   1.84578   2.81216   0.79934   1.55472   0.89465   1.33314   0.57451   0.35138   0.36702   3.97379   0.16635   0.17011   0.14593   0.16408   0.00000   0.01120   1.57623   0.07667   0.00010  
 28  0.4441   6756.598861  x:  0.28336   4.37562   3.09515   1.88796   2.81169   0.82039   1.57418   0.92769   1.32768   0.56751   0.35376   0.36593   4.08018   0.17248   0.16785   0.15984   0.15111   0.00000   0.00941   1.59105   0.07881   0.00010  
 29  0.1859   6756.314510  x:  0.20795   4.51939   3.20944   1.95663   2.81181   0.85589   1.60905   0.95887   1.32407   0.56487   0.35760   0.36192   4.22665   0.17637   0.16372   0.15437   0.15714   0.00000   0.00659   1.59632   0.07652   0.00010  
 30  0.1266   6756.115904  x:  0.25363   4.40012   3.17156   1.98754   2.67024   0.85166   1.57393   0.95895   1.28292   0.54477   0.36547   0.35659   4.09736   0.18188   0.15056   0.14654   0.16327   0.00000   0.00728   1.59423   0.07854   0.00010  
 31  0.0990   6756.019567  x:  0.24325   4.40769   3.19513   2.02835   2.60296   0.84839   1.57802   0.97419   1.26264   0.53203   0.36341   0.36188   4.10569   0.18184   0.15188   0.15309   0.15547   0.00000   0.00707   1.58896   0.07826   0.00010  
 32  0.0388   6755.948702  x:  0.23894   4.43570   3.23165   2.01127   2.58899   0.81456   1.59580   0.95271   1.25883   0.53249   0.35042   0.37128   4.12236   0.17212   0.16630   0.15222   0.15781   0.00000   0.00774   1.58437   0.07814   0.00010  
 33  0.0228   6755.927798  x:  0.22334   4.47724   3.26664   2.02342   2.57920   0.80489   1.60188   0.95126   1.25758   0.53302   0.35407   0.36563   4.14034   0.17470   0.16164   0.15089   0.15852   0.00000   0.00755   1.59202   0.07829   0.00010  
 34  0.0251   6755.917257  x:  0.21929   4.49792   3.27206   2.02182   2.59307   0.79546   1.59693   0.94920   1.26507   0.53731   0.35696   0.36286   4.13289   0.17681   0.15860   0.15213   0.15683   0.00000   0.00787   1.59276   0.07806   0.00010  
 35  0.0146   6755.910738  x:  0.21843   4.51265   3.26987   2.02657   2.58414   0.79432   1.58094   0.95314   1.26437   0.53789   0.35733   0.36494   4.11413   0.17754   0.15855   0.15181   0.15806   0.00000   0.00783   1.58697   0.07808   0.00010  
 36  0.0084   6755.907861  x:  0.21657   4.52559   3.26501   2.01972   2.59029   0.79746   1.57499   0.95460   1.26538   0.53984   0.35646   0.36602   4.11758   0.17604   0.16059   0.15226   0.15743   0.00000   0.00769   1.59009   0.07818   0.00010  
 37  0.0064   6755.902727  x:  0.22502   4.51586   3.24792   2.00506   2.56912   0.79826   1.56356   0.95013   1.25622   0.53852   0.35550   0.36595   4.09710   0.17325   0.16184   0.15161   0.15712   0.00000   0.00773   1.59361   0.07851   0.00010  
 38  0.0096   6755.890549  x:  0.23143   4.50145   3.21788   1.96818   2.56252   0.79965   1.55888   0.93195   1.24622   0.53648   0.35530   0.36218   4.07209   0.17510   0.15874   0.15226   0.15764   0.00000   0.00760   1.58428   0.07903   0.00010  
 39  0.0087   6755.870021  x:  0.21489   4.49695   3.20946   1.96495   2.53463   0.80004   1.55217   0.92383   1.23330   0.52609   0.35826   0.36074   4.04058   0.18551   0.15245   0.15344   0.15563   0.00000   0.00752   1.58534   0.07961   0.00010  
 40  0.0091   6755.831800  x:  0.19016   4.44996   3.18016   1.93557   2.54402   0.80068   1.54134   0.90470   1.23088   0.51552   0.35705   0.36441   3.98582   0.18429   0.15488   0.15002   0.15832   0.00000   0.00794   1.59358   0.08057   0.00010  
 41  0.0209   6755.788534  x:  0.14869   4.40480   3.17811   1.94115   2.51875   0.79213   1.52366   0.90706   1.22305   0.50213   0.35573   0.36623   3.94786   0.17215   0.15940   0.15173   0.15678   0.00000   0.00796   1.58407   0.08154   0.00010  
 42  0.0246   6755.752495  x:  0.13285   4.33201   3.15328   1.89695   2.48580   0.77736   1.48840   0.90493   1.21370   0.50801   0.35333   0.35675   3.93260   0.17246   0.16099   0.15221   0.15574   0.00000   0.00781   1.58025   0.08262   0.00010  
 43  0.0229   6755.744769  x:  0.13176   4.29605   3.15305   1.90717   2.47758   0.77344   1.49173   0.90810   1.21515   0.51004   0.35256   0.35927   3.93685   0.17494   0.15957   0.15111   0.15725   0.00000   0.00788   1.58342   0.08280   0.00010  
 44  0.0239   6755.740105  x:  0.13092   4.28803   3.13171   1.89655   2.46395   0.76835   1.48893   0.89809   1.21084   0.51340   0.35198   0.36213   3.92366   0.17656   0.15662   0.15160   0.15694   0.00000   0.00778   1.58322   0.08317   0.00010  
 45  0.0131   6755.739276  x:  0.12908   4.29537   3.13330   1.90425   2.46699   0.76821   1.49466   0.89891   1.21401   0.51498   0.35258   0.36168   3.93278   0.17603   0.15730   0.15155   0.15656   0.00000   0.00770   1.58225   0.08302   0.00010  
 46  0.0094   6755.738930  x:  0.12909   4.29190   3.12602   1.90442   2.46164   0.76827   1.49338   0.89727   1.21337   0.51408   0.35299   0.36105   3.92585   0.17537   0.15815   0.15129   0.15656   0.00000   0.00772   1.58202   0.08311   0.00010  
 47  0.0076   6755.738861  x:  0.12904   4.29470   3.12513   1.90506   2.46202   0.76822   1.49357   0.89724   1.21430   0.51399   0.35305   0.36091   3.92648   0.17529   0.15826   0.15140   0.15672   0.00000   0.00774   1.58245   0.08311   0.00010  
 48  0.0017   6755.738843  x:  0.12885   4.29412   3.12423   1.90509   2.46121   0.76844   1.49358   0.89739   1.21431   0.51366   0.35288   0.36091   3.92717   0.17541   0.15807   0.15146   0.15671   0.00000   0.00774   1.58240   0.08311   0.00010  
 49  0.0009   6755.738839  x:  0.12882   4.29477   3.12423   1.90517   2.46144   0.76842   1.49349   0.89748   1.21453   0.51364   0.35281   0.36098   3.92750   0.17548   0.15800   0.15141   0.15670   0.00000   0.00774   1.58237   0.08310   0.00010  
 50  0.0005   6755.738838  x:  0.12887   4.29468   3.12415   1.90508   2.46141   0.76840   1.49350   0.89743   1.21451   0.51361   0.35282   0.36098   3.92755   0.17548   0.15801   0.15141   0.15670   0.00000   0.00774   1.58236   0.08311   0.00010  
 51  0.0001   6755.738838  x:  0.12884   4.29464   3.12412   1.90506   2.46141   0.76839   1.49343   0.89744   1.21451   0.51359   0.35284   0.36098   3.92761   0.17547   0.15801   0.15141   0.15670   0.00000   0.00774   1.58236   0.08311   0.00010  
 52  0.0000   6755.738838  x:  0.12885   4.29468   3.12416   1.90511   2.46146   0.76837   1.49345   0.89744   1.21451   0.51360   0.35284   0.36097   3.92771   0.17547   0.15801   0.15141   0.15670   0.00000   0.00774   1.58236   0.08310   0.00010  
 53  0.0001   6755.738838  x:  0.12884   4.29463   3.12411   1.90513   2.46146   0.76837   1.49343   0.89741   1.21450   0.51359   0.35283   0.36097   3.92766   0.17547   0.15801   0.15141   0.15670   0.00000   0.00774   1.58236   0.08311   0.00010  
 54  0.0000   6755.738838  x:  0.12884   4.29464   3.12411   1.90515   2.46147   0.76836   1.49341   0.89741   1.21449   0.51360   0.35283   0.36097   3.92767   0.17547   0.15801   0.15141   0.15670   0.00000   0.00774   1.58236   0.08311   0.00010  
 55  0.0000   6755.738838  x:  0.12884   4.29464   3.12411   1.90515   2.46147   0.76836   1.49342   0.89741   1.21449   0.51360   0.35283   0.36097   3.92767   0.17547   0.15801   0.15141   0.15670   0.00000   0.00774   1.58236   0.08311   0.00010  
 56  0.0000   6755.738838  x:  0.12884   4.29464   3.12411   1.90515   2.46147   0.76836   1.49342   0.89741   1.21449   0.51360   0.35283   0.36097   3.92767   0.17547   0.15801   0.15141   0.15670   0.00000   0.00774   1.58236   0.08311   0.00010  