

TREE # 1

  0  0.0000  14589.309405  x:  0.17673   2.00331   2.68384   0.26622   1.49766   0.23007   1.30377   0.45607   1.08915   0.29710   0.28810   0.34511   1.83609   0.38818   0.07371   0.26919   0.09192   0.11424   0.08291   2.00000   0.20000   0.20000  
  1 99.0000  14428.644775  x:  0.19245   2.01132   2.69130   0.28977   1.50350   0.24285   1.30876   0.46638   1.09701   0.31260   0.28855   0.34846   1.84675   0.38550   0.07365   0.26100   0.10203   0.10204   0.10674   1.98167   0.42072   0.18548  
  2 2232.1090  14376.421078  x:  0.24840   2.04096   2.71775   0.37581   1.51863   0.28324   1.31910   0.49953   1.12119   0.36531   0.27281   0.35020   1.88594   0.37602   0.03485   0.18880   0.11498   0.02431   0.14376   1.93430   0.41004   0.09382  
  3 387.3755  14354.723575  x:  0.28673   2.06153   2.73650   0.43422   1.52902   0.31003   1.32616   0.52172   1.13779   0.40015   0.26225   0.35170   1.91352   0.38050   0.02577   0.14596   0.12966   0.04954   0.16376   1.90051   0.40156   0.04352  
  4 974.4639  14307.357956  x:  0.41720   2.13244   2.80241   0.63112   1.56423   0.39835   1.35004   0.59543   1.19425   0.51439   0.22766   0.35818   2.00952   0.42126   0.10609   0.04608   0.18132   0.05765   0.18264   1.78113   0.37098   0.06451  
  5 805.6623  14260.454656  x:  0.61484   2.24255   2.90855   0.92491   1.61685   0.52390   1.38565   0.70160   1.27906   0.67452   0.18436   0.37446   2.16042   0.47747   0.17831   0.16259   0.28060   0.05660   0.15537   1.59887   0.32500   0.03136  
  6 923.2343  14238.270319  x:  0.70031   2.29715   2.97199   1.04332   1.63706   0.55725   1.39940   0.73227   1.31201   0.70959   0.20304   0.40355   2.23852   0.47513   0.15141   0.19234   0.15384   0.07338   0.08700   1.53196   0.31847   0.04534  
  7 265.9365  14231.432631  x:  0.73452   2.32090   3.00216   1.08876   1.64426   0.56486   1.40424   0.74037   1.32395   0.71459   0.21316   0.41511   2.27309   0.47146   0.14073   0.21727   0.09604   0.08120   0.11822   1.51031   0.31181   0.06253  
  8 394.3854  14215.887907  x:  0.88326   2.47691   3.26672   1.23795   1.65525   0.44548   1.41184   0.66634   1.34532   0.49727   0.31329   0.44684   2.51312   0.40392   0.06856   0.21160   0.15687   0.09400   0.12293   1.57779   0.30304   0.12112  
  9 72.3588  14206.045021  x:  0.96683   2.59124   3.47752   1.30765   1.66418   0.33006   1.42353   0.61257   1.36791   0.34974   0.26244   0.36745   2.69100   0.40627   0.12404   0.21509   0.12553   0.08849   0.11975   1.65206   0.30356   0.08541  
 10 144.5073  14198.017025  x:  0.95484   2.72224   3.79083   1.21737   1.70099   0.12428   1.47397   0.62373   1.45160   0.44743   0.29046   0.43216   2.90382   0.43336   0.18905   0.21393   0.11123   0.07779   0.12402   1.74650   0.29910   0.04056  
 11 51.5361  14192.531223  x:  0.91491   2.83630   4.07647   1.10366   1.76784   0.00000   1.52906   0.66839   1.51519   0.54631   0.21974   0.39359   3.08910   0.41515   0.12299   0.21341   0.12575   0.08638   0.12237   1.79506   0.29750   0.08450  
 12 108.5209  14180.448723  x:  0.66693   3.13527   4.86953   0.65481   2.12490   0.18607   1.68585   0.84371   1.53346   0.51050   0.25362   0.35422   3.56392   0.44838   0.12886   0.20298   0.13216   0.07661   0.13023   1.75676   0.28053   0.06918  
 13 57.1764  14178.745987  x:  0.60787   3.19733   4.97900   0.62090   2.11881   0.21997   1.65229   0.79559   1.50520   0.51851   0.18958   0.41646   3.61143   0.38482   0.15108   0.20243   0.13337   0.07930   0.12970   1.70474   0.27745   0.06324  
 14 18.3225  14175.377660  x:  0.45605   3.36536   5.20074   0.62378   2.01058   0.29611   1.51919   0.63669   1.43589   0.61508   0.22961   0.35393   3.67286   0.38351   0.15041   0.19981   0.13574   0.07746   0.13063   1.60681   0.27212   0.06062  
 15 20.4081  14171.756282  x:  0.27351   3.58054   5.41881   0.72406   1.84651   0.42460   1.45668   0.62487   1.37531   0.65665   0.18197   0.40550   3.68810   0.49397   0.10019   0.20019   0.13382   0.07245   0.13170   1.68975   0.26971   0.07593  
 16 21.2159  14165.162673  x:  0.00000   3.87909   5.68599   0.90317   1.62207   0.52547   1.49166   0.75613   1.39992   0.67187   0.21294   0.37599   3.64693   0.38814   0.13599   0.20962   0.12968   0.08056   0.12909   1.75620   0.25640   0.07276  
 17 33.5177  14165.162673  x:  0.00000   3.87909   5.68599   0.90317   1.62207   0.52547   1.49166   0.75613   1.39992   0.67187   0.21294   0.37599   3.64693   0.38814   0.13599   0.20962   0.12968   0.08056   0.12909   1.75620   0.25640   0.07276  
 18 36.1166  14157.381679  x:  0.00209   3.87983   5.68647   0.90622   1.62314   0.52573   1.49220   0.75679   1.40117   0.67228   0.21504   0.37844   3.64784   0.38701   0.12939   0.20030   0.12967   0.06962   0.13159   1.75474   0.21844   0.06072  
 19 326.1673  14154.604829  x:  0.01237   3.88397   5.68931   0.92057   1.62977   0.52996   1.49703   0.76239   1.40895   0.67766   0.22494   0.38931   3.65286   0.38797   0.11896   0.17540   0.13769   0.05185   0.14464   1.73996   0.22330   0.04560  
 20 115.5131  14150.501870  x:  0.03896   3.89459   5.69664   0.95778   1.64671   0.54042   1.50927   0.77645   1.42879   0.69089   0.24600   0.41343   3.66588   0.39757   0.11088   0.12487   0.16250   0.05641   0.16522   1.70242   0.21398   0.06371  
 21 188.0526  14145.518473  x:  0.09465   3.91685   5.71228   1.03556   1.68221   0.56161   1.53503   0.80522   1.46986   0.71718   0.26765   0.44329   3.69361   0.41738   0.09257   0.12668   0.21043   0.04579   0.13569   1.62841   0.20000   0.07220  
 22 142.9204  14141.657121  x:  0.14806   3.93820   5.72756   1.11006   1.71619   0.58110   1.55977   0.83202   1.50871   0.74095   0.27485   0.45906   3.72065   0.43306   0.07057   0.13979   0.21720   0.07098   0.13642   1.56297   0.18821   0.05529  
 23 284.0861  14132.090761  x:  0.28597   3.99330   5.76778   1.30223   1.80358   0.62895   1.62344   0.89887   1.60748   0.79837   0.26792   0.47502   3.79156   0.47686   0.03676   0.17231   0.15544   0.05993   0.15311   1.40826   0.16033   0.07594  
 24 391.2181  14130.354535  x:  0.31944   4.00668   5.77867   1.34907   1.82384   0.63592   1.63784   0.91095   1.62891   0.80599   0.24894   0.46068   3.81039   0.48235   0.03248   0.15294   0.14357   0.06431   0.13162   1.39894   0.15899   0.07284  
 25 105.6382  14127.211076  x:  0.39454   4.03664   5.80493   1.45452   1.86763   0.64377   1.66821   0.93130   1.67288   0.81317   0.19387   0.41268   3.85515   0.48946   0.03332   0.14250   0.17059   0.05981   0.14259   1.42022   0.15319   0.07282  
 26 120.9917  14119.624825  x:  0.64652   4.13728   5.90493   1.81108   2.00343   0.62077   1.75603   0.96018   1.79847   0.78627   0.24950   0.42690   4.01987   0.45362   0.02206   0.15612   0.15860   0.06208   0.14123   1.67470   0.14599   0.08549  
 27 72.1897  14119.148895  x:  0.66326   4.14460   5.91609   1.83568   2.01035   0.60623   1.75820   0.95453   1.80258   0.77813   0.25245   0.43374   4.03520   0.47035   0.04657   0.15584   0.15713   0.06156   0.14151   1.68425   0.14491   0.07648  
 28 32.1044  14116.846848  x:  0.74145   4.18469   6.01235   1.95923   2.02390   0.41538   1.73371   0.86030   1.78281   0.68602   0.21399   0.47549   4.14644   0.47674   0.03260   0.15653   0.15709   0.06164   0.14207   1.65801   0.14843   0.07986  
 29 20.0973  14115.414770  x:  0.75291   4.20296   6.11368   2.00772   2.06257   0.27674   1.72763   0.85391   1.75939   0.74774   0.27821   0.39724   4.24139   0.45686   0.04623   0.15642   0.15832   0.06135   0.14276   1.63961   0.14772   0.07792  
 30 11.7871  14111.789352  x:  0.68642   4.23420   6.44429   2.05107   2.28536   0.10511   1.76255   0.98269   1.67020   0.94478   0.20589   0.48421   4.50847   0.45372   0.05185   0.16111   0.15485   0.06119   0.14493   1.69387   0.14687   0.07880  
 31 13.7760  14104.927761  x:  0.52509   4.33122   7.14271   2.08681   2.74792   0.21885   1.85620   1.09485   1.62051   0.80198   0.26858   0.41072   5.00772   0.49479   0.03366   0.16633   0.15396   0.06055   0.15005   1.70338   0.14666   0.08244  
 32 21.5586  14100.270044  x:  0.44232   4.47298   7.64802   2.07208   2.82592   0.32933   1.92894   1.03029   1.96938   0.81777   0.24242   0.44679   5.29736   0.28899   0.17445   0.17107   0.15501   0.05903   0.15362   1.68515   0.13936   0.06340  
 33 21.3180  14097.209576  x:  0.44940   4.64082   7.97612   2.05211   2.68419   0.39751   2.00329   0.96671   2.21914   0.90632   0.24226   0.44237   5.42437   0.42239   0.09511   0.17451   0.15163   0.05930   0.15613   1.75197   0.14236   0.07530  
 34 19.6169  14094.001759  x:  0.66001   5.05867   8.39363   2.09619   2.29300   0.56702   2.22977   1.06981   2.08594   0.95422   0.23755   0.45424   5.50966   0.35702   0.14392   0.17682   0.15332   0.05876   0.15834   1.74943   0.13809   0.06868  
 35 10.5228  14091.956853  x:  0.83980   5.53877   8.76187   2.10430   2.44731   0.67665   2.00282   0.99472   2.06211   1.07230   0.23658   0.46562   5.56684   0.35124   0.15026   0.17615   0.15813   0.05882   0.15914   1.74532   0.13166   0.06893  
 36  3.9541  14088.063686  x:  0.95791   6.35723   9.44973   2.04815   2.81366   0.47079   2.15521   1.22970   2.33272   0.98491   0.25798   0.46936   5.72933   0.38208   0.13198   0.17135   0.17257   0.05932   0.15993   1.70994   0.11389   0.07419  
 37  8.6577  14085.302790  x:  0.66899   6.59736   9.64039   2.63604   3.00350   0.49277   2.48518   1.01865   2.35498   1.11198   0.26346   0.48677   5.99809   0.39510   0.12327   0.16752   0.18294   0.05940   0.16046   1.67327   0.10331   0.07835  
 38  3.3551  14082.278640  x:  0.40595   6.71014   9.62104   3.52664   3.04603   0.41736   2.30219   1.34411   2.52734   1.06513   0.28110   0.48759   6.12536   0.39711   0.12840   0.16436   0.19124   0.05867   0.16202   1.64366   0.10136   0.08021  
 39  5.9832  14080.191200  x:  1.06003   6.44434   9.68134   3.72809   3.44344   0.29498   2.57661   1.27323   2.61434   1.12637   0.28951   0.49539   5.88526   0.37694   0.14775   0.16349   0.19296   0.05775   0.16305   1.64188   0.10159   0.07911  
 40  1.7652  14078.152362  x:  1.77933   6.08180  10.43438   3.82831   3.54100   0.39049   2.66282   1.39394   2.80494   1.22523   0.29581   0.51181   6.64842   0.37984   0.14167   0.16455   0.19195   0.05692   0.16436   1.65802   0.09029   0.08468  
 41  2.5430  14076.790170  x:  1.70803   7.10227  11.59934   4.37296   3.87510   0.39043   2.91568   1.47339   3.07166   1.36860   0.29643   0.52452   7.16022   0.36717   0.14305   0.17472   0.17696   0.05738   0.16540   1.75301   0.08363   0.09138  
 42  0.8377  14076.419645  x:  1.72843   7.20197  11.90308   4.48584   3.92477   0.41053   2.96978   1.49900   3.12550   1.40343   0.29856   0.53172   7.44200   0.36695   0.14347   0.17176   0.18739   0.05892   0.16436   1.72637   0.08289   0.09146  
 43  0.2982  14076.262605  x:  1.78272   7.40177  12.29229   4.62358   4.04670   0.41093   3.04968   1.54128   3.20787   1.44173   0.30305   0.53806   7.65099   0.36082   0.15038   0.17154   0.19228   0.05874   0.16573   1.70776   0.07877   0.09126  
 44  0.7624  14076.211159  x:  1.76135   7.58515  12.62521   4.68472   4.13755   0.41496   3.10851   1.56856   3.26602   1.47280   0.30563   0.53979   7.79038   0.36749   0.14759   0.17369   0.18932   0.05689   0.16837   1.70924   0.07733   0.09248  
 45  0.2478  14076.200166  x:  1.75051   7.61073  12.68512   4.66170   4.15596   0.42184   3.11699   1.57758   3.27288   1.47860   0.30678   0.53985   7.81744   0.35931   0.15355   0.17336   0.18984   0.05754   0.16772   1.71316   0.07728   0.09165  
 46  0.0540  14076.194905  x:  1.73966   7.61256  12.70833   4.62687   4.16458   0.42863   3.12031   1.58365   3.27769   1.48215   0.30797   0.53965   7.84049   0.36229   0.15108   0.17300   0.19044   0.05792   0.16726   1.71385   0.07714   0.09258  
 47  0.0327  14076.193089  x:  1.72649   7.59711  12.67513   4.60162   4.15899   0.43373   3.11528   1.58445   3.27255   1.48052   0.30811   0.53904   7.83135   0.36056   0.15280   0.17321   0.19002   0.05752   0.16765   1.71156   0.07725   0.09247  
 48  0.0273  14076.192733  x:  1.71908   7.59431  12.65660   4.60507   4.15173   0.43745   3.11419   1.58309   3.27160   1.48074   0.30768   0.53921   7.82619   0.35915   0.15406   0.17323   0.19009   0.05763   0.16758   1.71156   0.07727   0.09256  
 49  0.0090  14076.192584  x:  1.71683   7.60097  12.66381   4.60904   4.15195   0.43946   3.11660   1.58354   3.27414   1.48199   0.30767   0.53931   7.82922   0.35849   0.15483   0.17321   0.19007   0.05761   0.16759   1.71176   0.07725   0.09274  
 50  0.0057  14076.192505  x:  1.72170   7.60539  12.67311   4.61067   4.15466   0.43992   3.11880   1.58468   3.27673   1.48261   0.30789   0.53935   7.83313   0.35742   0.15585   0.17318   0.19012   0.05758   0.16762   1.71165   0.07717   0.09286  
 51  0.0061  14076.192459  x:  1.72520   7.59978  12.66603   4.60682   4.15268   0.43959   3.11716   1.58405   3.27529   1.48133   0.30792   0.53921   7.82871   0.35678   0.15645   0.17317   0.19011   0.05759   0.16759   1.71171   0.07722   0.09294  
 52  0.0064  14076.192445  x:  1.72380   7.60064  12.66957   4.60733   4.15317   0.43916   3.11702   1.58385   3.27483   1.48135   0.30784   0.53927   7.82979   0.35652   0.15675   0.17322   0.19008   0.05760   0.16761   1.71186   0.07722   0.09297  
 53  0.0013  14076.192442  x:  1.72300   7.60046  12.66929   4.60727   4.15327   0.43896   3.11693   1.58381   3.27458   1.48137   0.30784   0.53927   7.83019   0.35644   0.15682   0.17319   0.19011   0.05759   0.16761   1.71176   0.07722   0.09297  
 54  0.0006  14076.192442  x:  1.72314   7.60045  12.66901   4.60752   4.15345   0.43872   3.11697   1.58383   3.27464   1.48142   0.30785   0.53925   7.83022   0.35642   0.15682   0.17319   0.19010   0.05759   0.16760   1.71179   0.07722   0.09298  
 55  0.0002  14076.192442  x:  1.72313   7.60043  12.66898   4.60750   4.15350   0.43868   3.11698   1.58386   3.27466   1.48147   0.30785   0.53925   7.83021   0.35642   0.15683   0.17319   0.19010   0.05760   0.16760   1.71178   0.07722   0.09298  
 56  0.0001  14076.192442  x:  1.72317   7.60042  12.66902   4.60749   4.15347   0.43867   3.11696   1.58386   3.27466   1.48148   0.30785   0.53925   7.83020   0.35642   0.15683   0.17319   0.19010   0.05760   0.16760   1.71178   0.07722   0.09298  
 57  0.0000  14076.192442  x:  1.72317   7.60042  12.66902   4.60749   4.15347   0.43867   3.11696   1.58386   3.27466   1.48148   0.30785   0.53925   7.83020   0.35642   0.15683   0.17319   0.19010   0.05760   0.16760   1.71178   0.07722   0.09298  