   11
BAM_028330  0.000000  1.326709  1.295300  1.191644  1.097059  0.579585
  0.332288  0.772269  0.369832  1.326709  1.347797
BA_4173xxx  1.326709  0.000000  0.051652  1.119798  1.339002  1.335435
  1.412275  1.338239  1.381355  0.000010  0.086594
BC_3963xxx  1.295300  0.051652  0.000000  1.119397  1.326510  1.292673
  1.396436  1.302208  1.373523  0.051652  0.074511
NT03BC2509  1.191644  1.119798  1.119397  0.000000  1.111447  1.031188
  1.183390  1.049330  1.204224  1.119798  1.102010
BH3970xxxx  1.097059  1.339002  1.326510  1.111447  0.000000  1.212219
  1.166922  1.187300  1.207414  1.339002  1.318444
NT03BL3496  0.579585  1.335435  1.292673  1.031188  1.212219  0.000000
  0.566528  0.849765  0.574001  1.335435  1.299082
Bmo66xxxxx  0.332288  1.412275  1.396436  1.183390  1.166922  0.566528
  0.000000  0.782066  0.130512  1.412275  1.449170
BPUM_2792x  0.772269  1.338239  1.302208  1.049330  1.187300  0.849765
  0.782066  0.000000  0.789109  1.338239  1.320846
BG10946xxx  0.369832  1.381355  1.373523  1.204224  1.207414  0.574001
  0.130512  0.789109  0.000000  1.381355  1.414351
NT02BT3948  1.326709  0.000010  0.051652  1.119798  1.339002  1.335435
  1.412275  1.338239  1.381355  0.000000  0.086594
KBAB4_3789  1.347797  0.086594  0.074511  1.102010  1.318444  1.299082
  1.449170  1.320846  1.414351  0.086594  0.000000
