

TREE # 1

  0  0.0000   8744.454212  x:  0.05974   2.00634   1.60041   0.36159   1.41746   0.37517   1.51427   0.41407   1.19636   0.42038   0.28502   0.36606   1.16262   0.22781   0.00750   0.05288   0.06925   0.00891   0.00617   2.00000   0.20000   0.20000  
  1 99.0000   8737.339529  x:  0.07296   2.00793   1.60333   0.37026   1.41706   0.37675   1.51356   0.41518   1.19417   0.41867   0.28413   0.36387   1.16588   0.22841   0.01254   0.05349   0.06893   0.00000   0.02065   1.99644   0.20683   0.19836  
  2 516.5891   8729.034246  x:  0.11985   2.01354   1.61371   0.40117   1.41558   0.38231   1.51096   0.41911   1.18627   0.41249   0.28093   0.35596   1.17748   0.23036   0.02992   0.05549   0.06816   0.01318   0.06088   1.98375   0.22835   0.19250  
  3 1752.3721   8626.199010  x:  0.60971   2.07014   1.72453   0.73870   1.39021   0.43632   1.47339   0.45589   1.08488   0.33179   0.24259   0.25998   1.30402   0.22710   0.15614   0.06041   0.05803   0.00336   0.00000   1.84604   0.14680   0.12249  
  4 646.3804   8623.752589  x:  0.62801   2.07223   1.72870   0.75149   1.38914   0.43829   1.47186   0.45721   1.08086   0.32857   0.24110   0.25623   1.30882   0.22669   0.16017   0.06040   0.05765   0.00335   0.00007   1.84083   0.14002   0.11976  
  5 10715.7806   8598.491542  x:  0.71304   2.08430   1.76078   0.84093   1.37310   0.44810   1.45420   0.47118   1.03339   0.29968   0.25904   0.24443   1.35066   0.15195   0.04435   0.03930   0.08007   0.00306   0.00008   1.78291   0.14404   0.09190  
  6 290.2745   8594.940019  x:  0.71509   2.08626   1.77144   0.86506   1.36333   0.44820   1.44522   0.47798   1.00968   0.29087   0.27783   0.24969   1.36649   0.15835   0.01734   0.07401   0.07015   0.00313   0.00008   1.75423   0.14394   0.09864  
  7 156.2805   8588.811832  x:  0.70169   2.08761   1.78572   0.89400   1.34749   0.44656   1.43125   0.48829   0.97330   0.27982   0.30591   0.25814   1.38899   0.18367   0.00000   0.06580   0.05843   0.00318   0.00009   1.71021   0.14482   0.11415  
  8 205.1692   8588.811832  x:  0.70169   2.08761   1.78572   0.89400   1.34749   0.44656   1.43125   0.48829   0.97330   0.27982   0.30591   0.25814   1.38899   0.18367   0.00000   0.06580   0.05843   0.00318   0.00009   1.71021   0.14482   0.11415  
  9 347.4434   8576.076596  x:  0.70172   2.08761   1.78574   0.89402   1.34748   0.44656   1.43125   0.48830   0.97329   0.27983   0.30592   0.25814   1.38901   0.18372   0.00011   0.06579   0.05846   0.00344   0.01322   1.71018   0.14506   0.11416  
 10 26514.4532   8567.992602  x:  0.70549   2.08841   1.78734   0.89717   1.34727   0.44740   1.43114   0.48969   0.97229   0.28048   0.30644   0.25822   1.39095   0.18986   0.01327   0.06421   0.06062   0.00195   0.01324   1.70686   0.17339   0.11545  
 11 545.9216   8566.957883  x:  0.70942   2.08898   1.78884   0.90043   1.34652   0.44780   1.43050   0.49074   0.97056   0.28067   0.30674   0.25793   1.39278   0.19502   0.02318   0.06229   0.06249   0.01029   0.01307   1.70387   0.17347   0.11633  
 12 258.4843   8561.234156  x:  0.73173   2.09208   1.79724   0.91883   1.34197   0.44975   1.42666   0.49649   0.96042   0.28152   0.30836   0.25613   1.40301   0.21986   0.07055   0.05248   0.07138   0.00244   0.01325   1.68718   0.15952   0.11999  
 13 394.9032   8511.612154  x:  1.36865   2.18684   2.04501   1.44152   1.22455   0.50918   1.32740   0.66775   0.68682   0.32038   0.36069   0.21570   1.68969   0.13652   0.10914   0.05372   0.05231   0.00260   0.01325   1.20977   0.11946   0.03628  
 14 130.5286   8508.275088  x:  1.42466   2.19543   2.06855   1.48695   1.21309   0.51291   1.31797   0.68137   0.67032   0.32932   0.36338   0.21605   1.71407   0.13174   0.10102   0.06658   0.08314   0.00247   0.01324   1.17935   0.11634   0.07314  
 15 234.2107   8505.426747  x:  1.47398   2.20348   2.09222   1.52642   1.20161   0.51433   1.30899   0.69127   0.66869   0.34557   0.36249   0.22196   1.73421   0.14766   0.08178   0.04434   0.06855   0.00259   0.01326   1.17287   0.11537   0.12248  
 16 130.1651   8503.924440  x:  1.50794   2.20943   2.11054   1.55349   1.19321   0.51461   1.30275   0.69689   0.67547   0.36035   0.35935   0.22785   1.74723   0.17439   0.06968   0.06149   0.05252   0.00266   0.01326   1.18268   0.11420   0.13980  
 17 119.6690   8498.914849  x:  1.63627   2.23329   2.18635   1.65584   1.16057   0.51441   1.27974   0.71429   0.72163   0.42058   0.33939   0.25076   1.79388   0.28146   0.00000   0.05484   0.07910   0.00313   0.01324   1.26142   0.11435   0.12618  
 18 125.0191   8496.687565  x:  1.72599   2.25752   2.26603   1.72804   1.14520   0.52693   1.27853   0.71330   0.77246   0.40232   0.31267   0.23496   1.82449   0.23094   0.02985   0.05452   0.07322   0.00291   0.01325   1.39138   0.11185   0.13086  
 19 30.8403   8496.320148  x:  1.74129   2.26342   2.28772   1.74058   1.14599   0.53080   1.28336   0.71029   0.78146   0.38765   0.33375   0.25528   1.82718   0.22371   0.03429   0.05444   0.07270   0.00287   0.01325   1.41350   0.11099   0.13097  
 20 26.1346   8495.907673  x:  1.75406   2.27647   2.34408   1.75254   1.16304   0.54112   1.31093   0.69714   0.79064   0.33659   0.34114   0.24267   1.81731   0.23998   0.02380   0.05430   0.07371   0.00294   0.01325   1.41944   0.11117   0.13429  
 21 10.5636   8495.155839  x:  1.76286   2.30895   2.50104   1.76696   1.21755   0.56393   1.39612   0.67780   0.84777   0.35000   0.33695   0.24667   1.77786   0.23455   0.02798   0.05406   0.07400   0.00279   0.01325   1.39135   0.10533   0.13368  
 22 11.5683   8494.337149  x:  1.74601   2.33254   2.68137   1.78138   1.23383   0.52172   1.42870   0.66675   0.77056   0.37828   0.31536   0.26704   1.73461   0.22896   0.03187   0.05444   0.07314   0.00278   0.01325   1.41285   0.10633   0.13226  
 23  7.4374   8493.800894  x:  1.72967   2.33516   2.77439   1.79830   1.23420   0.49841   1.41575   0.68238   0.76255   0.40308   0.35997   0.22711   1.72213   0.22574   0.03377   0.05473   0.07253   0.00278   0.01325   1.42233   0.10686   0.13185  
 24  9.6755   8491.539504  x:  1.66431   2.29855   3.03477   1.90639   1.24646   0.50157   1.27906   0.83216   0.85426   0.35999   0.33339   0.25544   1.75433   0.20982   0.04165   0.05648   0.07077   0.00273   0.01325   1.39176   0.10685   0.12683  
 25  8.1269   8487.828007  x:  1.74712   2.26066   3.12404   2.10686   1.39013   0.75572   1.38603   0.77616   0.82692   0.42458   0.34459   0.25437   2.00564   0.20308   0.03980   0.05865   0.06968   0.00271   0.01324   1.44956   0.10530   0.12336  
 26  6.1758   8485.082883  x:  1.94066   2.40075   3.08108   2.15433   1.34186   0.61376   1.62970   0.77646   0.91083   0.40984   0.33938   0.26425   2.18671   0.18575   0.04819   0.06069   0.06796   0.00270   0.01324   1.43851   0.10484   0.11632  
 27  9.7972   8483.416035  x:  2.15975   2.73275   3.02985   2.08124   1.52528   0.61497   1.67647   0.98381   0.89036   0.41728   0.35060   0.25848   2.22006   0.18743   0.04807   0.06069   0.06811   0.00262   0.01324   1.48478   0.09829   0.11706  
 28  7.3751   8482.469829  x:  2.27369   2.97849   3.02731   2.07000   1.61400   0.59731   1.56688   0.89291   0.91744   0.42338   0.34734   0.26309   2.24046   0.18040   0.05402   0.06125   0.06769   0.00263   0.01324   1.46157   0.09696   0.11328  
 29  7.0806   8479.814724  x:  2.25608   3.48981   3.16653   2.44590   1.43878   0.77810   1.65417   0.94558   0.91310   0.44338   0.35345   0.26431   2.36643   0.19470   0.05289   0.06058   0.06988   0.00266   0.01324   1.43391   0.08511   0.11323  
 30  2.3561   8477.041439  x:  2.67769   3.26865   3.36323   2.79093   1.69228   0.64352   1.72865   0.99220   0.93876   0.44847   0.35721   0.26608   2.33854   0.19110   0.06791   0.05976   0.06966   0.00285   0.01324   1.41262   0.07624   0.11365  
 31  2.9263   8475.591769  x:  3.08171   3.07715   3.48639   2.77936   1.52890   0.78815   1.72748   0.98632   0.94410   0.45354   0.35748   0.26715   2.08340   0.18674   0.07798   0.05963   0.06898   0.00305   0.01323   1.38181   0.07751   0.11129  
 32  5.2448   8474.313482  x:  3.24222   2.96938   3.83008   2.71704   1.56265   0.77895   1.75423   1.00899   0.93893   0.45848   0.36078   0.26560   2.58758   0.19701   0.07585   0.05738   0.07010   0.00251   0.01325   1.37432   0.07514   0.11638  
 33  0.7069   8473.508964  x:  3.30792   3.03042   3.85293   3.12014   1.66855   0.71307   1.81388   1.01925   0.95160   0.46244   0.36040   0.26750   2.50219   0.18479   0.08544   0.05648   0.06840   0.00252   0.01325   1.39167   0.07562   0.12465  
 34  1.4320   8472.455282  x:  3.61383   3.39783   4.17540   3.46085   1.74926   0.82460   1.95271   1.11524   1.00311   0.48614   0.36536   0.27432   2.66477   0.15203   0.10577   0.05745   0.06755   0.00369   0.01322   1.41626   0.06679   0.13629  
 35  0.7045   8471.833040  x:  3.93216   3.66852   4.47638   3.67722   1.87587   0.91852   2.08683   1.20819   1.07234   0.50835   0.36569   0.28324   2.81412   0.14536   0.11570   0.05883   0.07285   0.00162   0.01327   1.43139   0.06238   0.14964  
 36  0.3085   8471.576850  x:  4.08867   3.77728   4.64487   3.75770   1.95798   0.95406   2.15933   1.25279   1.11215   0.52129   0.36464   0.28838   2.92096   0.14232   0.11918   0.05936   0.07452   0.00346   0.01323   1.43523   0.06072   0.15922  
 37  0.4547   8471.491688  x:  4.20399   3.87434   4.78776   3.85745   2.03604   0.97020   2.22961   1.28520   1.14643   0.53548   0.36396   0.29288   3.01192   0.13502   0.12574   0.05846   0.07305   0.00333   0.01324   1.43416   0.05811   0.17030  
 38  0.2540   8471.429689  x:  4.22876   3.89782   4.84545   3.87631   2.08120   0.96510   2.26565   1.29108   1.16684   0.54516   0.36227   0.29560   3.05115   0.13018   0.12993   0.05764   0.07107   0.00286   0.01326   1.43189   0.05792   0.17989  
 39  0.1200   8471.414544  x:  4.25339   3.95095   4.91064   3.92089   2.10658   0.97463   2.30157   1.30062   1.18131   0.55467   0.36270   0.29730   3.09476   0.12886   0.13286   0.05875   0.07205   0.00276   0.01327   1.43491   0.05705   0.18715  
 40  0.0584   8471.405029  x:  4.23653   3.95674   4.92226   3.92898   2.10037   0.97621   2.30727   1.29630   1.18246   0.55837   0.36275   0.29745   3.09609   0.12190   0.13809   0.05895   0.07232   0.00284   0.01328   1.43832   0.05716   0.19325  
 41  0.0127   8471.391225  x:  4.18436   3.93101   4.89845   3.90889   2.07143   0.97347   2.29200   1.28306   1.17465   0.55877   0.36230   0.29667   3.07567   0.12063   0.14081   0.05803   0.07253   0.00297   0.01331   1.43673   0.05768   0.20411  
 42  0.0327   8471.375472  x:  4.19069   3.91932   4.90968   3.90908   2.07588   0.97243   2.28990   1.28511   1.17655   0.55865   0.36160   0.29726   3.07217   0.11012   0.15056   0.05779   0.07204   0.00291   0.01335   1.43499   0.05739   0.22164  
 43  0.0131   8471.361616  x:  4.19294   3.88479   4.86946   3.86825   2.07760   0.96457   2.26651   1.28743   1.17035   0.54989   0.36173   0.29642   3.05042   0.10647   0.15506   0.05870   0.07236   0.00278   0.01339   1.43402   0.05783   0.23812  
 44  0.0321   8471.356653  x:  4.20328   3.90826   4.88212   3.88026   2.08488   0.96724   2.27628   1.29071   1.17378   0.55165   0.36223   0.29660   3.06410   0.10058   0.16022   0.05854   0.07259   0.00283   0.01342   1.43625   0.05768   0.25228  
 45  0.0250   8471.352875  x:  4.22581   3.94546   4.89144   3.89983   2.09430   0.97124   2.28958   1.29597   1.17687   0.55289   0.36302   0.29658   3.08560   0.09889   0.16161   0.05814   0.07266   0.00290   0.01345   1.43740   0.05738   0.26575  
 46  0.0366   8471.351671  x:  4.23619   3.94560   4.89209   3.90426   2.09628   0.97097   2.29099   1.29689   1.17697   0.55271   0.36282   0.29669   3.08694   0.09534   0.16500   0.05835   0.07247   0.00285   0.01347   1.43595   0.05727   0.27775  
 47  0.0109   8471.351242  x:  4.23423   3.93960   4.88967   3.90409   2.09285   0.97067   2.28985   1.29525   1.17581   0.55292   0.36265   0.29667   3.08394   0.09576   0.16463   0.05845   0.07245   0.00284   0.01348   1.43569   0.05733   0.27959  
 48  0.0064   8471.351056  x:  4.23690   3.94051   4.89479   3.90814   2.09314   0.97159   2.29212   1.29536   1.17647   0.55388   0.36262   0.29684   3.08565   0.09425   0.16597   0.05842   0.07250   0.00285   0.01349   1.43637   0.05730   0.28574  
 49  0.0058   8471.351005  x:  4.23954   3.94060   4.89897   3.90910   2.09516   0.97201   2.29270   1.29631   1.17745   0.55411   0.36258   0.29699   3.08630   0.09396   0.16622   0.05839   0.07250   0.00284   0.01350   1.43651   0.05726   0.28777  
 50  0.0031   8471.350997  x:  4.23825   3.94072   4.89873   3.90835   2.09506   0.97184   2.29200   1.29630   1.17748   0.55394   0.36259   0.29694   3.08554   0.09390   0.16627   0.05841   0.07250   0.00285   0.01350   1.43640   0.05727   0.28796  
 51  0.0010   8471.350995  x:  4.23796   3.94131   4.89914   3.90875   2.09509   0.97181   2.29208   1.29637   1.17753   0.55393   0.36261   0.29693   3.08567   0.09388   0.16629   0.05841   0.07250   0.00285   0.01350   1.43640   0.05726   0.28811  
 52  0.0004   8471.350993  x:  4.23810   3.94088   4.89931   3.90885   2.09510   0.97166   2.29215   1.29643   1.17739   0.55386   0.36261   0.29693   3.08573   0.09385   0.16633   0.05841   0.07250   0.00284   0.01351   1.43646   0.05727   0.28826  
 53  0.0001   8471.350988  x:  4.23795   3.94100   4.89998   3.90877   2.09519   0.97167   2.29213   1.29654   1.17736   0.55377   0.36262   0.29692   3.08568   0.09398   0.16621   0.05840   0.07250   0.00285   0.01352   1.43636   0.05726   0.28771  
 54  0.0002   8471.350982  x:  4.23832   3.94072   4.89985   3.90871   2.09512   0.97187   2.29232   1.29628   1.17734   0.55391   0.36260   0.29694   3.08552   0.09399   0.16618   0.05841   0.07250   0.00284   0.01353   1.43634   0.05726   0.28743  
 55  0.0002   8471.350980  x:  4.23792   3.94093   4.89902   3.90855   2.09500   0.97183   2.29208   1.29621   1.17738   0.55391   0.36261   0.29692   3.08535   0.09401   0.16616   0.05841   0.07250   0.00284   0.01354   1.43642   0.05727   0.28750  
 56  0.0005   8471.350979  x:  4.23797   3.94099   4.89893   3.90855   2.09505   0.97177   2.29205   1.29629   1.17742   0.55389   0.36261   0.29693   3.08550   0.09398   0.16620   0.05840   0.07250   0.00284   0.01354   1.43641   0.05727   0.28760  
 57  0.0001   8471.350979  x:  4.23796   3.94094   4.89894   3.90856   2.09503   0.97176   2.29206   1.29631   1.17744   0.55390   0.36260   0.29693   3.08558   0.09399   0.16619   0.05840   0.07250   0.00284   0.01354   1.43640   0.05727   0.28756  
 58  0.0001   8471.350979  x:  4.23796   3.94095   4.89898   3.90859   2.09501   0.97178   2.29205   1.29633   1.17745   0.55391   0.36260   0.29693   3.08559   0.09399   0.16619   0.05841   0.07250   0.00284   0.01354   1.43640   0.05727   0.28756  
 59  0.0000   8471.350979  x:  4.23796   3.94095   4.89898   3.90859   2.09501   0.97178   2.29205   1.29633   1.17744   0.55390   0.36260   0.29693   3.08559   0.09399   0.16619   0.05841   0.07250   0.00284   0.01354   1.43640   0.05727   0.28756  
 60  0.0000   8471.350979  x:  4.23796   3.94095   4.89897   3.90859   2.09502   0.97178   2.29205   1.29633   1.17744   0.55390   0.36260   0.29693   3.08559   0.09399   0.16619   0.05841   0.07250   0.00284   0.01354   1.43640   0.05727   0.28756  
 61  0.0000   8471.350979  x:  4.23797   3.94095   4.89897   3.90859   2.09502   0.97178   2.29205   1.29633   1.17744   0.55390   0.36260   0.29693   3.08558   0.09399   0.16619   0.05841   0.07250   0.00284   0.01354   1.43640   0.05727   0.28756  
 62  0.0000   8471.350979  x:  4.23797   3.94095   4.89897   3.90859   2.09502   0.97178   2.29205   1.29633   1.17744   0.55390   0.36260   0.29693   3.08558   0.09399   0.16618   0.05841   0.07250   0.00284   0.01354   1.43640   0.05727   0.28756  