

TREE # 1

  0  0.0000   4492.964162  x:  0.08423   0.36678   0.27264   0.05339   0.22438   0.13276   0.22417   0.00000   0.27834   0.31440   0.35770   0.06651   0.04849   0.06378   0.06674   0.02009   0.02150   2.00000   0.20000  
  1 99.0000   4145.674587  x:  0.28890   0.52390   0.40032   0.35343   0.41073   0.29285   0.39733   0.69689   0.40697   0.41459   0.54741   0.12945   0.11000   0.09922   0.19773   0.03992   0.00000   1.96520   0.47792  
  2 1710.1698   4137.918663  x:  0.31119   0.54483   0.41670   0.38540   0.43289   0.31027   0.41642   0.76483   0.42266   0.42667   0.57208   0.13510   0.11515   0.10157   0.21067   0.04179   0.07454   1.96029   0.49617  
  3 3290.4050   4057.373669  x:  0.35002   0.64145   0.48338   0.43140   0.49956   0.33962   0.45259   0.77145   0.47608   0.46562   0.67801   0.12274   0.09660   0.08138   0.20452   0.00000   0.07417   1.93384   0.33347  
  4 411.0455   4015.436113  x:  0.38263   0.72382   0.54004   0.46983   0.55609   0.36424   0.48307   0.77476   0.52150   0.49864   0.76832   0.11210   0.08072   0.06455   0.19923   0.01099   0.07250   1.91101   0.19369  
  5 8575.8086   3930.450042  x:  0.47902   1.16863   0.81758   0.54091   0.81023   0.43520   0.59365   0.37594   0.74978   0.64501   1.25354   0.07828   0.03809   0.08468   0.12621   0.02930   0.06276   1.72537   0.32992  
  6 320.0131   3920.407518  x:  0.48470   1.23374   0.84305   0.54308   0.84128   0.43482   0.61510   0.30643   0.77706   0.65598   1.33455   0.15145   0.13072   0.11840   0.17447   0.03011   0.06066   1.67867   0.32822  
  7 241.6594   3913.435962  x:  0.44725   1.28068   0.74702   0.51214   0.82700   0.37207   0.69596   0.29728   0.75718   0.59397   1.46763   0.08755   0.11353   0.13441   0.31749   0.02890   0.05966   1.50400   0.32475  
  8 52.2398   3906.204430  x:  0.39860   1.32647   0.59552   0.47317   0.80586   0.29136   0.79119   0.33093   0.72626   0.51759   1.62943   0.09580   0.14541   0.07908   0.25412   0.02925   0.06004   1.27199   0.32315  
  9 77.5844   3905.207524  x:  0.39199   1.33266   0.56173   0.46672   0.80499   0.27925   0.80075   0.34037   0.72177   0.51068   1.65955   0.09397   0.14359   0.12494   0.22720   0.02885   0.06027   1.23358   0.31697  
 10 48.3541   3903.541910  x:  0.41958   1.32607   0.44111   0.46057   0.84596   0.29444   0.71159   0.33812   0.73004   0.58415   1.73793   0.10181   0.13402   0.11932   0.23431   0.02845   0.06002   1.22364   0.31332  
 11  7.7592   3898.621778  x:  0.56705   1.39155   0.42907   0.44221   0.89560   0.25483   0.56395   0.33934   0.61266   0.49931   1.90671   0.09844   0.13610   0.11918   0.22524   0.02733   0.05923   1.26587   0.29877  
 12  7.9879   3868.602631  x:  0.91250   1.59808   0.50608   0.00000   0.92828   0.15022   0.66536   0.35362   0.73825   0.61001   2.34439   0.04838   0.18877   0.11649   0.17953   0.02090   0.05415   1.42376   0.20707  
 13 17.3583   3858.171240  x:  1.01723   1.60491   0.52206   0.02141   0.96415   0.38442   0.76984   0.25782   0.73720   0.58833   2.45547   0.06131   0.17657   0.11769   0.16155   0.01759   0.05101   1.35544   0.15803  
 14 37.0260   3855.352173  x:  0.93730   1.62238   0.56711   0.21925   0.95605   0.27173   0.74284   0.22342   0.76848   0.64133   2.44090   0.09483   0.14313   0.11640   0.16414   0.01670   0.05026   1.29014   0.14672  
 15 15.5256   3852.646062  x:  0.58562   1.75765   0.60134   0.30477   1.09754   0.26385   0.70221   0.24940   0.71446   0.65300   2.44043   0.10691   0.13061   0.11180   0.16940   0.01660   0.04974   1.32441   0.14576  
 16 11.7685   3850.966451  x:  0.50772   1.79895   0.56025   0.38138   1.07680   0.28600   0.70428   0.22582   0.84977   0.54728   2.49323   0.08967   0.14598   0.10751   0.16719   0.01707   0.04900   1.40225   0.14933  
 17  3.2151   3841.270439  x:  0.44374   1.94315   0.67294   0.49392   0.93304   0.40322   0.87470   0.09369   0.78893   0.70568   2.67765   0.16289   0.07183   0.07798   0.20000   0.02062   0.04352   1.38360   0.17323  
 18  3.6560   3839.198059  x:  0.46649   1.93977   0.73430   0.47580   1.03531   0.40971   0.83445   0.07939   0.84046   0.71016   2.62754   0.06597   0.15569   0.07016   0.19510   0.02113   0.04247   1.26086   0.17338  
 19 11.5840   3838.777348  x:  0.48249   1.94082   0.74418   0.44556   1.09318   0.39888   0.82891   0.07856   0.87543   0.68143   2.60669   0.11368   0.11012   0.06972   0.20538   0.02111   0.04207   1.22703   0.17272  
 20  6.0332   3837.870328  x:  0.53942   1.98657   0.69032   0.45774   1.19293   0.35279   0.93120   0.03803   0.86338   0.67748   2.62450   0.10445   0.11629   0.07094   0.20457   0.02134   0.04059   1.27008   0.17024  
 21  1.5756   3831.132070  x:  0.67650   2.53907   0.70540   0.29084   1.05565   0.44799   0.99134   0.00408   0.99925   0.69376   2.98878   0.05499   0.13216   0.08142   0.22269   0.02149   0.03238   1.21591   0.13828  
 22  4.0963   3828.733173  x:  0.58023   2.25510   0.91336   0.21879   1.11721   0.43745   1.02951   0.01021   1.04867   0.69370   3.43923   0.04226   0.13794   0.08681   0.21424   0.02200   0.02944   1.24355   0.13171  
 23  5.5875   3821.704334  x:  0.64803   2.71396   0.91155   0.10344   1.22347   0.38731   1.08285   0.10782   1.06174   0.71179   3.73946   0.08732   0.12127   0.09241   0.13268   0.02570   0.02406   1.20348   0.13101  
 24  0.4121   3810.985388  x:  0.90799   3.32968   1.00552   0.08431   1.45992   0.34475   1.15493   0.19309   1.12386   0.74406   4.63864   0.01976   0.15854   0.09049   0.26682   0.03150   0.00865   1.28561   0.12417  
 25  0.4915   3805.916199  x:  1.05597   3.59256   1.06260   0.13645   1.55024   0.36606   1.19716   0.22143   1.18277   0.72781   5.22491   0.06347   0.15483   0.07625   0.25520   0.03327   0.00319   1.28612   0.09779  
 26  0.6416   3800.683371  x:  1.16235   3.57449   1.12258   0.46850   1.63971   0.42873   1.18615   0.27366   1.22333   0.66374   5.80566   0.09744   0.17702   0.08473   0.18744   0.03587   0.01812   1.23611   0.08939  
 27  0.4326   3797.568700  x:  1.22037   3.96814   1.22206   0.62635   1.87248   0.46053   1.25188   0.35318   1.32864   0.66153   6.69916   0.07411   0.16791   0.09615   0.21246   0.04082   0.01244   1.19004   0.08866  
 28  0.4812   3795.497891  x:  1.30791   4.35030   1.28576   0.72732   2.05915   0.48852   1.31518   0.42580   1.42534   0.65776   7.44299   0.04502   0.17353   0.09769   0.22952   0.04361   0.01018   1.16688   0.07238  
 29  1.3632   3794.436637  x:  1.34268   4.76317   1.34578   0.92937   2.28544   0.53240   1.39850   0.50993   1.56135   0.66291   8.37977   0.08260   0.14143   0.07121   0.22522   0.04693   0.00988   1.22576   0.06500  
 30  0.5213   3793.886442  x:  1.31839   4.92729   1.36556   1.03602   2.38221   0.55809   1.43344   0.54794   1.62847   0.67769   8.73967   0.10051   0.12574   0.08670   0.21523   0.04756   0.01100   1.24243   0.06566  
 31  0.3177   3793.592370  x:  1.33149   5.19263   1.40947   1.15214   2.51981   0.59224   1.48546   0.60153   1.71751   0.69134   9.27232   0.10549   0.11988   0.09658   0.21435   0.04867   0.01151   1.22674   0.05974  
 32  0.7035   3793.228098  x:  1.28495   5.61591   1.45803   1.33151   2.72243   0.65314   1.57972   0.68830   1.87387   0.73418  10.01791   0.10774   0.12160   0.08434   0.22398   0.04770   0.01396   1.19011   0.05541  
 33  0.3218   3792.998873  x:  1.25335   5.76101   1.47901   1.32929   2.75880   0.68376   1.63827   0.70372   1.94684   0.76023  10.13145   0.09039   0.14625   0.09520   0.22531   0.04278   0.01391   1.23978   0.05513  
 34  0.0481   3792.823299  x:  1.25528   5.94031   1.52386   1.33987   2.82336   0.71724   1.70420   0.72695   2.02885   0.77332  10.35544   0.08359   0.15388   0.09155   0.22506   0.03807   0.01353   1.23250   0.05200  
 35  0.1506   3792.659797  x:  1.26002   5.85266   1.53241   1.23971   2.75889   0.71615   1.71490   0.69965   2.02110   0.76576  10.06813   0.08010   0.15505   0.08403   0.22298   0.03218   0.01289   1.21819   0.05380  
 36  0.2934   3792.561588  x:  1.32143   5.73650   1.54129   1.18909   2.72101   0.70037   1.68950   0.68227   1.98123   0.73476   9.89903   0.10274   0.12760   0.09052   0.21838   0.03031   0.01305   1.20954   0.05449  
 37  0.0973   3792.499926  x:  1.38686   5.87640   1.57502   1.25129   2.80870   0.71358   1.70500   0.72068   2.01357   0.73004  10.21257   0.10436   0.12797   0.08849   0.22382   0.02828   0.01468   1.22820   0.05300  
 38  0.0936   3792.476512  x:  1.42702   5.88126   1.58668   1.25758   2.82148   0.70575   1.69032   0.72366   1.99107   0.73015  10.26713   0.09263   0.13824   0.08869   0.22169   0.02874   0.01419   1.21587   0.05295  
 39  0.0315   3792.471210  x:  1.43902   5.91466   1.59840   1.25262   2.83272   0.70788   1.69723   0.72595   1.99523   0.73638  10.30629   0.08996   0.14178   0.08916   0.22137   0.02773   0.01377   1.21831   0.05263  
 40  0.0394   3792.467239  x:  1.44445   5.93754   1.60189   1.25545   2.84159   0.70420   1.69365   0.72656   1.98703   0.74471  10.34506   0.09371   0.13916   0.08909   0.22204   0.02832   0.01342   1.22212   0.05251  
 41  0.0216   3792.465197  x:  1.44455   5.95602   1.60631   1.25131   2.84632   0.70368   1.69536   0.72595   1.98603   0.74960  10.35783   0.09641   0.13605   0.08845   0.22215   0.02802   0.01351   1.21852   0.05249  
 42  0.0103   3792.462781  x:  1.44299   5.99892   1.61309   1.25471   2.86095   0.70525   1.70002   0.72726   1.99062   0.75538  10.41567   0.09456   0.13731   0.08941   0.22157   0.02812   0.01388   1.21879   0.05218  
 43  0.0195   3792.460630  x:  1.45010   5.98942   1.61642   1.23232   2.85030   0.70151   1.69617   0.71707   1.98178   0.75051  10.38666   0.09277   0.13873   0.08898   0.22102   0.02808   0.01395   1.22165   0.05244  
 44  0.0124   3792.459699  x:  1.45098   5.99982   1.62026   1.22864   2.85248   0.70375   1.69929   0.71480   1.98695   0.74839  10.40730   0.09266   0.13957   0.08873   0.22201   0.02819   0.01393   1.21971   0.05230  
 45  0.0098   3792.459285  x:  1.45468   6.00960   1.62382   1.22981   2.85714   0.70592   1.70194   0.71449   1.99101   0.74809  10.43411   0.09292   0.13963   0.08916   0.22208   0.02819   0.01389   1.21935   0.05225  
 46  0.0130   3792.459023  x:  1.45845   6.02076   1.62676   1.23339   2.86316   0.70879   1.70616   0.71487   1.99656   0.74852  10.46682   0.09321   0.13908   0.08893   0.22176   0.02819   0.01385   1.22018   0.05210  
 47  0.0134   3792.458899  x:  1.45872   6.01413   1.62465   1.23103   2.85982   0.70941   1.70708   0.71230   1.99618   0.74976  10.46002   0.09287   0.13914   0.08902   0.22191   0.02825   0.01383   1.22029   0.05215  
 48  0.0029   3792.458813  x:  1.46313   6.01189   1.62407   1.23029   2.85956   0.70960   1.70743   0.71110   1.99501   0.75079  10.46150   0.09287   0.13931   0.08899   0.22196   0.02819   0.01388   1.22014   0.05214  
 49  0.0025   3792.458804  x:  1.46295   6.01163   1.62318   1.23042   2.85955   0.70944   1.70747   0.71083   1.99498   0.75072  10.46069   0.09287   0.13941   0.08896   0.22187   0.02820   0.01389   1.22016   0.05215  
 50  0.0005   3792.458790  x:  1.46327   6.01263   1.62129   1.23065   2.86039   0.70885   1.70758   0.71061   1.99492   0.75054  10.46012   0.09294   0.13931   0.08898   0.22189   0.02819   0.01387   1.22011   0.05215  
 51  0.0006   3792.458789  x:  1.46338   6.01250   1.62121   1.23068   2.86035   0.70877   1.70735   0.71060   1.99480   0.75044  10.46020   0.09291   0.13930   0.08897   0.22192   0.02818   0.01388   1.22014   0.05215  
 52  0.0002   3792.458786  x:  1.46269   6.01197   1.62090   1.23098   2.85980   0.70881   1.70674   0.71051   1.99482   0.75050  10.46048   0.09292   0.13930   0.08898   0.22191   0.02818   0.01388   1.22012   0.05216  
 53  0.0002   3792.458786  x:  1.46258   6.01145   1.62087   1.23087   2.85956   0.70877   1.70666   0.71044   1.99469   0.75046  10.45980   0.09295   0.13926   0.08898   0.22190   0.02818   0.01387   1.22010   0.05216  
 54  0.0006   3792.458785  x:  1.46229   6.01105   1.62086   1.23097   2.85946   0.70869   1.70674   0.71044   1.99450   0.75042  10.46016   0.09296   0.13926   0.08898   0.22190   0.02817   0.01388   1.22009   0.05216  
 55  0.0001   3792.458785  x:  1.46230   6.01121   1.62087   1.23100   2.85952   0.70871   1.70678   0.71045   1.99453   0.75044  10.46043   0.09295   0.13927   0.08898   0.22190   0.02817   0.01388   1.22010   0.05216  
 56  0.0003   3792.458785  x:  1.46230   6.01119   1.62087   1.23100   2.85952   0.70870   1.70678   0.71045   1.99453   0.75044  10.46041   0.09295   0.13927   0.08898   0.22190   0.02817   0.01388   1.22010   0.05216  