

TREE # 1

  0  0.0000   9780.201121  x:  0.00000   0.59057   0.55804   0.17651   0.31906   0.06288   0.31722   0.18410   0.22421   0.21486   0.30606   0.14251   0.02610   0.08374   0.06163   0.02169   0.03874   2.00000   0.20000   0.20000   0.20000  
  1 99.0000   8736.897417  x:  1.84790   0.72026   0.69578   0.49716   0.47488   0.31104   0.46229   0.32446   0.38395   0.34479   0.55524   0.22303   0.23688   0.16459   0.10862   0.07249   0.08621   1.94226   0.83444   0.18169   0.13890  
  2 5986.9969   8622.903979  x:  1.87454   0.75474   0.72856   0.55327   0.51735   0.35558   0.52741   0.37218   0.44651   0.39509   0.60375   0.20966   0.23364   0.15416   0.09016   0.01022   0.03847   1.93650   0.69997   0.15552   0.02495  
  3 605.5472   8507.834805  x:  1.91303   0.81411   0.78507   0.64785   0.58650   0.42705   0.63357   0.44824   0.54581   0.47392   0.68567   0.19975   0.24033   0.13935   0.07983   0.06813   0.03840   1.92325   0.44636   0.10900   0.00410  
  4 1387.7325   8412.720389  x:  1.94723   0.86602   0.83448   0.73073   0.64728   0.48996   0.72687   0.51524   0.63330   0.54345   0.75746   0.18975   0.24491   0.12626   0.06877   0.09681   0.02849   1.91188   0.22646   0.06848   0.01136  
  5 40915.1592   8368.873233  x:  1.84534   0.96706   0.93462   0.86743   0.73716   0.56865   0.86310   0.60791   0.74071   0.62192   0.88498   0.19629   0.25645   0.17752   0.15798   0.06636   0.14503   1.83712   0.23771   0.01659   0.01553  
  6 358.7751   8359.607360  x:  1.80201   1.01717   0.98528   0.93311   0.77258   0.59675   0.91624   0.64054   0.77519   0.64267   0.94730   0.20682   0.26745   0.19793   0.17974   0.06549   0.16638   1.79052   0.24084   0.10191   0.01741  
  7 520.1600   8328.701688  x:  1.71306   1.19269   1.17360   1.14352   0.80228   0.58150   0.95483   0.61874   0.70290   0.52789   1.15827   0.31702   0.35439   0.10293   0.16164   0.10288   0.07286   1.53583   0.25428   0.08496   0.01911  
  8 158.8560   8315.326590  x:  1.70287   1.26898   1.25926   1.23827   0.79436   0.54936   0.94142   0.58132   0.63982   0.44817   1.25476   0.36800   0.39161   0.13472   0.20518   0.07563   0.08551   1.40546   0.19874   0.08605   0.01495  
  9 297.1344   8311.533248  x:  1.70864   1.29034   1.30182   1.29386   0.75305   0.47627   0.88856   0.53546   0.66375   0.49435   1.31748   0.31677   0.31329   0.12882   0.16943   0.07193   0.11554   1.32052   0.19197   0.08686   0.01534  
 10 40.9622   8310.699079  x:  1.70734   1.29184   1.31242   1.31043   0.74547   0.45798   0.87705   0.52881   0.66784   0.50551   1.33671   0.29931   0.28494   0.15722   0.16984   0.08499   0.09364   1.30358   0.19513   0.08060   0.01599  
 11 47.8120   8310.207318  x:  1.70625   1.27139   1.31972   1.33351   0.75857   0.45105   0.87578   0.54759   0.64325   0.49201   1.36712   0.29381   0.24991   0.16854   0.14665   0.08672   0.10029   1.31867   0.19668   0.07860   0.01645  
 12  9.8846   8309.051554  x:  1.70131   1.18236   1.33532   1.38458   0.78478   0.40699   0.84744   0.57881   0.63238   0.51434   1.45083   0.35376   0.20470   0.15027   0.17446   0.08694   0.09124   1.36006   0.19309   0.08159   0.01631  
 13 11.4691   8308.198367  x:  1.69522   1.12547   1.34929   1.39463   0.80553   0.39310   0.84773   0.57357   0.65706   0.52338   1.48844   0.40973   0.19899   0.17587   0.13954   0.08604   0.09317   1.35834   0.19134   0.07650   0.01647  
 14 14.1096   8305.254199  x:  1.69894   1.00952   1.41630   1.36335   0.88176   0.42049   0.92517   0.52321   0.72395   0.47567   1.54821   0.45866   0.09573   0.16853   0.14585   0.09035   0.08417   1.29975   0.17963   0.07535   0.01708  
 15 14.7383   8296.702922  x:  1.68941   1.12293   1.70881   1.25413   0.87486   0.39322   1.07866   0.57482   0.68927   0.57889   1.65697   0.41289   0.09728   0.18967   0.11112   0.09772   0.06121   1.37323   0.15348   0.06479   0.01881  
 16 10.3379   8292.349805  x:  1.65258   1.20263   1.65816   1.38859   0.89655   0.47460   0.99362   0.56985   0.79155   0.51805   1.72913   0.24854   0.21663   0.19089   0.10105   0.10312   0.04733   1.43886   0.14615   0.06052   0.01984  
 17 15.5126   8290.711189  x:  1.64550   1.23240   1.49441   1.50583   0.85640   0.46636   1.05956   0.61722   0.76674   0.54207   1.69493   0.22743   0.23715   0.18853   0.09824   0.10358   0.04233   1.37436   0.14138   0.05882   0.02010  
 18 11.2059   8289.748900  x:  1.64145   1.31984   1.42037   1.60913   0.85835   0.45294   1.11065   0.55247   0.76892   0.54990   1.64797   0.27547   0.19172   0.18910   0.09481   0.10275   0.04079   1.42751   0.14391   0.05819   0.02042  
 19  8.8473   8288.665099  x:  1.64076   1.40690   1.40417   1.65677   0.91713   0.46989   1.04354   0.60762   0.78140   0.55819   1.55536   0.33909   0.12919   0.19051   0.09011   0.10010   0.04087   1.41350   0.14125   0.05682   0.02068  
 20  5.1447   8284.369899  x:  1.63389   1.43406   1.48299   1.74300   0.94494   0.34302   1.10500   0.73710   0.89833   0.47518   1.46446   0.29508   0.17693   0.16940   0.09371   0.08650   0.04316   1.45656   0.14993   0.05596   0.02204  
 21  3.1506   8278.559803  x:  1.59910   1.40265   1.54234   1.80771   1.04469   0.46594   1.13621   0.69682   0.80521   0.61839   1.48951   0.19665   0.27936   0.14614   0.09643   0.06720   0.04467   1.46984   0.15768   0.05314   0.02372  
 22 11.3309   8276.809813  x:  1.59069   1.48255   1.46897   1.71483   0.90597   0.58433   1.13353   0.73902   0.84325   0.60128   1.67132   0.25685   0.22874   0.14122   0.09569   0.06035   0.04744   1.49382   0.15947   0.05253   0.02429  
 23  8.2277   8275.704189  x:  1.59359   1.58042   1.37687   1.62794   1.06609   0.47856   1.15473   0.73323   0.84943   0.60385   1.80734   0.24576   0.23942   0.13991   0.09916   0.05116   0.05387   1.48569   0.15578   0.05233   0.02464  
 24  2.0561   8272.504863  x:  1.56893   1.56313   1.53807   1.80685   1.03876   0.51804   1.20506   0.73550   0.86735   0.60765   1.81906   0.26252   0.22787   0.14335   0.10547   0.02421   0.07236   1.50004   0.14535   0.05087   0.02573  
 25  1.3657   8269.114494  x:  1.54946   1.56891   1.72231   1.88107   1.08525   0.50307   1.25964   0.72579   0.87765   0.60766   2.03941   0.27227   0.17494   0.18602   0.09624   0.03127   0.05313   1.48086   0.13199   0.03391   0.02893  
 26  0.3973   8267.076198  x:  1.53459   1.60715   1.80321   2.08468   1.05822   0.55761   1.29033   0.73764   0.88871   0.61347   2.14884   0.26911   0.15438   0.17779   0.10003   0.04077   0.06931   1.45636   0.12487   0.04674   0.03354  
 27  0.1569   8265.250053  x:  1.52640   1.69683   1.86459   2.21774   1.13151   0.56005   1.31568   0.76680   0.90258   0.61990   2.32922   0.31283   0.16687   0.16466   0.10646   0.03892   0.05644   1.43980   0.12225   0.05063   0.03808  
 28  0.2629   8264.317541  x:  1.53598   1.77565   1.89047   2.29436   1.17906   0.54498   1.34174   0.79025   0.92218   0.63199   2.44939   0.28104   0.15951   0.17478   0.08271   0.03359   0.05920   1.45558   0.12035   0.04465   0.04151  
 29  0.2131   8263.247641  x:  1.56496   1.88856   1.93266   2.41556   1.24120   0.52889   1.37445   0.81978   0.95466   0.64431   2.58064   0.25911   0.15010   0.17027   0.09942   0.03071   0.05622   1.50251   0.11201   0.04419   0.04595  
 30  0.2196   8260.333376  x:  1.74259   2.00085   1.98717   2.63438   1.31246   0.52303   1.39613   0.87514   0.97939   0.68384   2.66065   0.27628   0.18731   0.19100   0.09228   0.04302   0.06625   1.60506   0.10789   0.03846   0.05649  
 31  0.1077   8255.947610  x:  2.10022   1.98377   1.98150   2.64026   1.28963   0.55225   1.38893   0.92353   0.98637   0.71795   2.56109   0.24400   0.14498   0.17977   0.10637   0.04338   0.05669   1.60935   0.11553   0.04005   0.06612  
 32  0.1498   8248.373866  x:  2.71717   1.90608   2.06129   2.59021   1.30598   0.57866   1.42708   0.97077   1.00173   0.73927   2.43979   0.27926   0.10679   0.17054   0.07438   0.03126   0.05042   1.52632   0.09767   0.03677   0.07984  
 33  0.4570   8245.536714  x:  3.13198   1.79487   1.96835   2.39635   1.19307   0.67414   1.40653   0.94718   0.98858   0.72294   2.14731   0.24267   0.17471   0.18004   0.09198   0.03042   0.06029   1.56346   0.10389   0.04436   0.08366  
 34  0.4304   8244.781965  x:  3.33353   1.81722   1.97050   2.39232   1.17108   0.72569   1.43125   0.92043   0.99949   0.70168   2.16876   0.21423   0.16778   0.19183   0.08234   0.03248   0.05972   1.60891   0.10235   0.03982   0.08771  
 35  0.1447   8244.169859  x:  3.44412   1.85813   1.97654   2.42648   1.17600   0.75899   1.45560   0.86876   1.00352   0.66434   2.27392   0.25862   0.14323   0.18155   0.08438   0.03181   0.05309   1.62609   0.10146   0.04047   0.08825  
 36  0.0792   8242.835731  x:  3.55373   1.96001   1.95747   2.55251   1.20915   0.76406   1.48335   0.81059   0.99732   0.64110   2.46050   0.21417   0.18185   0.17781   0.08814   0.02900   0.07027   1.56707   0.09836   0.04083   0.08200  
 37  0.0541   8235.764426  x:  4.09906   2.17457   2.02507   2.77546   1.29933   0.70240   1.52325   0.93900   1.02449   0.75225   2.59401   0.24014   0.18747   0.20552   0.09835   0.03760   0.05896   1.49067   0.08676   0.03966   0.04477  
 38  0.0855   8233.377827  x:  4.71875   2.29231   2.17546   2.95708   1.35214   0.78235   1.61622   1.03988   1.11079   0.78621   2.66187   0.28148   0.17233   0.17927   0.09379   0.03648   0.05314   1.63925   0.07996   0.04285   0.03729  
 39  0.4322   8232.716325  x:  4.85534   2.27229   2.21912   2.98789   1.35244   0.83034   1.64139   1.06506   1.13485   0.78718   2.63243   0.28409   0.16765   0.16931   0.09106   0.03479   0.05485   1.68530   0.08184   0.04433   0.04374  
 40  0.2366   8231.778295  x:  5.29756   2.39050   2.41201   3.29826   1.46128   0.92368   1.76193   1.16281   1.21164   0.82971   2.81685   0.27393   0.17102   0.16645   0.09633   0.03226   0.06410   1.68343   0.07207   0.04708   0.04514  
 41  0.3215   8231.122256  x:  5.59155   2.45983   2.54450   3.50605   1.53903   0.98765   1.84567   1.23128   1.26267   0.86419   2.92736   0.26679   0.17753   0.16983   0.09945   0.03259   0.06693   1.66571   0.06972   0.04807   0.03934  
 42  0.6024   8230.534233  x:  6.00758   2.58959   2.77326   3.81481   1.67811   1.07974   1.98441   1.33387   1.34873   0.91614   3.13061   0.27030   0.17364   0.17650   0.09719   0.03516   0.05969   1.68272   0.06236   0.04645   0.04232  
 43  0.5304   8230.289294  x:  6.10824   2.63680   2.86276   3.90640   1.73929   1.11166   2.04223   1.36255   1.38269   0.93635   3.20481   0.27731   0.16863   0.17653   0.09409   0.03611   0.05480   1.69628   0.06202   0.04491   0.04465  
 44  0.1920   8230.081531  x:  6.47789   2.79739   3.07555   4.18649   1.88534   1.19067   2.18604   1.44663   1.46962   0.99158   3.42698   0.28450   0.16349   0.17232   0.09328   0.03537   0.05634   1.71148   0.05664   0.04490   0.04369  
 45  0.4386   8229.939644  x:  6.64309   2.92424   3.18763   4.31614   1.97914   1.22795   2.27702   1.48097   1.52320   1.03061   3.57580   0.28471   0.16250   0.17166   0.09570   0.03417   0.06109   1.71571   0.05504   0.04577   0.04229  
 46  0.2034   8229.872414  x:  6.89022   3.05925   3.32704   4.48171   2.08260   1.27915   2.38049   1.53491   1.58775   1.07503   3.74027   0.28545   0.16133   0.17353   0.09610   0.03463   0.05954   1.72593   0.05197   0.04586   0.04278  
 47  0.3885   8229.819410  x:  7.00283   3.14816   3.37761   4.51795   2.12927   1.29647   2.43040   1.55392   1.62279   1.10141   3.82605   0.28475   0.16207   0.17496   0.09535   0.03555   0.05630   1.73108   0.05127   0.04595   0.04379  
 48  0.1450   8229.784149  x:  7.25837   3.30059   3.48337   4.63427   2.21527   1.33783   2.52424   1.59958   1.68811   1.14717   3.98800   0.28730   0.16033   0.17292   0.09475   0.03519   0.05764   1.73747   0.04894   0.04638   0.04346  
 49  0.2282   8229.769127  x:  7.29363   3.32693   3.47096   4.61538   2.21051   1.33626   2.52603   1.60066   1.69546   1.15281   4.00357   0.28813   0.15934   0.17256   0.09484   0.03489   0.05872   1.73586   0.04910   0.04634   0.04324  
 50  0.0513   8229.759485  x:  7.44609   3.40722   3.50692   4.66034   2.23935   1.35511   2.56436   1.62698   1.72989   1.17613   4.08652   0.28930   0.15745   0.17395   0.09538   0.03503   0.05816   1.73897   0.04807   0.04601   0.04350  
 51  0.1120   8229.754518  x:  7.42779   3.37684   3.47411   4.63929   2.20996   1.34517   2.53704   1.62451   1.71917   1.16664   4.06227   0.28885   0.15846   0.17328   0.09508   0.03519   0.05778   1.73898   0.04855   0.04588   0.04355  
 52  0.0284   8229.752499  x:  7.44635   3.37692   3.47839   4.65827   2.21047   1.34618   2.53662   1.63085   1.72148   1.16753   4.07568   0.28858   0.15869   0.17333   0.09508   0.03504   0.05816   1.73931   0.04837   0.04602   0.04351  
 53  0.0181   8229.751404  x:  7.45944   3.38698   3.49471   4.68434   2.22282   1.34695   2.54448   1.63665   1.72638   1.17241   4.10183   0.28869   0.15802   0.17378   0.09529   0.03502   0.05812   1.73943   0.04818   0.04622   0.04355  
 54  0.0125   8229.750898  x:  7.49931   3.40692   3.51447   4.70936   2.23713   1.35189   2.55796   1.64516   1.73616   1.17984   4.13044   0.28921   0.15793   0.17326   0.09506   0.03506   0.05805   1.74109   0.04788   0.04616   0.04353  
 55  0.0351   8229.750626  x:  7.52284   3.41032   3.52643   4.72296   2.24295   1.35579   2.56401   1.64981   1.74023   1.18290   4.13699   0.28895   0.15832   0.17354   0.09516   0.03502   0.05812   1.74160   0.04776   0.04598   0.04355  
 56  0.0090   8229.750526  x:  7.53928   3.41377   3.53449   4.73193   2.24715   1.35887   2.56864   1.65286   1.74332   1.18482   4.14158   0.28898   0.15815   0.17341   0.09519   0.03504   0.05809   1.74180   0.04765   0.04606   0.04354  
 57  0.0134   8229.750513  x:  7.53824   3.41225   3.53365   4.73085   2.24615   1.35878   2.56784   1.65241   1.74288   1.18428   4.13926   0.28901   0.15810   0.17340   0.09514   0.03505   0.05808   1.74168   0.04767   0.04610   0.04354  
 58  0.0028   8229.750507  x:  7.54214   3.41442   3.53504   4.73320   2.24704   1.35939   2.56891   1.65287   1.74391   1.18464   4.14107   0.28904   0.15806   0.17345   0.09512   0.03504   0.05809   1.74178   0.04764   0.04611   0.04354  
 59  0.0019   8229.750503  x:  7.54124   3.41435   3.53477   4.73365   2.24679   1.35931   2.56863   1.65254   1.74385   1.18434   4.14019   0.28901   0.15810   0.17341   0.09515   0.03504   0.05808   1.74181   0.04765   0.04610   0.04354  
 60  0.0006   8229.750502  x:  7.54103   3.41431   3.53457   4.73394   2.24658   1.35929   2.56844   1.65244   1.74382   1.18424   4.13947   0.28901   0.15810   0.17343   0.09514   0.03504   0.05808   1.74176   0.04765   0.04610   0.04354  
 61  0.0004   8229.750502  x:  7.54076   3.41436   3.53443   4.73407   2.24657   1.35916   2.56836   1.65251   1.74374   1.18439   4.13912   0.28902   0.15808   0.17342   0.09514   0.03504   0.05808   1.74174   0.04765   0.04610   0.04354  
 62  0.0002   8229.750501  x:  7.54133   3.41467   3.53465   4.73445   2.24674   1.35924   2.56854   1.65260   1.74387   1.18449   4.13938   0.28901   0.15810   0.17342   0.09514   0.03504   0.05808   1.74180   0.04765   0.04610   0.04354  
 63  0.0004   8229.750501  x:  7.54132   3.41466   3.53464   4.73444   2.24673   1.35924   2.56854   1.65260   1.74387   1.18449   4.13937   0.28901   0.15810   0.17342   0.09514   0.03504   0.05808   1.74180   0.04765   0.04610   0.04354  
 64  0.0004   8229.750501  x:  7.54128   3.41464   3.53462   4.73441   2.24672   1.35923   2.56853   1.65259   1.74385   1.18448   4.13935   0.28901   0.15810   0.17342   0.09514   0.03504   0.05808   1.74179   0.04765   0.04610   0.04354  
 65  0.0004   8229.750501  x:  7.54124   3.41462   3.53460   4.73439   2.24670   1.35923   2.56851   1.65258   1.74384   1.18447   4.13932   0.28901   0.15810   0.17342   0.09514   0.03504   0.05808   1.74179   0.04765   0.04610   0.04354  
 66  0.0004   8229.750501  x:  7.54121   3.41460   3.53457   4.73437   2.24669   1.35922   2.56851   1.65257   1.74383   1.18447   4.13930   0.28902   0.15810   0.17342   0.09514   0.03504   0.05808   1.74179   0.04765   0.04610   0.04354  
 67  0.0003   8229.750501  x:  7.54118   3.41459   3.53455   4.73435   2.24668   1.35922   2.56850   1.65257   1.74382   1.18446   4.13929   0.28902   0.15810   0.17342   0.09514   0.03504   0.05808   1.74178   0.04765   0.04610   0.04354  
 68  0.0002   8229.750501  x:  7.54116   3.41458   3.53454   4.73434   2.24668   1.35922   2.56849   1.65256   1.74381   1.18446   4.13928   0.28902   0.15810   0.17342   0.09514   0.03504   0.05808   1.74178   0.04765   0.04610   0.04354  
 69  0.0002   8229.750501  x:  7.54115   3.41457   3.53452   4.73433   2.24667   1.35922   2.56849   1.65256   1.74381   1.18446   4.13927   0.28902   0.15809   0.17342   0.09514   0.03504   0.05808   1.74178   0.04765   0.04610   0.04354  
 70  0.0001   8229.750501  x:  7.54114   3.41456   3.53451   4.73433   2.24667   1.35922   2.56849   1.65255   1.74380   1.18445   4.13926   0.28902   0.15809   0.17342   0.09514   0.03504   0.05808   1.74178   0.04765   0.04610   0.04354  
 71  0.0001   8229.750501  x:  7.54114   3.41456   3.53450   4.73433   2.24666   1.35922   2.56849   1.65255   1.74380   1.18445   4.13925   0.28902   0.15809   0.17342   0.09514   0.03504   0.05808   1.74178   0.04765   0.04610   0.04354  
 72  0.0001   8229.750501  x:  7.54113   3.41456   3.53448   4.73433   2.24666   1.35922   2.56849   1.65255   1.74379   1.18445   4.13925   0.28902   0.15809   0.17342   0.09514   0.03504   0.05808   1.74178   0.04765   0.04610   0.04354  
 73  0.0000   8229.750501  x:  7.54114   3.41456   3.53447   4.73433   2.24666   1.35923   2.56849   1.65254   1.74379   1.18445   4.13924   0.28902   0.15809   0.17342   0.09514   0.03504   0.05808   1.74178   0.04765   0.04610   0.04354  
 74  0.0000   8229.750501  x:  7.54118   3.41459   3.53447   4.73436   2.24667   1.35924   2.56851   1.65255   1.74379   1.18446   4.13926   0.28902   0.15809   0.17342   0.09514   0.03504   0.05808   1.74178   0.04765   0.04610   0.04354  
 75  0.0000   8229.750501  x:  7.54118   3.41459   3.53447   4.73436   2.24667   1.35924   2.56851   1.65255   1.74379   1.18446   4.13926   0.28902   0.15809   0.17342   0.09514   0.03504   0.05808   1.74178   0.04765   0.04610   0.04354  
 76  0.0000   8229.750501  x:  7.54118   3.41459   3.53447   4.73436   2.24667   1.35924   2.56851   1.65255   1.74379   1.18446   4.13926   0.28902   0.15809   0.17342   0.09514   0.03504   0.05808   1.74178   0.04765   0.04610   0.04354  
 77  0.0001   8229.750501  x:  7.54118   3.41459   3.53447   4.73436   2.24667   1.35924   2.56851   1.65255   1.74379   1.18446   4.13926   0.28902   0.15809   0.17342   0.09514   0.03504   0.05808   1.74178   0.04765   0.04610   0.04354  
 78  0.0013   8229.750501  x:  7.54118   3.41459   3.53447   4.73436   2.24667   1.35924   2.56851   1.65255   1.74379   1.18446   4.13926   0.28902   0.15809   0.17342   0.09514   0.03504   0.05808   1.74178   0.04765   0.04610   0.04354  
 79  0.0002   8229.750501  x:  7.54118   3.41459   3.53447   4.73436   2.24667   1.35924   2.56851   1.65255   1.74379   1.18446   4.13926   0.28902   0.15809   0.17342   0.09514   0.03504   0.05808   1.74178   0.04765   0.04610   0.04354  
 80  0.0584   8229.750501  x:  7.54118   3.41459   3.53447   4.73436   2.24667   1.35924   2.56851   1.65255   1.74379   1.18446   4.13926   0.28902   0.15809   0.17342   0.09514   0.03504   0.05808   1.74178   0.04765   0.04610   0.04354  
check convergence!
