

TREE # 1

  0  0.0000   7903.402766  x:  0.06009   1.10374   1.13173   0.20253   0.92879   0.02223   0.95838   0.20109   0.69715   0.69336   1.01107   0.13945   0.00945   0.13568   0.10803   0.02345   0.01888   2.00000   0.20000   0.20000   0.20000  
  1 99.0000   7296.059574  x:  0.06520   1.09843   1.12737   0.20494   0.92270   0.02641   0.95277   0.19578   0.69076   0.68660   1.00801   0.13782   0.01740   0.13490   0.10698   0.02895   0.01357   2.00301   0.02473   0.18621   0.19248  
  2 3161.4864   7258.795669  x:  0.13497   1.10001   1.13171   0.23747   0.92116   0.07320   0.95182   0.20071   0.68819   0.68177   1.01837   0.12711   0.03162   0.13148   0.10353   0.03927   0.00000   2.00122   0.01739   0.12658   0.16035  
  3 505.2595   7246.050380  x:  0.17922   1.09802   1.13201   0.25926   0.91673   0.10257   0.94804   0.20074   0.68297   0.67487   1.02341   0.11947   0.04460   0.12974   0.10182   0.04954   0.02057   2.00165   0.01333   0.07824   0.13460  
  4 3025.6479   7203.324534  x:  0.21400   1.08307   1.12108   0.27940   0.89807   0.12601   0.93107   0.18689   0.66310   0.65288   1.01951   0.11061   0.07204   0.12968   0.09933   0.05890   0.02258   2.00911   0.01429   0.00010   0.09424  
  5 1693.2693   7161.854713  x:  0.28633   1.04584   1.09327   0.32293   0.85227   0.17479   0.88931   0.15178   0.61452   0.59950   1.00794   0.09103   0.13703   0.13104   0.09385   0.07872   0.02719   2.02779   0.01846   0.00082   0.00010  
  6 601.7303   7146.475329  x:  0.33872   1.01660   1.07368   0.36725   0.81365   0.20502   0.85463   0.13107   0.57707   0.55672   1.00790   0.05218   0.15409   0.15502   0.12939   0.01997   0.03623   2.03619   0.01902   0.00077   0.00010  
  7 388.2659   7142.545015  x:  0.35097   1.00213   1.06583   0.39300   0.79205   0.20704   0.83601   0.13031   0.56152   0.53757   1.01581   0.01821   0.13204   0.16724   0.15355   0.03466   0.03483   2.03394   0.01973   0.00088   0.00010  
  8 180.5701   7134.000666  x:  0.36117   0.94122   1.04966   0.55180   0.67907   0.16214   0.74581   0.20699   0.52398   0.47652   1.12019   0.04248   0.08292   0.13289   0.12512   0.02714   0.03584   1.97314   0.01969   0.00078   0.00010  
  9 77.9474   7130.300432  x:  0.36344   0.91272   1.04446   0.63194   0.62431   0.14166   0.70247   0.24519   0.51274   0.45279   1.17878   0.08108   0.08204   0.15088   0.14310   0.03599   0.03418   1.93602   0.01967   0.00057   0.00010  
 10 299.9780   7128.425432  x:  0.33574   0.88220   1.03446   0.66686   0.58772   0.17731   0.67115   0.22019   0.54036   0.46920   1.23048   0.06775   0.09089   0.17758   0.11828   0.03562   0.03505   1.88569   0.01963   0.00032   0.00010  
 11 36.3537   7126.613886  x:  0.30407   0.84827   1.02301   0.69611   0.55091   0.22010   0.64014   0.18418   0.57157   0.49052   1.28848   0.05475   0.11124   0.14964   0.13586   0.03604   0.03522   1.82418   0.01991   0.00030   0.00010  
 12 91.0084   7125.668955  x:  0.33087   0.82885   1.01551   0.65399   0.54759   0.20834   0.65503   0.16930   0.53263   0.48003   1.33997   0.03269   0.13476   0.14683   0.13240   0.03582   0.03576   1.73542   0.02008   0.00015   0.00010  
 13 12.0787   7125.279012  x:  0.33279   0.80290   1.00126   0.62399   0.54571   0.21133   0.65435   0.19901   0.53118   0.48303   1.36363   0.01694   0.14945   0.14838   0.13360   0.03497   0.03588   1.68777   0.02006   0.00023   0.00010  
 14  7.4122   7124.628068  x:  0.35594   0.78410   0.99552   0.60772   0.56513   0.19891   0.64419   0.16245   0.54456   0.47264   1.39622   0.03919   0.12413   0.15101   0.13334   0.03520   0.03569   1.63521   0.01992   0.00035   0.00010  
 15  5.3308   7121.826096  x:  0.33019   0.80128   1.02590   0.64802   0.64201   0.28126   0.69220   0.16017   0.49625   0.42312   1.42573   0.06628   0.10031   0.15342   0.13436   0.03531   0.03629   1.60014   0.01997   0.00039   0.00010  
 16  3.2854   7103.736437  x:  0.47700   0.95085   1.17884   0.82132   0.72369   0.26122   0.80513   0.14538   0.50832   0.55422   1.48333   0.00000   0.17434   0.15377   0.13316   0.03039   0.03585   1.59476   0.01967   0.00061   0.00010  
 17 16.4476   7100.524787  x:  0.55452   1.01207   1.21227   0.72114   0.68099   0.31199   0.75646   0.19011   0.62754   0.45384   1.52738   0.00000   0.15313   0.15340   0.13866   0.02790   0.03867   1.65709   0.02071   0.00050   0.00010  
 18 19.3205   7100.325484  x:  0.55970   1.01908   1.21640   0.71408   0.67877   0.31480   0.75283   0.19315   0.63755   0.44408   1.53459   0.01390   0.15372   0.15332   0.13890   0.02770   0.03881   1.66317   0.02076   0.00050   0.00010  
 19 44.0867   7099.608600  x:  0.55544   1.12902   1.24849   0.65970   0.59505   0.34106   0.79209   0.16695   0.58550   0.45789   1.78888   0.00000   0.16583   0.15539   0.13834   0.02737   0.03779   1.80407   0.02019   0.00070   0.00010  
 20  6.0698   7099.608600  x:  0.55544   1.12902   1.24849   0.65970   0.59505   0.34106   0.79209   0.16695   0.58550   0.45789   1.78888   0.00000   0.16583   0.15539   0.13834   0.02737   0.03779   1.80407   0.02019   0.00070   0.00010  
 21  2.3700   7099.091834  x:  0.55550   1.12902   1.24849   0.65973   0.59506   0.34108   0.79209   0.16698   0.58552   0.45792   1.78889   0.00001   0.16583   0.15539   0.13830   0.02737   0.03744   1.80406   0.01998   0.00237   0.00010  
 22 974.7588   7097.385424  x:  0.55777   1.12917   1.24884   0.66121   0.59540   0.34201   0.79220   0.16826   0.58630   0.45910   1.78926   0.00002   0.16588   0.15532   0.13655   0.02713   0.02249   1.80334   0.01800   0.00216   0.00010  
 23 213.7706   7095.829199  x:  0.55978   1.12930   1.24915   0.66253   0.59571   0.34283   0.79231   0.16940   0.58699   0.46015   1.78959   0.00003   0.16592   0.15526   0.13501   0.02707   0.00952   1.80270   0.01893   0.00224   0.00010  
 24 5176.0952   7095.141674  x:  0.56341   1.12955   1.24971   0.66490   0.59626   0.34431   0.79250   0.17142   0.58823   0.46201   1.79019   0.00001   0.16597   0.15520   0.13245   0.03702   0.00402   1.80156   0.01874   0.00223   0.00010  
 25 147.5814   7091.436355  x:  0.65033   1.13547   1.26325   0.72178   0.60936   0.37956   0.79689   0.21881   0.61746   0.50606   1.80469   0.00098   0.16888   0.15613   0.08850   0.03431   0.00650   1.77435   0.01801   0.00222   0.00010  
 26 61.2146   7084.251670  x:  0.89390   1.15329   1.30244   0.88227   0.64432   0.47614   0.80705   0.33786   0.69332   0.61938   1.84715   0.01007   0.18484   0.17385   0.13633   0.03557   0.00619   1.69744   0.01591   0.00221   0.00010  
 27 234.7470   7083.351574  x:  0.91351   1.15533   1.30622   0.89558   0.64636   0.48307   0.80691   0.34264   0.69661   0.62419   1.85143   0.00000   0.17637   0.16814   0.14050   0.03555   0.00618   1.69139   0.01576   0.00224   0.00010  
 28 118.3258   7081.973147  x:  1.00763   1.17044   1.33019   0.96266   0.64913   0.50868   0.79772   0.32478   0.68776   0.61002   1.88035   0.00000   0.19429   0.13480   0.14865   0.03551   0.00621   1.66373   0.01525   0.00231   0.00010  
 29 55.2164   7078.594437  x:  1.26396   1.21662   1.40137   1.14811   0.64811   0.57049   0.76492   0.24182   0.64369   0.54118   1.96775   0.00000   0.19173   0.16862   0.15395   0.03544   0.00599   1.59054   0.01400   0.00239   0.00010  
 30 125.2528   7077.951119  x:  1.24141   1.22731   1.41780   1.13765   0.60008   0.52403   0.75205   0.20336   0.62207   0.51487   1.99643   0.00000   0.18807   0.16449   0.13875   0.03551   0.00614   1.61477   0.01443   0.00228   0.00010  
 31 10.5745   7077.541833  x:  1.26904   1.25831   1.46877   1.16838   0.53746   0.48726   0.75909   0.23398   0.62170   0.52303   2.08002   0.00000   0.18824   0.16580   0.14272   0.03563   0.00618   1.62706   0.01414   0.00232   0.00010  
 32  7.7474   7076.933871  x:  1.24229   1.31236   1.56929   1.18167   0.53617   0.52359   0.82030   0.20756   0.67287   0.53621   2.27924   0.00000   0.18675   0.16543   0.14209   0.03598   0.00635   1.67391   0.01348   0.00234   0.00010  
 33  6.4546   7076.611300  x:  1.21183   1.33137   1.61124   1.17379   0.56339   0.54439   0.83109   0.24164   0.65498   0.50292   2.38375   0.00000   0.18464   0.16423   0.13936   0.03623   0.00654   1.68297   0.01329   0.00233   0.00010  
 34  9.5155   7075.946013  x:  1.19214   1.33680   1.65246   1.16679   0.63185   0.53276   0.73157   0.24743   0.64739   0.54856   2.57493   0.00000   0.18185   0.16355   0.13887   0.03693   0.00707   1.61449   0.01318   0.00236   0.00010  
 35  5.2736   7074.952686  x:  1.29200   1.27465   1.58503   1.18818   0.63524   0.52809   0.81355   0.23875   0.59657   0.59031   2.68617   0.00000   0.17771   0.16379   0.13882   0.03840   0.00800   1.62412   0.01387   0.00243   0.00010  
 36  2.0497   7074.404624  x:  1.35713   1.27270   1.56488   1.20628   0.62104   0.53121   0.80418   0.25643   0.68522   0.53058   2.70093   0.00000   0.17569   0.16390   0.13949   0.03923   0.00850   1.64544   0.01427   0.00247   0.00010  
 37  5.0495   7073.835631  x:  1.37659   1.47115   1.69984   1.24446   0.61443   0.56853   0.80560   0.26304   0.67621   0.55103   2.56180   0.00000   0.17269   0.16309   0.13730   0.03997   0.00890   1.63214   0.01420   0.00249   0.00010  
 38  2.5719   7073.491062  x:  1.39049   1.43991   1.76903   1.41048   0.67419   0.53193   0.79189   0.27492   0.67481   0.56786   2.55797   0.00000   0.17037   0.16224   0.13485   0.03994   0.00859   1.69975   0.01392   0.00246   0.00010  
 39  0.7941   7072.918294  x:  1.41403   1.38772   1.83041   1.55702   0.63496   0.54819   0.84020   0.28114   0.70148   0.55313   2.60622   0.00000   0.16587   0.15905   0.12576   0.03965   0.00811   1.59287   0.01325   0.00236   0.00010  
 40  2.2272   7072.269608  x:  1.61056   1.41368   1.83185   1.55303   0.56393   0.68404   0.77019   0.30026   0.67752   0.59209   2.72694   0.00000   0.16182   0.15585   0.12120   0.03930   0.00736   1.63853   0.01261   0.00227   0.00010  
 41  2.6374   7072.108643  x:  1.70815   1.46743   1.82572   1.50711   0.61945   0.62507   0.80157   0.30132   0.69153   0.58611   2.76791   0.00000   0.16095   0.15520   0.11950   0.03919   0.00721   1.63237   0.01224   0.00224   0.00010  
 42  1.9729   7072.106716  x:  1.70902   1.46785   1.82574   1.50674   0.61991   0.62461   0.80183   0.30133   0.69165   0.58606   2.76827   0.00156   0.16095   0.15520   0.11950   0.03919   0.00721   1.63231   0.01224   0.00224   0.00010  
 43  3.0526   7072.025307  x:  1.74625   1.45893   1.85522   1.51001   0.62264   0.63039   0.80264   0.30373   0.69406   0.58576   2.77988   0.00000   0.16218   0.15529   0.12143   0.03920   0.00742   1.62908   0.01219   0.00223   0.00010  
 44  0.1833   7071.930915  x:  1.78431   1.53153   1.80708   1.58863   0.62313   0.64914   0.80190   0.31162   0.69991   0.58603   2.83425   0.00000   0.16568   0.15543   0.12467   0.03919   0.00785   1.62281   0.01203   0.00220   0.00010  
 45  0.6951   7071.863273  x:  1.87027   1.51291   1.90085   1.59711   0.63388   0.65806   0.80627   0.31682   0.70564   0.58462   2.88060   0.00000   0.16936   0.15591   0.12467   0.03891   0.00791   1.62422   0.01191   0.00213   0.00010  
 46  0.1720   7071.852591  x:  1.89392   1.53275   1.91976   1.62117   0.63734   0.66251   0.80853   0.31993   0.70784   0.58568   2.91983   0.00000   0.16744   0.15682   0.12360   0.03903   0.00810   1.62678   0.01176   0.00209   0.00010  
 47  0.0490   7071.851664  x:  1.89379   1.53813   1.92455   1.62439   0.63748   0.66319   0.80865   0.32011   0.70777   0.58615   2.93032   0.00000   0.16731   0.15661   0.12388   0.03894   0.00796   1.62828   0.01176   0.00208   0.00010  
 48  0.0114   7071.851486  x:  1.89248   1.53910   1.92805   1.62503   0.63688   0.66334   0.80875   0.31987   0.70770   0.58617   2.93359   0.00000   0.16742   0.15648   0.12402   0.03900   0.00800   1.62843   0.01175   0.00207   0.00010  
 49  0.0047   7071.851474  x:  1.89168   1.53921   1.92789   1.62427   0.63672   0.66296   0.80885   0.31969   0.70777   0.58603   2.93359   0.00000   0.16740   0.15654   0.12398   0.03900   0.00800   1.62831   0.01175   0.00207   0.00010  
 50  0.0010   7071.851473  x:  1.89161   1.53922   1.92787   1.62423   0.63666   0.66291   0.80888   0.31965   0.70780   0.58602   2.93367   0.00000   0.16741   0.15654   0.12398   0.03899   0.00800   1.62829   0.01175   0.00207   0.00010  
 51  0.0001   7071.851473  x:  1.89163   1.53923   1.92785   1.62424   0.63667   0.66292   0.80887   0.31965   0.70779   0.58603   2.93367   0.00000   0.16742   0.15654   0.12397   0.03899   0.00800   1.62831   0.01175   0.00207   0.00010  
 52  0.0001   7071.851473  x:  1.89167   1.53922   1.92783   1.62428   0.63667   0.66292   0.80887   0.31965   0.70779   0.58604   2.93366   0.00000   0.16742   0.15654   0.12397   0.03900   0.00800   1.62833   0.01175   0.00207   0.00010  
 53  0.0000   7071.851473  x:  1.89166   1.53922   1.92783   1.62427   0.63667   0.66292   0.80887   0.31965   0.70779   0.58603   2.93366   0.00000   0.16742   0.15654   0.12397   0.03900   0.00800   1.62832   0.01175   0.00207   0.00010  
 54  0.0000   7071.851473  x:  1.89164   1.53922   1.92784   1.62426   0.63667   0.66291   0.80887   0.31965   0.70779   0.58603   2.93366   0.00000   0.16742   0.15654   0.12397   0.03899   0.00800   1.62831   0.01175   0.00207   0.00010  
 55  0.0000   7071.851473  x:  1.89165   1.53922   1.92783   1.62427   0.63667   0.66292   0.80887   0.31965   0.70779   0.58603   2.93366   0.00000   0.16742   0.15654   0.12397   0.03900   0.00800   1.62832   0.01175   0.00207   0.00010  
 56  0.0000   7071.851473  x:  1.89165   1.53922   1.92783   1.62426   0.63667   0.66291   0.80887   0.31965   0.70779   0.58603   2.93366   0.00000   0.16742   0.15654   0.12397   0.03900   0.00800   1.62832   0.01175   0.00207   0.00010  