

TREE # 1

  0  0.0000   8849.068120  x:  0.00000   0.35847   0.45154   0.11290   0.32244   0.07833   0.23877   0.08389   0.17052   0.15092   0.13510   0.11464   0.28839   0.07119   0.04780   0.06207   0.05169   0.05071   0.08017   2.00000   0.20000   0.20000  
  1 99.0000   8377.558320  x:  0.73405   0.45319   0.54279   0.27850   0.39126   0.17481   0.33445   0.24447   0.26444   0.19852   0.18643   0.17446   0.38861   0.12618   0.11602   0.17366   0.11451   0.06974   0.04463   1.98184   0.08079   0.19131  
  2 3553.2305   8333.598532  x:  0.76176   0.46246   0.55391   0.29086   0.39886   0.18253   0.34491   0.25588   0.27291   0.20316   0.19093   0.17947   0.39842   0.12791   0.11833   0.17800   0.11575   0.07116   0.04040   1.97839   0.13194   0.19018  
  3 2115.9675   8225.431411  x:  0.68806   0.55544   0.68655   0.38212   0.48055   0.24255   0.45937   0.33261   0.35134   0.24433   0.22805   0.21953   0.49567   0.10670   0.09628   0.16079   0.07913   0.07512   0.00000   1.93471   0.11998   0.17471  
  4 558.1210   8142.002480  x:  0.55002   0.73298   0.94046   0.55547   0.63433   0.35298   0.67416   0.47596   0.49649   0.31894   0.29441   0.29102   0.68085   0.07255   0.06242   0.13484   0.02863   0.10063   0.09858   1.84917   0.09933   0.14754  
  5 5374.7590   8103.372574  x:  0.44445   0.83364   1.09072   0.64579   0.70990   0.39120   0.77950   0.53689   0.55216   0.33610   0.30129   0.29809   0.78369   0.12766   0.13493   0.17329   0.18505   0.08212   0.11689   1.78854   0.08651   0.11644  
  6 833.7360   8083.862847  x:  0.43767   0.88539   1.17515   0.68330   0.72023   0.35973   0.79517   0.53403   0.52320   0.28962   0.24077   0.23225   0.83103   0.11902   0.14709   0.19389   0.17138   0.01925   0.12582   1.73297   0.08552   0.05974  
  7 196.7983   8067.560042  x:  0.43314   0.92674   1.24415   0.71197   0.72520   0.32754   0.80345   0.52723   0.49444   0.24733   0.19222   0.17893   0.86835   0.10999   0.15672   0.21056   0.16293   0.03547   0.12489   1.68453   0.08447   0.00010  
  8 742.0079   8053.150234  x:  0.43759   1.00964   1.40067   0.75741   0.70307   0.18762   0.77783   0.46990   0.40348   0.14252   0.23914   0.22076   0.93843   0.07495   0.18020   0.21539   0.16059   0.03409   0.12536   1.53738   0.08286   0.00010  
  9 158.8878   8047.680426  x:  0.44747   1.03652   1.47542   0.76337   0.68193   0.08236   0.73710   0.42548   0.42803   0.20797   0.23126   0.22370   0.95852   0.06702   0.20140   0.19527   0.15734   0.03456   0.12488   1.43102   0.08199   0.00010  
 10 89.1560   8046.794901  x:  0.44921   1.01873   1.48808   0.74803   0.70943   0.09519   0.71627   0.42439   0.42293   0.22084   0.23657   0.22299   0.94425   0.05494   0.18612   0.21608   0.16355   0.03525   0.12379   1.37051   0.08156   0.00010  
 11 21.6025   8046.189189  x:  0.45120   1.00008   1.49782   0.73471   0.73540   0.11043   0.70138   0.42779   0.41577   0.22294   0.24130   0.22280   0.93089   0.07383   0.19208   0.20893   0.15465   0.03736   0.12314   1.32127   0.08110   0.00010  
 12 42.8114   8046.063013  x:  0.45373   0.99228   1.50115   0.73176   0.74066   0.11035   0.70108   0.43217   0.41712   0.21922   0.23968   0.22246   0.92668   0.07138   0.18769   0.19555   0.16107   0.03765   0.12278   1.31464   0.08120   0.00010  
 13 11.0122   8045.658944  x:  0.45471   0.94959   1.51824   0.72135   0.74949   0.08511   0.71177   0.45464   0.44047   0.20221   0.23932   0.23283   0.90806   0.07854   0.18074   0.19989   0.15996   0.04196   0.12071   1.31951   0.08126   0.00010  
 14  6.7962   8045.171012  x:  0.45680   0.91827   1.54051   0.73015   0.75499   0.08912   0.71866   0.43914   0.42755   0.21966   0.26637   0.21759   0.90549   0.07162   0.18855   0.19566   0.15952   0.04692   0.11842   1.34708   0.08101   0.00010  
 15  4.4116   8044.478085  x:  0.45561   0.89999   1.55962   0.75120   0.75206   0.11124   0.71663   0.41662   0.41011   0.23657   0.24127   0.25219   0.91152   0.06659   0.19389   0.19312   0.15851   0.05168   0.11646   1.36785   0.08026   0.00010  
 16  8.7548   8038.414681  x:  0.41142   0.96429   1.58318   0.90050   0.61907   0.19442   0.69315   0.44686   0.47849   0.21535   0.26507   0.23639   0.97067   0.10210   0.14298   0.19154   0.15742   0.06191   0.11485   1.31091   0.07063   0.00010  
 17  5.1859   8032.517810  x:  0.38907   1.07198   1.61315   0.89881   0.68016   0.15867   0.83829   0.47117   0.47471   0.22676   0.25021   0.23527   0.96059   0.04114   0.21694   0.19274   0.13831   0.06281   0.11923   1.26214   0.06141   0.00010  
 18 17.4614   8030.943257  x:  0.39176   1.11586   1.67113   0.86560   0.76011   0.12485   0.84016   0.45021   0.46666   0.23545   0.24485   0.23138   0.98532   0.09566   0.14959   0.19345   0.14395   0.06024   0.12111   1.29587   0.05946   0.00010  
 19 17.1658   8030.281660  x:  0.38866   1.11687   1.72881   0.83468   0.79433   0.12936   0.77916   0.47067   0.48994   0.22236   0.24330   0.22822   1.01915   0.07520   0.17506   0.19291   0.13887   0.05852   0.12255   1.32877   0.05892   0.00010  
 20  8.1695   8028.940670  x:  0.38547   1.05182   1.83146   0.78410   0.74417   0.13726   0.80736   0.52951   0.44779   0.25105   0.23354   0.22366   1.09404   0.07804   0.16922   0.19630   0.13567   0.05418   0.12555   1.32593   0.05866   0.00010  
 21  3.8678   8024.998650  x:  0.38960   0.98151   1.98330   0.78590   0.73902   0.17655   0.91427   0.41253   0.53915   0.19740   0.22480   0.20794   1.15881   0.07166   0.17301   0.20068   0.12361   0.04971   0.12984   1.30126   0.05983   0.00010  
 22  6.9986   8007.166789  x:  0.30858   1.22529   2.31803   1.15132   0.95463   0.04705   0.99445   0.56622   0.51233   0.24610   0.20680   0.19679   1.06446   0.06122   0.16762   0.20293   0.07313   0.06181   0.13191   1.35865   0.06425   0.00010  
 23 11.0175   8004.488964  x:  0.31498   1.38137   2.21389   0.97461   0.96674   0.05253   1.02525   0.57978   0.53165   0.24661   0.22165   0.21306   1.25490   0.05668   0.16871   0.19669   0.06829   0.07761   0.12475   1.35922   0.06512   0.00010  
 24 10.2268   8003.873177  x:  0.30560   1.33489   2.17347   1.03721   1.01883   0.01242   1.02588   0.58420   0.52634   0.24602   0.22239   0.21301   1.34629   0.05104   0.17218   0.19701   0.06799   0.07760   0.12437   1.33925   0.06388   0.00010  
 25  1.5379   7994.661648  x:  0.24721   1.51751   2.59787   1.27123   0.98652   0.04873   1.14083   0.60304   0.55498   0.23237   0.26377   0.24169   1.39130   0.04237   0.14736   0.18357   0.07826   0.09200   0.10995   1.25015   0.05061   0.00010  
 26  1.6101   7981.697117  x:  0.17446   2.17665   3.60902   1.52105   1.10885   0.00000   1.46919   0.74887   0.58894   0.21485   0.29420   0.28852   1.69923   0.12095   0.18838   0.17897   0.08400   0.09900   0.05460   1.33957   0.04476   0.00010  
 27  0.2645   7981.697117  x:  0.17446   2.17665   3.60902   1.52105   1.10885   0.00000   1.46919   0.74887   0.58894   0.21485   0.29420   0.28852   1.69923   0.12095   0.18838   0.17897   0.08400   0.09900   0.05460   1.33957   0.04476   0.00010  
 28  0.3477   7981.304084  x:  0.17468   2.17665   3.60902   1.52108   1.10886   0.00002   1.46919   0.74889   0.58896   0.21487   0.29405   0.28838   1.69925   0.12068   0.18817   0.17910   0.08404   0.09865   0.05421   1.33955   0.04293   0.00010  
 29 391.6716   7977.319094  x:  0.19057   2.17728   3.60929   1.52326   1.11019   0.00292   1.47020   0.75138   0.59034   0.21630   0.28418   0.27860   1.70095   0.10252   0.17396   0.18812   0.08664   0.07495   0.02757   1.33707   0.04298   0.00010  
 30 162.8908   7974.086304  x:  0.23116   2.17880   3.60997   1.52899   1.11363   0.01025   1.47288   0.75790   0.59400   0.22006   0.26125   0.25588   1.70541   0.06504   0.14708   0.20581   0.09449   0.06535   0.04513   1.33092   0.04271   0.00010  
 31 127.3578   7971.571102  x:  0.31308   2.18148   3.61121   1.54143   1.12089   0.02350   1.47881   0.77202   0.60185   0.22808   0.23210   0.22682   1.71510   0.05643   0.15959   0.21542   0.09718   0.09519   0.03126   1.31866   0.04168   0.00010  
 32 78.8324   7968.301157  x:  0.45858   2.18577   3.61359   1.56549   1.13471   0.04372   1.49085   0.79899   0.61591   0.24181   0.21947   0.21341   1.73396   0.06503   0.20352   0.20907   0.09035   0.06970   0.04396   1.29703   0.03986   0.00010  
 33 115.1346   7965.308863  x:  0.61332   2.18955   3.61665   1.59464   1.15100   0.05746   1.50660   0.83066   0.62863   0.25199   0.25862   0.24977   1.75703   0.03904   0.21322   0.19162   0.07334   0.07597   0.04159   1.27580   0.03790   0.00010  
 34 122.0253   7964.769078  x:  0.64396   2.18978   3.61769   1.60265   1.15518   0.05464   1.51163   0.83861   0.62887   0.25003   0.27004   0.25971   1.76351   0.03909   0.21520   0.19576   0.09295   0.07696   0.04066   1.27321   0.03752   0.00010  
 35 69.1961   7963.895540  x:  0.69036   2.18549   3.62370   1.63576   1.17100   0.00000   1.53743   0.86630   0.60945   0.21225   0.27761   0.25854   1.79122   0.06273   0.19444   0.20280   0.08826   0.07727   0.04108   1.28279   0.03773   0.00010  
 36 19.8329   7963.895540  x:  0.69036   2.18549   3.62370   1.63576   1.17100   0.00000   1.53743   0.86630   0.60945   0.21225   0.27761   0.25854   1.79122   0.06273   0.19444   0.20280   0.08826   0.07727   0.04108   1.28279   0.03773   0.00010  
 37 16.8257   7963.571928  x:  0.69038   2.18549   3.62371   1.63577   1.17101   0.00003   1.53745   0.86632   0.60946   0.21227   0.27757   0.25851   1.79124   0.06268   0.19440   0.20281   0.08827   0.07726   0.04102   1.28278   0.03920   0.00010  
 38 447.6633   7963.277233  x:  0.69347   2.18540   3.62431   1.63776   1.17253   0.00296   1.53934   0.86823   0.61142   0.21473   0.27075   0.25294   1.79289   0.05564   0.18833   0.20330   0.08917   0.07515   0.03336   1.28260   0.03916   0.00010  
 39 34.4736   7963.008905  x:  0.69908   2.18525   3.62541   1.64137   1.17526   0.00800   1.54277   0.87167   0.61482   0.21898   0.26017   0.24452   1.79590   0.04759   0.18158   0.20400   0.09176   0.07835   0.03781   1.28237   0.03911   0.00010  
 40 50.9863   7962.762800  x:  0.71237   2.18486   3.62812   1.65005   1.18146   0.01805   1.55091   0.87965   0.62192   0.22755   0.24715   0.23586   1.80317   0.05387   0.18768   0.20388   0.09542   0.07453   0.03864   1.28210   0.03889   0.00010  
 41 24.4003   7962.446861  x:  0.74013   2.18424   3.63415   1.66835   1.19385   0.03450   1.56801   0.89575   0.63371   0.24073   0.24338   0.23844   1.81860   0.05669   0.19108   0.20067   0.08534   0.08301   0.03526   1.28183   0.03843   0.00010  
 42 29.3849   7961.817402  x:  0.80647   2.18325   3.64946   1.71255   1.22244   0.06610   1.60926   0.93322   0.65536   0.26235   0.25269   0.25704   1.85610   0.05079   0.18871   0.20297   0.08633   0.07271   0.04013   1.28138   0.03741   0.00010  
 43 63.8440   7961.555897  x:  0.83825   2.18350   3.65816   1.73453   1.23505   0.07321   1.62973   0.95017   0.65810   0.26128   0.25780   0.26053   1.87502   0.05069   0.18985   0.20730   0.09817   0.07993   0.03610   1.28119   0.03695   0.00010  
 44 52.1294   7960.075792  x:  1.02990   2.18971   3.71975   1.87260   1.30546   0.07144   1.75826   1.04730   0.63620   0.19695   0.27379   0.23808   1.99548   0.04997   0.19318   0.20327   0.09231   0.07761   0.03748   1.27833   0.03488   0.00010  
 45 54.9312   7959.301381  x:  1.09908   2.20302   3.76804   1.93788   1.32564   0.00000   1.81977   1.07782   0.65191   0.20747   0.26123   0.24517   2.05519   0.05397   0.19004   0.21572   0.08804   0.07763   0.03760   1.27519   0.03407   0.00010  
 46 20.7980   7959.301381  x:  1.09908   2.20302   3.76804   1.93788   1.32564   0.00000   1.81977   1.07782   0.65191   0.20747   0.26123   0.24517   2.05519   0.05397   0.19004   0.21572   0.08804   0.07763   0.03760   1.27519   0.03407   0.00010  
 47 34.3079   7959.262273  x:  1.09907   2.20302   3.76805   1.93788   1.32564   0.00000   1.81978   1.07782   0.65192   0.20749   0.26123   0.24517   2.05520   0.05397   0.19004   0.21570   0.08805   0.07763   0.03760   1.27519   0.03452   0.00010  
 48 175.1740   7959.159270  x:  1.09741   2.20509   3.77265   1.93983   1.32612   0.00000   1.82244   1.07784   0.65552   0.21413   0.25935   0.24578   2.05711   0.05279   0.18944   0.20249   0.09281   0.07789   0.03586   1.27555   0.03449   0.00010  
 49 11.5294   7959.145213  x:  1.09681   2.20585   3.77433   1.94055   1.32628   0.00000   1.82341   1.07784   0.65646   0.21596   0.25891   0.24600   2.05780   0.05275   0.18948   0.20149   0.09312   0.07852   0.03791   1.27569   0.03448   0.00010  
 50 11.6748   7959.036461  x:  1.08887   2.21607   3.79698   1.95024   1.32848   0.00000   1.83650   1.07788   0.66693   0.23690   0.25435   0.24878   2.06720   0.05317   0.19049   0.20486   0.08997   0.07428   0.03884   1.27760   0.03431   0.00010  
 51 12.6531   7958.981620  x:  1.08423   2.22231   3.81070   1.95615   1.32978   0.00000   1.84442   1.07794   0.67076   0.24547   0.25281   0.24995   2.07291   0.05298   0.19070   0.20773   0.09017   0.07941   0.03650   1.27870   0.03420   0.00010  
 52 30.7256   7958.691380  x:  1.05393   2.26732   3.90846   1.99892   1.33888   0.00000   1.90077   1.07911   0.66484   0.25202   0.25727   0.25065   2.11389   0.04868   0.19012   0.21422   0.10533   0.07663   0.03711   1.28455   0.03366   0.00010  
 53 16.8402   7957.547298  x:  0.93769   2.44426   4.29208   2.16710   1.37465   0.00000   2.12107   1.08501   0.63426   0.26193   0.27200   0.24728   2.27474   0.03727   0.19025   0.20800   0.09015   0.07821   0.03715   1.30463   0.03167   0.00010  
 54 179.6730   7957.325250  x:  0.91662   2.48005   4.36932   2.20109   1.38193   0.00000   2.16463   1.08737   0.62944   0.26172   0.27036   0.24446   2.30706   0.04794   0.20056   0.20612   0.08961   0.07876   0.03662   1.30662   0.03122   0.00010  
 55 156.0577   7957.190526  x:  0.91630   2.50343   4.41778   2.22301   1.38708   0.00000   2.18772   1.09517   0.63608   0.25354   0.25277   0.23950   2.32686   0.04751   0.19787   0.20713   0.09024   0.07869   0.03669   1.29716   0.03088   0.00010  
 56 20.7765   7956.854821  x:  0.93791   2.56771   4.54797   2.28260   1.40218   0.00000   2.24237   1.12711   0.67190   0.22600   0.24127   0.26880   2.37912   0.05293   0.19332   0.20705   0.09012   0.07904   0.03657   1.26041   0.02972   0.00010  
 57 30.4278   7956.513911  x:  1.00024   2.63973   4.68978   2.34699   1.42397   0.00000   2.28980   1.18099   0.72142   0.21067   0.26847   0.24032   2.43403   0.05340   0.19379   0.20761   0.08991   0.07937   0.03639   1.24715   0.02848   0.00010  
 58 18.0341   7956.167742  x:  1.10910   2.71754   4.84398   2.41354   1.45995   0.00000   2.32620   1.25895   0.72158   0.20936   0.25680   0.25226   2.49035   0.04799   0.20115   0.20784   0.08938   0.07951   0.03617   1.29990   0.02751   0.00010  
 59 12.6967   7956.074057  x:  1.14761   2.73542   4.89063   2.42856   1.47569   0.00000   2.33140   1.27959   0.69161   0.23075   0.25868   0.25111   2.50457   0.05707   0.19061   0.20809   0.08971   0.07964   0.03614   1.28191   0.02708   0.00010  
 60  4.8992   7956.043054  x:  1.15903   2.73572   4.91022   2.42837   1.48322   0.00000   2.32960   1.27672   0.68648   0.23432   0.25868   0.25118   2.50667   0.04602   0.20391   0.20829   0.08947   0.07972   0.03609   1.27413   0.02700   0.00010  
 61  1.4902   7955.770690  x:  1.24041   2.71059   5.10580   2.40878   1.55501   0.00000   2.30103   1.21527   0.69539   0.22984   0.26002   0.25020   2.51546   0.05486   0.19398   0.20796   0.09002   0.07961   0.03613   1.27926   0.02724   0.00010  
 62  2.3253   7955.506417  x:  1.23735   2.68803   5.23049   2.43094   1.55208   0.00000   2.33527   1.36409   0.69915   0.22864   0.26175   0.24942   2.54097   0.05280   0.19625   0.20811   0.09080   0.07956   0.03611   1.27669   0.02729   0.00010  
 63  1.3846   7955.237671  x:  1.32762   2.85304   5.19892   2.58675   1.59905   0.00000   2.52535   1.37977   0.70868   0.23146   0.26252   0.25012   2.68529   0.05357   0.19604   0.20867   0.09170   0.07970   0.03596   1.27487   0.02650   0.00010  
 64  1.1762   7955.145257  x:  1.30018   3.03308   5.31852   2.63440   1.66173   0.00000   2.51112   1.42216   0.71883   0.22982   0.26389   0.24995   2.73922   0.05321   0.19617   0.20932   0.09237   0.07977   0.03587   1.27275   0.02584   0.00010  
 65  0.6489   7955.043457  x:  1.34354   3.13076   5.56244   2.67269   1.63012   0.00000   2.63167   1.45379   0.72779   0.23238   0.26369   0.25130   2.82683   0.05338   0.19592   0.21004   0.09283   0.07990   0.03575   1.27307   0.02492   0.00010  
 66  0.9215   7955.013007  x:  1.34933   3.12008   5.64169   2.71882   1.68243   0.00000   2.67953   1.47470   0.73434   0.23058   0.26404   0.25145   2.85793   0.05291   0.19641   0.21034   0.09291   0.07998   0.03569   1.27255   0.02447   0.00010  
 67  1.0263   7955.000076  x:  1.35251   3.10924   5.68358   2.78107   1.67514   0.00000   2.67353   1.47330   0.73244   0.23307   0.26418   0.25140   2.87135   0.05209   0.19717   0.21040   0.09280   0.07999   0.03569   1.27365   0.02441   0.00010  
 68  0.3337   7954.984932  x:  1.35994   3.12365   5.73866   2.80072   1.69127   0.00000   2.71306   1.48278   0.72962   0.23545   0.26409   0.25148   2.85058   0.05208   0.19721   0.21035   0.09232   0.08002   0.03569   1.27442   0.02438   0.00010  
 69  0.1498   7954.978153  x:  1.36207   3.12815   5.76605   2.79018   1.70238   0.00000   2.72305   1.49163   0.72863   0.23627   0.26414   0.25149   2.89770   0.05205   0.19728   0.21035   0.09210   0.08004   0.03569   1.27490   0.02432   0.00010  
 70  0.2051   7954.976835  x:  1.36894   3.15598   5.79602   2.80686   1.70952   0.00000   2.74041   1.49978   0.72905   0.23663   0.26441   0.25142   2.91412   0.05233   0.19722   0.21043   0.09225   0.08007   0.03567   1.27433   0.02416   0.00010  
 71  0.0468   7954.976789  x:  1.36983   3.15670   5.79575   2.80891   1.71049   0.00000   2.74099   1.50024   0.72947   0.23631   0.26444   0.25141   2.91497   0.05236   0.19721   0.21044   0.09228   0.08008   0.03566   1.27433   0.02416   0.00010  
 72  0.0024   7954.976788  x:  1.37025   3.15673   5.79584   2.80894   1.71060   0.00000   2.74114   1.50046   0.72956   0.23628   0.26443   0.25141   2.91515   0.05236   0.19722   0.21043   0.09227   0.08008   0.03566   1.27432   0.02415   0.00010  
 73  0.0004   7954.976788  x:  1.37025   3.15670   5.79584   2.80892   1.71058   0.00000   2.74110   1.50046   0.72955   0.23629   0.26443   0.25141   2.91511   0.05236   0.19721   0.21044   0.09227   0.08008   0.03566   1.27432   0.02415   0.00010  
 74  0.0001   7954.976788  x:  1.37025   3.15670   5.79585   2.80892   1.71058   0.00000   2.74109   1.50046   0.72955   0.23629   0.26443   0.25141   2.91510   0.05236   0.19721   0.21044   0.09227   0.08008   0.03566   1.27432   0.02415   0.00010  
 75  0.0000   7954.976788  x:  1.37025   3.15670   5.79585   2.80891   1.71058   0.00000   2.74108   1.50047   0.72955   0.23629   0.26443   0.25141   2.91510   0.05236   0.19721   0.21044   0.09227   0.08008   0.03566   1.27432   0.02415   0.00010  