

TREE # 1

  0  0.0000   7398.618304  x:  0.17789   1.46711   1.59983   0.25524   1.29669   0.29323   1.26757   0.31181   0.75370   0.49015   0.27112   0.35335   1.34428   0.19257   0.03087   0.18379   0.11059   0.00000   0.00000   2.00000   0.20000   0.20000   0.20000  
  1 99.0000   7398.617580  x:  0.17789   1.46711   1.59983   0.25524   1.29669   0.29323   1.26757   0.31181   0.75370   0.49015   0.27112   0.35335   1.34428   0.19257   0.03087   0.18379   0.11059   0.00000   0.00000   2.00000   0.20000   0.20000   0.20000  
  2 506.7361   7361.560290  x:  0.32033   1.48537   1.63613   0.47337   1.32399   0.36303   1.27897   0.36045   0.71156   0.47443   0.26510   0.31764   1.40802   0.17489   0.07240   0.13974   0.18960   0.00000   0.00000   1.91913   0.20343   0.07408   0.20000  
  3 324.1432   7339.793634  x:  0.54258   1.51288   1.70488   0.80387   1.37307   0.46509   1.30232   0.44025   0.63513   0.44928   0.27666   0.27500   1.52395   0.14925   0.10745   0.15429   0.17903   0.00000   0.00000   1.75433   0.17812   0.24521   0.20000  
  4 270.0837   7331.879897  x:  0.59016   1.51939   1.72755   0.87045   1.38711   0.48215   1.31154   0.45977   0.61998   0.44968   0.29267   0.28176   1.55670   0.11818   0.06925   0.15684   0.10943   0.00000   0.00000   1.70667   0.16369   0.24600   0.20000  
  5 206.0180   7328.821777  x:  0.61035   1.52603   1.76686   0.88430   1.40676   0.47372   1.33178   0.47735   0.62098   0.47179   0.32875   0.32365   1.59942   0.17196   0.05562   0.19503   0.09182   0.00000   0.00000   1.64189   0.15343   0.23220   0.20000  
  6 62.5783   7327.013369  x:  0.61772   1.53113   1.79893   0.88102   1.42254   0.46212   1.34879   0.48912   0.62396   0.48919   0.34171   0.34207   1.63236   0.18229   0.01823   0.20103   0.11102   0.00000   0.00000   1.59515   0.14822   0.23374   0.20000  
  7 98.7093   7323.583768  x:  0.62250   1.54545   1.88787   0.84727   1.46619   0.42299   1.39655   0.51565   0.63434   0.53043   0.33117   0.34571   1.72147   0.20818   0.00913   0.14655   0.10736   0.00000   0.00000   1.48738   0.13667   0.23831   0.20000  
  8 80.3225   7320.021722  x:  0.62209   1.56769   2.01864   0.79030   1.53189   0.36719   1.46517   0.54791   0.64268   0.57140   0.29026   0.31698   1.85342   0.17472   0.03438   0.18188   0.10753   0.00000   0.00000   1.37040   0.12389   0.22582   0.20000  
  9 96.3810   7317.454926  x:  0.61584   1.59777   2.17568   0.75089   1.61871   0.33304   1.53449   0.56397   0.61129   0.54102   0.35166   0.34066   2.01675   0.13622   0.06624   0.17010   0.11850   0.00000   0.00000   1.40745   0.11502   0.22835   0.20000  
 10 33.0111   7315.451368  x:  0.60700   1.62429   2.31167   0.73931   1.69536   0.32230   1.58665   0.56692   0.58886   0.50852   0.33794   0.30788   2.15885   0.17694   0.03327   0.17644   0.11204   0.00000   0.00000   1.48103   0.10915   0.22514   0.20000  
 11 51.3632   7314.902970  x:  0.57868   1.62538   2.36025   0.77154   1.71239   0.34050   1.57616   0.52332   0.62695   0.54018   0.31256   0.33722   2.21316   0.17276   0.03518   0.17561   0.11188   0.00000   0.00000   1.50960   0.10654   0.22840   0.20000  
 12 10.4319   7314.551910  x:  0.53024   1.61594   2.39096   0.79670   1.70419   0.35042   1.54396   0.46999   0.61919   0.53391   0.32692   0.31967   2.24358   0.17460   0.03464   0.17555   0.11270   0.00000   0.00000   1.49347   0.10894   0.22551   0.20000  
 13  6.6240   7313.803528  x:  0.44620   1.59634   2.43734   0.82587   1.65317   0.40419   1.47178   0.53748   0.60264   0.50334   0.30775   0.33731   2.25633   0.17421   0.03793   0.17448   0.11584   0.00000   0.00000   1.47839   0.10926   0.21917   0.20000  
 14  3.3525   7312.721055  x:  0.44197   1.59033   2.48113   0.85829   1.57664   0.41162   1.39048   0.59742   0.63089   0.54253   0.34914   0.28677   2.24424   0.17451   0.04118   0.17411   0.11952   0.00000   0.00000   1.49943   0.10727   0.21226   0.20000  
 15  6.9241   7309.798146  x:  0.55699   1.58714   2.53551   0.91891   1.42057   0.32875   1.25904   0.57574   0.56492   0.54185   0.30335   0.31263   2.17432   0.17889   0.04791   0.17025   0.13146   0.00000   0.00000   1.52331   0.11274   0.19058   0.20000  
 16 10.1939   7302.579974  x:  0.71924   1.49656   2.41709   1.02394   1.44497   0.52271   1.38199   0.43174   0.56974   0.46440   0.29747   0.28359   1.90054   0.18342   0.07079   0.16194   0.16200   0.00000   0.00000   1.48199   0.10596   0.12897   0.20000  
 17  9.2472   7300.941775  x:  0.64612   1.43424   2.26301   1.15657   1.50856   0.41082   1.45684   0.46809   0.51929   0.51283   0.29343   0.27561   1.91904   0.18322   0.07656   0.16007   0.16867   0.00000   0.00000   1.50861   0.10786   0.11560   0.20000  
 18  9.1974   7300.495668  x:  0.64041   1.47099   2.20151   1.18253   1.54791   0.36312   1.43272   0.48237   0.57998   0.45692   0.29405   0.27574   1.96010   0.18444   0.07636   0.15952   0.17019   0.00000   0.00000   1.50092   0.10731   0.11126   0.20000  
 19  5.3612   7299.946724  x:  0.64720   1.59237   2.14469   1.15758   1.60943   0.39658   1.38060   0.49225   0.55017   0.49398   0.29406   0.27692   2.03466   0.18309   0.07741   0.15885   0.17182   0.00000   0.00000   1.50447   0.10578   0.10489   0.20000  
 20  3.1103   7298.292903  x:  0.66301   1.71805   2.28204   1.16857   1.50219   0.44535   1.56055   0.50605   0.60268   0.50116   0.29628   0.28725   2.17084   0.17431   0.07904   0.15806   0.17329   0.00000   0.00000   1.54391   0.10322   0.09199   0.20000  
 21  1.9196   7297.260575  x:  0.70286   1.64145   2.47979   1.18265   1.67006   0.42467   1.53088   0.53973   0.62879   0.51596   0.29671   0.29504   2.12798   0.16645   0.08154   0.15765   0.17349   0.00000   0.00000   1.57029   0.10322   0.08701   0.20000  
 22  4.0192   7296.399323  x:  0.66510   1.80460   2.58791   1.26148   1.75710   0.38422   1.60877   0.56216   0.64578   0.53387   0.30406   0.30726   2.11240   0.15678   0.08035   0.15492   0.17013   0.00000   0.00000   1.57305   0.09835   0.10239   0.20000  
 23  0.8545   7295.635995  x:  0.74810   1.71119   2.56690   1.23378   1.77460   0.41893   1.62888   0.57542   0.66310   0.54702   0.30816   0.31612   2.30931   0.15253   0.07600   0.15114   0.16893   0.00000   0.00000   1.57767   0.09740   0.11360   0.20000  
 24  2.3357   7294.532323  x:  0.81295   1.76791   2.68108   1.39134   1.84077   0.41267   1.69788   0.59937   0.65815   0.55773   0.32172   0.31948   2.42192   0.15431   0.06583   0.15512   0.16525   0.00000   0.00000   1.51350   0.08773   0.10647   0.20000  
 25  0.2474   7293.709221  x:  0.87965   1.83594   2.72001   1.55438   1.88421   0.43049   1.75647   0.60834   0.65718   0.55729   0.31624   0.30738   2.44950   0.16961   0.05849   0.15937   0.16409   0.00000   0.00000   1.51497   0.08827   0.10367   0.20000  
 26  0.1675   7293.480407  x:  0.93781   1.86948   2.80688   1.63802   1.93251   0.45664   1.80253   0.63260   0.67479   0.57267   0.31269   0.31030   2.50636   0.17225   0.06238   0.15670   0.16530   0.00000   0.00000   1.54629   0.08382   0.10509   0.20000  
 27  0.1414   7293.447845  x:  0.95610   1.87495   2.84378   1.66926   1.93820   0.46414   1.80825   0.64171   0.67598   0.57643   0.31687   0.31326   2.52068   0.16602   0.06722   0.15652   0.16475   0.00000   0.00000   1.54790   0.08344   0.10568   0.20000  
 28  0.0405   7293.446008  x:  0.95848   1.88129   2.85645   1.67378   1.94031   0.46449   1.81150   0.64395   0.67680   0.57784   0.31595   0.31278   2.52901   0.16580   0.06772   0.15695   0.16471   0.00000   0.00000   1.54589   0.08307   0.10561   0.20000  
 29  0.0136   7293.445848  x:  0.95744   1.88197   2.85670   1.67133   1.93992   0.46405   1.81162   0.64398   0.67692   0.57792   0.31590   0.31280   2.53049   0.16580   0.06791   0.15692   0.16479   0.00000   0.00000   1.54573   0.08312   0.10559   0.20000  
 30  0.0023   7293.445829  x:  0.95756   1.88231   2.85720   1.67092   1.94043   0.46414   1.81220   0.64420   0.67708   0.57799   0.31602   0.31287   2.53154   0.16577   0.06793   0.15690   0.16480   0.00000   0.00000   1.54589   0.08309   0.10557   0.20000  
 31  0.0011   7293.445826  x:  0.95770   1.88238   2.85734   1.67096   1.94072   0.46423   1.81243   0.64426   0.67713   0.57799   0.31600   0.31286   2.53172   0.16579   0.06789   0.15691   0.16479   0.00000   0.00000   1.54591   0.08308   0.10556   0.20000  
 32  0.0003   7293.445826  x:  0.95771   1.88240   2.85736   1.67099   1.94075   0.46423   1.81247   0.64425   0.67713   0.57800   0.31600   0.31287   2.53171   0.16579   0.06789   0.15691   0.16479   0.00000   0.00000   1.54589   0.08308   0.10556   0.20000  
 33  0.0001   7293.445826  x:  0.95771   1.88241   2.85736   1.67098   1.94075   0.46423   1.81247   0.64425   0.67713   0.57800   0.31600   0.31287   2.53170   0.16579   0.06789   0.15691   0.16479   0.00000   0.00000   1.54589   0.08308   0.10556   0.20000  
 34  0.0000   7293.445826  x:  0.95771   1.88241   2.85737   1.67098   1.94075   0.46423   1.81247   0.64425   0.67713   0.57800   0.31600   0.31287   2.53170   0.16579   0.06789   0.15691   0.16479   0.00000   0.00000   1.54589   0.08308   0.10556   0.20000  
 35  0.0000   7293.445826  x:  0.95771   1.88241   2.85737   1.67098   1.94075   0.46423   1.81247   0.64425   0.67713   0.57800   0.31600   0.31287   2.53170   0.16579   0.06789   0.15691   0.16479   0.00000   0.00000   1.54589   0.08308   0.10556   0.20000  
 36  0.0000   7293.445826  x:  0.95771   1.88241   2.85737   1.67098   1.94075   0.46423   1.81247   0.64425   0.67713   0.57800   0.31600   0.31287   2.53170   0.16579   0.06789   0.15691   0.16479   0.00000   0.00000   1.54589   0.08308   0.10556   0.20000  