

TREE # 1

  0  0.0000   7398.618412  x:  0.17789   1.46711   1.59983   0.25524   1.29668   0.29323   1.26757   0.31181   0.75370   0.49015   0.27112   0.35335   1.34428   0.19257   0.03087   0.18379   0.11059   0.00000   0.00000   2.00000   0.20000   0.20000   0.20000  
  1 99.0000   7398.617697  x:  0.17789   1.46711   1.59983   0.25524   1.29668   0.29323   1.26757   0.31181   0.75370   0.49015   0.27112   0.35335   1.34428   0.19257   0.03087   0.18379   0.11059   0.00000   0.00000   2.00000   0.20000   0.20000   0.20000  
  2 503.6005   7351.324101  x:  0.42217   1.49836   1.66133   0.62632   1.34366   0.41300   1.28736   0.39378   0.68331   0.46401   0.26158   0.29326   1.45272   0.16003   0.09990   0.10725   0.24341   0.00000   0.00000   1.86174   0.20146   0.10782   0.06914  
  3 306.6427   7330.187916  x:  0.55502   1.51469   1.70934   0.81496   1.37644   0.46786   1.30575   0.44139   0.63930   0.45450   0.29199   0.29140   1.52899   0.11910   0.07271   0.22026   0.11996   0.00000   0.00000   1.74816   0.17333   0.08930   0.07294  
  4 195.5151   7325.286860  x:  0.59705   1.52073   1.73137   0.87012   1.39012   0.48138   1.31565   0.45838   0.62737   0.45659   0.30706   0.29865   1.55969   0.13378   0.07528   0.24062   0.08721   0.00000   0.00000   1.69895   0.16317   0.15746   0.06939  
  5 209.2153   7323.175697  x:  0.61064   1.52503   1.75662   0.87585   1.40344   0.47570   1.32953   0.46878   0.62773   0.46942   0.32440   0.31796   1.58730   0.14319   0.04183   0.26207   0.11454   0.00000   0.00000   1.65184   0.15867   0.17235   0.07723  
  6 67.3007   7318.928765  x:  0.62812   1.53796   1.83792   0.85182   1.44483   0.44272   1.37603   0.49465   0.64042   0.51473   0.34977   0.35799   1.66985   0.21409   0.00842   0.25265   0.10481   0.00000   0.00000   1.52095   0.14356   0.14759   0.04917  
  7 83.8180   7316.969485  x:  0.63851   1.54926   1.90178   0.82970   1.47803   0.41785   1.41219   0.51233   0.64791   0.54068   0.33974   0.35695   1.73522   0.23125   0.02388   0.23895   0.10479   0.00000   0.00000   1.43881   0.13587   0.13543   0.09032  
  8 94.9938   7314.937877  x:  0.64427   1.56134   1.96641   0.80252   1.51233   0.39305   1.44832   0.52780   0.65347   0.55929   0.31741   0.34130   1.80080   0.20457   0.00925   0.21196   0.09645   0.00000   0.00000   1.37714   0.12730   0.14036   0.09779  
  9 115.0992   7312.508341  x:  0.64308   1.58054   2.07004   0.75058   1.56824   0.35421   1.50376   0.54537   0.65359   0.57185   0.29821   0.32227   1.90678   0.16047   0.04594   0.24275   0.10617   0.00000   0.00000   1.32353   0.11979   0.14835   0.06118  
 10 79.0379   7309.394539  x:  0.64270   1.62193   2.26950   0.71569   1.68217   0.32514   1.59444   0.56149   0.61878   0.52917   0.35389   0.33838   2.11479   0.15617   0.04918   0.22453   0.10465   0.00000   0.00000   1.40999   0.10800   0.14573   0.06963  
 11 33.7843   7308.549402  x:  0.63309   1.63196   2.33001   0.71805   1.71362   0.32223   1.61361   0.55452   0.61143   0.51904   0.32799   0.31215   2.17790   0.19054   0.02975   0.23898   0.10748   0.00000   0.00000   1.44238   0.10708   0.14606   0.06996  
 12 36.2133   7307.955600  x:  0.57881   1.62813   2.38505   0.76562   1.72276   0.33732   1.59181   0.49649   0.64082   0.55139   0.30456   0.33959   2.23629   0.18671   0.03155   0.24003   0.10664   0.00000   0.00000   1.46000   0.10567   0.14698   0.07001  
 13  9.1750   7307.624094  x:  0.52509   1.61890   2.41446   0.78976   1.71016   0.34504   1.56061   0.46954   0.62660   0.53971   0.32819   0.31567   2.25859   0.18554   0.03214   0.23493   0.10761   0.00000   0.00000   1.44314   0.10790   0.14625   0.06963  
 14  6.7586   7306.898615  x:  0.45112   1.60675   2.46455   0.82299   1.65837   0.38473   1.48925   0.55564   0.61310   0.51297   0.30887   0.33392   2.25884   0.18322   0.03495   0.22817   0.10997   0.00000   0.00000   1.43633   0.10755   0.14552   0.06942  
 15  4.2801   7305.803682  x:  0.47681   1.61038   2.50966   0.86079   1.58057   0.37399   1.40395   0.60520   0.64525   0.55755   0.33920   0.29137   2.22481   0.18156   0.03744   0.22136   0.11384   0.00000   0.00000   1.46633   0.10536   0.14629   0.07006  
 16  6.0721   7303.809608  x:  0.57561   1.60810   2.53758   0.91034   1.47961   0.31681   1.31404   0.55462   0.57938   0.53435   0.30361   0.31880   2.14138   0.17778   0.04222   0.19851   0.12173   0.00000   0.00000   1.47665   0.11052   0.14468   0.07053  
 17 10.8137   7300.533199  x:  0.65342   1.53715   2.43117   0.98302   1.51784   0.46808   1.41055   0.45653   0.58123   0.49272   0.30278   0.30067   1.96385   0.17057   0.05300   0.16460   0.13645   0.00000   0.00000   1.46437   0.10573   0.14211   0.06961  
 18  9.2824   7299.658649  x:  0.61278   1.48503   2.30895   1.07916   1.55020   0.37267   1.48337   0.48945   0.56026   0.51379   0.30233   0.29510   1.97733   0.16753   0.05594   0.15587   0.13993   0.00000   0.00000   1.48508   0.10695   0.14173   0.06988  
 19  6.9592   7299.378177  x:  0.61667   1.52067   2.24486   1.09195   1.59077   0.34825   1.45170   0.49649   0.60596   0.47127   0.30224   0.29573   2.02346   0.16862   0.05562   0.15478   0.14145   0.00000   0.00000   1.48071   0.10642   0.14105   0.06915  
 20  3.1354   7299.000451  x:  0.62221   1.59865   2.17901   1.08191   1.63733   0.37643   1.41489   0.50642   0.56523   0.51549   0.30130   0.29506   2.09219   0.16787   0.05648   0.15438   0.14340   0.00000   0.00000   1.49103   0.10561   0.14014   0.06796  
 21  2.9347   7297.007876  x:  0.66953   1.79468   2.26913   1.15929   1.52717   0.44670   1.62795   0.51732   0.63070   0.51014   0.30114   0.30069   2.25755   0.16277   0.06081   0.17291   0.15288   0.00000   0.00000   1.55618   0.10144   0.13620   0.05884  
 22  1.5808   7295.393114  x:  0.74138   1.71491   2.48768   1.23937   1.76458   0.42972   1.61760   0.55994   0.66042   0.53136   0.30042   0.30538   2.21825   0.15474   0.06763   0.18651   0.16083   0.00000   0.00000   1.61376   0.10065   0.13277   0.05356  
 23  4.5661   7294.519345  x:  0.73024   1.88999   2.62448   1.36811   1.85568   0.39569   1.67876   0.58319   0.66014   0.54160   0.31028   0.30960   2.19901   0.15556   0.06911   0.18186   0.16415   0.00000   0.00000   1.58744   0.09283   0.12677   0.06560  
 24  0.5276   7293.471391  x:  0.85315   1.75970   2.70483   1.41514   1.83901   0.44750   1.69599   0.60445   0.66444   0.55239   0.31849   0.31339   2.42630   0.16010   0.06753   0.16663   0.16944   0.00000   0.00000   1.56601   0.08858   0.11787   0.08107  
 25  2.5126   7292.886282  x:  0.88846   1.82899   2.74815   1.55524   1.86649   0.43947   1.73539   0.61161   0.65101   0.55620   0.31340   0.30451   2.44084   0.15768   0.07031   0.16461   0.16908   0.00000   0.00000   1.52301   0.08834   0.11967   0.07510  
 26  0.1222   7292.710860  x:  0.92057   1.85768   2.79944   1.62639   1.90576   0.44367   1.77197   0.62671   0.65896   0.56821   0.31300   0.30876   2.48075   0.15650   0.07134   0.17093   0.16670   0.00000   0.00000   1.52036   0.08446   0.12281   0.06684  
 27  0.1290   7292.606249  x:  0.95130   1.87450   2.84858   1.66532   1.93137   0.46102   1.80306   0.64196   0.67949   0.57914   0.31409   0.31462   2.51831   0.15651   0.06953   0.16743   0.16071   0.00000   0.00000   1.54950   0.08345   0.12576   0.06791  
 28  0.0766   7292.594403  x:  0.95775   1.87591   2.85213   1.67218   1.93674   0.46352   1.80899   0.64354   0.67751   0.57818   0.31595   0.31294   2.52818   0.15944   0.06700   0.17040   0.15870   0.00000   0.00000   1.54624   0.08328   0.12559   0.06800  
 29  0.0166   7292.592724  x:  0.95814   1.88223   2.85761   1.67208   1.93948   0.46410   1.81199   0.64420   0.67707   0.57762   0.31611   0.31240   2.53204   0.15964   0.06616   0.16956   0.15829   0.00000   0.00000   1.54453   0.08305   0.12545   0.06808  
 30  0.0102   7292.592537  x:  0.95762   1.88187   2.85597   1.66950   1.93947   0.46413   1.81166   0.64365   0.67687   0.57750   0.31597   0.31285   2.53098   0.15982   0.06572   0.16956   0.15840   0.00000   0.00000   1.54430   0.08312   0.12557   0.06804  
 31  0.0024   7292.592515  x:  0.95793   1.88180   2.85602   1.66939   1.93980   0.46422   1.81189   0.64371   0.67706   0.57769   0.31599   0.31280   2.53104   0.15999   0.06558   0.16959   0.15845   0.00000   0.00000   1.54444   0.08310   0.12554   0.06799  
 32  0.0005   7292.592514  x:  0.95807   1.88180   2.85608   1.66952   1.93979   0.46423   1.81194   0.64376   0.67707   0.57771   0.31601   0.31277   2.53103   0.15999   0.06557   0.16958   0.15846   0.00000   0.00000   1.54444   0.08310   0.12553   0.06800  
 33  0.0002   7292.592514  x:  0.95811   1.88183   2.85613   1.66957   1.93979   0.46422   1.81196   0.64378   0.67706   0.57771   0.31601   0.31278   2.53104   0.15999   0.06557   0.16958   0.15847   0.00000   0.00000   1.54444   0.08310   0.12553   0.06800  
 34  0.0001   7292.592514  x:  0.95811   1.88183   2.85613   1.66956   1.93979   0.46422   1.81196   0.64378   0.67706   0.57771   0.31601   0.31278   2.53103   0.15999   0.06557   0.16958   0.15847   0.00000   0.00000   1.54444   0.08310   0.12553   0.06800  
 35  0.0000   7292.592514  x:  0.95811   1.88183   2.85613   1.66955   1.93979   0.46422   1.81196   0.64378   0.67706   0.57771   0.31601   0.31278   2.53103   0.15999   0.06557   0.16958   0.15847   0.00000   0.00000   1.54444   0.08310   0.12553   0.06800  
 36  0.0000   7292.592514  x:  0.95812   1.88183   2.85612   1.66955   1.93978   0.46422   1.81196   0.64378   0.67706   0.57771   0.31601   0.31278   2.53103   0.15999   0.06557   0.16958   0.15847   0.00000   0.00000   1.54444   0.08310   0.12553   0.06799  
 37  0.0000   7292.592514  x:  0.95812   1.88183   2.85612   1.66955   1.93979   0.46422   1.81196   0.64378   0.67706   0.57771   0.31601   0.31278   2.53103   0.15999   0.06557   0.16958   0.15847   0.00000   0.00000   1.54444   0.08310   0.12553   0.06799  