

TREE # 1

  0  0.0000   8324.561050  x:  0.04319   0.43647   0.40997   0.13791   0.33532   0.00000   0.41021   0.11732   0.27467   0.17841   0.11774   0.10857   0.38675   0.10321   0.04812   0.10313   0.08927   0.03463   0.06725   2.00000   0.20000   0.20000  
  1 99.0000   7881.041710  x:  0.08968   0.44213   0.42032   0.16399   0.34507   0.11450   0.41773   0.12726   0.28366   0.18671   0.13350   0.12427   0.40014   0.10252   0.05171   0.10994   0.09293   0.02543   0.04516   2.00048   0.03610   0.19221  
  2 3036.1519   7839.823901  x:  0.14497   0.45796   0.44251   0.19952   0.36067   0.15411   0.43168   0.13979   0.30218   0.20510   0.15857   0.14619   0.42835   0.10572   0.06082   0.11536   0.10566   0.02476   0.01527   1.99622   0.06298   0.17854  
  3 952.9756   7796.732836  x:  0.18238   0.47474   0.46486   0.22765   0.37382   0.13103   0.44464   0.14820   0.31998   0.22312   0.17849   0.16171   0.45664   0.10813   0.06822   0.11753   0.11709   0.03707   0.00000   1.99071   0.05427   0.16354  
  4 1215.1138   7714.149482  x:  0.33750   0.54391   0.55719   0.34444   0.42963   0.05829   0.49949   0.18420   0.39296   0.29572   0.25718   0.22309   0.57334   0.11549   0.09628   0.12700   0.16328   0.08385   0.04490   1.96789   0.02701   0.09949  
  5 5595.7096   7679.886095  x:  0.35765   0.58791   0.61384   0.38921   0.46798   0.03655   0.54082   0.19631   0.42368   0.31627   0.23546   0.19146   0.64202   0.07880   0.06684   0.11158   0.12660   0.01636   0.04812   1.94920   0.01999   0.01497  
  6 392.1514   7674.017237  x:  0.35685   0.59345   0.62109   0.39387   0.47266   0.03714   0.54614   0.19705   0.42701   0.31804   0.23071   0.18540   0.65082   0.07476   0.06393   0.11245   0.12086   0.01924   0.04791   1.94675   0.01996   0.00010  
  7 805.3427   7663.101562  x:  0.32734   0.63835   0.68073   0.42406   0.50713   0.04101   0.58822   0.19571   0.45028   0.32750   0.19387   0.13849   0.72415   0.08174   0.08603   0.16959   0.09246   0.01311   0.04712   1.92439   0.01809   0.00010  
  8 475.0598   7652.234550  x:  0.19001   0.70120   0.77117   0.43401   0.53899   0.07254   0.64204   0.16159   0.46402   0.31344   0.21185   0.15969   0.83761   0.06942   0.09282   0.16288   0.14423   0.01063   0.04471   1.88183   0.01774   0.00010  
  9 129.1218   7649.950578  x:  0.17134   0.71178   0.79143   0.42591   0.52958   0.07837   0.64341   0.14701   0.45794   0.30005   0.22568   0.17884   0.86673   0.07963   0.10846   0.15347   0.11176   0.01244   0.04547   1.86695   0.01820   0.00010  
 10 70.8704   7646.554146  x:  0.18802   0.71822   0.82087   0.38515   0.47704   0.08313   0.62083   0.12291   0.42928   0.25859   0.22083   0.18568   0.91840   0.06521   0.10372   0.18333   0.11486   0.01660   0.04505   1.82593   0.01948   0.00010  
 11 45.5316   7645.426793  x:  0.19222   0.71474   0.82585   0.36486   0.46025   0.08768   0.61212   0.13754   0.42709   0.25881   0.20887   0.17347   0.93282   0.07616   0.11628   0.17052   0.12498   0.01997   0.04459   1.80368   0.01982   0.00010  
 12 44.6562   7644.457085  x:  0.18163   0.70143   0.81904   0.34243   0.45319   0.09139   0.60403   0.16649   0.43866   0.28446   0.21706   0.17472   0.93618   0.07071   0.11407   0.18395   0.12050   0.02150   0.04449   1.77191   0.02031   0.00010  
 13 30.8995   7642.650458  x:  0.18397   0.66126   0.77759   0.35675   0.50776   0.09352   0.60397   0.12478   0.44617   0.30524   0.21990   0.16411   0.91192   0.07003   0.11966   0.18805   0.12139   0.02488   0.04438   1.66741   0.02089   0.00010  
 14 14.9410   7640.912649  x:  0.18393   0.65525   0.76466   0.38696   0.53438   0.08959   0.62000   0.16521   0.42184   0.26281   0.21335   0.17830   0.89575   0.06791   0.11945   0.19202   0.11888   0.02653   0.04393   1.56932   0.02053   0.00010  
 15 18.5327   7634.125216  x:  0.20271   0.72348   0.80833   0.40958   0.43763   0.09841   0.64288   0.15239   0.46943   0.26556   0.21069   0.16353   0.88723   0.06188   0.11314   0.16844   0.11491   0.01603   0.04550   1.35762   0.02124   0.00010  
 16 15.3027   7622.610127  x:  0.27004   0.80587   0.85143   0.28891   0.58307   0.09899   0.71969   0.17341   0.43931   0.25295   0.22853   0.14397   0.92739   0.08215   0.08533   0.15425   0.11105   0.00631   0.04722   1.45835   0.02353   0.00010  
 17 14.5494   7619.738309  x:  0.26481   0.81027   0.84463   0.32764   0.58806   0.09721   0.72973   0.17755   0.46016   0.25656   0.16848   0.18939   0.92380   0.07234   0.09302   0.15478   0.11084   0.00483   0.04755   1.52680   0.02485   0.00010  
 18 34.7197   7617.784468  x:  0.24706   0.80984   0.82802   0.40240   0.56293   0.09534   0.74796   0.18924   0.47997   0.23302   0.19498   0.15626   0.90136   0.06063   0.10387   0.15700   0.11106   0.00466   0.04798   1.59829   0.02629   0.00010  
 19 31.2462   7617.023248  x:  0.25070   0.83798   0.82432   0.40606   0.55037   0.09533   0.80021   0.18641   0.48930   0.23176   0.19271   0.16133   0.86393   0.09255   0.07524   0.16249   0.11103   0.00668   0.04791   1.61143   0.02641   0.00010  
 20  7.6427   7615.177396  x:  0.26806   0.87679   0.81165   0.38666   0.54651   0.09518   0.87055   0.18405   0.47622   0.24570   0.18927   0.16760   0.84649   0.03233   0.13407   0.15920   0.11130   0.00967   0.04789   1.61838   0.02629   0.00010  
 21  6.2983   7592.001229  x:  0.35907   0.76339   0.67120   0.48777   0.64926   0.10239   0.81570   0.21991   0.43700   0.32990   0.19661   0.16643   1.55530   0.02793   0.10720   0.12694   0.10597   0.02375   0.05405   1.64517   0.02553   0.00010  
 22  8.7184   7584.765464  x:  0.38369   0.74636   0.88221   0.48803   0.77807   0.10494   0.63164   0.24174   0.56348   0.26457   0.20241   0.16736   1.54439   0.00404   0.12597   0.12351   0.10393   0.03031   0.05526   1.65063   0.02527   0.00010  
 23 29.3820   7583.614954  x:  0.37889   0.72138   0.97623   0.52251   0.78225   0.10562   0.60665   0.24188   0.48028   0.32601   0.20378   0.16239   1.51673   0.00843   0.12087   0.12345   0.10405   0.03041   0.05587   1.65374   0.02555   0.00010  
 24 13.0892   7581.408093  x:  0.40507   0.57749   1.08121   0.50848   0.75514   0.10302   0.74028   0.23501   0.51499   0.30683   0.20606   0.16888   1.54078   0.00446   0.12677   0.12358   0.10498   0.03016   0.05581   1.65585   0.02484   0.00010  
 25  2.3312   7555.831149  x:  0.58490   1.14332   1.22939   0.62378   0.74215   0.12890   1.07642   0.23252   0.61580   0.35825   0.27649   0.19237   1.72716   0.03278   0.13471   0.16373   0.12260   0.03402   0.05800   1.62238   0.01633   0.00010  
 26  4.0125   7544.955185  x:  0.70741   1.29881   1.41794   0.83250   0.79185   0.17033   1.10866   0.27009   0.63281   0.35328   0.25781   0.15423   1.95224   0.00000   0.16560   0.17308   0.12481   0.04267   0.04203   1.64309   0.01967   0.00010  
 27  0.1834   7529.957178  x:  0.92143   1.48696   1.70970   1.08323   0.80827   0.22036   1.15288   0.30283   0.67511   0.34973   0.24928   0.13181   2.34953   0.00000   0.16736   0.15077   0.12017   0.05275   0.01442   1.60609   0.01286   0.00010  
 28  0.3728   7526.535675  x:  1.00991   1.56208   1.80990   1.20994   0.80540   0.24907   1.13344   0.31684   0.67447   0.34724   0.25124   0.14368   2.49928   0.00000   0.15982   0.15632   0.11469   0.05548   0.00000   1.60726   0.01301   0.00010  
 29  0.2697   7524.519261  x:  1.05605   1.56848   1.82360   1.26544   0.79287   0.26044   1.07522   0.31837   0.66271   0.35871   0.26754   0.17028   2.55582   0.00000   0.16636   0.16274   0.12566   0.05329   0.00427   1.62491   0.01395   0.00010  
 30  0.1032   7522.702002  x:  1.21099   1.63569   1.93665   1.43613   0.76689   0.29626   0.99223   0.32795   0.66018   0.38029   0.28523   0.18650   2.78145   0.00000   0.15415   0.16119   0.13239   0.05195   0.00184   1.62682   0.01219   0.00010  
 31  0.2156   7522.696098  x:  1.21337   1.63670   1.93837   1.43875   0.76648   0.29681   0.99094   0.32810   0.66013   0.38062   0.28549   0.18674   2.78490   0.00271   0.15398   0.16117   0.13248   0.05193   0.00181   1.62685   0.01217   0.00010  
 32  8.8605   7521.930788  x:  1.24951   1.63707   1.95176   1.47430   0.75620   0.30498   0.96112   0.32817   0.65739   0.38491   0.28583   0.18355   2.82666   0.00000   0.15705   0.15914   0.13032   0.05085   0.00316   1.62924   0.01216   0.00010  
 33  0.1871   7520.310679  x:  1.42770   1.65519   2.03266   1.64481   0.71493   0.34762   0.86202   0.32982   0.65324   0.39263   0.27873   0.15976   3.03649   0.00000   0.18672   0.15398   0.12168   0.04695   0.00392   1.63235   0.01202   0.00010  
 34  0.5323   7519.334102  x:  1.56593   1.67078   2.08299   1.76812   0.67638   0.37904   0.80441   0.32691   0.64881   0.40217   0.27820   0.15081   3.18218   0.00000   0.16049   0.15577   0.11872   0.04192   0.00702   1.63612   0.01161   0.00010  
 35  0.3713   7518.679106  x:  1.67047   1.69987   2.11217   1.80250   0.67101   0.39905   0.93256   0.31895   0.67037   0.38193   0.26926   0.14932   3.24724   0.00000   0.16557   0.16163   0.12044   0.03780   0.01033   1.62904   0.01100   0.00010  
 36  0.0726   7518.411486  x:  1.74134   1.71476   2.13339   1.83902   0.67434   0.41661   0.96726   0.31874   0.67345   0.37219   0.26827   0.15735   3.29176   0.00000   0.16162   0.15948   0.12077   0.03577   0.00973   1.63466   0.01125   0.00010  
 37  0.0766   7518.242156  x:  1.83938   1.73657   2.17980   1.89685   0.69469   0.44032   0.96371   0.32725   0.67495   0.37205   0.27195   0.16356   3.37424   0.00000   0.16459   0.15580   0.11863   0.03550   0.00859   1.63802   0.01074   0.00010  
 38  0.0767   7518.018448  x:  1.92819   1.72051   2.19758   1.90371   0.75603   0.46586   0.93862   0.34546   0.66585   0.38045   0.26996   0.15411   3.38941   0.00000   0.16690   0.16033   0.11871   0.03767   0.00719   1.64525   0.01076   0.00010  
 39  0.0306   7517.866086  x:  1.97915   1.69956   2.18187   1.87693   0.78335   0.48260   0.92685   0.35443   0.65778   0.39502   0.27293   0.15596   3.35540   0.00000   0.15933   0.15885   0.12121   0.03830   0.00881   1.64317   0.01062   0.00010  
 40  0.0319   7517.711838  x:  2.00920   1.65617   2.12175   1.80668   0.78038   0.50067   0.91118   0.35832   0.64933   0.40818   0.27366   0.15890   3.25401   0.00000   0.16746   0.15493   0.11969   0.03845   0.00988   1.63681   0.01096   0.00010  
 41  0.0442   7517.399258  x:  2.04559   1.58676   1.98867   1.67976   0.68655   0.53542   0.88780   0.35010   0.64667   0.41756   0.26997   0.15723   3.06103   0.00000   0.16317   0.15837   0.11988   0.03607   0.00948   1.62534   0.01125   0.00010  
 42  0.0634   7517.341897  x:  2.02554   1.58187   1.97023   1.64452   0.67790   0.53661   0.90241   0.34692   0.65021   0.40247   0.27090   0.15840   3.01819   0.00000   0.16348   0.15862   0.11997   0.03744   0.00758   1.63386   0.01136   0.00010  
 43  0.0346   7517.312583  x:  2.02697   1.57551   1.96611   1.62998   0.67606   0.54190   0.90709   0.34093   0.64871   0.39071   0.27187   0.15624   3.00369   0.00000   0.16406   0.15797   0.11957   0.03825   0.00833   1.63747   0.01141   0.00010  
 44  0.0097   7517.298134  x:  2.04285   1.58068   1.97507   1.64390   0.65780   0.55168   0.89658   0.33374   0.64588   0.38828   0.27248   0.15677   3.01902   0.00000   0.16304   0.15819   0.12028   0.03809   0.00824   1.63543   0.01138   0.00010  
 45  0.0167   7517.288306  x:  2.05836   1.58650   1.98920   1.65078   0.66235   0.56190   0.89048   0.33136   0.64110   0.39728   0.27192   0.15773   3.02611   0.00000   0.16372   0.15844   0.12028   0.03887   0.00806   1.63162   0.01134   0.00010  
 46  0.0092   7517.282630  x:  2.04627   1.59380   1.99273   1.64732   0.65373   0.56412   0.90164   0.32647   0.64307   0.39710   0.27064   0.15722   3.02029   0.00000   0.16351   0.15819   0.12005   0.03903   0.00797   1.63265   0.01134   0.00010  
 47  0.0097   7517.269185  x:  2.03039   1.60965   2.00926   1.65656   0.65432   0.57305   0.89842   0.32914   0.64790   0.40125   0.27298   0.15705   3.02807   0.00000   0.16272   0.15832   0.12053   0.03871   0.00830   1.64007   0.01130   0.00010  
 48  0.0042   7517.254558  x:  2.01411   1.61771   2.01750   1.65136   0.64713   0.59667   0.88417   0.33317   0.64970   0.40018   0.27467   0.15474   3.01438   0.00000   0.16385   0.15830   0.12010   0.03846   0.00818   1.64383   0.01133   0.00010  
 49  0.0141   7517.244614  x:  1.99889   1.61421   2.01870   1.65070   0.64971   0.60094   0.88522   0.33599   0.64286   0.39771   0.27190   0.15633   3.01587   0.00000   0.16356   0.15819   0.11986   0.03825   0.00816   1.63134   0.01133   0.00010  
 50  0.0079   7517.242087  x:  1.98154   1.61141   2.01490   1.64608   0.64561   0.60394   0.88291   0.33672   0.64075   0.40006   0.27158   0.15746   3.01048   0.00000   0.16341   0.15836   0.12007   0.03819   0.00832   1.63212   0.01134   0.00010  
 51  0.0096   7517.238822  x:  1.97670   1.60444   2.01526   1.65730   0.64680   0.60606   0.88208   0.33764   0.63804   0.40078   0.27100   0.15758   3.03284   0.00000   0.16345   0.15826   0.12008   0.03835   0.00822   1.63851   0.01134   0.00010  
 52  0.0070   7517.237013  x:  1.97937   1.59258   2.00060   1.65152   0.64167   0.60956   0.88292   0.33707   0.63832   0.40129   0.27108   0.15736   3.02841   0.00000   0.16357   0.15826   0.11995   0.03833   0.00820   1.63657   0.01137   0.00010  
 53  0.0097   7517.236169  x:  1.97520   1.59334   2.00141   1.65711   0.64273   0.61070   0.88388   0.33703   0.64085   0.40078   0.27199   0.15687   3.03710   0.00000   0.16350   0.15829   0.12004   0.03838   0.00821   1.63436   0.01135   0.00010  
 54  0.0060   7517.236054  x:  1.97335   1.59241   1.99879   1.65690   0.64325   0.60972   0.88247   0.33667   0.64056   0.40081   0.27190   0.15681   3.03457   0.00000   0.16343   0.15823   0.12005   0.03845   0.00818   1.63411   0.01135   0.00010  
 55  0.0014   7517.235798  x:  1.97055   1.59396   1.99451   1.65988   0.64384   0.60949   0.88280   0.33582   0.64092   0.40053   0.27174   0.15699   3.02911   0.00000   0.16352   0.15829   0.11999   0.03838   0.00820   1.63436   0.01136   0.00010  
 56  0.0017   7517.235738  x:  1.97234   1.59421   1.99473   1.66175   0.64409   0.61046   0.88277   0.33595   0.64037   0.40090   0.27183   0.15694   3.02871   0.00000   0.16346   0.15826   0.12007   0.03836   0.00820   1.63448   0.01136   0.00010  
 57  0.0014   7517.235697  x:  1.97142   1.59404   1.99485   1.66266   0.64361   0.61003   0.88301   0.33615   0.64025   0.40086   0.27199   0.15680   3.02714   0.00000   0.16350   0.15829   0.11999   0.03839   0.00819   1.63437   0.01136   0.00010  
 58  0.0006   7517.235675  x:  1.97161   1.59369   1.99525   1.66378   0.64328   0.61003   0.88307   0.33637   0.64035   0.40083   0.27195   0.15685   3.02641   0.00000   0.16348   0.15825   0.12006   0.03839   0.00820   1.63434   0.01136   0.00010  
 59  0.0006   7517.235667  x:  1.97188   1.59341   1.99566   1.66409   0.64326   0.61018   0.88304   0.33648   0.64054   0.40071   0.27185   0.15692   3.02634   0.00000   0.16348   0.15828   0.12004   0.03840   0.00820   1.63439   0.01136   0.00010  
 60  0.0004   7517.235666  x:  1.97183   1.59337   1.99564   1.66402   0.64328   0.61014   0.88307   0.33644   0.64055   0.40071   0.27187   0.15690   3.02625   0.00000   0.16349   0.15827   0.12004   0.03840   0.00820   1.63438   0.01136   0.00010  
 61  0.0001   7517.235666  x:  1.97180   1.59319   1.99576   1.66403   0.64330   0.61013   0.88305   0.33642   0.64054   0.40071   0.27187   0.15691   3.02616   0.00000   0.16348   0.15827   0.12004   0.03840   0.00820   1.63438   0.01136   0.00010  
 62  0.0001   7517.235666  x:  1.97179   1.59318   1.99577   1.66403   0.64330   0.61013   0.88305   0.33641   0.64054   0.40071   0.27187   0.15691   3.02615   0.00000   0.16348   0.15827   0.12004   0.03840   0.00820   1.63438   0.01136   0.00010  
 63  0.0001   7517.235666  x:  1.97179   1.59317   1.99577   1.66402   0.64330   0.61013   0.88305   0.33641   0.64054   0.40071   0.27187   0.15691   3.02615   0.00000   0.16348   0.15827   0.12004   0.03840   0.00820   1.63438   0.01136   0.00010  
 64  0.0001   7517.235666  x:  1.97179   1.59317   1.99577   1.66402   0.64330   0.61013   0.88305   0.33641   0.64054   0.40071   0.27187   0.15691   3.02615   0.00000   0.16348   0.15827   0.12004   0.03840   0.00820   1.63438   0.01136   0.00010  
 65  0.0001   7517.235666  x:  1.97179   1.59317   1.99577   1.66402   0.64330   0.61013   0.88305   0.33641   0.64054   0.40071   0.27187   0.15691   3.02615   0.00000   0.16348   0.15827   0.12004   0.03840   0.00820   1.63438   0.01136   0.00010  
check convergence!
