

TREE # 1

  0  0.0000  18232.172058  x:  0.00000   0.23451   0.29347   0.12278   0.14563   0.04270   0.15679   0.06040   0.08776   0.11746   0.14996   0.12608   0.02086   0.04655   0.05945   0.05882   0.07325   2.00000   0.20000   0.20000   0.20000  
  1 99.0000  14176.781402  x:  3.76817   0.82433   0.95140   0.85696   0.64542   0.69261   0.63052   0.78058   0.86033   0.65758   1.03357   0.38450   0.47959   0.41411   0.35281   0.10610   0.22747   1.86837   1.87838   0.16619   0.17144  
  2 13805.3773  14049.694335  x:  3.77573   0.86894   1.00115   0.87376   0.65585   0.69591   0.65008   0.78555   0.86831   0.66613   1.05066   0.36395   0.45223   0.37205   0.31122   0.06159   0.19517   1.86936   1.85101   0.03515   0.11983  
  3 852.4614  14004.831864  x:  3.77348   0.93984   1.08048   0.89899   0.67106   0.69848   0.68099   0.79076   0.87860   0.67823   1.07572   0.36102   0.43579   0.32828   0.24840   0.01698   0.16096   1.86475   1.79627   0.06527   0.05964  
  4 655.3215  13893.047124  x:  3.75447   1.19651   1.36871   0.99241   0.72598   0.70482   0.79457   0.80727   0.91471   0.72140   1.16810   0.36566   0.38835   0.17697   0.05919   0.12461   0.12910   1.84061   1.57721   0.09838   0.06769  
  5 1093.9688  13751.934498  x:  3.70741   1.61861   1.84771   1.15780   0.81655   0.70550   0.98651   0.82791   0.97286   0.79065   1.33178   0.36324   0.29597   0.11406   0.10561   0.01276   0.15777   1.79384   1.13600   0.12518   0.27519  
  6 916.4985  13590.666129  x:  3.64520   2.23859   2.55724   1.41600   0.94722   0.69407   1.26921   0.85103   1.05730   0.88800   1.58877   0.32063   0.11954   0.29507   0.37560   0.09679   0.13171   1.73789   0.37788   0.14578   0.25015  
  7 1712.0658  13585.476935  x:  3.65140   2.23910   2.56490   1.43598   0.95024   0.68565   1.27423   0.84918   1.06267   0.89046   1.61058   0.33727   0.13189   0.30556   0.36448   0.09150   0.18185   1.72638   0.32907   0.13951   0.23344  
  8 151.5798  13573.173149  x:  3.41400   2.19767   2.65838   1.77091   1.00284   0.50199   1.36165   0.78732   1.13380   0.93276   1.96756   0.59443   0.29942   0.46064   0.31155   0.07130   0.25611   1.41620   0.38298   0.06626   0.17444  
  9 75.9226  13553.561098  x:  3.33881   2.14735   2.67738   1.93347   1.02438   0.40941   1.39342   0.76015   1.16691   0.94685   2.14295   0.74551   0.41205   0.55865   0.25909   0.05713   0.20372   1.29236   0.34386   0.02529   0.18186  
 10 402.8326  13532.856422  x:  3.24428   1.94639   2.65667   2.31518   1.09244   0.21084   1.43345   0.73087   1.23436   0.96193   2.56074   0.67487   0.31084   0.79162   0.06028   0.02775   0.15397   1.26031   0.30254   0.02476   0.26657  
 11 74.7486  13528.657667  x:  3.16336   1.84421   2.68860   2.47562   1.18880   0.18467   1.44742   0.78431   1.22203   0.94576   2.73967   0.70754   0.34936   0.77693   0.07350   0.02982   0.15556   1.45764   0.31111   0.02234   0.26034  
 12 33.8963  13528.193705  x:  3.15942   1.82319   2.68968   2.49566   1.20067   0.18193   1.44522   0.79297   1.22025   0.94430   2.76324   0.70485   0.34969   0.75644   0.08694   0.03265   0.15137   1.46396   0.30495   0.02478   0.25749  
 13 40.4074  13525.818890  x:  3.11854   1.67825   2.82168   2.51863   1.31194   0.25453   1.38235   0.94575   1.14637   0.92857   2.81525   0.65019   0.36659   0.77704   0.06535   0.03134   0.15058   1.42546   0.29030   0.02514   0.26268  
 14 11.1522  13520.233125  x:  3.10035   1.35634   3.28666   2.50348   1.24858   0.11512   1.20527   1.06914   1.16164   0.96688   2.86399   0.50449   0.44986   0.78378   0.04477   0.03256   0.16815   1.47890   0.30177   0.02829   0.26434  
 15 16.8986  13516.210799  x:  3.09318   1.07644   3.57504   2.49219   1.25949   0.18956   1.38024   0.91989   1.21743   0.90590   2.84317   0.38326   0.52153   0.78867   0.02433   0.03387   0.17770   1.50762   0.30167   0.03070   0.26549  
 16 16.8661  13506.512277  x:  3.08105   0.80559   4.09858   2.77247   1.16726   0.37723   1.39128   0.73827   1.05220   1.26520   2.49873   0.29552   0.65385   0.73543   0.02752   0.04591   0.16117   1.52467   0.26745   0.02993   0.25786  
 17  4.0453  13492.667287  x:  3.10627   0.66306   4.70562   3.17397   0.94800   0.39506   1.49081   0.85679   1.03898   0.90850   1.95696   0.29666   0.70088   0.64674   0.04078   0.06270   0.14898   1.50174   0.24818   0.02950   0.24212  
 18 23.5937  13486.252244  x:  3.07191   0.78996   4.75715   3.26119   1.11585   0.42174   1.42206   0.86812   1.34850   0.91429   1.66590   0.46479   0.51668   0.61168   0.03899   0.07069   0.14558   1.53089   0.22684   0.03084   0.23478  
 19 14.2718  13475.439168  x:  3.16733   1.25127   4.68750   3.32378   1.34857   0.32007   1.36893   0.68468   1.19680   0.86781   1.36627   0.82411   0.09371   0.54738   0.03532   0.08154   0.15767   1.59936   0.24598   0.03552   0.22107  
 20 24.0552  13470.888632  x:  3.15623   1.45483   4.55366   3.26240   1.32295   0.24565   1.57310   0.82383   1.15285   0.99369   1.29928   0.88858   0.00000   0.52125   0.03380   0.08655   0.16252   1.63135   0.24056   0.03748   0.21327  
 21 19.6312  13466.270103  x:  3.10111   1.76222   4.41471   3.12407   1.26116   0.34104   1.54214   0.82693   1.19813   0.98184   1.47863   0.69091   0.00000   0.49905   0.03391   0.09035   0.16057   1.65005   0.23609   0.03830   0.20975  
 22 11.2073  13460.083386  x:  3.00456   2.25329   4.20674   2.84301   1.10842   0.54181   1.49657   0.84228   1.28085   0.96496   1.83051   0.42371   0.36317   0.45827   0.03536   0.09711   0.15731   1.68697   0.22932   0.03991   0.20302  
 23 78.5944  13452.810824  x:  2.96757   2.11114   4.64125   1.88545   1.25463   0.45928   1.62807   0.85966   1.37135   0.94028   2.42787   0.51151   0.23231   0.36161   0.07210   0.10753   0.15709   1.71427   0.24026   0.04208   0.17926  
 24  4.6774  13444.650667  x:  2.77504   2.12935   5.03761   2.53150   0.95090   0.72981   1.62529   0.98770   1.31163   1.03382   2.38497   0.60556   0.08689   0.27366   0.07742   0.11560   0.14809   1.79962   0.25135   0.04886   0.17210  
 25  1.4643  13439.889668  x:  2.71201   2.15083   5.26931   2.84472   1.35202   0.38291   1.65716   0.98345   1.23032   1.05822   2.26032   0.36234   0.25529   0.23704   0.08322   0.11826   0.14093   1.78759   0.24967   0.05055   0.16981  
 26  6.7350  13428.747314  x:  2.40196   2.37263   5.57164   2.93025   1.57007   0.11531   1.75316   1.11305   1.15309   1.17487   3.24363   0.58718   0.07316   0.29039   0.08497   0.10778   0.12905   1.70734   0.19851   0.05176   0.17834  
 27  1.4176  13420.542302  x:  2.09360   2.38030   6.16864   3.64288   1.55449   0.25386   1.87174   1.13065   1.25874   1.25376   3.27229   0.43285   0.10629   0.28531   0.14695   0.09259   0.18772   1.64068   0.18796   0.05836   0.12956  
 28  1.6264  13411.738274  x:  1.74525   2.81525   6.79945   3.89681   1.55770   0.33628   1.99138   1.17125   1.43637   1.30076   3.63765   0.45437   0.06519   0.19171   0.18342   0.08741   0.19368   1.56867   0.15160   0.06509   0.08659  
 29  1.3042  13405.118592  x:  1.52663   3.07745   7.35890   4.16970   1.54250   0.33599   1.99540   1.19948   1.61318   1.29009   3.61387   0.45185   0.13923   0.18767   0.18075   0.07334   0.15134   1.51378   0.15523   0.06700   0.09443  
 30  1.3636  13402.938721  x:  1.30092   3.43017   7.77809   4.27780   1.58614   0.34761   2.06250   1.21289   1.68267   1.33296   3.85624   0.38391   0.14767   0.17942   0.18768   0.05962   0.14088   1.52798   0.14122   0.07140   0.10007  
 31  0.6411  13401.494431  x:  1.15928   3.73996   8.05546   4.29682   1.67466   0.34890   2.13170   1.20500   1.68884   1.36602   3.99005   0.37302   0.14422   0.16120   0.19776   0.05139   0.16155   1.57863   0.14070   0.07549   0.08611  
 32  0.4873  13400.533045  x:  1.08594   4.00316   8.16114   4.23511   1.73164   0.35466   2.15487   1.21051   1.67211   1.38485   4.09625   0.41737   0.13651   0.18345   0.18358   0.04660   0.16827   1.60987   0.13777   0.07623   0.09695  
 33  0.4427  13399.622140  x:  1.03192   4.26786   8.38221   4.03672   1.75964   0.38011   2.17329   1.22342   1.65547   1.38377   4.15447   0.45634   0.07996   0.18463   0.16779   0.05386   0.16265   1.61959   0.14112   0.07673   0.10626  
 34  0.2830  13398.818974  x:  0.81565   4.70260   8.89952   4.06646   1.82619   0.40172   2.24020   1.26191   1.70467   1.41408   4.28837   0.43945   0.09678   0.18558   0.16301   0.05814   0.15895   1.58362   0.12863   0.07787   0.10074  
 35  0.5064  13398.390885  x:  0.63314   4.92865   9.41398   4.27304   1.86573   0.39334   2.30214   1.27801   1.76270   1.44556   4.27203   0.39384   0.13543   0.19555   0.16790   0.05880   0.15806   1.57873   0.12679   0.07769   0.09737  
 36  0.3374  13398.053453  x:  0.43242   5.18759   9.93707   4.44743   1.88652   0.40771   2.37177   1.29897   1.81871   1.49045   4.35206   0.41820   0.11882   0.18180   0.17360   0.05970   0.16108   1.59785   0.12183   0.07771   0.10075  
 37  0.4210  13397.895223  x:  0.34496   5.25136  10.15745   4.48157   1.87113   0.42278   2.37357   1.32808   1.82414   1.51555   4.46201   0.44413   0.09404   0.19398   0.17171   0.06070   0.16220   1.60373   0.12118   0.07424   0.10306  
 38  0.0960  13397.741668  x:  0.29567   5.30370  10.24372   4.49158   1.86321   0.42918   2.35598   1.34590   1.82201   1.52520   4.55417   0.43051   0.12705   0.19479   0.16624   0.06018   0.16077   1.59374   0.11955   0.06948   0.10325  
 39  0.0594  13397.695354  x:  0.33270   5.29844  10.10204   4.47916   1.87365   0.42360   2.35458   1.33152   1.81420   1.51279   4.53549   0.43615   0.11840   0.19480   0.16258   0.05813   0.16106   1.59819   0.12041   0.06845   0.10452  
 40  0.0770  13397.677303  x:  0.31708   5.35042  10.10990   4.52493   1.89493   0.42119   2.37956   1.32512   1.82776   1.51275   4.51376   0.44437   0.11272   0.19681   0.16218   0.05856   0.16174   1.59679   0.11945   0.06803   0.10397  
 41  0.0395  13397.669876  x:  0.32082   5.34582  10.09084   4.52989   1.89853   0.42190   2.38684   1.32247   1.83210   1.51295   4.51295   0.44360   0.11582   0.19701   0.16189   0.05895   0.16117   1.59552   0.11978   0.06758   0.10459  
 42  0.0125  13397.654358  x:  0.29982   5.37520  10.09908   4.53237   1.91064   0.43137   2.40938   1.32807   1.84620   1.52423   4.57394   0.43560   0.12189   0.19737   0.16193   0.05888   0.15996   1.59249   0.11827   0.06749   0.10563  
 43  0.0264  13397.632581  x:  0.30962   5.36588  10.03254   4.52655   1.91852   0.44349   2.42396   1.33758   1.84864   1.53571   4.63626   0.44186   0.11582   0.19634   0.16186   0.05864   0.16167   1.59606   0.11795   0.06841   0.10470  
 44  0.0291  13397.593189  x:  0.24547   5.45713  10.19757   4.66668   1.92679   0.45042   2.43917   1.37365   1.86712   1.56507   4.72364   0.44000   0.11691   0.19717   0.15982   0.05922   0.16216   1.59373   0.11548   0.06732   0.10370  
 45  0.0488  13397.503209  x:  0.26904   5.53756  10.26618   4.85956   1.96068   0.43342   2.46390   1.39141   1.89834   1.58251   4.73996   0.42541   0.12340   0.19483   0.15887   0.05966   0.15951   1.59313   0.11371   0.07037   0.10496  
 46  0.0478  13397.174919  x:  0.31145   5.90075  10.64993   5.14038   2.06961   0.43042   2.54399   1.43187   1.98340   1.65042   5.15820   0.46702   0.09826   0.20332   0.15509   0.06003   0.16126   1.61142   0.10494   0.06836   0.10965  
 47  0.1062  13396.884988  x:  0.55893   5.87586  10.73999   5.13094   2.09635   0.42816   2.53702   1.41627   1.99823   1.65177   5.30137   0.48552   0.08418   0.20440   0.15791   0.05994   0.16126   1.62259   0.10613   0.06698   0.10978  
 48  0.1704  13396.437878  x:  0.70863   6.27389  11.49837   5.45745   2.24217   0.48564   2.70792   1.48513   2.14268   1.76087   5.78704   0.47613   0.07918   0.19624   0.16481   0.06048   0.15922   1.62213   0.09404   0.06898   0.10541  
 49  0.5922  13396.052561  x:  0.94970   6.36612  12.15092   5.55358   2.32612   0.55908   2.86144   1.53313   2.22781   1.82869   5.86994   0.44538   0.09132   0.18358   0.17363   0.05991   0.16081   1.62155   0.09059   0.07171   0.09741  
 50  0.3401  13395.789140  x:  1.08082   6.70068  12.93751   5.87401   2.45796   0.60465   3.03534   1.61710   2.34883   1.93415   6.16027   0.45716   0.08849   0.18842   0.17051   0.05968   0.16180   1.63346   0.08271   0.07022   0.10019  
 51  0.9633  13395.517544  x:  1.18397   6.80254  13.41839   6.04843   2.52020   0.61865   3.13493   1.68487   2.40060   1.99300   6.15399   0.48117   0.08743   0.20243   0.15961   0.05874   0.16242   1.64798   0.08162   0.06669   0.10861  
 52  0.6077  13395.416352  x:  1.32952   6.97036  14.04566   6.33591   2.61347   0.64401   3.26397   1.77920   2.49403   2.08486   6.32892   0.48133   0.08476   0.20211   0.15786   0.05836   0.16123   1.65169   0.07668   0.06744   0.10868  
 53  0.7219  13395.336160  x:  1.43916   6.94437  14.31313   6.49375   2.64774   0.63705   3.31049   1.84549   2.53422   2.13405   6.37172   0.47299   0.08382   0.19773   0.15922   0.05841   0.15982   1.64832   0.07576   0.06917   0.10627  
 54  0.2514  13395.294556  x:  1.58583   7.07652  14.81264   6.73308   2.74170   0.63986   3.41903   1.91777   2.61965   2.21344   6.56983   0.47652   0.08235   0.19769   0.16074   0.05873   0.16120   1.65365   0.07231   0.06839   0.10603  
 55  0.3938  13395.258540  x:  1.65706   7.16368  14.98105   6.83109   2.80448   0.62180   3.46752   1.94008   2.66612   2.24861   6.71574   0.48318   0.07984   0.19848   0.16230   0.05896   0.16242   1.65789   0.07153   0.06742   0.10649  
 56  0.1550  13395.205528  x:  1.81490   7.47872  15.62818   7.15086   2.96487   0.62105   3.62783   2.02804   2.79963   2.35791   7.06762   0.49009   0.07240   0.19852   0.16156   0.05872   0.16129   1.66327   0.06705   0.06794   0.10703  
 57  0.4483  13395.121905  x:  1.80662   8.02330  16.19953   7.41140   3.14658   0.62839   3.78749   2.08774   2.94013   2.45756   7.51541   0.49378   0.06268   0.19820   0.15790   0.05826   0.15853   1.66294   0.06367   0.06993   0.10725  
 58  0.3996  13395.065638  x:  1.82204   8.43038  16.87441   7.68471   3.28492   0.65427   3.93950   2.16242   3.06320   2.56026   7.87382   0.49667   0.06203   0.19865   0.15885   0.05867   0.16049   1.66714   0.06020   0.06909   0.10695  
 59  0.7371  13395.005340  x:  1.69481   8.66317  17.15355   7.74969   3.31266   0.69136   3.98768   2.18008   3.09983   2.59293   8.01374   0.49453   0.06745   0.19888   0.16110   0.05921   0.16340   1.66802   0.05977   0.06773   0.10625  
 60  0.8196  13394.956926  x:  1.65768   9.17013  17.99599   8.09511   3.45392   0.74854   4.16528   2.28379   3.24452   2.71837   8.42761   0.49545   0.06554   0.19796   0.16198   0.05890   0.16261   1.67164   0.05618   0.06812   0.10621  
 61  0.8796  13394.903018  x:  1.59095   9.48412  18.59316   8.35884   3.50551   0.82364   4.27259   2.37683   3.32909   2.80333   8.65687   0.49315   0.06439   0.19651   0.16198   0.05804   0.15944   1.67360   0.05462   0.06959   0.10665  
 62  0.4683  13394.875209  x:  1.61751   9.84191  19.26214   8.67123   3.61309   0.87413   4.41441   2.47311   3.44047   2.90547   8.97789   0.49402   0.06497   0.19735   0.16170   0.05829   0.16032   1.67737   0.05213   0.06920   0.10679  
 63  0.7676  13394.823604  x:  1.76640  10.05812  19.83406   9.01051   3.70146   0.92456   4.54080   2.57843   3.53250   2.99657   9.24365   0.49503   0.06895   0.20033   0.16032   0.05934   0.16359   1.68167   0.05054   0.06756   0.10708  
 64  0.5879  13394.787550  x:  1.90609  10.43539  20.59371   9.41386   3.84295   0.97741   4.71784   2.69504   3.67368   3.11523   9.63566   0.49638   0.06632   0.19961   0.16045   0.05908   0.16239   1.68429   0.04793   0.06811   0.10730  
 65  0.8482  13394.743373  x:  2.10471  10.55092  20.89119   9.62534   3.92837   0.98813   4.81030   2.74460   3.74910   3.16350   9.82638   0.49795   0.06090   0.19736   0.16119   0.05833   0.15953   1.68364   0.04712   0.06946   0.10739  
 66  0.5426  13394.718499  x:  2.26177  10.94351  21.65023  10.01016   4.08343   1.03264   4.99580   2.84629   3.89316   3.27574  10.22505   0.50030   0.05928   0.19763   0.16149   0.05846   0.16020   1.68696   0.04488   0.06920   0.10734  
 67  0.9034  13394.680323  x:  2.40204  11.35458  22.37402  10.32021   4.24954   1.05807   5.18239   2.91149   4.03225   3.36879  10.59945   0.50364   0.05935   0.19928   0.16170   0.05912   0.16322   1.69098   0.04339   0.06792   0.10698  
 68  0.6022  13394.656570  x:  2.48884  11.75806  23.12269  10.64607   4.39294   1.09647   5.35795   2.99535   4.16813   3.46993  10.95554   0.50492   0.05708   0.19880   0.16154   0.05895   0.16229   1.69276   0.04165   0.06835   0.10711  
 69  0.9226  13394.619458  x:  2.47884  12.19133  23.90747  10.91025   4.52675   1.12699   5.52863   3.06156   4.29985   3.56378  11.27238   0.50500   0.05393   0.19744   0.16089   0.05838   0.15948   1.69260   0.04046   0.06959   0.10747  
 70  1.1507  13394.601289  x:  2.53018  12.65110  24.81738  11.27004   4.68373   1.16699   5.72847   3.15771   4.45260   3.68329  11.66644   0.50632   0.05314   0.19781   0.16076   0.05847   0.15992   1.69445   0.03876   0.06941   0.10749  
 71  1.2884  13394.558895  x:  2.49115  13.29737  26.25528  11.76691   4.89154   1.21414   6.01218   3.30264   4.66790   3.86869  12.20652   0.50755   0.05535   0.19972   0.16070   0.05906   0.16300   1.69622   0.03693   0.06810   0.10729  
 72  1.1143  13394.529031  x:  2.59855  13.76361  27.41931  12.27123   5.08347   1.24633   6.25768   3.45178   4.86651   4.04023  12.71534   0.50875   0.05198   0.19837   0.16057   0.05852   0.16075   1.69575   0.03519   0.06903   0.10750  
 73  0.6289  13394.518930  x:  2.62063  13.72319  27.43488  12.29942   5.08456   1.23930   6.25798   3.46507   4.87132   4.05133  12.73088   0.50869   0.05134   0.19794   0.16056   0.05836   0.16004   1.69504   0.03530   0.06931   0.10756  
 74  0.1958  13394.495947  x:  2.79729  14.22991  28.74540  12.90933   5.32060   1.26752   6.54384   3.64370   5.10540   4.25993  13.36637   0.51080   0.05016   0.19863   0.16029   0.05853   0.16073   1.69682   0.03343   0.06900   0.10766  
 75  1.0234  13394.482753  x:  2.92111  14.41448  29.21334  13.17914   5.43236   1.27287   6.66038   3.71940   5.20801   4.35347  13.67920   0.51213   0.05024   0.19955   0.16010   0.05883   0.16193   1.69831   0.03282   0.06848   0.10765  
 76  0.4376  13394.475881  x:  3.02044  14.75131  29.92108  13.51985   5.58083   1.29478   6.82745   3.81201   5.34960   4.47277  14.08108   0.51350   0.04876   0.19948   0.15997   0.05878   0.16166   1.69893   0.03182   0.06857   0.10772  
 77  0.8752  13394.457736  x:  3.14726  15.35817  30.80206  13.97852   5.82238   1.34734   7.06969   3.91779   5.56778   4.64086  14.74625   0.51590   0.04466   0.19835   0.15998   0.05839   0.15988   1.69902   0.03060   0.06927   0.10784  
 78  0.7573  13394.444857  x:  3.14865  15.87596  31.59816  14.31084   5.98375   1.40838   7.25482   3.99937   5.72328   4.76495  15.18770   0.51676   0.04503   0.19922   0.16015   0.05876   0.16144   1.70003   0.02965   0.06873   0.10771  
 79  0.5613  13394.440564  x:  3.09652  15.88572  31.51870  14.25526   5.96159   1.42173   7.23301   3.98205   5.70444   4.74709  15.12957   0.51620   0.04597   0.19947   0.16025   0.05887   0.16193   1.69996   0.02983   0.06855   0.10765  
 80  0.3614  13394.428716  x:  3.10828  16.58600  32.68444  14.76680   6.16280   1.53224   7.48221   4.12067   5.91800   4.92479  15.68434   0.51564   0.04599   0.19900   0.16021   0.05869   0.16114   1.69974   0.02859   0.06879   0.10773  
 81  0.6082  13394.421104  x:  3.13982  16.66092  32.95773  14.91337   6.16904   1.57529   7.51349   4.17424   5.94573   4.95880  15.69288   0.51387   0.04722   0.19867   0.16024   0.05856   0.16059   1.69972   0.02848   0.06902   0.10778  
 82  0.1770  13394.415407  x:  3.24751  17.03693  33.77061  15.32202   6.30106   1.63959   7.67834   4.29375   6.08823   5.08561  16.03504   0.51337   0.04785   0.19879   0.16033   0.05863   0.16082   1.70045   0.02766   0.06897   0.10776  
 83  0.9913  13394.411956  x:  3.36741  17.02423  33.90350  15.43606   6.32727   1.63520   7.70283   4.32952   6.11152   5.10792  16.06658   0.51363   0.04823   0.19919   0.16041   0.05879   0.16154   1.70101   0.02757   0.06869   0.10770  
 84  0.1395  13394.409205  x:  3.50479  17.35902  34.53133  15.75896   6.46423   1.66387   7.84525   4.41386   6.23808   5.20479  16.37544   0.51449   0.04716   0.19896   0.16039   0.05869   0.16117   1.70097   0.02693   0.06880   0.10775  
 85  0.3487  13394.406721  x:  3.52909  17.40064  34.52846  15.74309   6.48849   1.64270   7.85350   4.40157   6.24650   5.19762  16.39125   0.51546   0.04595   0.19879   0.16034   0.05860   0.16086   1.70074   0.02697   0.06891   0.10779  
 86  0.0516  13394.404049  x:  3.59057  17.84528  35.30212  16.05392   6.63619   1.66995   8.01402   4.48466   6.38282   5.29698  16.70462   0.51611   0.04556   0.19907   0.16042   0.05872   0.16137   1.70179   0.02635   0.06879   0.10775  
 87  0.4319  13394.402655  x:  3.55314  17.84538  35.37130  16.04359   6.62736   1.65983   8.01416   4.49188   6.37896   5.29681  16.67765   0.51568   0.04603   0.19905   0.16040   0.05872   0.16132   1.70201   0.02640   0.06878   0.10774  
 88  0.0431  13394.401439  x:  3.59489  18.06686  35.86324  16.24689   6.70916   1.66754   8.11135   4.55808   6.46030   5.36482  16.87242   0.51589   0.04569   0.19890   0.16038   0.05865   0.16106   1.70207   0.02602   0.06885   0.10775  
 89  0.4143  13394.400373  x:  3.58743  18.09766  35.93924  16.27069   6.73302   1.64991   8.13960   4.57634   6.48035   5.38664  16.97956   0.51676   0.04483   0.19900   0.16038   0.05866   0.16122   1.70150   0.02595   0.06883   0.10776  
 90  0.0413  13394.399645  x:  3.59860  18.29085  36.21202  16.39607   6.79360   1.67338   8.21159   4.61394   6.53918   5.43467  17.16525   0.51703   0.04471   0.19903   0.16035   0.05868   0.16128   1.70173   0.02568   0.06879   0.10776  
 91  0.1757  13394.399104  x:  3.58792  18.32110  36.20210  16.40466   6.79357   1.69222   8.22062   4.61951   6.54345   5.44097  17.20542   0.51672   0.04500   0.19899   0.16034   0.05867   0.16119   1.70195   0.02566   0.06880   0.10776  
 92  0.0356  13394.398538  x:  3.64396  18.56041  36.68112  16.62119   6.87614   1.71497   8.32596   4.69126   6.62738   5.51160  17.42253   0.51680   0.04481   0.19897   0.16039   0.05867   0.16113   1.70230   0.02530   0.06884   0.10776  
 93  0.3411  13394.398395  x:  3.66333  18.59187  36.74538  16.65071   6.88930   1.71509   8.34241   4.70027   6.63870   5.51902  17.44820   0.51698   0.04468   0.19900   0.16041   0.05868   0.16121   1.70218   0.02526   0.06882   0.10776  
 94  0.0577  13394.398310  x:  3.68111  18.69280  36.91015  16.72395   6.92367   1.72329   8.38490   4.72207   6.67118   5.54408  17.54185   0.51721   0.04448   0.19899   0.16039   0.05867   0.16121   1.70213   0.02512   0.06881   0.10777  
 95  0.1213  13394.398276  x:  3.66845  18.63406  36.81126  16.67874   6.90242   1.71913   8.36276   4.70748   6.65148   5.52841  17.48894   0.51708   0.04458   0.19898   0.16039   0.05866   0.16118   1.70211   0.02521   0.06882   0.10777  
 96  0.0633  13394.398159  x:  3.66168  18.58508  36.75535  16.65339   6.88282   1.71862   8.35668   4.69527   6.63605   5.51615  17.45049   0.51687   0.04476   0.19898   0.16038   0.05867   0.16116   1.70220   0.02526   0.06884   0.10777  
 97  0.0279  13394.398103  x:  3.67569  18.61437  36.81621  16.68606   6.89396   1.72235   8.37408   4.70239   6.64720   5.52472  17.48260   0.51695   0.04473   0.19900   0.16038   0.05867   0.16120   1.70224   0.02521   0.06882   0.10777  
 98  0.0477  13394.398099  x:  3.67357  18.61368  36.81262  16.68406   6.89342   1.72184   8.37148   4.70235   6.64655   5.52438  17.48063   0.51695   0.04471   0.19899   0.16038   0.05867   0.16119   1.70222   0.02521   0.06882   0.10777  
 99  0.0032  13394.398076  x:  3.67211  18.63825  36.85883  16.70963   6.89852   1.72418   8.37628   4.70723   6.65262   5.53016  17.50367   0.51700   0.04464   0.19899   0.16038   0.05867   0.16117   1.70223   0.02518   0.06883   0.10777  
100  0.0080  13394.398070  x:  3.67356  18.63378  36.85355  16.70691   6.89758   1.72422   8.37741   4.70594   6.65175   5.52917  17.50098   0.51699   0.04468   0.19900   0.16038   0.05867   0.16119   1.70226   0.02518   0.06882   0.10777  
101  0.0073  13394.398068  x:  3.67403  18.63682  36.86318  16.71210   6.89838   1.72483   8.37916   4.70613   6.65276   5.53003  17.50531   0.51700   0.04468   0.19900   0.16038   0.05867   0.16119   1.70229   0.02518   0.06882   0.10777  
102  0.0029  13394.398067  x:  3.67407  18.63592  36.86044  16.71022   6.89842   1.72461   8.37861   4.70623   6.65261   5.52988  17.50397   0.51699   0.04468   0.19900   0.16038   0.05867   0.16119   1.70228   0.02518   0.06882   0.10777  
103  0.0031  13394.398063  x:  3.67633  18.63904  36.87157  16.71251   6.90175   1.72498   8.38049   4.70790   6.65508   5.53181  17.50793   0.51700   0.04466   0.19900   0.16038   0.05867   0.16118   1.70226   0.02517   0.06883   0.10777  
104  0.0026  13394.398058  x:  3.67726  18.64465  36.88911  16.72171   6.90337   1.72615   8.38385   4.70846   6.65706   5.53348  17.51573   0.51701   0.04467   0.19900   0.16037   0.05867   0.16119   1.70230   0.02516   0.06882   0.10777  
105  0.0079  13394.398056  x:  3.67824  18.64535  36.89224  16.72156   6.90484   1.72617   8.38432   4.70923   6.65803   5.53422  17.51656   0.51701   0.04466   0.19900   0.16037   0.05867   0.16119   1.70228   0.02516   0.06882   0.10777  
106  0.0028  13394.398055  x:  3.67851  18.64789  36.89958  16.72570   6.90549   1.72666   8.38578   4.70947   6.65887   5.53489  17.51988   0.51702   0.04466   0.19900   0.16037   0.05867   0.16119   1.70230   0.02516   0.06882   0.10777  
107  0.0028  13394.398055  x:  3.67849  18.64769  36.89898  16.72536   6.90544   1.72662   8.38566   4.70946   6.65881   5.53483  17.51960   0.51702   0.04466   0.19900   0.16037   0.05867   0.16119   1.70230   0.02516   0.06882   0.10777  
108  0.0057  13394.398055  x:  3.67848  18.64756  36.89860  16.72514   6.90542   1.72659   8.38559   4.70945   6.65877   5.53480  17.51943   0.51702   0.04466   0.19900   0.16037   0.05867   0.16119   1.70229   0.02516   0.06882   0.10777  
109  0.0047  13394.398055  x:  3.67848  18.64754  36.89856  16.72512   6.90542   1.72659   8.38558   4.70945   6.65876   5.53480  17.51941   0.51702   0.04466   0.19900   0.16037   0.05867   0.16119   1.70229   0.02516   0.06882   0.10777  
110  0.0044  13394.398055  x:  3.67848  18.64754  36.89856  16.72512   6.90542   1.72659   8.38558   4.70945   6.65876   5.53480  17.51941   0.51702   0.04466   0.19900   0.16037   0.05867   0.16119   1.70229   0.02516   0.06882   0.10777  
111  0.0047  13394.398055  x:  3.67849  18.64733  36.89751  16.72444   6.90550   1.72648   8.38540   4.70955   6.65876   5.53476  17.51891   0.51701   0.04466   0.19900   0.16037   0.05867   0.16119   1.70229   0.02516   0.06882   0.10777  
112  0.1439  13394.398055  x:  3.67849  18.64732  36.89744  16.72440   6.90550   1.72647   8.38539   4.70956   6.65876   5.53476  17.51887   0.51701   0.04466   0.19900   0.16037   0.05867   0.16119   1.70229   0.02516   0.06882   0.10777  
113  0.0009  13394.398055  x:  3.67848  18.64729  36.89732  16.72434   6.90552   1.72645   8.38537   4.70957   6.65876   5.53475  17.51881   0.51701   0.04466   0.19900   0.16037   0.05867   0.16119   1.70228   0.02516   0.06882   0.10777  
114  0.0009  13394.398055  x:  3.67846  18.64727  36.89719  16.72429   6.90553   1.72644   8.38535   4.70958   6.65876   5.53474  17.51874   0.51701   0.04466   0.19900   0.16037   0.05867   0.16119   1.70228   0.02516   0.06882   0.10777  
115  0.0008  13394.398055  x:  3.67843  18.64725  36.89701  16.72423   6.90556   1.72641   8.38532   4.70960   6.65878   5.53473  17.51865   0.51701   0.04466   0.19900   0.16037   0.05867   0.16119   1.70228   0.02516   0.06882   0.10777  
116  0.0007  13394.398055  x:  3.67838  18.64722  36.89683  16.72420   6.90560   1.72638   8.38531   4.70963   6.65880   5.53471  17.51855   0.51701   0.04466   0.19900   0.16037   0.05867   0.16119   1.70228   0.02516   0.06882   0.10777  
117  0.0005  13394.398055  x:  3.67831  18.64721  36.89664  16.72422   6.90566   1.72634   8.38529   4.70967   6.65883   5.53469  17.51843   0.51701   0.04466   0.19900   0.16037   0.05867   0.16119   1.70228   0.02516   0.06882   0.10777  
118  0.0003  13394.398055  x:  3.67814  18.64724  36.89647  16.72447   6.90579   1.72626   8.38532   4.70973   6.65893   5.53464  17.51829   0.51701   0.04466   0.19900   0.16037   0.05867   0.16119   1.70227   0.02516   0.06882   0.10777  
119  0.0002  13394.398055  x:  3.67825  18.64743  36.89754  16.72495   6.90568   1.72639   8.38547   4.70963   6.65890   5.53469  17.51885   0.51701   0.04466   0.19900   0.16037   0.05867   0.16119   1.70228   0.02516   0.06882   0.10777  
120  0.0002  13394.398055  x:  3.67821  18.64740  36.89735  16.72491   6.90571   1.72636   8.38545   4.70966   6.65892   5.53467  17.51874   0.51701   0.04466   0.19900   0.16037   0.05867   0.16119   1.70228   0.02516   0.06882   0.10777  
121  0.0007  13394.398055  x:  3.67819  18.64740  36.89730  16.72490   6.90573   1.72635   8.38544   4.70966   6.65892   5.53467  17.51871   0.51701   0.04466   0.19900   0.16037   0.05867   0.16119   1.70228   0.02516   0.06882   0.10777  
122  0.0004  13394.398055  x:  3.67818  18.64739  36.89728  16.72490   6.90573   1.72635   8.38544   4.70967   6.65893   5.53466  17.51870   0.51701   0.04466   0.19900   0.16037   0.05867   0.16119   1.70228   0.02516   0.06882   0.10777  
123  0.0004  13394.398055  x:  3.67817  18.64739  36.89725  16.72490   6.90574   1.72634   8.38544   4.70967   6.65893   5.53466  17.51868   0.51701   0.04466   0.19900   0.16037   0.05867   0.16119   1.70228   0.02516   0.06882   0.10777  
124  0.0003  13394.398055  x:  3.67817  18.64739  36.89725  16.72490   6.90574   1.72634   8.38544   4.70967   6.65893   5.53466  17.51868   0.51701   0.04466   0.19900   0.16037   0.05867   0.16119   1.70228   0.02516   0.06882   0.10777  
125  0.0003  13394.398055  x:  3.67802  18.64781  36.89748  16.72524   6.90612   1.72623   8.38556   4.70993   6.65921   5.53468  17.51887   0.51701   0.04466   0.19900   0.16037   0.05867   0.16119   1.70228   0.02516   0.06882   0.10777  