

TREE # 1

  0  0.0000   7992.673367  x:  0.00000   0.41767   0.34708   0.10321   0.34592   0.08234   0.21206   0.08914   0.27206   0.10663   0.08297   0.08341   0.30041   0.05853   0.03702   0.10177   0.06448   0.02707   0.07173   2.00000   0.20000   0.20000   0.20000  
  1 99.0000   7511.455957  x:  0.21249   0.47008   0.39777   0.18217   0.38564   0.14762   0.26137   0.14580   0.30492   0.14782   0.13759   0.14220   0.36369   0.11026   0.08916   0.11515   0.09499   0.00000   0.04696   1.98855   0.33815   0.19114   0.19503  
  2 3097.7794   7373.210075  x:  0.15684   0.53429   0.45370   0.23328   0.43900   0.19760   0.31908   0.19392   0.35016   0.18737   0.17008   0.17571   0.42875   0.12217   0.09201   0.12673   0.11170   0.00000   0.00000   1.97400   0.30855   0.17044   0.18530  
  3 1014.2812   7373.210075  x:  0.15684   0.53429   0.45370   0.23328   0.43900   0.19760   0.31908   0.19392   0.35016   0.18737   0.17008   0.17571   0.42875   0.12217   0.09201   0.12673   0.11170   0.00000   0.00000   1.97400   0.30855   0.17044   0.18530  
  4 15571.0666   7360.492036  x:  0.15684   0.53429   0.45370   0.23328   0.43901   0.19760   0.31909   0.19392   0.35017   0.18737   0.17008   0.17571   0.42876   0.12217   0.09201   0.12673   0.11170   0.00070   0.00683   1.97400   0.30855   0.17044   0.18530  
  5 413884.4095   7358.236510  x:  0.15746   0.53512   0.45444   0.23402   0.43964   0.19821   0.31972   0.19447   0.35067   0.18781   0.17050   0.17616   0.42962   0.12249   0.09228   0.12684   0.11192   0.00000   0.00690   1.97378   0.30923   0.17017   0.18517  
  6 886.0108   7315.725906  x:  0.17694   0.59635   0.50559   0.26463   0.48325   0.22142   0.35363   0.21431   0.38248   0.20321   0.17738   0.18464   0.48219   0.11738   0.08353   0.12750   0.10540   0.00000   0.00932   1.95467   0.21386   0.13974   0.16826  
  7 653.0193   7299.241035  x:  0.15204   0.65516   0.54870   0.25481   0.52089   0.20810   0.36433   0.20100   0.40458   0.19294   0.14987   0.15680   0.51528   0.08124   0.04660   0.11929   0.07747   0.00000   0.00960   1.92069   0.22395   0.09614   0.13742  
  8 278.3225   7286.730120  x:  0.10043   0.72037   0.59250   0.22460   0.56189   0.17570   0.36572   0.17252   0.42529   0.17133   0.12382   0.12970   0.54442   0.10308   0.07762   0.11961   0.08548   0.00000   0.00914   1.86867   0.22402   0.06296   0.08839  
  9 328.3667   7279.246012  x:  0.05640   0.76499   0.61959   0.19931   0.59132   0.14935   0.36209   0.15505   0.43744   0.15783   0.14237   0.14779   0.55990   0.09759   0.07285   0.12499   0.09661   0.00000   0.00821   1.81379   0.22331   0.09288   0.04020  
 10 245.0789   7274.409744  x:  0.06091   0.78103   0.61768   0.19483   0.60508   0.14455   0.33980   0.17145   0.42655   0.15988   0.14577   0.15443   0.54494   0.10724   0.07659   0.15271   0.06345   0.00000   0.00543   1.69417   0.22091   0.09293   0.02277  
 11 72.3531   7268.071667  x:  0.06515   0.80349   0.61497   0.19282   0.62454   0.14219   0.31445   0.18724   0.41258   0.16166   0.14105   0.15277   0.52581   0.10355   0.06895   0.17816   0.08098   0.00000   0.00179   1.50885   0.21647   0.09032   0.04195  
 12 319.3716   7262.158284  x:  0.07004   0.80862   0.60096   0.20342   0.63231   0.15376   0.30950   0.18858   0.39947   0.16548   0.13840   0.14941   0.50637   0.09990   0.06868   0.15435   0.09370   0.00000   0.00608   1.29317   0.21214   0.08669   0.02886  
 13 223.6577   7260.642471  x:  0.06377   0.80391   0.59830   0.20325   0.62787   0.15233   0.32526   0.17657   0.40502   0.16552   0.14603   0.15553   0.51119   0.10155   0.07481   0.13674   0.08106   0.00000   0.00569   1.24258   0.21137   0.08588   0.04482  
 14 91.2184   7258.949328  x:  0.06915   0.78241   0.59311   0.20571   0.60877   0.15098   0.35324   0.16433   0.41751   0.16759   0.14439   0.15419   0.52440   0.09907   0.07447   0.13221   0.08570   0.00000   0.00327   1.20546   0.21048   0.08226   0.02909  
 15 47.5416   7256.517841  x:  0.06524   0.75865   0.60450   0.20122   0.58522   0.14642   0.37316   0.16275   0.44191   0.16175   0.13659   0.14758   0.55689   0.10161   0.07031   0.17103   0.08202   0.00000   0.00506   1.17897   0.21067   0.09239   0.03531  
 16 29.1920   7248.614450  x:  0.05526   0.72430   0.64378   0.18852   0.55631   0.15222   0.34110   0.18195   0.46669   0.14709   0.16438   0.17162   0.59920   0.10202   0.06479   0.17746   0.09140   0.00000   0.00596   1.16624   0.21225   0.05226   0.03410  
 17 32.2178   7221.535219  x:  0.07042   0.66332   0.80024   0.18782   0.51273   0.20441   0.23015   0.24610   0.53006   0.12406   0.15779   0.15597   0.72438   0.11517   0.07632   0.10779   0.08882   0.00000   0.00362   1.15257   0.22008   0.09782   0.03388  
 18 153.4890   7043.785921  x:  0.00000   0.69416   1.22031   0.23525   0.71440   0.35562   0.41984   0.32167   0.47393   0.37072   0.18266   0.20998   0.73538   0.08213   0.15708   0.15604   0.11051   0.00000   0.00370   1.26778   0.26813   0.11248   0.03209  
 19 79.6182   6961.131614  x:  0.34206   0.96115   1.28418   0.36527   0.81367   0.20544   0.49418   0.14304   0.44807   0.21323   0.27255   0.28559   0.81843   0.19168   0.09155   0.19318   0.13342   0.00000   0.00885   1.36779   0.30319   0.11119   0.05429  
 20 221.7628   6929.632369  x:  0.32819   1.15660   0.99042   0.38981   0.85281   0.10659   0.56531   0.38381   0.64484   0.13077   0.28855   0.27152   0.87460   0.27065   0.03558   0.12940   0.15094   0.00000   0.00938   1.41802   0.31524   0.11522   0.05805  
 21 132.6923   6913.930664  x:  0.26550   1.29160   0.71287   0.43775   0.87384   0.22774   0.48366   0.34116   0.75565   0.15869   0.28499   0.27710   1.00393   0.24979   0.05592   0.15952   0.14760   0.00000   0.00805   1.44563   0.32017   0.11298   0.05230  
 22 108.8114   6912.687159  x:  0.25838   1.32522   0.69077   0.43830   0.83825   0.20378   0.48262   0.36049   0.69942   0.18778   0.27399   0.28665   1.06049   0.23038   0.07337   0.15427   0.14829   0.00000   0.00828   1.44660   0.32026   0.11346   0.05272  
 23 19.0054   6912.135501  x:  0.24610   1.33599   0.68627   0.43910   0.82852   0.22246   0.49514   0.37137   0.66279   0.16592   0.27654   0.28319   1.08075   0.23313   0.07132   0.15486   0.14779   0.00000   0.00787   1.44691   0.32031   0.11435   0.05157  
 24 14.5911   6910.020939  x:  0.22976   1.36148   0.70310   0.42839   0.80516   0.24435   0.50110   0.36627   0.63516   0.20262   0.30031   0.25483   1.09839   0.29368   0.01861   0.14968   0.14995   0.00000   0.00756   1.44595   0.31913   0.11324   0.05137  
 25  6.5835   6846.929901  x:  0.27179   1.90534   1.58150   0.39873   0.64876   0.62513   0.71093   0.45132   0.75408   0.32404   0.24388   0.40888   1.07961   0.17286   0.17897   0.16467   0.16089   0.00000   0.00708   1.40682   0.27760   0.09849   0.04558  
 26  8.2900   6807.011108  x:  0.08914   1.64008   1.95806   0.97150   1.28604   0.40965   0.70605   0.50171   0.61806   0.40220   0.38300   0.28812   1.44852   0.15260   0.22066   0.18568   0.15906   0.00000   0.00408   1.38240   0.24950   0.07148   0.02904  
 27 63.1762   6805.451919  x:  0.09361   1.60761   1.95648   0.94676   1.34745   0.41451   0.71040   0.50056   0.60353   0.40728   0.30283   0.36864   1.48392   0.19259   0.18601   0.17293   0.16130   0.00000   0.00424   1.38227   0.24861   0.06936   0.03089  
 28 19.8632   6804.500533  x:  0.16212   1.57575   1.93183   0.81339   1.43461   0.43251   0.72592   0.50823   0.59025   0.42205   0.32288   0.35130   1.53949   0.18063   0.19576   0.16320   0.16402   0.00000   0.00530   1.38399   0.24675   0.07091   0.03422  
 29  7.3471   6780.381107  x:  0.13005   1.87356   2.02762   0.91425   1.49996   0.51665   0.79515   0.53953   0.78701   0.44390   0.33239   0.35578   1.72731   0.17589   0.20297   0.14583   0.16670   0.00000   0.00719   1.55506   0.16526   0.05815   0.04606  
 30  0.4130   6765.386694  x:  0.07970   2.72427   2.03406   1.13375   1.59403   0.65861   0.95647   0.65444   1.06088   0.42601   0.33235   0.39306   2.26626   0.19447   0.19188   0.16551   0.17728   0.00000   0.00791   1.52167   0.14998   0.09427   0.04111  
 31  0.2493   6762.427573  x:  0.06580   2.88815   2.08849   1.19690   1.66789   0.68350   0.99989   0.68213   1.09070   0.43357   0.33672   0.39075   2.42783   0.18782   0.19446   0.16331   0.17634   0.00000   0.00804   1.52135   0.12648   0.08841   0.04091  
 32  0.4425   6758.332773  x:  0.05117   3.10908   2.17041   1.31759   1.82171   0.68202   1.06710   0.72183   1.06776   0.43845   0.34428   0.37047   2.71702   0.16953   0.19457   0.15404   0.16725   0.00000   0.00772   1.51848   0.12037   0.05453   0.04019  
 33  0.2659   6755.754844  x:  0.02875   3.45228   2.28510   1.49275   2.00270   0.68005   1.17188   0.77649   1.04852   0.42775   0.34763   0.34786   3.14262   0.15526   0.18409   0.16053   0.15443   0.00000   0.00730   1.54014   0.11352   0.08114   0.03964  
 34  0.2340   6755.322483  x:  0.02207   3.57740   2.35244   1.56185   2.07286   0.68452   1.21052   0.79300   1.05374   0.43111   0.34593   0.34636   3.28741   0.15465   0.17900   0.16221   0.15147   0.00000   0.00736   1.54765   0.10530   0.07800   0.03981  
 35  0.2825   6754.963264  x:  0.02457   3.65103   2.43951   1.62686   2.13508   0.67472   1.24079   0.79415   1.04591   0.43644   0.33766   0.34936   3.39398   0.16394   0.16619   0.16457   0.14905   0.00000   0.00752   1.56307   0.10459   0.06897   0.04018  
 36  0.1235   6754.514608  x:  0.06093   3.74940   2.63258   1.69260   2.20351   0.67390   1.28891   0.77648   1.09195   0.45697   0.33049   0.36378   3.48792   0.19829   0.14295   0.16866   0.15584   0.00000   0.00818   1.57819   0.09911   0.07336   0.03922  
 37  0.0578   6754.394401  x:  0.08600   3.74138   2.68802   1.68298   2.20685   0.67046   1.29591   0.76556   1.10045   0.46382   0.34411   0.35146   3.47250   0.19374   0.14821   0.16370   0.15660   0.00000   0.00805   1.57100   0.10011   0.07208   0.03994  
 38  0.0361   6754.350409  x:  0.09748   3.77576   2.73188   1.69306   2.22333   0.67296   1.31040   0.76636   1.10889   0.46693   0.35016   0.34563   3.50097   0.18773   0.15209   0.16152   0.15582   0.00000   0.00789   1.56654   0.09787   0.07135   0.04032  
 39  0.0588   6754.330010  x:  0.10672   3.78440   2.75126   1.68490   2.21032   0.67825   1.31455   0.76624   1.11678   0.46423   0.34723   0.34928   3.48654   0.17892   0.15810   0.16216   0.15469   0.00000   0.00755   1.56251   0.09760   0.07315   0.04027  
 40  0.0116   6754.324265  x:  0.10647   3.78594   2.75190   1.68362   2.20504   0.67960   1.31498   0.76795   1.11566   0.46227   0.34301   0.35305   3.48232   0.17829   0.15807   0.16327   0.15419   0.00000   0.00751   1.56600   0.09786   0.07230   0.04006  
 41  0.0062   6754.321131  x:  0.11124   3.79217   2.76128   1.67760   2.20206   0.68169   1.31898   0.77219   1.11523   0.46179   0.34391   0.35188   3.48018   0.17932   0.15809   0.16293   0.15442   0.00000   0.00757   1.57023   0.09765   0.07212   0.03994  
 42  0.0035   6754.319981  x:  0.11134   3.79041   2.75685   1.67290   2.19833   0.68180   1.31828   0.77516   1.11294   0.46075   0.34406   0.35124   3.47496   0.17952   0.15809   0.16298   0.15437   0.00000   0.00759   1.56889   0.09789   0.07238   0.04006  
 43  0.0050   6754.319412  x:  0.11136   3.79624   2.76023   1.67510   2.20114   0.68129   1.31982   0.77764   1.11280   0.46079   0.34351   0.35146   3.47924   0.18031   0.15714   0.16312   0.15432   0.00000   0.00760   1.56681   0.09765   0.07225   0.04013  
 44  0.0040   6754.318989  x:  0.11234   3.79843   2.76444   1.67625   2.20326   0.68007   1.31992   0.77922   1.11493   0.46160   0.34346   0.35186   3.47822   0.18109   0.15636   0.16288   0.15456   0.00000   0.00759   1.56665   0.09760   0.07223   0.04000  
 45  0.0014   6754.318625  x:  0.11131   3.80000   2.76227   1.67746   2.20494   0.67892   1.31877   0.78172   1.11561   0.46179   0.34382   0.35172   3.47782   0.18048   0.15645   0.16300   0.15442   0.00000   0.00757   1.56770   0.09758   0.07232   0.04003  
 46  0.0018   6754.318555  x:  0.11182   3.80032   2.76420   1.67784   2.20658   0.67856   1.31869   0.78196   1.11524   0.46223   0.34403   0.35161   3.47828   0.18051   0.15653   0.16312   0.15434   0.00000   0.00758   1.56800   0.09756   0.07229   0.04012  
 47  0.0008   6754.318497  x:  0.11208   3.79986   2.76430   1.67730   2.20747   0.67863   1.31802   0.78206   1.11471   0.46246   0.34376   0.35197   3.47750   0.18029   0.15684   0.16312   0.15426   0.00000   0.00757   1.56779   0.09755   0.07235   0.04005  
 48  0.0006   6754.318470  x:  0.11196   3.80010   2.76342   1.67707   2.20762   0.67878   1.31747   0.78223   1.11437   0.46244   0.34381   0.35188   3.47697   0.18027   0.15694   0.16304   0.15429   0.00000   0.00757   1.56776   0.09757   0.07227   0.04003  
 49  0.0004   6754.318419  x:  0.11204   3.80328   2.76390   1.67797   2.20783   0.67944   1.31695   0.78220   1.11487   0.46228   0.34381   0.35187   3.47685   0.18008   0.15713   0.16306   0.15437   0.00000   0.00758   1.56776   0.09754   0.07229   0.04006  
 50  0.0008   6754.318413  x:  0.11200   3.80360   2.76391   1.67820   2.20798   0.67947   1.31691   0.78211   1.11477   0.46223   0.34374   0.35187   3.47702   0.18022   0.15697   0.16305   0.15435   0.00000   0.00758   1.56792   0.09754   0.07231   0.04006  
 51  0.0002   6754.318408  x:  0.11217   3.80326   2.76367   1.67784   2.20777   0.67950   1.31669   0.78200   1.11467   0.46218   0.34383   0.35176   3.47622   0.18029   0.15689   0.16304   0.15434   0.00000   0.00757   1.56781   0.09755   0.07230   0.04006  
 52  0.0003   6754.318407  x:  0.11218   3.80283   2.76331   1.67766   2.20758   0.67948   1.31653   0.78187   1.11463   0.46215   0.34380   0.35180   3.47575   0.18034   0.15683   0.16307   0.15434   0.00000   0.00757   1.56781   0.09756   0.07230   0.04006  
 53  0.0005   6754.318406  x:  0.11231   3.80272   2.76320   1.67754   2.20762   0.67941   1.31651   0.78183   1.11459   0.46214   0.34379   0.35180   3.47561   0.18033   0.15681   0.16306   0.15434   0.00000   0.00758   1.56781   0.09757   0.07231   0.04006  
 54  0.0001   6754.318405  x:  0.11236   3.80285   2.76319   1.67764   2.20766   0.67932   1.31657   0.78184   1.11458   0.46213   0.34381   0.35179   3.47563   0.18030   0.15683   0.16306   0.15433   0.00000   0.00758   1.56781   0.09756   0.07231   0.04005  
 55  0.0000   6754.318405  x:  0.11237   3.80274   2.76298   1.67768   2.20755   0.67925   1.31654   0.78179   1.11458   0.46211   0.34380   0.35180   3.47539   0.18033   0.15683   0.16307   0.15433   0.00000   0.00758   1.56780   0.09757   0.07231   0.04005  
 56  0.0001   6754.318405  x:  0.11241   3.80277   2.76294   1.67766   2.20758   0.67923   1.31657   0.78180   1.11457   0.46211   0.34379   0.35181   3.47539   0.18032   0.15684   0.16305   0.15433   0.00000   0.00757   1.56780   0.09757   0.07231   0.04006  
 57  0.0000   6754.318405  x:  0.11244   3.80281   2.76291   1.67766   2.20763   0.67923   1.31660   0.78180   1.11457   0.46213   0.34379   0.35180   3.47541   0.18032   0.15684   0.16306   0.15434   0.00000   0.00757   1.56781   0.09757   0.07231   0.04006  
 58  0.0000   6754.318405  x:  0.11243   3.80281   2.76292   1.67765   2.20762   0.67925   1.31660   0.78180   1.11457   0.46213   0.34379   0.35180   3.47540   0.18032   0.15683   0.16306   0.15434   0.00000   0.00757   1.56781   0.09757   0.07231   0.04006  
 59  0.0000   6754.318405  x:  0.11243   3.80287   2.76292   1.67769   2.20763   0.67927   1.31664   0.78179   1.11457   0.46216   0.34379   0.35180   3.47538   0.18032   0.15683   0.16306   0.15434   0.00000   0.00757   1.56781   0.09757   0.07231   0.04006  
 60  0.0000   6754.318405  x:  0.11243   3.80287   2.76292   1.67771   2.20764   0.67927   1.31665   0.78179   1.11457   0.46215   0.34379   0.35180   3.47538   0.18032   0.15683   0.16306   0.15434   0.00000   0.00757   1.56781   0.09757   0.07231   0.04006  
 61  0.0000   6754.318405  x:  0.11242   3.80287   2.76293   1.67771   2.20764   0.67928   1.31665   0.78180   1.11456   0.46215   0.34379   0.35180   3.47537   0.18032   0.15683   0.16306   0.15434   0.00000   0.00757   1.56781   0.09757   0.07231   0.04006  
 62  0.0000   6754.318405  x:  0.11242   3.80287   2.76294   1.67772   2.20764   0.67928   1.31665   0.78180   1.11456   0.46215   0.34379   0.35180   3.47537   0.18032   0.15683   0.16306   0.15434   0.00000   0.00757   1.56781   0.09757   0.07231   0.04006  
 63  0.0000   6754.318405  x:  0.11242   3.80286   2.76293   1.67772   2.20764   0.67928   1.31665   0.78180   1.11456   0.46215   0.34379   0.35180   3.47537   0.18032   0.15683   0.16306   0.15434   0.00000   0.00757   1.56781   0.09757   0.07231   0.04006  
 64  0.0000   6754.318405  x:  0.11243   3.80286   2.76293   1.67772   2.20765   0.67928   1.31665   0.78180   1.11457   0.46215   0.34379   0.35180   3.47537   0.18032   0.15683   0.16306   0.15434   0.00000   0.00757   1.56781   0.09757   0.07231   0.04006  
 65  0.0000   6754.318405  x:  0.11243   3.80286   2.76293   1.67773   2.20765   0.67928   1.31666   0.78180   1.11457   0.46215   0.34379   0.35180   3.47537   0.18032   0.15683   0.16306   0.15434   0.00000   0.00757   1.56781   0.09757   0.07231   0.04006  
 66  0.0000   6754.318405  x:  0.11243   3.80286   2.76293   1.67772   2.20765   0.67928   1.31666   0.78180   1.11457   0.46215   0.34379   0.35180   3.47537   0.18032   0.15683   0.16306   0.15434   0.00000   0.00757   1.56781   0.09757   0.07231   0.04006  
 67  0.0000   6754.318405  x:  0.11243   3.80286   2.76293   1.67772   2.20765   0.67928   1.31665   0.78180   1.11457   0.46215   0.34379   0.35180   3.47537   0.18032   0.15683   0.16306   0.15434   0.00000   0.00757   1.56781   0.09757   0.07231   0.04006  
 68  0.0000   6754.318405  x:  0.11243   3.80286   2.76293   1.67772   2.20765   0.67928   1.31665   0.78180   1.11457   0.46215   0.34379   0.35180   3.47537   0.18032   0.15683   0.16306   0.15434   0.00000   0.00757   1.56781   0.09757   0.07231   0.04006  
 69  0.0000   6754.318405  x:  0.11243   3.80286   2.76293   1.67772   2.20764   0.67928   1.31665   0.78180   1.11457   0.46215   0.34379   0.35180   3.47537   0.18032   0.15683   0.16306   0.15434   0.00000   0.00757   1.56781   0.09757   0.07231   0.04006  
 70  0.0000   6754.318405  x:  0.11243   3.80285   2.76293   1.67772   2.20764   0.67928   1.31665   0.78180   1.11457   0.46215   0.34379   0.35180   3.47537   0.18032   0.15683   0.16306   0.15434   0.00000   0.00757   1.56781   0.09757   0.07231   0.04006  
 71  0.0000   6754.318405  x:  0.11243   3.80285   2.76293   1.67773   2.20764   0.67928   1.31665   0.78180   1.11457   0.46215   0.34379   0.35180   3.47537   0.18032   0.15683   0.16306   0.15434   0.00000   0.00757   1.56781   0.09757   0.07231   0.04006  
 72  0.0000   6754.318405  x:  0.11243   3.80285   2.76293   1.67773   2.20764   0.67928   1.31665   0.78180   1.11457   0.46215   0.34379   0.35180   3.47537   0.18032   0.15683   0.16306   0.15434   0.00000   0.00757   1.56781   0.09757   0.07231   0.04006  
 73  0.0000   6754.318405  x:  0.11243   3.80285   2.76293   1.67773   2.20764   0.67928   1.31665   0.78180   1.11457   0.46215   0.34379   0.35180   3.47537   0.18032   0.15683   0.16306   0.15434   0.00000   0.00757   1.56781   0.09757   0.07231   0.04006  
 74  0.0000   6754.318405  x:  0.11243   3.80286   2.76293   1.67773   2.20764   0.67928   1.31665   0.78180   1.11457   0.46215   0.34379   0.35180   3.47537   0.18032   0.15683   0.16306   0.15434   0.00000   0.00757   1.56781   0.09757   0.07231   0.04006  