

TREE # 1

  0  0.0000   2249.088781  x:  0.90828   1.11752   0.89926   0.30733   1.01894   0.31845   0.94964   0.37663   0.46644   0.24842   0.32755   0.32442   1.16021   0.24413   0.00000   0.21199   0.12896   0.00866   0.01035   2.00000   0.20000   0.20000   0.20000  
  1 99.0000   2246.334223  x:  0.91053   1.11946   0.90201   0.31061   1.01804   0.31858   0.95024   0.37696   0.46718   0.24901   0.32843   0.32408   1.16189   0.24400   0.00386   0.21074   0.13197   0.00000   0.00173   1.99894   0.20854   0.19666   0.19877  
  2 167.5860   2246.092140  x:  0.91092   1.11980   0.90250   0.31118   1.01782   0.31859   0.95032   0.37698   0.46729   0.24910   0.32856   0.32400   1.16218   0.24387   0.00406   0.21050   0.13242   0.00000   0.00000   1.99879   0.20843   0.19601   0.19852  
  3 261.2835   2244.804834  x:  0.91722   1.12536   0.91044   0.31962   1.01401   0.31858   0.95182   0.37723   0.46899   0.25029   0.33053   0.32272   1.16672   0.23993   0.00000   0.20746   0.13336   0.00000   0.00000   1.99620   0.20949   0.18475   0.19453  
  4 293.1035   2237.384546  x:  0.97434   1.17677   0.98294   0.37735   0.97037   0.30923   0.96859   0.37347   0.48066   0.25431   0.34091   0.31115   1.20848   0.22639   0.02617   0.20948   0.07438   0.00000   0.00000   1.96813   0.20364   0.05163   0.16840  
  5 192.8306   2232.369325  x:  1.06635   1.26501   1.10431   0.39524   0.85991   0.26745   1.01175   0.34701   0.48778   0.23757   0.33240   0.29663   1.27512   0.23149   0.01729   0.37974   0.08158   0.00000   0.00000   1.89852   0.20321   0.01846   0.15868  
  6 44.1645   2227.591002  x:  1.20251   1.39297   1.28137   0.44802   0.70974   0.21609   1.07039   0.31596   0.50290   0.22356   0.33106   0.27543   1.37453   0.23401   0.02570   0.56172   0.04864   0.00000   0.00000   1.80379   0.19683   0.05244   0.13358  
  7 382.5078   2225.533719  x:  1.25227   1.43438   1.34078   0.40138   0.62243   0.23288   1.11523   0.32358   0.50778   0.26080   0.35825   0.31289   1.41772   0.34080   0.00000   0.55493   0.04658   0.00000   0.00000   1.76528   0.19655   0.05263   0.13444  
  8 20.8900   2225.533719  x:  1.25227   1.43438   1.34078   0.40138   0.62243   0.23288   1.11523   0.32358   0.50778   0.26080   0.35825   0.31289   1.41772   0.34080   0.00000   0.55493   0.04658   0.00000   0.00000   1.76528   0.19655   0.05263   0.13444  
  9 15.9436   2220.457310  x:  1.26567   1.44386   1.35472   0.42642   0.62028   0.24117   1.11778   0.32921   0.51136   0.26709   0.36449   0.30815   1.42923   0.33921   0.02606   0.52991   0.13696   0.00000   0.00000   1.76326   0.21340   0.02083   0.11508  
 10 90.8697   2217.877500  x:  1.28352   1.45631   1.37329   0.45924   0.61634   0.25126   1.12049   0.33571   0.51550   0.27467   0.37213   0.30144   1.44440   0.32808   0.04534   0.49626   0.22057   0.00000   0.00000   1.76120   0.20664   0.06486   0.09294  
 11 151.4230   2215.700062  x:  1.30334   1.47017   1.39434   0.49420   0.61017   0.26113   1.12291   0.34138   0.51930   0.28140   0.37930   0.29405   1.46093   0.30081   0.04202   0.44840   0.24149   0.00000   0.00000   1.76061   0.16882   0.06208   0.07613  
 12 74.9263   2207.612809  x:  1.38784   1.53057   1.48531   0.63967   0.58638   0.30321   1.13640   0.36686   0.53768   0.30912   0.40973   0.26631   1.53155   0.17918   0.01311   0.24380   0.26424   0.00000   0.00000   1.75234   0.17093   0.06959   0.02828  
 13 174.5623   2204.014463  x:  1.43702   1.56593   1.53859   0.72261   0.57175   0.32649   1.14443   0.38062   0.54793   0.32387   0.42628   0.25140   1.57246   0.12140   0.03247   0.12709   0.27170   0.00000   0.00000   1.74745   0.16607   0.07431   0.05405  
 14 309.5195   2201.963110  x:  1.49034   1.60522   1.59795   0.80486   0.55271   0.34695   1.15440   0.39114   0.55751   0.33386   0.43927   0.24202   1.61544   0.13531   0.09111   0.08750   0.24015   0.00000   0.00000   1.74273   0.16164   0.07722   0.02198  
 15 53.3160   2193.573735  x:  1.89744   1.90799   2.05865   1.41060   0.39957   0.48995   1.23759   0.45795   0.62538   0.39201   0.52084   0.19929   1.93716   0.10377   0.14265   0.27558   0.16749   0.00000   0.00000   1.71311   0.12757   0.06656   0.04968  
 16 59.3754   2191.281687  x:  2.02678   2.01005   2.21923   1.51271   0.34429   0.49131   1.29273   0.43323   0.62448   0.34004   0.47092   0.28887   2.01911   0.24422   0.05313   0.23469   0.17626   0.00000   0.00000   1.74906   0.11841   0.06775   0.08502  
 17 22.3537   2190.486459  x:  2.10475   2.07310   2.32272   1.47889   0.34316   0.47885   1.34356   0.40913   0.59504   0.28387   0.38844   0.26452   2.04807   0.22551   0.06323   0.23619   0.17898   0.00000   0.00000   1.82104   0.12005   0.06840   0.08065  
 18  9.7773   2189.227244  x:  2.28765   2.21679   2.56911   1.30233   0.40201   0.46807   1.46591   0.39891   0.57247   0.29924   0.42197   0.35103   2.09691   0.16876   0.09630   0.24446   0.18032   0.00000   0.00000   2.00116   0.11743   0.06996   0.06796  
 19 12.4610   2188.354668  x:  2.42801   2.31657   2.75060   1.14398   0.45689   0.46343   1.54060   0.43254   0.60738   0.36582   0.45690   0.26444   2.13936   0.20903   0.06987   0.23097   0.18490   0.00000   0.00000   2.09156   0.11334   0.07106   0.07905  
 20 14.2074   2187.740280  x:  2.55991   2.36121   2.87688   1.00516   0.42760   0.38497   1.52973   0.44994   0.69920   0.31235   0.49112   0.25396   2.23714   0.19168   0.07462   0.22337   0.19219   0.00000   0.00000   1.99537   0.10989   0.07116   0.07505  
 21  3.8997   2186.894424  x:  2.75150   2.37224   3.02220   0.85972   0.50698   0.43435   1.47867   0.50098   0.68226   0.32327   0.42692   0.29385   2.43181   0.18411   0.07280   0.21227   0.19753   0.00000   0.00000   1.82574   0.10424   0.07117   0.07526  
 22  5.6939   2186.253677  x:  2.88082   2.33725   3.09268   0.81447   0.50295   0.43972   1.44922   0.46261   0.59164   0.31376   0.48153   0.27036   2.59072   0.19746   0.06042   0.19899   0.20274   0.00000   0.00000   1.80254   0.10971   0.07180   0.08108  
 23  5.5497   2185.755945  x:  2.97030   2.27827   3.12286   0.82588   0.47088   0.42727   1.47437   0.43258   0.64696   0.37446   0.44758   0.28140   2.71854   0.19413   0.06046   0.19281   0.20456   0.00000   0.00000   1.85788   0.11541   0.07262   0.08326  
 24  4.6507   2185.310993  x:  3.04027   2.21486   3.14589   0.87927   0.50166   0.46633   1.60722   0.51750   0.71544   0.29808   0.46585   0.28321   2.82000   0.19877   0.05659   0.18667   0.20453   0.00000   0.00000   1.91298   0.11409   0.07331   0.08810  
 25  3.7142   2184.672389  x:  3.15249   2.21518   3.26579   1.00511   0.50809   0.40105   1.96066   0.51844   0.67372   0.35254   0.47196   0.27331   2.91299   0.18413   0.05996   0.17291   0.20875   0.00000   0.00000   1.80701   0.10266   0.07277   0.08982  
 26  2.2675   2183.023985  x:  3.47018   2.58153   3.80795   1.38191   0.54528   0.52334   1.96986   0.46113   0.75956   0.33689   0.51262   0.25079   2.98977   0.15197   0.06992   0.13649   0.22575   0.00000   0.00000   1.88855   0.08611   0.07255   0.09991  
 27  1.6247   2182.683695  x:  3.54609   2.67238   3.92852   1.46117   0.46294   0.49545   1.94259   0.60202   0.71052   0.36422   0.49782   0.26191   2.98287   0.14278   0.07485   0.13079   0.22951   0.00000   0.00000   1.93509   0.08555   0.07249   0.10172  
 28  3.7069   2181.962663  x:  3.80333   2.90426   4.19356   1.67445   0.45216   0.58978   1.95508   0.59247   0.76630   0.36745   0.51010   0.26282   2.84536   0.12396   0.10740   0.15999   0.23059   0.00000   0.00000   1.95884   0.08694   0.06835   0.10613  
 29  0.5287   2181.582200  x:  4.00517   3.05678   4.40237   1.78732   0.57635   0.50028   2.03661   0.63584   0.79252   0.38816   0.52463   0.26365   3.25822   0.12199   0.12183   0.17556   0.23194   0.00000   0.00000   2.03120   0.07924   0.06400   0.11361  
 30  1.0470   2181.402465  x:  4.13090   3.14495   4.54769   1.77800   0.47159   0.62972   2.15852   0.64290   0.81440   0.40049   0.53614   0.26302   3.46989   0.11773   0.12935   0.17697   0.23514   0.00000   0.00000   2.03202   0.07446   0.06204   0.11750  
 31  1.4429   2181.054999  x:  4.54184   3.29864   5.06856   1.88859   0.51984   0.63577   2.39254   0.69293   0.87288   0.41684   0.54704   0.27632   3.74457   0.13394   0.12535   0.15111   0.24229   0.00000   0.00000   1.98754   0.06914   0.05625   0.13688  
 32  0.5424   2180.987209  x:  4.73711   3.37618   5.27526   1.93899   0.53497   0.63778   2.49778   0.73262   0.89028   0.42876   0.55161   0.27682   3.86638   0.10999   0.13911   0.15765   0.24440   0.00000   0.00000   1.98881   0.06587   0.05441   0.14080  
 33  0.2868   2180.965023  x:  4.80826   3.40648   5.32740   1.92878   0.52631   0.64872   2.53447   0.75039   0.89238   0.43627   0.55277   0.27525   3.93366   0.10783   0.13914   0.16100   0.24418   0.00000   0.00000   2.00139   0.06623   0.05497   0.14438  
 34  0.1260   2180.942017  x:  4.96831   3.51440   5.46536   1.96358   0.54272   0.65281   2.62263   0.78578   0.90730   0.44668   0.55727   0.27624   4.02367   0.11387   0.13508   0.16307   0.24268   0.00000   0.00000   2.00501   0.06374   0.05585   0.15340  
 35  0.2323   2180.935158  x:  5.00093   3.53603   5.54559   1.97930   0.55143   0.65830   2.64310   0.79171   0.91661   0.44820   0.55984   0.27916   4.05437   0.10924   0.13432   0.16190   0.24040   0.00000   0.00000   2.00324   0.06315   0.05715   0.15698  
 36  0.0561   2180.933555  x:  4.98770   3.52562   5.54156   1.98507   0.54788   0.66419   2.62808   0.78424   0.91786   0.44861   0.56063   0.27892   4.05633   0.11058   0.13356   0.16260   0.23834   0.00000   0.00000   2.00760   0.06334   0.05742   0.15828  
 37  0.0127   2180.932313  x:  4.99546   3.52465   5.53840   1.99915   0.54597   0.66435   2.62523   0.78058   0.91908   0.44986   0.56040   0.27807   4.05439   0.10779   0.13556   0.16320   0.23807   0.00000   0.00000   2.00449   0.06312   0.05723   0.16050  
 38  0.0050   2180.928867  x:  4.98135   3.51521   5.49199   2.01302   0.54134   0.65635   2.61527   0.77465   0.91589   0.45016   0.55802   0.27678   4.02957   0.10501   0.13806   0.16262   0.23927   0.00000   0.00000   1.99763   0.06362   0.05713   0.16860  
 39  0.0123   2180.921464  x:  5.00590   3.55804   5.54927   2.03141   0.54241   0.66050   2.66194   0.79215   0.92114   0.45184   0.56173   0.27890   4.08831   0.09746   0.14527   0.16272   0.24099   0.00000   0.00000   2.01283   0.06278   0.05661   0.19346  
 40  0.0225   2180.914938  x:  4.91716   3.50221   5.47878   2.01249   0.54093   0.66100   2.61834   0.77679   0.91387   0.44446   0.55957   0.27908   4.01879   0.08843   0.15348   0.16348   0.23978   0.00000   0.00000   2.00447   0.06387   0.05571   0.21340  
 41  0.0581   2180.911925  x:  4.90257   3.48440   5.45087   1.97694   0.54356   0.66236   2.60002   0.77499   0.90898   0.44230   0.55816   0.27838   3.99231   0.08893   0.15419   0.16330   0.23919   0.00000   0.00000   2.00060   0.06419   0.05549   0.22510  
 42  0.0363   2180.910299  x:  4.92476   3.48985   5.45902   1.96723   0.54304   0.66261   2.60269   0.77781   0.90868   0.44423   0.55791   0.27779   4.00504   0.08384   0.15791   0.16356   0.23976   0.00000   0.00000   2.00188   0.06405   0.05526   0.23933  
 43  0.0276   2180.909547  x:  4.94515   3.49409   5.47325   1.96125   0.54119   0.65994   2.59950   0.77700   0.90958   0.44673   0.55772   0.27767   4.02320   0.08148   0.15956   0.16369   0.24017   0.00000   0.00000   2.00354   0.06399   0.05528   0.25331  
 44  0.0184   2180.909319  x:  4.92815   3.48728   5.46857   1.96093   0.54132   0.65819   2.59544   0.77417   0.90940   0.44467   0.55764   0.27813   4.01125   0.08079   0.16061   0.16386   0.24011   0.00000   0.00000   2.00166   0.06412   0.05505   0.25853  
 45  0.0131   2180.909272  x:  4.93373   3.49125   5.47506   1.96235   0.54118   0.65862   2.60020   0.77480   0.91018   0.44461   0.55791   0.27800   4.01473   0.08009   0.16107   0.16393   0.24015   0.00000   0.00000   2.00261   0.06406   0.05504   0.26296  
 46  0.0058   2180.909264  x:  4.93181   3.48933   5.47111   1.96248   0.54098   0.65889   2.59893   0.77423   0.90968   0.44445   0.55775   0.27788   4.01230   0.07978   0.16134   0.16394   0.24012   0.00000   0.00000   2.00244   0.06409   0.05501   0.26442  
 47  0.0032   2180.909261  x:  4.93175   3.48934   5.47098   1.96295   0.54107   0.65897   2.59908   0.77442   0.90954   0.44449   0.55772   0.27792   4.01261   0.07984   0.16127   0.16393   0.24013   0.00000   0.00000   2.00240   0.06408   0.05502   0.26461  
 48  0.0005   2180.909261  x:  4.93188   3.48956   5.47152   1.96313   0.54111   0.65899   2.59921   0.77461   0.90954   0.44453   0.55774   0.27797   4.01319   0.07973   0.16136   0.16394   0.24015   0.00000   0.00000   2.00239   0.06408   0.05501   0.26506  
 49  0.0008   2180.909261  x:  4.93186   3.48963   5.47152   1.96317   0.54109   0.65901   2.59913   0.77462   0.90958   0.44455   0.55776   0.27796   4.01320   0.07973   0.16137   0.16394   0.24015   0.00000   0.00000   2.00237   0.06408   0.05501   0.26510  
 50  0.0001   2180.909261  x:  4.93188   3.48967   5.47150   1.96318   0.54110   0.65902   2.59915   0.77463   0.90961   0.44455   0.55776   0.27795   4.01317   0.07972   0.16137   0.16394   0.24015   0.00000   0.00000   2.00238   0.06408   0.05501   0.26513  
 51  0.0001   2180.909261  x:  4.93187   3.48967   5.47148   1.96319   0.54110   0.65902   2.59916   0.77463   0.90961   0.44456   0.55776   0.27796   4.01316   0.07972   0.16137   0.16394   0.24015   0.00000   0.00000   2.00238   0.06408   0.05501   0.26513  
 52  0.0000   2180.909261  x:  4.93187   3.48966   5.47148   1.96319   0.54110   0.65902   2.59916   0.77463   0.90961   0.44456   0.55776   0.27796   4.01316   0.07972   0.16137   0.16394   0.24015   0.00000   0.00000   2.00238   0.06408   0.05501   0.26513  