

TREE # 1

  0  0.0000  12933.869619  x:  0.10130   0.46980   0.53893   0.29164   0.56847   0.00000   0.59258   0.02112   0.61360   0.43464   0.40153   0.11837   0.04645   0.06247   0.09770   0.03886   0.06151   2.00000   0.20000   0.20000   0.20000  
  1 99.0000  12182.104530  x:  0.24008   0.52962   0.59009   0.37346   0.61839   0.24255   0.64470   0.19192   0.68235   0.51655   0.46268   0.14037   0.06816   0.12399   0.10828   0.00000   0.02236   1.95747   0.65032   0.19625   0.19060  
  2 3947.5216  12126.995139  x:  0.32001   0.56669   0.62214   0.42146   0.64737   0.36993   0.67573   0.28366   0.72482   0.56590   0.50033   0.15328   0.08061   0.15768   0.11449   0.15533   0.00000   1.93249   0.87529   0.19369   0.18399  
  3 13170.6234  11901.918340  x:  0.92008   1.02025   1.04288   0.84171   0.87954   0.71602   0.96531   0.62086   1.24418   1.07783   0.93531   0.25170   0.14673   0.27056   0.15403   0.33287   1.54520   1.71395   0.77354   0.13957   0.01029  
  4 1204.7506  11900.978081  x:  0.92196   1.02156   1.04423   0.84303   0.88007   0.71753   0.96600   0.62176   1.24563   1.07899   0.93662   0.25143   0.14619   0.27097   0.15368   0.33265   1.54433   1.71310   0.77110   0.13942   0.01438  
  5 360.5683  11726.152105  x:  1.32297   1.29368   1.33136   1.12429   0.98522   1.06181   1.10405   0.80642   1.54549   1.30426   1.21154   0.16194   0.00000   0.35430   0.05107   0.25024   1.07841   1.52852   0.15842   0.10024   0.01749  
  6 588.0345  11726.152105  x:  1.32297   1.29368   1.33136   1.12429   0.98522   1.06181   1.10405   0.80642   1.54549   1.30426   1.21154   0.16194   0.00000   0.35430   0.05107   0.25024   1.07841   1.52852   0.15842   0.10024   0.01749  
  7 168.4932  11674.594611  x:  1.32569   1.29650   1.33442   1.12667   0.98697   1.06186   1.10648   0.80642   1.54906   1.30705   1.21452   0.16901   0.00908   0.35223   0.05807   0.24270   1.07287   1.52248   0.24912   0.10447   0.00928  
  8 1416.1291  11671.610682  x:  1.32612   1.29691   1.33489   1.12702   0.98713   1.06170   1.10675   0.80622   1.54957   1.30737   1.21499   0.17028   0.01025   0.35186   0.05933   0.24114   1.07176   1.52172   0.25465   0.10531   0.01729  
  9 1015.9891  11619.904706  x:  1.37873   1.34496   1.39276   1.16914   0.99807   1.02735   1.13084   0.76347   1.60933   1.33832   1.27271   0.33599   0.17299   0.28783   0.22216   0.00000   0.89724   1.44768   0.23401   0.21396   0.02133  
 10 247.1848  11497.780971  x:  1.59816   1.54209   1.62830   1.34376   1.04753   0.88499   1.23944   0.58558   1.85438   1.46498   1.50804   0.35451   0.34404   0.00670   0.41917   0.12779   0.00000   1.16126   0.19274   0.30800   0.03008  
 11 207.6282  11497.780971  x:  1.59816   1.54209   1.62830   1.34376   1.04753   0.88499   1.23944   0.58558   1.85438   1.46498   1.50804   0.35451   0.34404   0.00670   0.41917   0.12779   0.00000   1.16126   0.19274   0.30800   0.03008  
 12 113.6137  11491.543454  x:  1.59885   1.54251   1.62883   1.34426   1.04788   0.88457   1.24006   0.58506   1.85492   1.46523   1.50870   0.34973   0.34265   0.03047   0.41792   0.11698   0.04145   1.16166   0.19533   0.30593   0.03784  
 13 1097.5460  11444.637284  x:  1.60588   1.54678   1.63408   1.34933   1.05124   0.88001   1.24624   0.57941   1.86032   1.46757   1.51528   0.29578   0.32200   0.16611   0.39355   0.00000   0.00995   1.16731   0.20950   0.28430   0.04447  
 14 480.0095  11441.865032  x:  1.60716   1.54755   1.63503   1.35025   1.05185   0.87917   1.24736   0.57837   1.86130   1.46799   1.51648   0.28589   0.31815   0.19008   0.38900   0.00093   0.00421   1.16836   0.21175   0.28036   0.04539  
 15 820.2361  11435.374069  x:  1.61060   1.54943   1.63744   1.35265   1.05317   0.87630   1.25015   0.57480   1.86367   1.46865   1.51961   0.25542   0.30284   0.20981   0.36916   0.00102   0.00423   1.17321   0.19689   0.26999   0.02433  
 16 349.5231  11422.862268  x:  1.62179   1.55571   1.64544   1.36059   1.05783   0.86756   1.25954   0.56393   1.87167   1.47132   1.52991   0.16052   0.25306   0.22586   0.30363   0.00093   0.00159   1.18663   0.16715   0.24030   0.04175  
 17 496.5414  11407.228647  x:  1.63581   1.56399   1.65573   1.37067   1.06431   0.85782   1.27186   0.55182   1.88223   1.47561   1.54286   0.04935   0.19381   0.23412   0.22367   0.00094   0.00233   1.20000   0.17809   0.20607   0.04668  
 18 1695.0476  11400.421407  x:  1.65853   1.57733   1.67187   1.38629   1.07502   0.84290   1.29179   0.53334   1.89901   1.48286   1.56392   0.07186   0.16959   0.24497   0.11062   0.00097   0.00200   1.21458   0.17804   0.18538   0.05061  
 19 113.7153  11391.730420  x:  1.78853   1.65258   1.76535   1.47517   1.13959   0.75914   1.40884   0.43179   1.99610   1.52781   1.68184   0.10408   0.15015   0.23008   0.12092   0.00107   0.00506   1.28469   0.16985   0.06082   0.05381  
 20 46.6845  11384.253742  x:  1.98987   1.76287   1.90810   1.60681   1.24692   0.63426   1.59223   0.28800   2.14289   1.60230   1.85884   0.09965   0.11721   0.22311   0.13178   0.00117   0.00715   1.35568   0.15165   0.17984   0.05431  
 21 102.6607  11382.646255  x:  2.04937   1.78282   1.94659   1.63951   1.29439   0.60951   1.64725   0.27925   2.17873   1.63205   1.90435   0.07282   0.19313   0.22133   0.11607   0.00118   0.00726   1.34844   0.14605   0.18569   0.05320  
 22 36.5566  11377.250687  x:  2.30627   1.82891   2.09474   1.75466   1.52933   0.53370   1.85990   0.32620   2.29807   1.76686   2.08082   0.08223   0.16269   0.23800   0.13891   0.00096   0.00292   1.27985   0.13093   0.16122   0.04660  
 23 29.2813  11376.649134  x:  2.34539   1.82720   2.11511   1.76337   1.54943   0.51482   1.85628   0.31275   2.30010   1.77290   2.09893   0.08233   0.16825   0.24057   0.14214   0.00093   0.00207   1.33616   0.13568   0.16337   0.04634  
 24 12.6102  11373.967954  x:  2.66515   1.73186   2.27787   1.74707   1.71899   0.52056   1.62513   0.39342   2.23396   1.85209   2.14801   0.08654   0.17036   0.23161   0.13879   0.00100   0.00332   1.35542   0.13512   0.17595   0.04832  
 25  5.1450  11370.540765  x:  2.93784   1.59627   2.40645   1.64985   1.58381   0.36705   1.68707   0.39175   2.29905   1.77926   2.12121   0.09412   0.17271   0.22082   0.13409   0.00107   0.00429   1.26722   0.14145   0.17833   0.05071  
 26  6.1886  11368.086560  x:  3.02227   1.53061   2.43320   1.60446   1.60162   0.55401   1.91476   0.40226   2.36278   1.75799   2.09203   0.10259   0.17133   0.21028   0.12955   0.00116   0.00562   1.33886   0.14302   0.19314   0.05406  
 27  8.8631  11366.458487  x:  2.94156   1.66549   2.44067   1.66421   1.59705   0.67866   1.92585   0.22959   2.41867   1.86515   2.12939   0.10614   0.17163   0.20614   0.12786   0.00118   0.00569   1.28752   0.14180   0.19167   0.05467  
 28  6.6151  11364.933776  x:  2.76881   1.92276   2.42525   1.80824   1.54866   0.65972   1.93163   0.35362   2.49671   2.03628   2.23613   0.11019   0.17109   0.19970   0.12514   0.00124   0.00630   1.33693   0.13826   0.20276   0.05651  
 29  7.9012  11364.318287  x:  2.71157   2.03151   2.38945   1.92422   1.64340   0.61075   1.94425   0.37821   2.45766   1.91896   2.32920   0.11029   0.17161   0.19663   0.12348   0.00128   0.00656   1.32198   0.13817   0.20559   0.05734  
 30  3.9946  11363.597402  x:  2.72154   1.97779   2.28770   1.97977   1.82838   0.48844   1.96274   0.35230   2.58186   1.97150   2.37373   0.11086   0.16746   0.19235   0.12012   0.00136   0.00700   1.32890   0.13621   0.20718   0.05939  
 31  1.8058  11360.385842  x:  3.16389   2.14856   2.76042   2.05852   2.08675   0.39141   2.21192   0.31670   2.71108   2.18488   2.46579   0.10738   0.15187   0.17900   0.10946   0.00167   0.00782   1.36090   0.11432   0.20593   0.06706  
 32  2.2747  11359.600460  x:  3.37319   2.10995   2.79710   2.20340   2.00485   0.48874   2.22782   0.32787   2.81351   2.21184   2.66279   0.10383   0.15258   0.17649   0.10949   0.00175   0.00789   1.35633   0.10731   0.20744   0.06845  
 33  4.5025  11358.573437  x:  3.59083   2.19247   2.74897   2.07275   2.00483   0.50527   2.36031   0.30005   2.71508   2.34873   2.96201   0.09852   0.16448   0.17725   0.12472   0.00194   0.00867   1.33683   0.10592   0.21214   0.07049  
 34  0.6360  11357.636117  x:  3.75194   2.34681   2.89550   2.02078   2.08470   0.59148   2.34338   0.33712   3.01904   2.27583   3.05266   0.09387   0.17581   0.18096   0.13931   0.00212   0.00914   1.32829   0.10103   0.21803   0.07196  
 35  2.5096  11356.739821  x:  3.87509   2.25521   3.18209   2.51495   2.14763   0.59540   2.46696   0.33558   3.08188   2.40198   2.90732   0.09080   0.17948   0.18717   0.14281   0.00238   0.00990   1.31517   0.09688   0.22620   0.07421  
 36  1.5414  11355.652743  x:  4.24397   2.49804   3.35687   2.61636   2.30747   0.63333   2.65308   0.36322   3.25931   2.60714   3.13571   0.07912   0.18520   0.19483   0.12657   0.00279   0.01089   1.31182   0.08490   0.23408   0.07778  
 37  0.9190  11355.097136  x:  4.30168   2.52831   3.50453   2.56611   2.36997   0.66842   2.72251   0.37973   3.36859   2.68448   3.41953   0.07298   0.18599   0.19950   0.11000   0.00304   0.01148   1.32203   0.08374   0.24045   0.07854  
 38  0.6753  11354.051976  x:  4.90346   3.01969   3.65794   2.86094   2.62938   0.72487   3.01268   0.42751   3.73957   3.01503   3.67416   0.08133   0.18608   0.20020   0.11658   0.00391   0.01348   1.36512   0.07254   0.26633   0.07880  
 39  0.5962  11353.364664  x:  4.98998   3.10418   3.89064   2.99716   2.78057   0.73119   3.14687   0.44740   3.93411   3.17786   3.92530   0.08678   0.18311   0.19407   0.13257   0.00447   0.01421   1.36616   0.07072   0.28148   0.07431  
 40  0.3644  11352.868662  x:  5.19648   3.21354   4.24763   3.17704   2.96897   0.76642   3.33962   0.47449   4.19369   3.39602   4.28212   0.08285   0.18510   0.19205   0.13614   0.00511   0.01514   1.35564   0.06337   0.29730   0.07218  
 41  1.6131  11352.384884  x:  5.65446   3.51244   4.38167   3.43596   3.11189   0.83666   3.53093   0.51119   4.44686   3.61710   4.43781   0.07115   0.19162   0.19258   0.12937   0.00581   0.01572   1.33251   0.05763   0.31165   0.06838  
 42  1.1317  11352.033500  x:  5.73692   3.54565   4.37971   3.49282   3.10403   0.85555   3.54773   0.51225   4.46075   3.63561   4.40764   0.06674   0.19396   0.19408   0.12095   0.00591   0.01521   1.31839   0.05853   0.31109   0.06583  
 43  0.1753  11351.545948  x:  6.13131   3.74655   4.92606   3.82747   3.37305   0.92219   3.87091   0.53593   4.84950   3.98246   4.88136   0.07709   0.19109   0.19632   0.11841   0.00701   0.01537   1.32962   0.05231   0.33386   0.05914  
 44  0.6177  11350.824063  x:  6.94693   4.11584   5.74698   4.33433   3.77802   1.02351   4.40562   0.53937   5.42942   4.48828   5.55067   0.07128   0.19737   0.19948   0.13703   0.00871   0.01378   1.39362   0.04724   0.35737   0.05987  
 45  0.3786  11350.576813  x:  7.30919   4.30591   6.03085   4.54562   3.94343   1.07270   4.61584   0.55544   5.67297   4.70167   5.80681   0.06963   0.19818   0.19985   0.13747   0.00941   0.01342   1.39308   0.04381   0.36704   0.05958  
 46  2.3234  11349.887029  x:  7.95677   4.64182   6.33062   4.81824   4.16095   1.15351   4.90213   0.59053   5.98736   4.98371   6.09477   0.07422   0.18898   0.19733   0.12413   0.01038   0.01126   1.33480   0.03992   0.36459   0.06522  
 47  0.8589  11349.720689  x:  7.93716   4.64331   6.25696   4.76977   4.13649   1.15043   4.86673   0.59665   5.95305   4.95019   6.05591   0.07027   0.19283   0.19576   0.12085   0.01026   0.01071   1.32986   0.04087   0.35960   0.06738  
 48  0.1786  11349.474795  x:  8.47053   4.95964   6.67093   5.04444   4.39950   1.22454   5.17761   0.63736   6.33898   5.27663   6.49477   0.06030   0.20515   0.19361   0.12189   0.01128   0.00868   1.35635   0.03799   0.36940   0.07002  
 49  0.8045  11349.369026  x:  8.65019   5.11038   6.84164   5.16355   4.53287   1.25109   5.31157   0.66850   6.52324   5.43498   6.71083   0.06929   0.19756   0.19356   0.12496   0.01174   0.00751   1.36826   0.03705   0.37215   0.06957  
 50  0.3584  11349.290461  x:  8.64643   5.19875   6.87614   5.21677   4.61149   1.25874   5.36043   0.70599   6.62947   5.52255   6.85343   0.06598   0.19736   0.19470   0.12546   0.01193   0.00723   1.35284   0.03653   0.37676   0.06618  
 51  0.0951  11349.254024  x:  8.78405   5.33182   6.98613   5.32891   4.71824   1.27976   5.47088   0.73141   6.77912   5.65234   7.02228   0.06552   0.19868   0.19487   0.12484   0.01228   0.00707   1.35279   0.03538   0.38292   0.06543  
 52  0.3609  11349.174667  x:  8.79726   5.49223   6.97659   5.43891   4.82491   1.28324   5.56109   0.76715   6.91714   5.77529   7.17090   0.06736   0.20154   0.19509   0.12359   0.01247   0.00843   1.36393   0.03486   0.39410   0.06506  
 53  0.1584  11349.109975  x:  9.05322   5.71918   7.15018   5.63807   4.99588   1.32401   5.75160   0.80189   7.15835   5.98251   7.43009   0.06353   0.20025   0.19443   0.12409   0.01294   0.00837   1.35941   0.03347   0.40044   0.06897  
 54  0.2656  11349.074763  x:  9.11708   5.75446   7.25753   5.72222   5.03667   1.34842   5.81237   0.80355   7.23210   6.04485   7.50823   0.06390   0.19914   0.19505   0.12473   0.01301   0.00845   1.35697   0.03334   0.40279   0.06911  
 55  0.0944  11348.982543  x:  9.59382   6.10535   7.77312   6.16099   5.34732   1.45640   6.19232   0.85120   7.71502   6.45997   8.03329   0.06437   0.19998   0.19622   0.12526   0.01388   0.00826   1.35847   0.03076   0.42112   0.06782  
 56  0.7721  11348.882618  x: 10.23315   6.37961   8.47386   6.67435   5.59525   1.61889   6.59606   0.84818   8.17917   6.85736   8.48273   0.06244   0.20501   0.19569   0.12326   0.01447   0.00848   1.36621   0.02879   0.43985   0.06553  
 57  0.4982  11348.862395  x: 10.23306   6.33947   8.45038   6.64174   5.55375   1.61820   6.56349   0.83432   8.12719   6.81258   8.41191   0.06256   0.20417   0.19526   0.12328   0.01431   0.00861   1.36535   0.02914   0.43743   0.06592  
 58  0.2601  11348.812837  x: 10.72099   6.61048   8.77942   6.92555   5.73504   1.70610   6.81849   0.85024   8.42462   7.06821   8.68376   0.06216   0.19988   0.19428   0.12464   0.01460   0.00896   1.35954   0.02779   0.44529   0.06843  
 59  0.6559  11348.712736  x: 11.69234   7.20733   9.35322   7.36959   6.11272   1.86106   7.27689   0.91742   9.01817   7.57402   9.26594   0.05978   0.20466   0.19571   0.12612   0.01489   0.00949   1.36102   0.02560   0.46513   0.06624  
 60  0.3716  11348.654513  x: 11.88463   7.34174   9.33892   7.32425   6.16883   1.86261   7.30081   0.94602   9.07642   7.62228   9.33375   0.05993   0.20629   0.19651   0.12617   0.01463   0.00950   1.36240   0.02567   0.46521   0.06514  
 61  0.4070  11348.565103  x: 12.82268   7.92074   9.85982   7.63812   6.56536   1.97552   7.71551   1.03286   9.63465   8.09895   9.94943   0.06111   0.20515   0.19638   0.12474   0.01469   0.00926   1.36470   0.02380   0.47666   0.06544  
 62  1.2418  11348.432424  x: 13.77170   8.48730  10.44475   7.76992   7.06949   2.01868   8.11496   1.16430  10.22057   8.59817  10.77813   0.05976   0.20179   0.19337   0.12230   0.01411   0.00807   1.36650   0.02233   0.47839   0.06921  
 63  0.5996  11348.269524  x: 14.02753   8.60413  10.99918   7.88676   7.40634   2.00218   8.34830   1.23367  10.57636   8.90576  11.41909   0.05745   0.20702   0.19408   0.12559   0.01320   0.00872   1.36622   0.02183   0.48663   0.06665  
 64  0.4008  11348.120924  x: 14.87123   9.07524  11.80263   8.23358   7.91847   2.08069   8.81945   1.33412  11.22870   9.46566  12.30243   0.05551   0.21093   0.19472   0.12753   0.01258   0.00923   1.36662   0.02015   0.50194   0.06483  
 65  8.3929  11348.033533  x: 15.48860   9.35383  12.49795   8.53776   8.30796   2.13233   9.18689   1.39537  11.71351   9.88805  12.97547   0.05818   0.20799   0.19506   0.12564   0.01179   0.00963   1.36627   0.01908   0.50846   0.06580  
 66  1.5367  11347.899917  x: 15.56093   9.24860  12.87697   8.77510   8.39363   2.14808   9.31574   1.36991  11.83024  10.00094  13.13474   0.06273   0.20136   0.19580   0.12108   0.01111   0.01007   1.36578   0.01907   0.50576   0.06841  
 67  0.6132  11347.731700  x: 16.60144   9.64818  14.07786   9.42541   8.99690   2.25186   9.93262   1.44607  12.62460  10.69386  14.14617   0.05646   0.20570   0.19600   0.12125   0.00937   0.01028   1.36930   0.01761   0.51527   0.06912  
 68  1.3946  11347.525292  x: 17.30371   9.88342  14.75951  10.06378   9.28704   2.34890  10.31328   1.46314  13.09014  11.10663  14.51790   0.05189   0.21170   0.19540   0.12625   0.00768   0.00952   1.37404   0.01716   0.51548   0.06676  
 69  0.7475  11347.423314  x: 18.07873  10.27024  15.36140  10.55390   9.65219   2.43166  10.70853   1.52217  13.60445  11.55968  15.02873   0.05564   0.20922   0.19515   0.12611   0.00638   0.00932   1.37359   0.01631   0.51737   0.06615  
 70  2.0002  11347.314310  x: 18.19786  10.50517  14.95333  10.65462   9.57863   2.45818  10.68071   1.53616  13.57206  11.53768  14.72583   0.06273   0.20320   0.19455   0.12366   0.00628   0.00915   1.36926   0.01646   0.51181   0.06639  
 71  0.5462  11347.230034  x: 18.69941  11.02781  14.80706  11.01702   9.73726   2.52935  10.89025   1.59956  13.86233  11.79281  14.77018   0.05823   0.20547   0.19434   0.12233   0.00567   0.00954   1.36883   0.01603   0.51431   0.06774  
 72  0.5095  11347.200530  x: 18.34613  11.01501  14.37449  10.92289   9.58928   2.51470  10.75558   1.59173  13.69664  11.64570  14.49864   0.05678   0.20702   0.19502   0.12433   0.00632   0.00971   1.37155   0.01633   0.51590   0.06697  
 73  0.4425  11347.140722  x: 18.21946  11.13528  14.62770  11.42217   9.76526   2.57426  11.01750   1.60541  14.01186  11.92242  14.78822   0.05933   0.20609   0.19576   0.12647   0.00598   0.00943   1.37325   0.01594   0.52040   0.06525  
 74  0.2107  11347.115515  x: 17.93496  11.08720  14.55814  11.52285   9.73610   2.58445  11.03810   1.58837  14.00858  11.91909  14.76898   0.05843   0.20575   0.19488   0.12380   0.00621   0.00923   1.37063   0.01599   0.51909   0.06710  
 75  0.2120  11347.097002  x: 18.19910  11.31008  14.78378  11.74087   9.86419   2.66773  11.27185   1.58277  14.24906  12.11961  15.01074   0.05749   0.20570   0.19394   0.12349   0.00591   0.00906   1.37334   0.01569   0.51905   0.06716  
 76  0.0841  11347.047359  x: 18.83189  11.93964  15.30656  12.04986  10.10278   2.95051  11.91569   1.50345  14.80420  12.55534  15.66884   0.05730   0.20523   0.19265   0.12364   0.00582   0.00897   1.37644   0.01506   0.51645   0.06668  
 77  0.5415  11347.030086  x: 18.75261  11.91405  15.23747  11.86883  10.04992   2.95179  11.87971   1.48407  14.72679  12.47873  15.65816   0.05818   0.20566   0.19413   0.12388   0.00615   0.00918   1.37192   0.01518   0.51495   0.06688  
 78  0.1940  11347.022873  x: 18.88945  12.04688  15.35988  11.88852  10.14414   2.98099  12.00052   1.49348  14.85677  12.58305  15.85929   0.05872   0.20606   0.19539   0.12404   0.00608   0.00933   1.36849   0.01499   0.51495   0.06709  
 79  0.2560  11347.002970  x: 19.12545  12.34064  15.56609  11.88486  10.42334   2.97335  12.21150   1.58200  15.15887  12.82727  16.35212   0.05744   0.20639   0.19572   0.12386   0.00599   0.00905   1.37265   0.01472   0.51391   0.06694  
 80  0.1169  11346.973596  x: 19.74868  12.82955  16.08562  12.36716  10.82708   3.06144  12.68933   1.66120  15.73239  13.30876  16.94409   0.06013   0.20416   0.19205   0.12351   0.00553   0.00951   1.36777   0.01413   0.51310   0.06725  
 81  0.2888  11346.792575  x: 21.72203  14.05977  17.86733  13.84524  11.96704   3.30872  14.05882   1.90575  17.36126  14.65117  18.52665   0.05816   0.20667   0.19053   0.12551   0.00605   0.01020   1.36797   0.01280   0.50833   0.06696  
 82  0.5731  11346.742273  x: 22.56567  14.62683  18.61457  14.42716  12.45844   3.42837  14.66318   2.00103  18.06933  15.23400  19.25816   0.05775   0.20717   0.19021   0.12595   0.00611   0.01036   1.36803   0.01217   0.50601   0.06689  
 83 36.8384  11346.666450  x: 23.92616  15.29983  19.75494  15.27155  13.13912   3.54932  15.42218   2.16601  19.00463  16.00751  20.14207   0.05877   0.20565   0.19299   0.12475   0.00649   0.00982   1.36927   0.01146   0.49727   0.06688  
 84  3.5028  11346.585094  x: 24.50309  15.34208  20.15765  15.51465  13.29643   3.53742  15.51939   2.23659  19.17888  16.15603  20.20751   0.06012   0.20349   0.19755   0.12279   0.00690   0.00879   1.37182   0.01144   0.48928   0.06694  
 85  1.0835  11346.550855  x: 25.76645  15.91346  21.09670  16.26402  13.87306   3.62142  16.11991   2.39264  19.95613  16.80521  20.87431   0.06117   0.20284   0.19616   0.12326   0.00713   0.00883   1.36948   0.01091   0.48157   0.06706  
 86  1.4907  11346.506951  x: 26.98769  16.44419  21.90833  16.95930  14.40161   3.68361  16.62445   2.54802  20.65670  17.39740  21.43889   0.06118   0.20385   0.19168   0.12521   0.00728   0.00963   1.36612   0.01055   0.47435   0.06710  
 87  0.8832  11346.463726  x: 28.16696  17.15842  22.94634  17.74831  15.08215   3.82275  17.38665   2.69745  21.61301  18.19149  22.43428   0.06045   0.20380   0.19421   0.12434   0.00752   0.00931   1.37051   0.01003   0.46315   0.06689  
 88  1.2865  11346.388238  x: 28.86858  17.91400  23.82917  18.38662  15.72478   4.02737  18.19832   2.77821  22.58860  18.99948  23.68055   0.05909   0.20334   0.20048   0.12209   0.00751   0.00857   1.37955   0.00968   0.44729   0.06657  
 89  1.9531  11346.339683  x: 30.05499  18.71679  24.87282  19.21013  16.43024   4.20788  19.02795   2.90589  23.61602  19.85749  24.78742   0.06050   0.20225   0.19987   0.12233   0.00744   0.00870   1.37771   0.00919   0.43299   0.06674  
 90  4.5974  11346.220983  x: 31.32251  19.81039  25.98988  20.13415  17.23153   4.51906  20.09272   2.97434  24.88492  20.92562  26.26753   0.06648   0.19904   0.19237   0.12498   0.00659   0.00979   1.36341   0.00869   0.41063   0.06768  
 91  2.8971  11346.174478  x: 31.69550  20.11454  26.23070  20.25995  17.36970   4.64513  20.34967   2.94892  25.16626  21.16116  26.63244   0.06678   0.19823   0.19304   0.12451   0.00639   0.00949   1.36680   0.00868   0.40067   0.06765  
 92  0.5482  11346.103816  x: 33.64888  21.42689  27.78501  21.37652  18.36657   5.01116  21.62631   3.07388  26.71326  22.45343  28.35398   0.06767   0.19644   0.19489   0.12355   0.00624   0.00901   1.37222   0.00811   0.37025   0.06763  
 93  6.5582  11346.070417  x: 35.30043  22.43107  28.96944  22.21770  19.09703   5.29900  22.56474   3.16436  27.86088  23.41519  29.57858   0.06930   0.19479   0.19565   0.12317   0.00634   0.00894   1.37217   0.00774   0.34484   0.06785  
 94  3.0376  11345.965026  x: 38.63099  24.05026  30.96202  23.57321  20.20245   5.78143  23.95830   3.31351  29.62442  24.90560  31.25483   0.07343   0.19134   0.19725   0.12262   0.00733   0.00911   1.36842   0.00731   0.29566   0.06853  
 95  3.2623  11345.936957  x: 39.93692  24.82171  31.93034  24.31568  20.81677   5.98859  24.68578   3.40406  30.56036  25.70145  32.24040   0.07631   0.18881   0.19604   0.12300   0.00730   0.00921   1.36797   0.00703   0.27495   0.06878  
 96  5.6617  11345.869396  x: 41.22402  25.64549  33.19628  25.51366  21.73221   6.14761  25.54291   3.58736  31.83321  26.82532  33.62673   0.08548   0.18073   0.18919   0.12521   0.00645   0.00955   1.36908   0.00675   0.25021   0.06932  
 97  1.8818  11345.796034  x: 42.15738  26.27449  34.41587  26.65668  22.64108   6.23427  26.27757   3.80488  33.02638  27.88988  35.01071   0.09402   0.17193   0.19451   0.12316   0.00630   0.00906   1.37045   0.00658   0.22333   0.06995  
 98  1.1304  11345.766081  x: 43.53087  27.09312  35.59301  27.61669  23.42469   6.42983  27.08988   3.94852  34.15864  28.86994  36.24141   0.09903   0.16705   0.19602   0.12247   0.00636   0.00894   1.37056   0.00632   0.19704   0.07042  
 99 11.7205  11345.750902  x: 44.53776  27.68535  36.46571  28.36711  24.01585   6.56289  27.67655   4.06601  35.00004  29.60337  37.13621   0.10366   0.16339   0.19441   0.12278   0.00665   0.00927   1.36955   0.00616   0.17959   0.07113  
100  2.0905  11345.741590  x: 44.52516  27.67734  36.46692  28.39119  24.01978   6.55848  27.66921   4.07152  35.00044  29.60659  37.12452   0.10414   0.16348   0.19276   0.12328   0.00690   0.00951   1.36910   0.00618   0.18216   0.07134  
101  0.0410  11345.733425  x: 44.93585  27.98420  36.95155  28.81761  24.34338   6.64505  28.00158   4.11818  35.47117  30.02615  37.68047   0.10754   0.15933   0.19363   0.12319   0.00684   0.00903   1.37282   0.00611   0.17903   0.07114  
102  0.2848  11345.715973  x: 46.29459  28.85319  38.10304  29.75956  25.08763   6.89366  28.83084   4.21324  36.58711  31.00784  38.92960   0.11288   0.15548   0.19324   0.12276   0.00684   0.00932   1.36906   0.00589   0.17093   0.07184  
103  0.8941  11345.701620  x: 46.98494  29.28905  38.48639  29.96436  25.27166   7.07324  29.16026   4.17663  36.94226  31.32400  39.34955   0.11149   0.15731   0.19267   0.12287   0.00692   0.00953   1.36678   0.00585   0.18294   0.07210  
104  0.6103  11345.673252  x: 49.34096  30.73574  40.24427  31.25107  26.34999   7.52276  30.44323   4.27538  38.61495  32.79424  41.23759   0.11406   0.15398   0.19277   0.12312   0.00695   0.00921   1.36973   0.00556   0.17488   0.07234  
105  3.0069  11345.664338  x: 50.00000  31.13432  40.68888  31.54640  26.61803   7.64986  30.77194   4.29309  39.03752  33.16687  41.72275   0.11313   0.15450   0.19291   0.12317   0.00694   0.00910   1.37061   0.00550   0.17453   0.07221  
106  4.0294  11345.664338  x: 50.00000  31.13432  40.68888  31.54640  26.61803   7.64986  30.77194   4.29309  39.03752  33.16687  41.72275   0.11313   0.15450   0.19291   0.12317   0.00694   0.00910   1.37061   0.00550   0.17453   0.07221  
107  2.6690  11345.657626  x: 50.00000  31.13432  40.68888  31.54640  26.61803   7.64986  30.77194   4.29309  39.03752  33.16687  41.72275   0.11313   0.15450   0.19291   0.12317   0.00694   0.00910   1.37061   0.00552   0.17453   0.07221  
108 667.0490  11345.656798  x: 50.00000  31.13432  40.68888  31.54640  26.61803   7.64986  30.77194   4.29309  39.03751  33.16688  41.72275   0.11306   0.15451   0.19292   0.12316   0.00677   0.00923   1.37060   0.00552   0.17452   0.07214  
109  6.7941  11345.656018  x: 50.00000  31.13432  40.68888  31.54640  26.61803   7.64986  30.77194   4.29310  39.03751  33.16688  41.72275   0.11268   0.15458   0.19293   0.12313   0.00686   0.00937   1.37058   0.00552   0.17450   0.07182  
110  3.6702  11345.654862  x: 50.00000  31.13433  40.68888  31.54640  26.61804   7.64985  30.77194   4.29311  39.03751  33.16688  41.72274   0.11198   0.15472   0.19296   0.12308   0.00681   0.00922   1.37053   0.00552   0.17447   0.07133  
111 11.2272  11345.651966  x: 49.99998  31.13434  40.68890  31.54641  26.61807   7.64984  30.77195   4.29316  39.03750  33.16689  41.72274   0.10909   0.15628   0.19344   0.12323   0.00681   0.00923   1.37015   0.00552   0.17472   0.07193  
112  2.9093  11345.648091  x: 49.99994  31.13439  40.68893  31.54643  26.61815   7.64980  30.77197   4.29330  39.03748  33.16692  41.72272   0.10659   0.16141   0.19344   0.12316   0.00682   0.00923   1.36934   0.00552   0.17644   0.07157  
113  3.1395  11345.644142  x: 49.99987  31.13449  40.68901  31.54646  26.61832   7.64973  30.77202   4.29358  39.03743  33.16698  41.72269   0.10306   0.16423   0.19189   0.12185   0.00681   0.00924   1.36787   0.00552   0.18373   0.07160  
114  1.6967  11345.635680  x: 49.99970  31.13473  40.68919  31.54652  26.61874   7.64954  30.77215   4.29427  39.03732  33.16713  41.72261   0.09604   0.16978   0.19238   0.12420   0.00682   0.00924   1.36488   0.00551   0.20154   0.07035  
115  7.2117  11345.633902  x: 49.99965  31.13479  40.68923  31.54654  26.61885   7.64949  30.77218   4.29445  39.03729  33.16717  41.72259   0.09474   0.17100   0.19408   0.12337   0.00682   0.00924   1.36470   0.00551   0.20554   0.07005  
116  3.7235  11345.633001  x: 49.99956  31.13493  40.68933  31.54656  26.61908   7.64938  30.77225   4.29483  39.03722  33.16724  41.72255   0.09376   0.17188   0.19405   0.12341   0.00682   0.00924   1.36858   0.00552   0.20781   0.07003  
117  0.4540  11345.627799  x: 49.98955  31.14880  40.69875  31.54793  26.64197   7.63677  30.77779   4.33249  39.02895  33.17382  41.71738   0.09442   0.17192   0.19401   0.12344   0.00682   0.00923   1.37078   0.00552   0.21731   0.07023  
118  0.0389  11345.624114  x: 49.97206  31.17645  40.71697  31.55054  26.68398   7.61189  30.78643   4.39086  39.01503  33.18584  41.70888   0.08797   0.17810   0.19348   0.12336   0.00682   0.00923   1.36756   0.00551   0.23574   0.06975  
119  0.0485  11345.622476  x: 49.94650  31.22090  40.74577  31.55720  26.74550   7.57006  30.79452   4.44973  38.99664  33.20283  41.69861   0.08659   0.17884   0.19396   0.12349   0.00682   0.00924   1.37010   0.00551   0.24630   0.06942  
120  0.0459  11345.621040  x: 49.91140  31.29390  40.79176  31.57487  26.83621   7.50435  30.80134   4.48294  38.97965  33.22935  41.69043   0.08549   0.18049   0.19399   0.12355   0.00681   0.00922   1.36723   0.00550   0.24981   0.06952  
121  0.0390  11345.619350  x: 49.88079  31.36596  40.83493  31.60181  26.91743   7.44090  30.80247   4.45175  38.97642  33.25385  41.69119   0.08783   0.17809   0.19373   0.12344   0.00682   0.00923   1.36995   0.00551   0.23916   0.06965  
122  0.0510  11345.618868  x: 49.86558  31.40055  40.85467  31.62008  26.95862   7.41512  30.80794   4.43755  38.98094  33.26827  41.69434   0.08962   0.17620   0.19380   0.12343   0.00682   0.00924   1.36880   0.00551   0.23232   0.06974  
123  0.0537  11345.618560  x: 49.85628  31.41061  40.85789  31.63933  26.98046   7.41887  30.82629   4.46023  38.99476  33.28027  41.70017   0.08790   0.17790   0.19390   0.12349   0.00682   0.00923   1.36908   0.00550   0.23722   0.06969  
124  0.0131  11345.617309  x: 49.82886  31.44715  40.86202  31.76090  27.05231   7.46398  30.91606   4.45853  39.10579  33.33835  41.75557   0.09159   0.17451   0.19367   0.12341   0.00682   0.00923   1.36917   0.00549   0.22528   0.06993  
125  0.0332  11345.616715  x: 49.80576  31.50423  40.89456  31.81923  27.11712   7.44109  30.95120   4.48233  39.13866  33.37489  41.77641   0.08909   0.17663   0.19392   0.12345   0.00682   0.00923   1.36901   0.00549   0.23321   0.06970  
126  0.0550  11345.615622  x: 49.81658  31.56877  40.93223  31.97377  27.13354   7.47058  31.02546   4.41971  39.27423  33.43883  41.86980   0.09080   0.17525   0.19365   0.12342   0.00682   0.00923   1.36911   0.00548   0.22751   0.06988  
127  0.0440  11345.614871  x: 49.82012  31.65454  40.99660  32.06027  27.17819   7.44327  31.06125   4.44766  39.32151  33.48816  41.91911   0.08755   0.17810   0.19394   0.12348   0.00682   0.00923   1.36874   0.00547   0.24218   0.06952  
128  0.0695  11345.614498  x: 49.84196  31.65511  41.00325  32.06931  27.16171   7.46130  31.06083   4.42974  39.33141  33.49051  41.93545   0.08898   0.17685   0.19378   0.12345   0.00682   0.00923   1.36925   0.00547   0.23462   0.06971  
129  0.0186  11345.612235  x: 50.00000  31.86136  41.20387  32.33191  27.20518   7.55230  31.17537   4.48071  39.50346  33.64008  42.15993   0.09280   0.17339   0.19357   0.12338   0.00682   0.00923   1.36933   0.00544   0.21903   0.07005  
130  0.0817  11345.611160  x: 50.00000  31.93480  41.25473  32.39348  27.27758   7.51807  31.21313   4.52512  39.53389  33.68513  42.18646   0.08896   0.17683   0.19385   0.12346   0.00682   0.00923   1.36904   0.00543   0.23635   0.06965  
131  0.1006  11345.610938  x: 50.00000  31.93771  41.26169  32.39296  27.29151   7.52642  31.22030   4.51572  39.53914  33.69281  42.19333   0.09004   0.17579   0.19383   0.12344   0.00682   0.00923   1.36901   0.00543   0.23056   0.06975  
132  0.0152  11345.610426  x: 50.00000  31.97426  41.33909  32.41295  27.34821   7.57246  31.28152   4.50523  39.59579  33.75991  42.26911   0.09167   0.17441   0.19367   0.12342   0.00682   0.00923   1.36915   0.00542   0.22569   0.06993  
133  0.0218  11345.610147  x: 50.00000  31.96515  41.36197  32.36105  27.35313   7.56228  31.27719   4.49595  39.57827  33.76419  42.27148   0.08963   0.17619   0.19383   0.12344   0.00682   0.00923   1.36917   0.00543   0.23291   0.06972  
134  0.0352  11345.609778  x: 50.00000  32.02732  41.49811  32.39823  27.36059   7.61601  31.34435   4.49594  39.66139  33.85010  42.40998   0.08882   0.17694   0.19385   0.12346   0.00682   0.00923   1.36916   0.00541   0.23546   0.06965  
135  0.0811  11345.609777  x: 50.00000  32.02177  41.49000  32.39287  27.35922   7.61274  31.33998   4.49573  39.65561  33.84436  42.40169   0.08889   0.17687   0.19385   0.12345   0.00682   0.00923   1.36916   0.00541   0.23522   0.06965  
136  0.1405  11345.609771  x: 50.00000  32.01109  41.47497  32.38249  27.35668   7.60539  31.33226   4.49603  39.64545  33.83342  42.38684   0.08905   0.17673   0.19384   0.12345   0.00682   0.00923   1.36916   0.00542   0.23467   0.06967  
137  0.1394  11345.609765  x: 50.00000  32.00111  41.46246  32.37226  27.35473   7.59804  31.32627   4.49657  39.63738  33.82395  42.37503   0.08921   0.17659   0.19384   0.12345   0.00682   0.00923   1.36916   0.00542   0.23414   0.06968  
138  0.1167  11345.609759  x: 50.00000  31.99126  41.45152  32.36182  27.35341   7.59007  31.32158   4.49746  39.63094  33.81524  42.36546   0.08937   0.17644   0.19383   0.12345   0.00682   0.00923   1.36916   0.00542   0.23358   0.06970  
139  0.0923  11345.609752  x: 50.00000  31.98196  41.44283  32.35162  27.35290   7.58184  31.31850   4.49867  39.62658  33.80773  42.35895   0.08953   0.17630   0.19383   0.12345   0.00682   0.00923   1.36916   0.00542   0.23303   0.06972  
140  0.0672  11345.609745  x: 50.00000  31.97304  41.43659  32.34146  27.35343   7.57307  31.31716   4.50028  39.62458  33.80135  42.35602   0.08968   0.17615   0.19382   0.12344   0.00682   0.00923   1.36916   0.00542   0.23248   0.06973  
141  0.0446  11345.609734  x: 50.00000  31.96421  41.43380  32.33096  27.35571   7.56311  31.31827   4.50261  39.62607  33.79628  42.35870   0.08984   0.17601   0.19382   0.12344   0.00682   0.00923   1.36916   0.00542   0.23190   0.06975  
142  0.0268  11345.609705  x: 50.00000  31.95550  41.44224  32.31954  27.36403   7.54946  31.32680   4.50723  39.63879  33.79500  42.38038   0.09001   0.17585   0.19381   0.12344   0.00682   0.00923   1.36915   0.00542   0.23127   0.06976  
143  0.0171  11345.609614  x: 50.00000  31.98645  41.47011  32.35644  27.36701   7.57982  31.33246   4.50260  39.65086  33.81739  42.40433   0.08943   0.17638   0.19383   0.12345   0.00682   0.00923   1.36915   0.00542   0.23329   0.06971  
144  0.0122  11345.609604  x: 50.00000  31.97757  41.46592  32.34599  27.36850   7.57030  31.33266   4.50464  39.65095  33.81185  42.40463   0.08959   0.17624   0.19382   0.12344   0.00682   0.00923   1.36915   0.00542   0.23272   0.06972  
145  0.0336  11345.609598  x: 50.00000  31.97103  41.46546  32.33884  27.37151   7.56317  31.33337   4.50656  39.65323  33.80803  42.41051   0.08970   0.17614   0.19382   0.12344   0.00682   0.00923   1.36915   0.00542   0.23233   0.06973  
146  0.0200  11345.609592  x: 50.00000  31.96469  41.46751  32.33340  27.37679   7.55705  31.33328   4.50871  39.65711  33.80393  42.42302   0.08978   0.17607   0.19382   0.12344   0.00682   0.00923   1.36914   0.00542   0.23204   0.06974  
147  0.0122  11345.609581  x: 50.00000  31.96240  41.46978  32.33704  27.38311   7.55968  31.32602   4.50904  39.65722  33.79906  42.43897   0.08971   0.17613   0.19382   0.12344   0.00682   0.00923   1.36913   0.00542   0.23231   0.06973  
148  0.0044  11345.609581  x: 50.00000  31.96240  41.46978  32.33704  27.38311   7.55968  31.32602   4.50904  39.65722  33.79906  42.43897   0.08971   0.17613   0.19382   0.12344   0.00682   0.00923   1.36913   0.00542   0.23231   0.06973  
149  0.0084  11345.609581  x: 50.00000  31.96240  41.46978  32.33704  27.38311   7.55968  31.32602   4.50904  39.65722  33.79906  42.43897   0.08971   0.17613   0.19382   0.12344   0.00682   0.00923   1.36913   0.00542   0.23231   0.06973  
check convergence!
