Supplemental results for CODEML (seqf: cds11.phylip  treef: tree.H1t.nwk)

Number of codon sites with 0,1,2,3 position differences
   2 vs.    1     32    38    45    21   0.5213 (0.6466 1.2405)
   3 vs.    1     27    43    43    23   0.3426 (0.6487 1.8935)
   3 vs.    2    111    31     3     0   0.0360 (0.0174 0.4845)
   4 vs.    1     23    33    48    31  -1.0000 (0.7869 -1.0000)
   4 vs.    2     30    35    44    32   0.4187 (0.7537 1.7999)
   4 vs.    3     26    39    47    29   0.2409 (0.7251 3.0102)
   5 vs.    1     19    46    41    27   0.1653 (0.7258 4.3904)
   5 vs.    2     25    34    56    24  -1.0000 (0.7071 -1.0000)
   5 vs.    3     20    41    52    26  -1.0000 (0.6912 -1.0000)
   5 vs.    4     31    51    34    23  -1.0000 (0.5020 -1.0000)
   6 vs.    1     53    46    26     6   0.0893 (0.2156 2.4135)
   6 vs.    2     24    41    48    18   0.3036 (0.6428 2.1175)
   6 vs.    3     23    43    43    22  -1.0000 (0.6363 -1.0000)
   6 vs.    4     19    43    38    30  -1.0000 (0.7615 -1.0000)
   6 vs.    5     17    43    42    28  -1.0000 (0.7528 -1.0000)
   7 vs.    1     60    52    17     3   0.1041 (0.1507 1.4478)
   7 vs.    2     27    39    47    19   0.5179 (0.6749 1.3032)
   7 vs.    3     22    44    48    18   0.3179 (0.6554 2.0618)
   7 vs.    4     20    42    42    27   0.2207 (0.7407 3.3566)
   7 vs.    5     22    35    50    23   0.4182 (0.7667 1.8332)
   7 vs.    6     51    53    20     7   0.0743 (0.2016 2.7119)
   8 vs.    1     38    55    27    16  -1.0000 (0.3444 -1.0000)
   8 vs.    2     28    42    48    19   0.3326 (0.6209 1.8665)
   8 vs.    3     29    41    45    22   0.1975 (0.6080 3.0787)
   8 vs.    4     19    47    40    30   0.2502 (0.7654 3.0586)
   8 vs.    5     16    43    47    28  -1.0000 (0.7755 -1.0000)
   8 vs.    6     41    56    22    12  -1.0000 (0.2706 -1.0000)
   8 vs.    7     42    55    24    11   0.1069 (0.2987 2.7941)
   9 vs.    1     59    51    15     7   0.0826 (0.1621 1.9642)
   9 vs.    2     24    41    47    20   0.3763 (0.6756 1.7953)
   9 vs.    3     21    47    45    19   0.3105 (0.6548 2.1087)
   9 vs.    4     23    37    41    30   0.2542 (0.7631 3.0024)
   9 vs.    5     18    40    47    25   0.2446 (0.7732 3.1617)
   9 vs.    6     49    56    17     9  -1.0000 (0.2075 -1.0000)
   9 vs.    7     97    28     7     0   0.0882 (0.0425 0.4823)
   9 vs.    8     41    52    26    13  -1.0000 (0.3159 -1.0000)
  10 vs.    1     31    39    44    22   0.4996 (0.6538 1.3086)
  10 vs.    2    143     2     0     0   0.2500 (0.0029 0.0115)
  10 vs.    3    111    31     3     0   0.0440 (0.0204 0.4631)
  10 vs.    4     29    37    43    32   0.3836 (0.7454 1.9431)
  10 vs.    5     25    34    55    25  -1.0000 (0.7167 -1.0000)
  10 vs.    6     24    41    47    19   0.3063 (0.6502 2.1229)
  10 vs.    7     26    40    46    20   0.4890 (0.6813 1.3934)
  10 vs.    8     28    42    47    20   0.3357 (0.6277 1.8701)
  10 vs.    9     23    42    46    21   0.3499 (0.6833 1.9528)
  11 vs.    1     29    38    48    21   0.3820 (0.6510 1.7044)
  11 vs.    2    108    34     3     0   0.0960 (0.0383 0.3993)
  11 vs.    3    115    27     3     0   0.0761 (0.0263 0.3457)
  11 vs.    4     29    34    49    29   0.3198 (0.7315 2.2874)
  11 vs.    5     23    38    57    21  -1.0000 (0.6522 -1.0000)
  11 vs.    6     24    40    43    24  -1.0000 (0.6524 -1.0000)
  11 vs.    7     26    38    47    21   0.3522 (0.6693 1.9005)
  11 vs.    8     28    39    49    21  -1.0000 (0.6090 -1.0000)
  11 vs.    9     26    39    46    21   0.4076 (0.6764 1.6596)
  11 vs.   10    108    34     3     0   0.1088 (0.0414 0.3802)

