

TREE # 1

  0  0.0000   3539.367976  x:  0.33421   0.88885   0.78629   0.20354   0.70630   0.11246   0.65733   0.15078   0.41982   0.31335   0.08975   0.18914   0.56766   0.15470   0.00000   0.21155   0.00880   0.03513   0.02997   2.00000   0.20000   0.20000  
  1 99.0000   3485.296109  x:  0.36694   0.90402   0.80469   0.25916   0.72076   0.14984   0.66239   0.17291   0.43090   0.32535   0.10422   0.20194   0.59996   0.17430   0.04870   0.21133   0.29964   0.00324   0.00000   1.98600   0.30048   0.20055  
  2 1046.5826   3483.074599  x:  0.36871   0.90484   0.80569   0.26217   0.72154   0.15186   0.66266   0.17411   0.43150   0.32600   0.10500   0.20263   0.60172   0.17531   0.05126   0.21129   0.31498   0.00180   0.00244   1.98525   0.30576   0.20058  
  3 19313.4299   3477.657592  x:  0.42787   0.93298   0.84027   0.35837   0.74641   0.21307   0.66837   0.21033   0.45103   0.34512   0.12614   0.22173   0.66256   0.15902   0.05721   0.18184   0.40268   0.20424   0.00000   1.96342   0.30873   0.20238  
  4 470.0925   3426.297743  x:  0.57617   1.00926   0.93358   0.57874   0.80673   0.34594   0.67744   0.29090   0.49958   0.38978   0.15933   0.25571   0.81743   0.08823   0.03333   0.08842   0.42716   0.16816   0.00000   1.90747   0.16962   0.20386  
  5 273.2913   3388.959990  x:  0.73309   1.09605   1.03882   0.80187   0.87170   0.47845   0.68871   0.37368   0.55366   0.43764   0.18464   0.28432   0.98184   0.04117   0.04432   0.02367   0.35384   0.11788   0.00000   1.83769   0.23175   0.20533  
  6 626.4846   3352.623333  x:  0.98889   1.24136   1.21487   1.16274   0.97491   0.68843   0.70310   0.50270   0.63918   0.51125   0.21228   0.31984   1.25030   0.06616   0.17171   0.15416   0.23093   0.04688   0.00000   1.72130   0.24795   0.20803  
  7 906.8135   3351.496057  x:  0.99943   1.24742   1.22221   1.17756   0.97911   0.69698   0.70363   0.50791   0.64265   0.51421   0.21317   0.32108   1.26137   0.06714   0.17703   0.15945   0.22591   0.04399   0.00648   1.71647   0.24860   0.20815  
  8 3602.3621   3345.855793  x:  1.03861   1.30027   1.28496   1.20888   0.97319   0.68161   0.67847   0.48297   0.63293   0.48866   0.10430   0.23139   1.30332   0.04822   0.22672   0.14311   0.22385   0.04580   0.00651   1.68241   0.24162   0.21842  
  9 54.9094   3342.234653  x:  1.06235   1.35801   1.35442   1.20880   0.95256   0.63242   0.64407   0.43518   0.61416   0.45202   0.12206   0.23018   1.33096   0.00000   0.26775   0.14444   0.22432   0.04713   0.00654   1.64640   0.23824   0.23381  
 10 37.9280   3337.343333  x:  1.05373   1.35700   1.36058   1.20041   0.95464   0.62550   0.65598   0.44906   0.63117   0.47023   0.12897   0.25676   1.32922   0.00000   0.23466   0.06387   0.21755   0.04758   0.00656   1.64548   0.22399   0.24004  
 11 17.0764   3336.322908  x:  1.05242   1.36535   1.37689   1.19770   0.95523   0.61606   0.66119   0.45381   0.64004   0.47705   0.12179   0.25859   1.33444   0.00000   0.17005   0.07324   0.22245   0.04746   0.00654   1.63842   0.22696   0.24806  
 12 26.4664   3334.200257  x:  1.01050   1.46523   1.58930   1.13591   0.95768   0.46912   0.72729   0.50412   0.74099   0.55283   0.08850   0.30461   1.38868   0.00000   0.19133   0.07490   0.22999   0.04970   0.00682   1.56121   0.20981   0.36363  
 13 11.0284   3331.368610  x:  0.91803   1.51977   1.80213   1.09524   1.07879   0.43689   0.85336   0.56943   0.74685   0.54846   0.17776   0.18512   1.46498   0.00000   0.19198   0.07173   0.22889   0.04294   0.00754   1.59094   0.19500   0.54791  
 14 12.7948   3324.827583  x:  0.73862   1.60377   2.21182   1.08099   1.38785   0.47699   1.02333   0.57681   0.63094   0.40639   0.10891   0.29498   1.65052   0.00000   0.19589   0.07476   0.21822   0.02046   0.00943   1.72651   0.17216   0.99208  
 15 29.0207   3319.122222  x:  0.71766   1.61613   2.32306   1.14266   1.49501   0.50834   0.95728   0.43293   0.65325   0.52861   0.11203   0.28918   1.73131   0.00000   0.19611   0.07743   0.20829   0.00282   0.01075   1.76811   0.15895   1.28549  
 16 17.9660   3316.169107  x:  0.92007   1.62016   2.22175   1.04301   1.56484   0.47059   0.90135   0.51205   0.66933   0.46926   0.11842   0.28240   1.81179   0.00000   0.19538   0.07692   0.20958   0.00061   0.01114   1.65114   0.14379   1.37712  
 17  6.7907   3314.244223  x:  1.10465   1.63193   2.15185   0.90738   1.69313   0.44017   0.84939   0.51666   0.68745   0.46788   0.12155   0.27873   1.93054   0.00000   0.19584   0.07644   0.21447   0.00270   0.01131   1.58020   0.12878   1.43507  
 18 48.7161   3310.232199  x:  1.18954   1.74708   2.01311   1.17467   1.34107   0.29439   0.92088   0.56711   0.64270   0.45114   0.12721   0.26365   2.01877   0.00000   0.18630   0.08516   0.20750   0.00295   0.01136   1.71376   0.12607   1.41821  
 19  3.7483   3306.906322  x:  1.07917   1.89285   2.01769   1.28990   0.99830   0.56627   0.83400   0.57226   0.72519   0.37451   0.14231   0.24159   1.92101   0.00000   0.17980   0.09139   0.19903   0.00312   0.01142   1.54950   0.11500   1.40331  
 20  8.5067   3305.417845  x:  1.12201   1.87810   2.08532   1.37720   1.01534   0.57811   0.63129   0.66646   0.61491   0.45426   0.14510   0.23727   1.77638   0.00000   0.17338   0.09863   0.19328   0.00329   0.01152   1.52296   0.11689   1.43757  
 21  3.6398   3303.282785  x:  1.31500   1.77076   2.12140   1.55476   1.12392   0.54823   0.58030   0.53286   0.76188   0.38253   0.15394   0.22970   1.57786   0.00000   0.16364   0.11128   0.18519   0.00356   0.01172   1.49899   0.12023   1.52482  
 22  4.6596   3303.118036  x:  1.33433   1.76488   2.12003   1.56159   1.12391   0.55276   0.59366   0.51579   0.75436   0.38932   0.15382   0.23021   1.57123   0.02101   0.16288   0.11224   0.18449   0.00357   0.01174   1.48710   0.12007   1.53325  
 23  7.6251   3302.207561  x:  1.43839   1.74209   2.10492   1.58210   1.10811   0.58811   0.68852   0.41993   0.68549   0.44432   0.15187   0.23465   1.55628   0.00661   0.15877   0.11711   0.18089   0.00363   0.01185   1.41310   0.11863   1.57863  
 24 20.7580   3301.005604  x:  1.56028   1.81344   2.06185   1.47347   0.97217   0.70116   0.65917   0.39527   0.70846   0.48652   0.15314   0.23917   1.77107   0.00952   0.15256   0.12826   0.17652   0.00374   0.01196   1.54761   0.12427   1.65028  
 25  3.5793   3299.835629  x:  1.38800   2.00096   1.87257   1.55538   1.09382   0.65336   0.60044   0.40544   0.72213   0.50020   0.15833   0.24412   2.06083   0.01551   0.14590   0.13573   0.17236   0.00392   0.01181   1.46913   0.12124   1.64760  
 26  2.3139   3297.516330  x:  1.53048   2.53516   1.93675   1.66175   1.31028   0.69862   0.70063   0.47840   0.75206   0.57158   0.15896   0.27511   2.01995   0.02471   0.13817   0.15017   0.16057   0.00432   0.01096   1.59985   0.10597   1.47862  
 27  1.8111   3293.969978  x:  1.72713   2.10310   2.52408   1.89697   1.25919   0.71012   0.75047   0.65348   0.77282   0.54986   0.17727   0.29359   2.41958   0.02874   0.11586   0.16699   0.14141   0.00543   0.00917   1.53176   0.09289   1.10383  
 28  2.5913   3292.274825  x:  1.86247   2.28566   2.52612   2.05531   1.21640   0.77782   0.81284   0.72895   0.78523   0.50759   0.17072   0.28725   2.46339   0.03442   0.12152   0.16273   0.14182   0.00645   0.00817   1.54281   0.09948   1.02171  
 29  0.3875   3288.430765  x:  2.10728   2.65312   2.97013   2.60798   1.39212   0.93412   0.84546   0.65449   0.89258   0.57717   0.14315   0.25419   2.79935   0.03746   0.15823   0.13419   0.16690   0.00803   0.00539   1.63894   0.08047   0.84168  
 30  0.7223   3286.613076  x:  2.28727   2.66240   3.17062   2.95968   1.39974   1.03334   0.87909   0.70535   0.93805   0.60026   0.17103   0.26383   2.98077   0.00000   0.17697   0.12029   0.18862   0.00930   0.00570   1.61067   0.07743   1.27265  
 31  0.4030   3286.291424  x:  2.44258   2.72872   3.35193   3.24337   1.43317   1.11305   0.91262   0.74953   0.97212   0.62382   0.18435   0.26968   3.12951   0.00000   0.19524   0.11769   0.20120   0.01020   0.00593   1.59621   0.07104   1.57223  
 32  0.6600   3286.048338  x:  2.55916   2.81654   3.47700   3.46653   1.47407   1.16859   0.93962   0.79712   0.99393   0.64655   0.18422   0.27423   3.21634   0.00000   0.17481   0.12568   0.20821   0.01077   0.00680   1.61407   0.06948   1.95654  
 33  0.2621   3286.020634  x:  2.60222   2.86641   3.54466   3.56963   1.49995   1.18904   0.95604   0.80822   1.01029   0.65431   0.18311   0.27191   3.25421   0.00000   0.17697   0.12410   0.20817   0.01090   0.00693   1.61565   0.06741   2.08058  
 34  0.1217   3286.003283  x:  2.61519   2.88243   3.58235   3.62439   1.51425   1.19487   0.96518   0.81267   1.01952   0.65721   0.18202   0.26965   3.26268   0.00000   0.18149   0.12287   0.20662   0.01083   0.00708   1.61713   0.06738   2.18391  
 35  0.1126   3285.980849  x:  2.61074   2.91291   3.61534   3.65300   1.53937   1.18522   0.97766   0.81797   1.03059   0.65888   0.18126   0.27029   3.25959   0.00000   0.17656   0.12560   0.19983   0.01038   0.00720   1.61611   0.06691   2.29384  
 36  0.0558   3285.953271  x:  2.58877   2.89440   3.64893   3.62575   1.55333   1.16518   0.97985   0.81564   1.03420   0.65882   0.18735   0.27371   3.27090   0.00000   0.18213   0.12677   0.19775   0.00936   0.00694   1.61287   0.06674   2.41274  
 37  0.0299   3285.906343  x:  2.60518   2.90723   3.70471   3.62390   1.56769   1.16235   0.97847   0.81819   1.03388   0.66390   0.18674   0.27111   3.32613   0.00000   0.17816   0.12448   0.20451   0.00764   0.00668   1.62169   0.06651   2.78486  
 38  0.0945   3285.896370  x:  2.64684   2.94480   3.68168   3.65457   1.55554   1.18198   0.98211   0.82762   1.03363   0.66243   0.18333   0.26988   3.32988   0.00000   0.17864   0.12419   0.20521   0.00750   0.00692   1.61477   0.06601   2.95142  
 39  0.0818   3285.892735  x:  2.64900   2.94057   3.64679   3.62722   1.54250   1.18183   0.97835   0.82524   1.03009   0.65950   0.18395   0.27196   3.31390   0.00000   0.17925   0.12507   0.20396   0.00720   0.00691   1.61487   0.06641   3.02001  
 40  0.0442   3285.890485  x:  2.65617   2.93032   3.62755   3.63232   1.53387   1.19022   0.97547   0.82116   1.03017   0.65968   0.18395   0.27222   3.30127   0.00000   0.17890   0.12470   0.20372   0.00738   0.00687   1.62016   0.06655   3.04346  
 41  0.0136   3285.888199  x:  2.65811   2.91725   3.63993   3.65628   1.53724   1.19455   0.97668   0.81987   1.03347   0.66087   0.18433   0.27099   3.29972   0.00000   0.17860   0.12433   0.20351   0.00709   0.00675   1.62013   0.06646   3.20286  
 42  0.0597   3285.886409  x:  2.64594   2.89974   3.62868   3.66175   1.53295   1.19559   0.97576   0.82051   1.03081   0.65892   0.18445   0.27085   3.28622   0.00000   0.17877   0.12500   0.20354   0.00725   0.00667   1.61430   0.06661   3.26151  
 43  0.0258   3285.883462  x:  2.61588   2.90303   3.61537   3.64933   1.53354   1.18952   0.97439   0.82304   1.02398   0.65697   0.18296   0.27189   3.27766   0.00000   0.17846   0.12527   0.20440   0.00714   0.00656   1.61621   0.06672   3.47342  
 44  0.0406   3285.879747  x:  2.59817   2.91636   3.61670   3.66480   1.53606   1.18916   0.97453   0.82521   1.02413   0.65812   0.18181   0.27211   3.27489   0.00000   0.17922   0.12439   0.20398   0.00727   0.00671   1.62234   0.06696   3.82274  
 45  0.0915   3285.869141  x:  2.59254   2.91541   3.62089   3.67174   1.52260   1.19146   0.96779   0.82432   1.02884   0.65931   0.18685   0.27260   3.29503   0.00000   0.17894   0.12443   0.20374   0.00725   0.00695   1.61546   0.06663   5.05862  
 46  0.1731   3285.857457  x:  2.57840   2.91193   3.60720   3.62957   1.51353   1.18436   0.96320   0.81551   1.02328   0.65437   0.18303   0.26821   3.29788   0.00000   0.17715   0.12429   0.20419   0.00744   0.00677   1.61797   0.06728   6.66160  
 47  0.3828   3285.845955  x:  2.61710   2.91072   3.63239   3.63408   1.52178   1.18862   0.97337   0.81353   1.03085   0.65484   0.18450   0.27047   3.30828   0.00000   0.18032   0.12596   0.20177   0.00750   0.00648   1.61668   0.06668   9.10956  
 48  0.7435   3285.837784  x:  2.64047   2.92694   3.64099   3.63737   1.53258   1.19257   0.97800   0.82151   1.02721   0.65850   0.18248   0.27306   3.31275   0.00000   0.17757   0.12507   0.20452   0.00758   0.00641   1.61899   0.06661  12.48084  
 49  1.0489   3285.832469  x:  2.63587   2.91896   3.63359   3.63427   1.54115   1.18785   0.97818   0.82084   1.02864   0.66000   0.18421   0.27243   3.28956   0.00000   0.17979   0.12411   0.20249   0.00756   0.00640   1.61590   0.06655  17.13664  
 50  1.3723   3285.828679  x:  2.63554   2.91325   3.62017   3.61508   1.53765   1.18383   0.97189   0.82121   1.02601   0.66020   0.18452   0.27009   3.28520   0.00000   0.17782   0.12445   0.20439   0.00751   0.00654   1.61581   0.06683  23.25392  
 51  1.9091   3285.825976  x:  2.63519   2.90977   3.63349   3.63455   1.54190   1.18191   0.97485   0.82150   1.03177   0.66031   0.18444   0.27036   3.28207   0.00000   0.17963   0.12514   0.20327   0.00753   0.00656   1.61836   0.06665  32.04708  
 52  2.5190   3285.823685  x:  2.63513   2.90830   3.62582   3.62869   1.53132   1.18045   0.97273   0.82128   1.02899   0.65772   0.18285   0.27201   3.28430   0.00000   0.17809   0.12497   0.20445   0.00748   0.00655   1.61719   0.06684  45.29535  
 53  3.6537   3285.822261  x:  2.62979   2.90910   3.63524   3.64011   1.53421   1.17908   0.97477   0.81949   1.02973   0.65752   0.18326   0.27200   3.28443   0.00000   0.17922   0.12455   0.20319   0.00754   0.00649   1.61721   0.06672  61.53552  
 54  5.2948   3285.821010  x:  2.63411   2.91429   3.62573   3.63281   1.53184   1.18191   0.97277   0.81938   1.02451   0.65762   0.18404   0.27123   3.28726   0.00000   0.17826   0.12483   0.20386   0.00751   0.00650   1.61670   0.06681  89.34856  
 55  7.2550   3285.820322  x:  2.63134   2.91546   3.63446   3.64063   1.53876   1.18301   0.97472   0.81902   1.02646   0.65896   0.18441   0.27087   3.28965   0.00000   0.17908   0.12481   0.20323   0.00753   0.00648   1.61765   0.06667  118.87580  
 56  9.9467   3285.819532  x:  2.63123   2.91461   3.62357   3.62751   1.53434   1.18603   0.97338   0.81940   1.02701   0.65845   0.18359   0.27164   3.29298   0.00000   0.17845   0.12489   0.20384   0.00750   0.00653   1.61662   0.06677  182.31886  
 57 14.3850   3285.819252  x:  2.62796   2.91385   3.63115   3.63205   1.53667   1.18656   0.97508   0.81982   1.02950   0.65888   0.18367   0.27146   3.29553   0.00000   0.17890   0.12474   0.20346   0.00752   0.00650   1.61734   0.06668  228.86620  
 58 20.2766   3285.818991  x:  2.62964   2.91520   3.62651   3.62746   1.53145   1.18839   0.97474   0.82124   1.02849   0.65834   0.18392   0.27130   3.29529   0.00000   0.17857   0.12481   0.20366   0.00751   0.00651   1.61725   0.06674  325.83484  
 59 21.2338   3285.818792  x:  2.62860   2.91413   3.63468   3.63395   1.53409   1.18711   0.97546   0.82097   1.02888   0.65894   0.18412   0.27101   3.29320   0.00000   0.17886   0.12471   0.20343   0.00753   0.00648   1.61774   0.06668  431.11585  
 60 31.2911   3285.818585  x:  2.63209   2.91309   3.62958   3.63044   1.53237   1.18533   0.97373   0.81996   1.02716   0.65855   0.18376   0.27144   3.28690   0.00000   0.17865   0.12483   0.20365   0.00751   0.00651   1.61695   0.06676  621.53745  
 61 52.2219   3285.818501  x:  2.63092   2.91197   3.63353   3.63366   1.53553   1.18426   0.97435   0.81964   1.02839   0.65871   0.18373   0.27137   3.28784   0.00000   0.17880   0.12476   0.20359   0.00752   0.00650   1.61722   0.06672  800.84842  
 62 58.3403   3285.818418  x:  2.63140   2.91300   3.63037   3.63213   1.53511   1.18440   0.97430   0.81989   1.02835   0.65838   0.18377   0.27139   3.28913   0.00000   0.17875   0.12478   0.20363   0.00752   0.00651   1.61716   0.06673  999.00000  
 63 94.5943   3285.818413  x:  2.63105   2.91366   3.62951   3.63194   1.53471   1.18481   0.97436   0.82012   1.02819   0.65839   0.18385   0.27134   3.29061   0.00000   0.17872   0.12478   0.20361   0.00752   0.00650   1.61720   0.06673  999.00000  
 64  0.0015   3285.818412  x:  2.63065   2.91348   3.62957   3.63191   1.53457   1.18483   0.97427   0.82005   1.02806   0.65849   0.18383   0.27135   3.29062   0.00000   0.17873   0.12478   0.20359   0.00752   0.00650   1.61722   0.06673  999.00000  
 65  0.0003   3285.818412  x:  2.63073   2.91347   3.62958   3.63194   1.53461   1.18483   0.97427   0.82004   1.02805   0.65853   0.18381   0.27136   3.29070   0.00000   0.17873   0.12479   0.20359   0.00752   0.00650   1.61721   0.06673  999.00000  
 66  0.0001   3285.818412  x:  2.63073   2.91346   3.62954   3.63192   1.53462   1.18482   0.97428   0.82005   1.02805   0.65853   0.18381   0.27136   3.29071   0.00000   0.17873   0.12479   0.20359   0.00752   0.00650   1.61721   0.06673  999.00000  
 67  0.0000   3285.818412  x:  2.63074   2.91345   3.62955   3.63193   1.53463   1.18480   0.97429   0.82005   1.02805   0.65853   0.18381   0.27136   3.29071   0.00000   0.17873   0.12479   0.20359   0.00752   0.00650   1.61721   0.06673  999.00000  