

TREE # 1

  0  0.0000   7398.618628  x:  0.17789   1.46711   1.59983   0.25524   1.29668   0.29323   1.26757   0.31181   0.75370   0.49015   0.27112   0.35335   1.34428   0.19257   0.03087   0.18379   0.11059   0.00000   0.00000   2.00000   0.20000   0.20000  
  1 99.0000   7398.617797  x:  0.17789   1.46711   1.59983   0.25524   1.29668   0.29323   1.26757   0.31181   0.75370   0.49015   0.27112   0.35335   1.34428   0.19257   0.03087   0.18379   0.11059   0.00000   0.00000   2.00000   0.20000   0.20000  
  2 542.7534   7349.986818  x:  0.48726   1.50934   1.67965   0.72434   1.35890   0.44634   1.29659   0.42027   0.67252   0.46285   0.26217   0.28221   1.48268   0.17202   0.13846   0.10398   0.29812   0.00000   0.00000   1.82136   0.18284   0.20000  
  3 256.9284   7320.774502  x:  0.64511   1.53347   1.73960   0.95074   1.40077   0.51362   1.32349   0.48168   0.63296   0.46022   0.30218   0.29015   1.57325   0.08533   0.06960   0.17043   0.15248   0.00000   0.00000   1.69456   0.15337   0.20000  
  4 218.4755   7316.683006  x:  0.67250   1.53905   1.75702   0.98700   1.41112   0.52149   1.33226   0.49373   0.62855   0.46476   0.31321   0.29866   1.59523   0.12062   0.08654   0.18495   0.10573   0.00000   0.00000   1.66267   0.14587   0.20000  
  5 180.5700   7312.754053  x:  0.69172   1.55358   1.81972   0.99164   1.44109   0.50086   1.36786   0.51240   0.64165   0.50136   0.34292   0.34518   1.65552   0.18462   0.02659   0.21398   0.13147   0.00000   0.00000   1.57396   0.13446   0.20000  
  6 55.7904   7310.274806  x:  0.69595   1.56926   1.88689   0.97302   1.47247   0.47116   1.40593   0.52521   0.65525   0.53166   0.32812   0.34620   1.71691   0.19563   0.00464   0.16749   0.12121   0.00000   0.00000   1.50305   0.12694   0.20000  
  7 62.4364   7306.290949  x:  0.69354   1.60376   2.04025   0.91402   1.54394   0.39833   1.49115   0.54687   0.67747   0.58574   0.29434   0.33863   1.85838   0.15846   0.04879   0.17711   0.12699   0.00000   0.00000   1.36528   0.11274   0.20000  
  8 108.2760   7303.120246  x:  0.67650   1.64552   2.24949   0.88392   1.64797   0.33784   1.57885   0.53843   0.60143   0.51271   0.30978   0.28641   2.05945   0.18000   0.03059   0.18844   0.13186   0.00000   0.00000   1.42994   0.10817   0.20000  
  9 27.0457   7302.553237  x:  0.66811   1.65170   2.29422   0.88441   1.67024   0.33298   1.59200   0.53335   0.59737   0.50709   0.33434   0.31248   2.10384   0.17061   0.04085   0.17436   0.13256   0.00000   0.00000   1.45563   0.10620   0.20000  
 10 32.8153   7302.079182  x:  0.64360   1.64914   2.34268   0.90959   1.69224   0.35268   1.58734   0.51806   0.63061   0.53472   0.30806   0.32889   2.15414   0.17247   0.03839   0.17973   0.13155   0.00000   0.00000   1.50149   0.10376   0.20000  
 11 12.7878   7301.820122  x:  0.58784   1.62869   2.37567   0.93763   1.68827   0.37136   1.54864   0.48382   0.63183   0.53883   0.32100   0.31546   2.18542   0.17228   0.03918   0.17772   0.13212   0.00000   0.00000   1.48813   0.10510   0.20000  
 12  5.2459   7301.684641  x:  0.56189   1.61621   2.39359   0.94742   1.67679   0.37990   1.52481   0.50324   0.61887   0.52452   0.30394   0.33103   2.19338   0.17254   0.03956   0.17653   0.13283   0.00000   0.00000   1.48154   0.10587   0.20000  
 13  3.4270   7301.423002  x:  0.54575   1.60075   2.42540   0.95859   1.64682   0.38508   1.48542   0.56766   0.62741   0.52920   0.31915   0.31291   2.19430   0.17314   0.04122   0.17387   0.13496   0.00000   0.00000   1.49231   0.10502   0.20000  
 14  3.8767   7300.622842  x:  0.61985   1.59516   2.47927   0.99750   1.56862   0.33477   1.41260   0.54698   0.61587   0.54274   0.30588   0.31477   2.16266   0.17511   0.04486   0.16567   0.14044   0.00000   0.00000   1.51916   0.10781   0.20000  
 15  2.7863   7298.799479  x:  0.70554   1.57996   2.48431   1.04286   1.58339   0.47369   1.47378   0.48928   0.62519   0.49870   0.29743   0.29796   2.04397   0.18218   0.05460   0.14493   0.15757   0.00000   0.00000   1.52806   0.10471   0.20000  
 16  4.1784   7298.161212  x:  0.65689   1.57412   2.39030   1.14285   1.62155   0.41197   1.54998   0.50282   0.58745   0.53667   0.29436   0.29241   2.04496   0.18312   0.05875   0.13889   0.16258   0.00000   0.00000   1.54826   0.10529   0.20000  
 17  4.8632   7297.927073  x:  0.64862   1.60911   2.33864   1.17669   1.65364   0.37531   1.53869   0.50994   0.63447   0.49231   0.29408   0.29221   2.07602   0.18440   0.05883   0.13848   0.16436   0.00000   0.00000   1.54368   0.10468   0.20000  
 18  3.3727   7297.577188  x:  0.66525   1.70244   2.28304   1.17234   1.70538   0.39891   1.48048   0.52586   0.60222   0.52257   0.29563   0.29194   2.14928   0.18479   0.05996   0.14015   0.16680   0.00000   0.00000   1.54298   0.10310   0.20000  
 19  1.9788   7295.917162  x:  0.75088   1.76206   2.38187   1.29469   1.57903   0.47158   1.63985   0.54644   0.62783   0.52033   0.31116   0.30268   2.35245   0.17927   0.06614   0.16502   0.17275   0.00000   0.00000   1.54637   0.09774   0.20000  
 20  1.2175   7294.955627  x:  0.82040   1.67998   2.54998   1.39501   1.77994   0.42968   1.62990   0.57661   0.63365   0.53111   0.32041   0.30882   2.28632   0.17302   0.07248   0.17972   0.17542   0.00000   0.00000   1.54635   0.09518   0.20000  
 21  3.9268   7294.808792  x:  0.79547   1.77737   2.61365   1.43955   1.78532   0.42860   1.65076   0.58157   0.63773   0.53597   0.32036   0.31001   2.25135   0.17008   0.07449   0.17848   0.17428   0.00000   0.00000   1.54368   0.09344   0.20000  
 22  0.6720   7294.125853  x:  0.87533   1.80234   2.72066   1.50440   1.83630   0.44497   1.70626   0.60944   0.66403   0.55755   0.31089   0.30939   2.41978   0.15888   0.08159   0.15608   0.17104   0.00000   0.00000   1.53880   0.09010   0.20000  
 23  0.6581   7294.053460  x:  0.89567   1.79053   2.72782   1.55759   1.84919   0.44282   1.71523   0.61087   0.65530   0.55949   0.31186   0.30889   2.42806   0.16108   0.07878   0.15832   0.16933   0.00000   0.00000   1.52802   0.08837   0.20000  
 24  0.0688   7294.018445  x:  0.90544   1.79373   2.72691   1.59135   1.86049   0.44308   1.72560   0.61143   0.65291   0.55997   0.31265   0.30843   2.41993   0.16489   0.07490   0.16031   0.16791   0.00000   0.00000   1.53362   0.08883   0.20000  
 25  0.0418   7294.011860  x:  0.90854   1.80332   2.73154   1.59702   1.86381   0.44645   1.73216   0.61369   0.65787   0.56139   0.31293   0.30940   2.42540   0.16804   0.07165   0.15905   0.16795   0.00000   0.00000   1.53799   0.08841   0.20000  
 26  0.0118   7294.010995  x:  0.90722   1.80136   2.73067   1.59289   1.86130   0.44670   1.72943   0.61348   0.65734   0.56111   0.31301   0.30935   2.42390   0.16884   0.07032   0.15922   0.16829   0.00000   0.00000   1.53592   0.08851   0.20000  
 27  0.0043   7294.010964  x:  0.90739   1.80105   2.73121   1.59256   1.86158   0.44651   1.72945   0.61359   0.65704   0.56115   0.31295   0.30926   2.42397   0.16866   0.07032   0.15921   0.16835   0.00000   0.00000   1.53625   0.08852   0.20000  
 28  0.0007   7294.010964  x:  0.90745   1.80112   2.73117   1.59273   1.86164   0.44647   1.72953   0.61357   0.65707   0.56114   0.31297   0.30928   2.42394   0.16865   0.07032   0.15920   0.16836   0.00000   0.00000   1.53624   0.08852   0.20000  
 29  0.0002   7294.010964  x:  0.90745   1.80113   2.73115   1.59272   1.86164   0.44646   1.72953   0.61356   0.65708   0.56114   0.31296   0.30928   2.42393   0.16865   0.07032   0.15921   0.16836   0.00000   0.00000   1.53624   0.08852   0.20000  
 30  0.0000   7294.010964  x:  0.90746   1.80113   2.73115   1.59272   1.86163   0.44646   1.72953   0.61356   0.65708   0.56114   0.31296   0.30928   2.42392   0.16865   0.07032   0.15920   0.16836   0.00000   0.00000   1.53624   0.08852   0.20000  
 31  0.0000   7294.010964  x:  0.90746   1.80113   2.73115   1.59272   1.86163   0.44646   1.72953   0.61356   0.65708   0.56114   0.31296   0.30928   2.42392   0.16865   0.07032   0.15920   0.16836   0.00000   0.00000   1.53624   0.08852   0.20000  