    8
BAM_011790  0.000000  1.697915  2.020863  0.727149  0.342946  1.499691
  0.906663  0.295442
BH2192xxxx  1.697915  0.000000  1.109515  1.630052  1.848445  1.067717
  1.686728  1.820470
NT03BL1346  2.020863  1.109515  0.000000  1.920662  2.020603  0.707486
  1.921460  1.904356
NT03BL1349  0.727149  1.630052  1.920662  0.000000  0.707226  1.563999
  0.908696  0.686216
Bmo2056xxx  0.342946  1.848445  2.020603  0.707226  0.000000  1.632014
  0.966786  0.095903
BPUM_1106x  1.499691  1.067717  0.707486  1.563999  1.632014  0.000000
  1.519779  1.543287
BPUM_1108x  0.906663  1.686728  1.921460  0.908696  0.966786  1.519779
  0.000000  0.938459
BG10496xxx  0.295442  1.820470  1.904356  0.686216  0.095903  1.543287
  0.938459  0.000000
