Supplemental results for CODEML (seqf: cds2.phylip  treef: tree.H2C2.nwk)

Number of codon sites with 0,1,2,3 position differences
   2 vs.    1     27    52    40    25  -1.0000 (0.4949 -1.0000)
   3 vs.    1     32    47    37    25  -1.0000 (0.4693 -1.0000)
   3 vs.    2    110    32     0     0   0.0154 (0.0061 0.3958)
   4 vs.    1     29    51    47    22  -1.0000 (0.5100 -1.0000)
   4 vs.    2     27    42    36    28  -1.0000 (0.6041 -1.0000)
   4 vs.    3     25    43    31    31  -1.0000 (0.5867 -1.0000)
   5 vs.    1     31    54    45    41  -1.0000 (0.6748 -1.0000)
   5 vs.    2     33    36    36    39  -1.0000 (0.6724 -1.0000)
   5 vs.    3     33    38    34    36  -1.0000 (0.6456 -1.0000)
   5 vs.    4     44    54    29    22  -1.0000 (0.3542 -1.0000)
   6 vs.    1     62    58    40    16   0.1474 (0.3078 2.0885)
   6 vs.    2     20    61    37    26  -1.0000 (0.5377 -1.0000)
   6 vs.    3     27    54    34    26  -1.0000 (0.5198 -1.0000)
   6 vs.    4     39    43    40    26  -1.0000 (0.5015 -1.0000)
   6 vs.    5     44    48    38    40  -1.0000 (0.5496 -1.0000)
   7 vs.    1     56    64    24    33  -1.0000 (0.3405 -1.0000)
   7 vs.    2     31    49    34    29  -1.0000 (0.5156 -1.0000)
   7 vs.    3     34    45    32    29  -1.0000 (0.5039 -1.0000)
   7 vs.    4     27    50    42    30  -1.0000 (0.5764 -1.0000)
   7 vs.    5     37    44    55    34   0.1940 (0.6457 3.3280)
   7 vs.    6     39    69    43    26  -1.0000 (0.4573 -1.0000)
   8 vs.    1     84    71    15     4   0.0516 (0.0909 1.7608)
   8 vs.    2     25    53    44    19  -1.0000 (0.4717 -1.0000)
   8 vs.    3     30    51    36    21  -1.0000 (0.4459 -1.0000)
   8 vs.    4     26    52    40    27  -1.0000 (0.5495 -1.0000)
   8 vs.    5     34    50    48    36  -1.0000 (0.6335 -1.0000)
   8 vs.    6     57    64    33    21   0.1519 (0.3340 2.1984)
   8 vs.    7     52    66    30    28  -1.0000 (0.3600 -1.0000)
   9 vs.    1     27    52    40    25  -1.0000 (0.4949 -1.0000)
   9 vs.    2    144     1     0     0   0.0000 (0.0000 0.0100)
   9 vs.    3    111    31     0     0   0.0162 (0.0061 0.3786)
   9 vs.    4     26    43    36    28  -1.0000 (0.6041 -1.0000)
   9 vs.    5     33    36    36    39  -1.0000 (0.6724 -1.0000)
   9 vs.    6     20    61    37    26  -1.0000 (0.5377 -1.0000)
   9 vs.    7     31    49    34    29  -1.0000 (0.5156 -1.0000)
   9 vs.    8     25    53    44    19  -1.0000 (0.4717 -1.0000)
  10 vs.    1     24    58    42    20  -1.0000 (0.4798 -1.0000)
  10 vs.    2     93    43     4     5   0.1326 (0.0782 0.5902)
  10 vs.    3     98    37     3     4   0.1706 (0.0732 0.4289)
  10 vs.    4     22    47    40    24  -1.0000 (0.5313 -1.0000)
  10 vs.    5     32    43    35    34  -1.0000 (0.6013 -1.0000)
  10 vs.    6     24    54    43    23  -1.0000 (0.5350 -1.0000)
  10 vs.    7     22    59    34    28  -1.0000 (0.5321 -1.0000)
  10 vs.    8     23    59    41    18  -1.0000 (0.4355 -1.0000)
  10 vs.    9     94    42     4     5   0.1376 (0.0782 0.5687)

