

TREE # 1

  0  0.0000   4090.073848  x:  0.41534   1.51871   1.31682   0.13795   1.50990   0.31655   1.12936   0.35745   0.68822   0.69049   1.34856   0.25111   0.14290   0.11007   0.16659   0.00514   0.00180   2.00000   0.20000   0.20000   0.20000  
  1 99.0000   4089.626580  x:  0.41599   1.51879   1.31682   0.13883   1.50997   0.31680   1.12951   0.35775   0.68787   0.69020   1.34879   0.25103   0.14320   0.10990   0.16657   0.00584   0.00000   1.99969   0.20063   0.19988   0.19952  
  2 182.2143   4085.045054  x:  0.44310   1.52207   1.31663   0.17485   1.51272   0.32712   1.13548   0.37026   0.67353   0.67801   1.35845   0.24759   0.15540   0.10266   0.16601   0.00098   0.00000   1.98694   0.22147   0.19513   0.17948  
  3 487.4708   4056.468682  x:  0.66350   1.54418   1.30906   0.45845   1.52980   0.40500   1.18099   0.46705   0.54192   0.56557   1.43728   0.21567   0.25374   0.04785   0.16211   0.00176   0.00000   1.88253   0.14812   0.15663   0.00010  
  4 438.7679   4053.924779  x:  0.70399   1.54651   1.30300   0.48919   1.53161   0.41280   1.19462   0.48149   0.50875   0.53870   1.45568   0.19863   0.26407   0.10480   0.19058   0.00173   0.00000   1.85082   0.14124   0.17339   0.00010  
  5 94.4718   4050.534377  x:  0.76213   1.54103   1.27354   0.45126   1.52694   0.39733   1.23177   0.48706   0.43095   0.48109   1.49792   0.11616   0.23203   0.08675   0.20983   0.00177   0.00000   1.75863   0.14377   0.21740   0.00010  
  6 42.4838   4047.946142  x:  0.83349   1.52602   1.22103   0.36860   1.51867   0.36663   1.28473   0.48567   0.37803   0.45650   1.56288   0.14212   0.29391   0.07949   0.19033   0.00199   0.00000   1.61512   0.14656   0.24563   0.00010  
  7 38.8393   4044.745728  x:  0.95794   1.49869   1.13412   0.29268   1.51170   0.33662   1.35671   0.49132   0.41010   0.51603   1.67212   0.13200   0.28910   0.09015   0.19928   0.00231   0.00000   1.40365   0.14166   0.16761   0.00010  
  8 42.2385   4043.897611  x:  1.01171   1.47954   1.09334   0.30127   1.51563   0.33783   1.36679   0.48693   0.44212   0.53963   1.72780   0.16961   0.23902   0.08583   0.18964   0.00254   0.00000   1.36482   0.13854   0.21511   0.00010  
  9 15.6159   4042.809510  x:  1.07355   1.44457   1.03530   0.29649   1.52404   0.33596   1.35856   0.46305   0.43015   0.50613   1.81116   0.24426   0.16938   0.08749   0.20302   0.00284   0.00000   1.38988   0.14466   0.18778   0.00010  
 10 13.0332   4040.669333  x:  1.20604   1.39164   0.96847   0.27995   1.55348   0.34859   1.30637   0.46444   0.48393   0.51402   1.98332   0.17220   0.24428   0.09304   0.19698   0.00392   0.00000   1.55986   0.15358   0.20148   0.00010  
 11  7.9910   4038.366151  x:  1.18864   1.50367   1.17975   0.31703   1.62813   0.40560   1.34950   0.56835   0.45648   0.58561   2.02763   0.18756   0.25141   0.06965   0.26059   0.00543   0.00000   1.58636   0.15179   0.21307   0.00010  
 12  5.1694   4037.440281  x:  1.17516   1.54910   1.25587   0.34673   1.65566   0.41514   1.37391   0.58566   0.44496   0.59428   2.02807   0.17681   0.23671   0.09745   0.19770   0.00613   0.00000   1.58627   0.15290   0.20321   0.00010  
 13 20.1298   4036.512921  x:  1.13682   1.59766   1.28002   0.45775   1.68532   0.35272   1.44338   0.47259   0.50104   0.54515   1.95302   0.15471   0.26351   0.09429   0.21000   0.00668   0.00000   1.55091   0.15515   0.20423   0.00010  
 14  6.7473   4035.985418  x:  1.08646   1.58492   1.16144   0.52348   1.70858   0.36357   1.52948   0.51077   0.49810   0.54210   1.82788   0.14389   0.27487   0.09370   0.21240   0.00699   0.00000   1.54443   0.15673   0.20370   0.00010  
 15  4.3820   4035.752687  x:  1.12395   1.60439   1.12278   0.54877   1.68582   0.36630   1.50083   0.48363   0.44711   0.59547   1.76679   0.14140   0.27670   0.09310   0.21345   0.00708   0.00000   1.53769   0.15827   0.20389   0.00010  
 16  2.0408   4035.248790  x:  1.22603   1.65252   1.10236   0.55481   1.61513   0.40995   1.41618   0.51893   0.48488   0.54398   1.69456   0.14551   0.27371   0.09117   0.21181   0.00724   0.00000   1.49752   0.15788   0.19791   0.00010  
 17  2.0034   4033.687958  x:  1.44721   1.61439   1.19360   0.66408   1.53815   0.32964   1.58373   0.59988   0.47981   0.54100   1.85374   0.14179   0.27438   0.08310   0.19949   0.00754   0.00000   1.55249   0.14452   0.18056   0.00010  
 18  1.8885   4032.693535  x:  1.53577   1.57551   1.23504   0.71546   1.68724   0.46134   1.65470   0.54634   0.46616   0.53796   1.99880   0.11946   0.29465   0.07756   0.19072   0.00776   0.00000   1.53744   0.13181   0.16672   0.00010  
 19  6.2061   4032.513687  x:  1.54180   1.65557   1.20260   0.73713   1.79605   0.39842   1.62238   0.58181   0.46403   0.53849   2.04293   0.11882   0.29534   0.07669   0.18999   0.00782   0.00000   1.53364   0.12871   0.16676   0.00010  
 20  1.7210   4032.156798  x:  1.58863   1.83670   1.18625   0.79281   1.79919   0.46831   1.73233   0.55879   0.47990   0.55248   2.09465   0.12059   0.29938   0.07668   0.19563   0.00821   0.00000   1.57146   0.12265   0.18648   0.00010  
 21  0.3740   4031.812323  x:  1.60023   1.75667   1.25008   0.89914   1.83928   0.45530   1.70468   0.58391   0.47615   0.56877   2.09627   0.11608   0.30941   0.07805   0.20448   0.00857   0.00000   1.52271   0.12213   0.20327   0.00010  
 22  0.9609   4031.761834  x:  1.66483   1.74617   1.28239   0.89641   1.88937   0.44723   1.73338   0.58825   0.48565   0.56871   2.05483   0.12221   0.30454   0.07845   0.20404   0.00865   0.00000   1.53748   0.12037   0.20452   0.00010  
 23  0.7704   4031.583913  x:  1.72080   1.84150   1.32427   1.01416   1.92081   0.47107   1.81281   0.61541   0.49795   0.57757   2.09968   0.11772   0.30941   0.08517   0.19755   0.00897   0.00000   1.53915   0.11379   0.18573   0.00010  
 24  0.1596   4031.553266  x:  1.74743   1.84895   1.34441   1.04197   1.94796   0.47290   1.83532   0.62794   0.49900   0.57702   2.11573   0.11373   0.30857   0.08112   0.20062   0.00879   0.00000   1.54471   0.11331   0.18802   0.00010  
 25  0.0416   4031.545237  x:  1.76505   1.85507   1.36078   1.05722   1.96463   0.47597   1.85157   0.63541   0.49927   0.57830   2.13694   0.11390   0.30816   0.08034   0.20074   0.00853   0.00000   1.54432   0.11135   0.18921   0.00010  
 26  0.0393   4031.538001  x:  1.77306   1.86823   1.36962   1.06048   1.97651   0.47976   1.86509   0.63846   0.49952   0.57988   2.15414   0.11718   0.30692   0.08181   0.19886   0.00797   0.00000   1.54556   0.11084   0.18856   0.00010  
 27  0.0173   4031.535007  x:  1.77027   1.86792   1.36692   1.05445   1.97332   0.47938   1.86421   0.63678   0.50048   0.58007   2.15159   0.11415   0.30857   0.08166   0.20019   0.00757   0.00000   1.54441   0.11101   0.18877   0.00010  
 28  0.0051   4031.534534  x:  1.76713   1.86323   1.36263   1.05158   1.96763   0.47778   1.85784   0.63546   0.49996   0.57944   2.14186   0.11503   0.30829   0.08146   0.20004   0.00752   0.00000   1.54361   0.11136   0.18853   0.00010  
 29  0.0087   4031.534464  x:  1.76667   1.86338   1.36277   1.05423   1.96770   0.47793   1.85742   0.63556   0.49972   0.57944   2.14146   0.11475   0.30833   0.08154   0.19978   0.00749   0.00000   1.54426   0.11135   0.18863   0.00010  
 30  0.0017   4031.534455  x:  1.76622   1.86345   1.36260   1.05472   1.96766   0.47798   1.85728   0.63533   0.49978   0.57939   2.14139   0.11477   0.30836   0.08152   0.19994   0.00749   0.00000   1.54445   0.11137   0.18861   0.00010  
 31  0.0007   4031.534455  x:  1.76597   1.86336   1.36254   1.05469   1.96766   0.47794   1.85722   0.63517   0.49983   0.57935   2.14131   0.11475   0.30837   0.08152   0.19993   0.00749   0.00000   1.54445   0.11137   0.18862   0.00010  
 32  0.0003   4031.534455  x:  1.76595   1.86336   1.36257   1.05471   1.96771   0.47793   1.85727   0.63517   0.49983   0.57936   2.14134   0.11476   0.30837   0.08152   0.19992   0.00749   0.00000   1.54445   0.11137   0.18862   0.00010  
 33  0.0001   4031.534455  x:  1.76595   1.86335   1.36257   1.05471   1.96770   0.47793   1.85727   0.63517   0.49983   0.57936   2.14134   0.11475   0.30837   0.08152   0.19992   0.00749   0.00000   1.54445   0.11137   0.18862   0.00010  
 34  0.0000   4031.534455  x:  1.76594   1.86335   1.36257   1.05471   1.96770   0.47793   1.85726   0.63517   0.49983   0.57936   2.14134   0.11475   0.30837   0.08152   0.19992   0.00749   0.00000   1.54445   0.11137   0.18862   0.00010  
 35  0.0000   4031.534455  x:  1.76594   1.86335   1.36257   1.05471   1.96770   0.47793   1.85726   0.63517   0.49983   0.57936   2.14134   0.11475   0.30837   0.08152   0.19992   0.00749   0.00000   1.54445   0.11137   0.18862   0.00010  