

TREE # 1

  0  0.0000   6822.690960  x:  0.08264   1.28246   1.50885   0.32868   1.01946   0.12283   0.90778   0.25145   0.56404   0.41777   0.31114   0.22284   1.11768   0.19795   0.09440   0.11618   0.10820   0.08405   0.00000   2.00000   0.20000   0.20000  
  1 99.0000   6812.573921  x:  0.08912   1.28385   1.51100   0.33372   1.01950   0.12398   0.90657   0.25320   0.56338   0.41649   0.30969   0.22297   1.11954   0.19828   0.09558   0.11633   0.11040   0.08270   0.04839   1.99850   0.18475   0.19814  
  2 1281.2383   6800.246225  x:  0.11387   1.28942   1.51941   0.35300   1.02001   0.12873   0.90238   0.26031   0.56129   0.41200   0.30446   0.22376   1.12687   0.19928   0.10019   0.11514   0.11258   0.06807   0.04548   1.99234   0.14314   0.19119  
  3 412.6002   6769.397803  x:  0.22935   1.31760   1.56107   0.44374   1.02533   0.15398   0.88631   0.29731   0.55530   0.39436   0.28265   0.23005   1.16352   0.20223   0.12289   0.11138   0.12401   0.01342   0.04840   1.96015   0.14488   0.15957  
  4 482.0828   6698.714401  x:  0.72418   1.44227   1.74838   0.83989   1.04868   0.26189   0.81309   0.46022   0.52893   0.31471   0.18659   0.26089   1.32755   0.21141   0.21190   0.09479   0.17019   0.10875   0.04246   1.81460   0.13040   0.01560  
  5 1379.0901   6687.258868  x:  0.89947   1.51193   1.87756   1.00626   1.05849   0.28229   0.76423   0.52993   0.53840   0.28598   0.20182   0.32495   1.42449   0.19302   0.17273   0.07921   0.11514   0.13897   0.04324   1.71390   0.12094   0.25913  
  6 223.5195   6682.663005  x:  0.91327   1.53360   1.92735   1.03340   1.06101   0.27499   0.75007   0.54202   0.55381   0.28828   0.21021   0.33357   1.45443   0.14716   0.14438   0.14153   0.13179   0.14145   0.04203   1.68081   0.11758   0.28659  
  7 129.5412   6677.293965  x:  0.88023   1.57466   2.03563   1.04901   1.06634   0.24355   0.72752   0.55081   0.59587   0.30472   0.21720   0.32249   1.51096   0.07358   0.15663   0.12664   0.11038   0.14028   0.04313   1.61781   0.11318   0.28180  
  8 79.0998   6665.917943  x:  0.74669   1.70106   2.37767   1.08029   1.08556   0.14159   0.66229   0.57133   0.71781   0.34686   0.23999   0.29024   1.68764   0.02973   0.29922   0.14443   0.12960   0.14025   0.04269   1.42533   0.09961   0.30439  
  9 239.2934   6658.016760  x:  0.57622   1.83461   2.75420   1.10309   1.13377   0.09783   0.63770   0.58540   0.75894   0.30925   0.21845   0.26481   1.88558   0.13762   0.18977   0.13269   0.11271   0.12946   0.04409   1.28947   0.09190   0.25486  
 10 92.5510   6654.796718  x:  0.50036   1.89050   2.91615   1.10834   1.16337   0.12007   0.65099   0.59025   0.73900   0.27083   0.24459   0.31340   1.96528   0.13968   0.17234   0.10026   0.15906   0.12572   0.04314   1.29210   0.08780   0.24146  
 11 86.3358   6651.196831  x:  0.41389   1.96028   3.11963   1.11343   1.20121   0.16944   0.68518   0.59336   0.68317   0.21721   0.23991   0.34852   2.05841   0.13063   0.20085   0.12634   0.11684   0.12274   0.04444   1.35503   0.08397   0.23290  
 12 88.4686   6649.498553  x:  0.38440   1.99890   3.23153   1.11607   1.21112   0.18350   0.70614   0.58914   0.64794   0.22288   0.19369   0.31496   2.10192   0.11647   0.20470   0.12074   0.13666   0.12296   0.04377   1.41971   0.08354   0.25350  
 13 53.6124   6648.266988  x:  0.39331   2.03835   3.34396   1.11961   1.20138   0.17068   0.72486   0.57387   0.62733   0.30016   0.21854   0.30731   2.13185   0.12973   0.19556   0.12021   0.13363   0.12397   0.04376   1.50912   0.08243   0.25045  
 14 29.1822   6647.902915  x:  0.41345   2.04995   3.39058   1.10450   1.17720   0.14517   0.71355   0.53924   0.61251   0.28794   0.21760   0.31498   2.12037   0.13019   0.19496   0.11974   0.13332   0.12414   0.04367   1.52604   0.08463   0.24827  
 15  8.8656   6646.981187  x:  0.47039   2.06849   3.54163   1.01760   1.13418   0.21959   0.72653   0.52101   0.64480   0.29230   0.20812   0.32111   2.02758   0.13564   0.19110   0.11931   0.13260   0.12527   0.04352   1.51590   0.08451   0.24916  
 16  6.8488   6646.080911  x:  0.47758   2.06408   3.65951   0.99866   1.11782   0.19773   0.75638   0.61724   0.60992   0.28182   0.22441   0.30883   1.94466   0.13481   0.19047   0.11833   0.13192   0.12456   0.04343   1.50745   0.08532   0.24680  
 17  7.2946   6643.540630  x:  0.39445   2.01950   3.87171   1.18244   1.22990   0.18104   0.77216   0.63240   0.66251   0.30734   0.17152   0.37004   1.85084   0.13646   0.19078   0.11688   0.12751   0.12082   0.04313   1.54189   0.08820   0.23781  
 18  6.3288   6642.285725  x:  0.38110   2.03041   3.93736   1.24683   1.29139   0.20187   0.79593   0.59853   0.67016   0.28088   0.23510   0.30029   1.87860   0.13223   0.19376   0.11531   0.12907   0.12066   0.04272   1.54465   0.08947   0.23911  
 19 11.9213   6638.030734  x:  0.45156   2.29748   3.97913   1.14554   1.42325   0.17678   1.02828   0.58987   0.64153   0.32878   0.19619   0.34574   2.37524   0.10966   0.21299   0.11548   0.12396   0.11636   0.04159   1.47296   0.08490   0.23148  
 20  8.5897   6636.213033  x:  0.46916   2.45264   3.98673   1.09430   1.41869   0.17441   0.96193   0.69326   0.76791   0.26516   0.19437   0.34999   2.58013   0.11316   0.21013   0.11187   0.12384   0.11394   0.04083   1.58037   0.08491   0.22532  
 21 12.5888   6634.500728  x:  0.41469   2.63540   4.02118   1.14202   1.34598   0.26674   0.79489   0.73040   0.67749   0.32115   0.19353   0.35321   2.64528   0.10955   0.21236   0.11092   0.12099   0.10986   0.03983   1.56190   0.08583   0.21768  
 22  4.7196   6624.622550  x:  0.34509   3.61269   4.46831   1.67042   1.11396   0.30000   1.04675   0.76787   0.80077   0.25214   0.18426   0.36412   2.62076   0.08969   0.21536   0.10549   0.11723   0.10040   0.03235   1.51283   0.06732   0.20934  
 23  6.9441   6620.065528  x:  0.48358   3.80231   4.79620   1.69745   1.46122   0.23876   0.97570   0.80297   0.79623   0.25482   0.18000   0.36797   2.64403   0.07467   0.22205   0.10472   0.11593   0.09774   0.02843   1.50382   0.05808   0.20744  
 24 10.8470   6613.001367  x:  0.67977   2.93621   5.52761   1.81787   1.24672   0.31324   0.96027   0.87775   0.82044   0.25196   0.18016   0.36852   3.23849   0.05476   0.23723   0.10528   0.11692   0.08934   0.02154   1.48204   0.05399   0.19508  
 25  6.8285   6603.902862  x:  0.94969   2.66633   6.10940   1.94858   1.55562   0.25969   0.80731   0.90730   0.79562   0.27937   0.19774   0.36352   3.26535   0.10269   0.21873   0.11566   0.13328   0.07222   0.01316   1.49013   0.05973   0.15390  
 26  0.8160   6599.622831  x:  1.08897   3.33649   6.69450   2.28430   1.67612   0.26637   0.98496   0.97244   0.86227   0.29963   0.18863   0.37996   3.42956   0.12972   0.22093   0.12373   0.14160   0.05377   0.00819   1.48532   0.04974   0.12574  
 27  0.8861   6595.675310  x:  1.48803   3.64499   7.22091   2.63176   1.81238   0.27920   1.24084   1.04717   0.91946   0.33539   0.15783   0.37357   3.68221   0.14702   0.21953   0.11810   0.12022   0.04923   0.02820   1.51524   0.04507   0.11146  
 28  0.3199   6593.284558  x:  2.01603   3.45380   7.90999   2.97537   1.90931   0.33190   1.19172   1.20366   0.94053   0.32318   0.17832   0.40581   4.11897   0.14119   0.21143   0.11569   0.15451   0.04949   0.02633   1.50034   0.04242   0.10758  
 29  0.3553   6592.764112  x:  2.19646   3.56480   8.17789   3.12123   1.96557   0.35062   1.21454   1.26039   0.95996   0.32817   0.17033   0.40873   4.27124   0.13746   0.21521   0.11691   0.15026   0.05161   0.02584   1.50379   0.03917   0.11525  
 30  0.4888   6592.123222  x:  2.44034   3.70155   8.41564   3.28978   2.02189   0.37423   1.23294   1.32275   0.97177   0.33447   0.15123   0.40221   4.40620   0.11898   0.22997   0.11803   0.13170   0.05877   0.02407   1.51869   0.03847   0.13932  
 31  0.3518   6591.816213  x:  2.69174   3.97104   8.84180   3.52505   2.10068   0.40032   1.30364   1.40635   1.00648   0.34317   0.15518   0.42341   4.62466   0.10878   0.24500   0.11894   0.13495   0.05622   0.02103   1.50644   0.03579   0.14846  
 32  0.2703   6591.727391  x:  2.71756   4.05113   8.89596   3.54936   2.11357   0.40120   1.33862   1.41595   1.01753   0.34954   0.15382   0.42562   4.65270   0.10632   0.24796   0.11926   0.13780   0.05611   0.02056   1.50806   0.03601   0.15952  
 33  0.0875   6591.636373  x:  2.85056   4.23976   9.16908   3.65881   2.17894   0.41058   1.42125   1.46651   1.05116   0.36520   0.14440   0.42898   4.81146   0.10054   0.25192   0.11853   0.13696   0.05654   0.02067   1.51437   0.03435   0.18287  
 34  0.1873   6591.546305  x:  2.84729   4.28232   9.35358   3.62965   2.23112   0.40845   1.46309   1.49993   1.07237   0.37277   0.14717   0.43513   4.95437   0.09424   0.25277   0.11738   0.13522   0.05591   0.02192   1.51013   0.03412   0.20901  
 35  0.0622   6591.485731  x:  2.88992   4.34760   9.59073   3.65628   2.28517   0.41531   1.48294   1.54564   1.08807   0.37581   0.14503   0.43937   5.11262   0.08309   0.26377   0.11968   0.13621   0.05608   0.02170   1.50660   0.03308   0.23519  
 36  0.1832   6591.450279  x:  2.80627   4.30423   9.60099   3.59673   2.27860   0.41385   1.44775   1.54434   1.07912   0.37028   0.14420   0.43664   5.11695   0.08590   0.26500   0.12061   0.13632   0.05591   0.02165   1.50773   0.03338   0.24314  
 37  0.0686   6591.435049  x:  2.80066   4.37357   9.71365   3.61719   2.29263   0.41891   1.45301   1.56237   1.08155   0.37025   0.14218   0.43724   5.16950   0.08037   0.27050   0.11904   0.13536   0.05646   0.02111   1.50799   0.03312   0.25915  
 38  0.0801   6591.423582  x:  2.79530   4.44935   9.78198   3.66091   2.28973   0.42347   1.46567   1.56797   1.08194   0.37069   0.14289   0.43873   5.17549   0.08162   0.26929   0.11809   0.13629   0.05674   0.02098   1.50769   0.03287   0.26783  
 39  0.0526   6591.417234  x:  2.78403   4.47286   9.84203   3.68717   2.29419   0.42475   1.47355   1.57296   1.08240   0.37080   0.14339   0.43907   5.19611   0.07823   0.27140   0.11984   0.13664   0.05704   0.02129   1.50622   0.03276   0.28058  
 40  0.0348   6591.411240  x:  2.77398   4.45180   9.86754   3.72347   2.29512   0.42283   1.47350   1.56885   1.08179   0.37103   0.14314   0.43824   5.19179   0.07827   0.27084   0.12011   0.13510   0.05641   0.02169   1.50696   0.03273   0.28657  
 41  0.0163   6591.407485  x:  2.77720   4.44021   9.88246   3.75170   2.30265   0.42084   1.47284   1.56855   1.08424   0.37169   0.14289   0.43883   5.19402   0.07605   0.27367   0.11906   0.13620   0.05641   0.02143   1.50743   0.03269   0.29393  
 42  0.0146   6591.405113  x:  2.77020   4.42391   9.84001   3.74931   2.30511   0.41731   1.46953   1.56310   1.08594   0.37239   0.14285   0.43939   5.17554   0.07666   0.27378   0.11916   0.13635   0.05677   0.02131   1.50759   0.03280   0.29779  
 43  0.0182   6591.402591  x:  2.76741   4.45425   9.87025   3.76098   2.32100   0.41681   1.47702   1.57141   1.09185   0.37431   0.14171   0.44093   5.20036   0.07391   0.27607   0.11969   0.13571   0.05700   0.02126   1.50673   0.03261   0.31396  
 44  0.0255   6591.399011  x:  2.74463   4.46730   9.82905   3.75266   2.31935   0.41698   1.47173   1.57208   1.09037   0.37325   0.14108   0.44049   5.19379   0.07218   0.27631   0.11952   0.13561   0.05645   0.02124   1.50586   0.03273   0.33139  
 45  0.0131   6591.393905  x:  2.76274   4.46236   9.78799   3.76097   2.31388   0.42138   1.46868   1.57776   1.08794   0.37163   0.14224   0.44007   5.20019   0.06956   0.27907   0.11952   0.13639   0.05622   0.02136   1.50726   0.03266   0.35450  
 46  0.0146   6591.390563  x:  2.76734   4.44768   9.76490   3.75041   2.30312   0.42422   1.46748   1.57796   1.08275   0.37063   0.14345   0.43883   5.19911   0.06762   0.28164   0.11961   0.13540   0.05663   0.02154   1.50769   0.03278   0.37274  
 47  0.0149   6591.385051  x:  2.79101   4.45220   9.83889   3.74489   2.30744   0.42505   1.48518   1.58361   1.08414   0.37417   0.14282   0.43950   5.22784   0.06566   0.28454   0.11922   0.13549   0.05631   0.02139   1.50547   0.03259   0.41351  
 48  0.0173   6591.382691  x:  2.79425   4.45994   9.86390   3.75521   2.31345   0.42482   1.48983   1.58722   1.08586   0.37488   0.14234   0.43996   5.24000   0.06236   0.28737   0.11938   0.13563   0.05632   0.02130   1.50537   0.03251   0.44389  
 49  0.0671   6591.378455  x:  2.79160   4.44046   9.84200   3.75758   2.31175   0.42039   1.48063   1.57811   1.08531   0.37239   0.14214   0.43970   5.20788   0.05936   0.28840   0.12016   0.13602   0.05660   0.02114   1.50809   0.03265   0.49289  
 50  0.0317   6591.376111  x:  2.79587   4.43920   9.83936   3.74014   2.30890   0.41971   1.47515   1.57465   1.08498   0.37115   0.14265   0.43979   5.19631   0.05933   0.28852   0.11988   0.13544   0.05651   0.02123   1.50770   0.03267   0.51523  
 51  0.0161   6591.375121  x:  2.80050   4.44246   9.84943   3.73716   2.30967   0.41981   1.47575   1.57518   1.08548   0.37129   0.14272   0.43996   5.19886   0.05747   0.29048   0.11979   0.13529   0.05645   0.02128   1.50712   0.03264   0.54467  
 52  0.0513   6591.374508  x:  2.80239   4.44385   9.85282   3.73743   2.30937   0.41946   1.47471   1.57312   1.08649   0.37193   0.14264   0.43995   5.19617   0.05601   0.29227   0.11978   0.13552   0.05635   0.02140   1.50625   0.03265   0.57609  
 53  0.0222   6591.374053  x:  2.80223   4.44941   9.85379   3.74248   2.30920   0.42026   1.47366   1.57274   1.08796   0.37298   0.14238   0.43993   5.20010   0.05608   0.29247   0.11981   0.13565   0.05633   0.02147   1.50597   0.03263   0.58730  
 54  0.0072   6591.373567  x:  2.80697   4.45905   9.86703   3.74844   2.31090   0.42193   1.47374   1.57554   1.08982   0.37373   0.14213   0.44025   5.21490   0.05465   0.29353   0.11992   0.13542   0.05639   0.02144   1.50652   0.03257   0.62185  
 55  0.0192   6591.373274  x:  2.80981   4.46205   9.87985   3.75255   2.31274   0.42314   1.47640   1.57847   1.09034   0.37399   0.14216   0.44057   5.23142   0.05440   0.29351   0.11992   0.13541   0.05645   0.02134   1.50676   0.03252   0.63785  
 56  0.0126   6591.372970  x:  2.81046   4.46189   9.88187   3.75339   2.31440   0.42231   1.47848   1.57731   1.09012   0.37370   0.14210   0.44056   5.23365   0.05313   0.29486   0.11994   0.13554   0.05642   0.02136   1.50623   0.03252   0.67524  
 57  0.0146   6591.372791  x:  2.80779   4.46120   9.87438   3.75221   2.31589   0.42097   1.47956   1.57572   1.08900   0.37280   0.14211   0.44040   5.22927   0.05285   0.29524   0.11994   0.13553   0.05642   0.02138   1.50608   0.03253   0.69411  
 58  0.0143   6591.372719  x:  2.80900   4.46557   9.87909   3.75433   2.31734   0.42133   1.47970   1.57686   1.08939   0.37291   0.14210   0.44051   5.23448   0.05219   0.29579   0.11996   0.13543   0.05643   0.02137   1.50632   0.03251   0.71721  
 59  0.0187   6591.372646  x:  2.81102   4.46982   9.88691   3.75712   2.31880   0.42197   1.47926   1.57905   1.08991   0.37350   0.14217   0.44061   5.23905   0.05181   0.29610   0.11997   0.13537   0.05644   0.02136   1.50662   0.03248   0.74029  
 60  0.0095   6591.372585  x:  2.81251   4.46931   9.89013   3.75787   2.31964   0.42170   1.48018   1.57947   1.08987   0.37362   0.14214   0.44058   5.23860   0.05118   0.29675   0.11999   0.13544   0.05643   0.02138   1.50638   0.03248   0.76549  
 61  0.0159   6591.372557  x:  2.81308   4.46727   9.89054   3.75773   2.31931   0.42162   1.48069   1.58011   1.08982   0.37362   0.14208   0.44055   5.23584   0.05110   0.29683   0.12000   0.13547   0.05642   0.02138   1.50622   0.03248   0.77280  
 62  0.0058   6591.372544  x:  2.81331   4.46848   9.89275   3.75886   2.31943   0.42196   1.48086   1.58128   1.09017   0.37364   0.14204   0.44064   5.23701   0.05083   0.29706   0.12001   0.13543   0.05643   0.02137   1.50629   0.03247   0.78474  
 63  0.0083   6591.372542  x:  2.81252   4.46837   9.89180   3.75875   2.31907   0.42205   1.48077   1.58129   1.09026   0.37355   0.14203   0.44067   5.23663   0.05093   0.29696   0.12000   0.13543   0.05643   0.02137   1.50631   0.03247   0.78065  
 64  0.0036   6591.372541  x:  2.81227   4.46821   9.89153   3.75868   2.31896   0.42207   1.48082   1.58122   1.09029   0.37351   0.14202   0.44067   5.23641   0.05093   0.29698   0.12000   0.13543   0.05643   0.02137   1.50630   0.03247   0.78025  
 65  0.0005   6591.372541  x:  2.81225   4.46809   9.89142   3.75858   2.31890   0.42211   1.48081   1.58115   1.09028   0.37352   0.14202   0.44067   5.23628   0.05094   0.29696   0.12000   0.13543   0.05643   0.02137   1.50631   0.03247   0.77943  
 66  0.0004   6591.372541  x:  2.81226   4.46805   9.89141   3.75855   2.31889   0.42216   1.48079   1.58113   1.09027   0.37353   0.14202   0.44067   5.23620   0.05095   0.29695   0.12000   0.13543   0.05643   0.02137   1.50631   0.03247   0.77918  
 67  0.0002   6591.372541  x:  2.81226   4.46816   9.89153   3.75864   2.31897   0.42219   1.48081   1.58116   1.09026   0.37353   0.14202   0.44067   5.23627   0.05094   0.29696   0.12000   0.13543   0.05643   0.02137   1.50631   0.03247   0.77972  
 68  0.0002   6591.372541  x:  2.81226   4.46814   9.89152   3.75863   2.31896   0.42218   1.48081   1.58115   1.09027   0.37353   0.14202   0.44067   5.23626   0.05094   0.29696   0.12000   0.13543   0.05643   0.02137   1.50631   0.03247   0.77964  
 69  0.0002   6591.372541  x:  2.81227   4.46814   9.89151   3.75862   2.31896   0.42218   1.48081   1.58115   1.09027   0.37353   0.14202   0.44067   5.23627   0.05094   0.29696   0.12000   0.13543   0.05643   0.02137   1.50631   0.03247   0.77961  
 70  0.0001   6591.372541  x:  2.81228   4.46813   9.89152   3.75862   2.31895   0.42218   1.48081   1.58115   1.09027   0.37353   0.14202   0.44067   5.23627   0.05094   0.29696   0.12000   0.13543   0.05643   0.02137   1.50631   0.03247   0.77957  
 71  0.0000   6591.372541  x:  2.81230   4.46813   9.89155   3.75862   2.31895   0.42217   1.48081   1.58115   1.09028   0.37352   0.14202   0.44067   5.23629   0.05094   0.29696   0.12000   0.13543   0.05643   0.02137   1.50631   0.03247   0.77960  
 72  0.0000   6591.372541  x:  2.81230   4.46813   9.89155   3.75862   2.31895   0.42217   1.48081   1.58115   1.09028   0.37352   0.14202   0.44067   5.23629   0.05094   0.29696   0.12000   0.13543   0.05643   0.02137   1.50631   0.03247   0.77960  
 73  0.0000   6591.372541  x:  2.81230   4.46813   9.89155   3.75862   2.31895   0.42217   1.48081   1.58115   1.09028   0.37352   0.14202   0.44067   5.23629   0.05094   0.29696   0.12000   0.13543   0.05643   0.02137   1.50631   0.03247   0.77960  
 74  0.0020   6591.372541  x:  2.81230   4.46813   9.89155   3.75862   2.31895   0.42217   1.48081   1.58115   1.09028   0.37352   0.14202   0.44067   5.23629   0.05094   0.29696   0.12000   0.13543   0.05643   0.02137   1.50631   0.03247   0.77960  
 75  0.0000   6591.372541  x:  2.81230   4.46813   9.89155   3.75862   2.31895   0.42217   1.48081   1.58115   1.09028   0.37352   0.14202   0.44067   5.23629   0.05094   0.29696   0.12000   0.13543   0.05643   0.02137   1.50631   0.03247   0.77960  
 76  0.0032   6591.372541  x:  2.81230   4.46813   9.89155   3.75862   2.31895   0.42217   1.48081   1.58115   1.09028   0.37352   0.14202   0.44067   5.23629   0.05094   0.29696   0.12000   0.13543   0.05643   0.02137   1.50631   0.03247   0.77960  