

TREE # 1

  0  0.0000   4090.073848  x:  0.41534   1.51871   1.31682   0.13795   1.50990   0.31655   1.12936   0.35745   0.68822   0.69049   1.34856   0.25111   0.14290   0.11007   0.16659   0.00514   0.00180   2.00000   0.20000   0.20000  
  1 99.0000   4089.661609  x:  0.41599   1.51879   1.31682   0.13883   1.50997   0.31680   1.12951   0.35775   0.68787   0.69020   1.34879   0.25103   0.14320   0.10990   0.16657   0.00584   0.00000   1.99969   0.20029   0.19974  
  2 174.8813   4080.313725  x:  0.48450   1.52720   1.31647   0.22992   1.51706   0.34301   1.14472   0.38950   0.65194   0.65968   1.37324   0.24222   0.17386   0.09185   0.16494   0.00067   0.00000   1.96741   0.22417   0.17278  
  3 452.0804   4064.745221  x:  0.61956   1.54169   1.31270   0.40295   1.52879   0.39136   1.17416   0.44975   0.57338   0.59281   1.42206   0.21903   0.23003   0.06593   0.15868   0.00106   0.00000   1.90255   0.15630   0.11477  
  4 601.5003   4059.659633  x:  0.70494   1.54851   1.29989   0.45421   1.53568   0.40674   1.20928   0.48183   0.49959   0.53338   1.46428   0.16027   0.22537   0.20883   0.17079   0.00088   0.00000   1.83136   0.14770   0.04529  
  5 90.0839   4058.135205  x:  0.71883   1.54823   1.29381   0.44598   1.53609   0.40422   1.21911   0.48439   0.48320   0.52156   1.47479   0.14788   0.22202   0.21486   0.15284   0.00097   0.00000   1.81044   0.14887   0.01094  
  6 67.2541   4056.332684  x:  0.75749   1.54572   1.27280   0.41018   1.53657   0.39281   1.24942   0.48877   0.43900   0.49180   1.50749   0.12798   0.22614   0.21836   0.10302   0.00130   0.00000   1.74321   0.15214   0.02652  
  7 49.3971   4053.347199  x:  0.83717   1.53543   1.21820   0.31066   1.53679   0.36003   1.31756   0.49067   0.37395   0.45884   1.58439   0.15272   0.28353   0.20671   0.13081   0.00174   0.00000   1.58372   0.15296   0.02351  
  8 59.3261   4050.697345  x:  0.95109   1.51925   1.14730   0.26006   1.54322   0.33967   1.38633   0.49927   0.42223   0.52641   1.68725   0.12353   0.24397   0.18305   0.16160   0.00221   0.00000   1.40446   0.14572   0.02856  
  9 37.0023   4049.891848  x:  0.99756   1.50554   1.11190   0.26340   1.55037   0.33552   1.40014   0.49140   0.44950   0.54880   1.74034   0.19202   0.22413   0.20382   0.13476   0.00251   0.00000   1.37203   0.14321   0.02464  
 10 17.4989   4048.936642  x:  1.05021   1.48090   1.06392   0.27098   1.56298   0.32900   1.39573   0.46566   0.43982   0.52256   1.81613   0.23255   0.14694   0.18834   0.15756   0.00291   0.00000   1.40221   0.14750   0.02856  
 11 11.9482   4047.202256  x:  1.15035   1.43758   0.99156   0.27213   1.59662   0.33254   1.34978   0.45067   0.48915   0.52632   1.97345   0.17918   0.22134   0.19447   0.15947   0.00417   0.00000   1.55962   0.15442   0.02739  
 12  8.7207   4045.117219  x:  1.10280   1.53531   1.18654   0.31601   1.66747   0.43764   1.35227   0.61385   0.46369   0.58594   2.00350   0.18968   0.21515   0.18802   0.17289   0.00637   0.00000   1.60872   0.15181   0.02824  
 13  4.4387   4043.711907  x:  1.06549   1.63197   1.32440   0.45756   1.69230   0.36153   1.39634   0.48907   0.48927   0.57580   1.92400   0.16840   0.24176   0.18826   0.17643   0.00763   0.00000   1.56801   0.15315   0.02685  
 14  6.8956   4042.857258  x:  1.02050   1.61838   1.20868   0.55074   1.71413   0.36034   1.54155   0.51514   0.52906   0.52916   1.75503   0.15656   0.25575   0.18274   0.17766   0.00829   0.00000   1.56218   0.15412   0.02569  
 15  4.0904   4042.254458  x:  1.07270   1.62440   1.12522   0.58487   1.70449   0.39467   1.53419   0.48469   0.43880   0.61904   1.66294   0.15108   0.26148   0.17638   0.17496   0.00858   0.00000   1.55471   0.15546   0.02401  
 16  2.7159   4040.456305  x:  1.29508   1.69339   1.06811   0.58686   1.60892   0.46662   1.38619   0.52414   0.49382   0.52429   1.62860   0.15186   0.25907   0.14069   0.16891   0.00920   0.00000   1.47183   0.15300   0.01930  
 17  2.4126   4038.901075  x:  1.42509   1.67588   1.13858   0.63239   1.57784   0.35703   1.52635   0.59831   0.46265   0.54897   1.80454   0.14654   0.26153   0.10520   0.16249   0.00953   0.00000   1.52001   0.14421   0.01602  
 18  4.4257   4038.428168  x:  1.41845   1.63573   1.16989   0.64671   1.69035   0.43193   1.58377   0.54585   0.46165   0.54077   1.89926   0.13362   0.27433   0.09425   0.15978   0.00965   0.00000   1.50714   0.13825   0.01501  
 19  4.5228   4038.190255  x:  1.40975   1.66961   1.14979   0.68723   1.81875   0.36262   1.54757   0.58454   0.45539   0.54696   1.93982   0.13307   0.28021   0.10202   0.15577   0.00987   0.00000   1.49334   0.13507   0.01529  
 20  0.6170   4037.677364  x:  1.50306   1.74094   1.21133   0.72826   1.82335   0.42235   1.66469   0.55548   0.47806   0.55430   1.99949   0.14182   0.28980   0.12486   0.14773   0.01063   0.00000   1.54640   0.12699   0.01774  
 21  0.8683   4037.557207  x:  1.47714   1.66192   1.23040   0.77433   1.77327   0.43140   1.65145   0.55955   0.47132   0.55790   2.02790   0.13712   0.29702   0.13069   0.14644   0.01084   0.00000   1.51828   0.12822   0.01831  
 22  1.0920   4037.315300  x:  1.62230   1.64546   1.29663   0.82934   1.85671   0.41093   1.67783   0.58725   0.48677   0.56013   1.98390   0.14249   0.29475   0.12271   0.15405   0.01172   0.00000   1.53320   0.12591   0.02442  
 23  0.2514   4037.181761  x:  1.61216   1.76543   1.25292   0.89192   1.84649   0.42878   1.70240   0.59130   0.48605   0.56512   2.04299   0.13663   0.30059   0.11742   0.15830   0.01218   0.00000   1.53265   0.12408   0.02723  
 24  0.9223   4037.102430  x:  1.66962   1.76797   1.28624   0.94743   1.86872   0.44606   1.74573   0.60147   0.48586   0.56606   2.05473   0.13047   0.30382   0.11687   0.15488   0.01222   0.00000   1.52553   0.11974   0.02224  
 25  0.0633   4037.069427  x:  1.67656   1.77717   1.29261   0.95748   1.87828   0.45729   1.76261   0.60110   0.48551   0.56728   2.05796   0.13128   0.29979   0.11926   0.15570   0.01168   0.00000   1.53016   0.12056   0.01955  
 26  0.0171   4036.986281  x:  1.66715   1.81016   1.30370   0.98459   1.90106   0.46744   1.78247   0.61280   0.48724   0.57216   2.07976   0.13569   0.28932   0.11751   0.16539   0.00926   0.00000   1.53280   0.11815   0.02291  
 27  0.0187   4036.928193  x:  1.67595   1.80091   1.31004   0.98501   1.89883   0.45963   1.77883   0.61576   0.48946   0.57151   2.07305   0.13622   0.29472   0.11784   0.15856   0.00704   0.00000   1.52988   0.11807   0.02214  
 28  0.0121   4036.920708  x:  1.67927   1.79023   1.30401   0.98098   1.88900   0.45443   1.76831   0.61045   0.48948   0.57000   2.06378   0.13211   0.30201   0.11779   0.15670   0.00740   0.00000   1.53102   0.11886   0.02207  
 29  0.0237   4036.919665  x:  1.67963   1.78998   1.30148   0.98334   1.88773   0.45479   1.76655   0.60825   0.48927   0.56972   2.06206   0.13050   0.30381   0.11775   0.15772   0.00721   0.00000   1.53270   0.11898   0.02206  
 30  0.0048   4036.919609  x:  1.67983   1.79047   1.30061   0.98412   1.88792   0.45508   1.76624   0.60784   0.48915   0.56962   2.06190   0.13070   0.30360   0.11775   0.15791   0.00725   0.00000   1.53289   0.11897   0.02198  
 31  0.0013   4036.919603  x:  1.67964   1.79028   1.30029   0.98428   1.88781   0.45490   1.76578   0.60766   0.48914   0.56958   2.06155   0.13085   0.30347   0.11776   0.15784   0.00724   0.00000   1.53287   0.11900   0.02197  
 32  0.0006   4036.919602  x:  1.67946   1.79017   1.30033   0.98439   1.88776   0.45485   1.76573   0.60761   0.48916   0.56959   2.06145   0.13082   0.30346   0.11776   0.15784   0.00724   0.00000   1.53288   0.11900   0.02198  
 33  0.0002   4036.919602  x:  1.67943   1.79020   1.30034   0.98442   1.88776   0.45486   1.76575   0.60761   0.48916   0.56959   2.06143   0.13081   0.30346   0.11776   0.15784   0.00724   0.00000   1.53290   0.11900   0.02198  
 34  0.0000   4036.919602  x:  1.67942   1.79019   1.30034   0.98442   1.88776   0.45486   1.76574   0.60761   0.48916   0.56959   2.06143   0.13081   0.30346   0.11776   0.15784   0.00724   0.00000   1.53290   0.11900   0.02198  
 35  0.0000   4036.919602  x:  1.67942   1.79019   1.30034   0.98442   1.88776   0.45486   1.76574   0.60761   0.48916   0.56959   2.06143   0.13081   0.30346   0.11776   0.15784   0.00724   0.00000   1.53290   0.11900   0.02198  
 36  0.0000   4036.919602  x:  1.67942   1.79019   1.30034   0.98442   1.88776   0.45486   1.76574   0.60761   0.48916   0.56959   2.06143   0.13081   0.30346   0.11776   0.15784   0.00724   0.00000   1.53290   0.11900   0.02198  
 37  0.0000   4036.919602  x:  1.67942   1.79019   1.30034   0.98442   1.88776   0.45486   1.76574   0.60761   0.48916   0.56959   2.06143   0.13081   0.30346   0.11776   0.15784   0.00724   0.00000   1.53290   0.11900   0.02198  