

TREE # 1

  0  0.0000   3575.517043  x:  0.23064   0.32220   0.35267   0.09142   0.40833   0.26926   0.33992   0.05341   0.20821   0.16163   0.59693   0.05811   0.06378   0.02911   0.07014   0.00000   0.09102   2.00000   0.20000   0.20000   0.20000  
  1 99.0000   3564.488297  x:  0.23220   0.32302   0.35380   0.09316   0.40854   0.26945   0.34014   0.05439   0.20875   0.16211   0.59767   0.05791   0.06372   0.02984   0.07020   0.03564   0.09071   1.99974   0.19942   0.19993   0.19953  
  2 5579.5211   3450.069729  x:  0.47092   0.44981   0.52791   0.35772   0.44037   0.29876   0.37367   0.20270   0.29253   0.23461   0.71142   0.02554   0.05495   0.12448   0.02779   0.03591   0.00000   1.95976   0.11125   0.18920   0.13244  
  3 514.7458   3431.890460  x:  0.54751   0.49053   0.58384   0.44250   0.45062   0.30815   0.38443   0.25017   0.31940   0.25783   0.74800   0.01527   0.05229   0.15461   0.01474   0.03572   0.00485   1.94687   0.08398   0.18576   0.11075  
  4 11481.5865   3388.297503  x:  0.67171   0.55854   0.67820   0.57536   0.46946   0.32361   0.40203   0.32098   0.36204   0.29277   0.81230   0.01187   0.06233   0.18831   0.02642   0.03523   0.00747   1.92159   0.16490   0.18034   0.06687  
  5 1822.6095   3371.357823  x:  0.71564   0.58616   0.72182   0.60714   0.47758   0.32333   0.40153   0.31969   0.36783   0.28869   0.85006   0.04841   0.10609   0.14508   0.09123   0.03464   0.00719   1.90046   0.14955   0.17928   0.00889  
  6 308.6767   3358.681903  x:  0.77526   0.62695   0.79228   0.63336   0.49196   0.31774   0.39511   0.28890   0.36616   0.26539   0.91944   0.03587   0.13279   0.03419   0.14004   0.03456   0.00685   1.85509   0.13608   0.17597   0.06153  
  7 226.5496   3355.111437  x:  0.78852   0.63737   0.81396   0.62934   0.49736   0.31351   0.39109   0.26615   0.36141   0.25115   0.94539   0.01370   0.12776   0.01326   0.13692   0.03465   0.00676   1.83474   0.13611   0.17470   0.04741  
  8 170.0833   3351.503355  x:  0.80179   0.64872   0.83887   0.62028   0.50360   0.30760   0.38552   0.23545   0.35438   0.23240   0.97650   0.00000   0.12993   0.01860   0.14141   0.03460   0.00666   1.80958   0.13482   0.17405   0.04472  
  9 299.8869   3339.749746  x:  0.86160   0.69888   0.95036   0.57919   0.53237   0.28120   0.36169   0.09854   0.32414   0.14966   1.11725   0.00766   0.11260   0.03001   0.11954   0.03481   0.00651   1.69441   0.13334   0.16982   0.03465  
 10 898.0436   3323.870207  x:  0.88143   0.72745   1.13413   0.29798   0.60458   0.19933   0.43083   0.09942   0.37141   0.25022   1.45020   0.00695   0.15882   0.03182   0.06136   0.03547   0.00620   1.34348   0.12302   0.18398   0.02455  
 11 84.8540   3320.889137  x:  0.88184   0.71664   1.15924   0.24863   0.62323   0.19055   0.44359   0.13549   0.36525   0.24339   1.52661   0.00922   0.10121   0.03652   0.09664   0.03511   0.00587   1.25827   0.11712   0.18883   0.02340  
 12 89.7172   3319.143216  x:  0.87490   0.66376   1.13800   0.26497   0.64200   0.20545   0.43738   0.18057   0.33798   0.19864   1.59761   0.00874   0.12153   0.03550   0.08216   0.03524   0.00599   1.17768   0.11715   0.20048   0.02236  
 13 30.6115   3317.358134  x:  0.87158   0.57068   1.08295   0.32472   0.65631   0.21868   0.40261   0.15729   0.36918   0.22265   1.69179   0.00860   0.11345   0.03518   0.08938   0.03514   0.00594   1.09087   0.11487   0.22357   0.02233  
 14 28.8501   3314.699225  x:  0.95594   0.51536   1.02968   0.35476   0.61086   0.12465   0.45800   0.15964   0.34535   0.22723   1.86278   0.00899   0.10661   0.03577   0.08656   0.03513   0.00585   1.17959   0.11353   0.30953   0.02007  
 15  6.9126   3307.709044  x:  1.15088   0.56668   0.98463   0.33163   0.68403   0.36704   0.49591   0.17370   0.38698   0.22580   2.23026   0.01055   0.08803   0.03760   0.07327   0.03517   0.00524   1.44531   0.09711   0.61717   0.01229  
 16 18.5636   3298.074916  x:  1.20253   0.77975   1.08652   0.43465   0.59895   0.32698   0.32416   0.25844   0.44272   0.21288   2.29324   0.01237   0.07329   0.03901   0.05270   0.03520   0.00478   1.42779   0.08620   0.94414   0.00326  
 17 17.2263   3289.489355  x:  1.29479   0.91434   1.21151   0.62517   0.64547   0.31000   0.57809   0.20304   0.44277   0.20628   2.16150   0.01359   0.05375   0.03964   0.05546   0.03500   0.00414   1.25990   0.06609   1.22070   0.00242  
 18 24.2740   3283.608782  x:  1.60368   0.86654   1.32268   0.62056   0.76903   0.23291   0.49330   0.24753   0.48596   0.18894   2.03342   0.01348   0.06474   0.04147   0.04965   0.03493   0.00379   1.21226   0.05533   1.32843   0.01048  
 19 12.7136   3282.565503  x:  1.66134   0.82779   1.38103   0.62515   0.73346   0.26660   0.46594   0.24304   0.37723   0.26120   1.99966   0.01389   0.06185   0.04257   0.04933   0.03490   0.00382   1.19530   0.05587   1.35768   0.01072  
 20  7.3270   3279.735101  x:  1.77993   0.67064   1.57681   0.62433   0.54881   0.33484   0.49666   0.24739   0.44228   0.21493   1.89234   0.01337   0.06774   0.04318   0.04164   0.03492   0.00398   1.16443   0.06017   1.45754   0.01176  
 21  5.7280   3273.370612  x:  1.73716   0.66812   1.81376   0.81681   0.93101   0.13142   0.48624   0.27153   0.44458   0.22237   1.79348   0.01325   0.07677   0.04795   0.03212   0.03483   0.00447   1.22615   0.06736   1.64038   0.01436  
 22  5.2423   3269.607945  x:  1.65008   1.04724   1.62934   0.95585   0.76292   0.18399   0.53627   0.27362   0.42766   0.25000   1.98770   0.01278   0.09116   0.05504   0.04231   0.03461   0.00468   1.17531   0.06817   1.49308   0.02042  
 23  5.2693   3263.632002  x:  1.74660   0.77328   2.17008   1.11552   0.83013   0.19017   0.50340   0.31910   0.44695   0.27262   2.25560   0.01029   0.14212   0.07275   0.06983   0.03409   0.00476   1.28998   0.05743   0.89271   0.01680  
 24  1.6931   3260.077023  x:  2.35001   0.79257   2.05442   1.04353   0.94656   0.14184   0.46121   0.32664   0.46019   0.25865   2.21211   0.00619   0.16995   0.07596   0.07483   0.03389   0.00501   1.09399   0.05292   0.89607   0.01243  
 25  4.9831   3248.907864  x:  2.85239   1.02185   2.59537   1.37684   0.94724   0.22456   0.43565   0.37707   0.54192   0.19288   3.12992   0.00105   0.14090   0.07361   0.04435   0.03375   0.00592   1.09466   0.03662   3.05978   0.02098  
 26  2.7328   3243.070864  x:  3.11732   1.13847   2.85987   1.55310   0.99910   0.23578   0.41104   0.40026   0.58630   0.15025   3.50409   0.00491   0.08746   0.06794   0.04361   0.03356   0.00692   1.13877   0.04023   4.54014   0.02886  
 27  2.5059   3236.502275  x:  4.07244   1.34519   3.53420   1.99796   1.30541   0.22903   0.52389   0.41555   0.58924   0.17930   4.27717   0.00699   0.09974   0.06770   0.05462   0.03279   0.00917   1.10555   0.02779   6.64584   0.03295  
 28  1.4198   3232.952909  x:  4.82143   1.49443   3.94611   2.27455   1.54425   0.21780   0.60158   0.40407   0.56604   0.20852   4.80223   0.00200   0.12497   0.06052   0.05674   0.03231   0.01139   1.12304   0.02835   8.37225   0.03543  
 29  1.8902   3230.683880  x:  5.69627   1.70840   4.52460   2.64634   1.79065   0.22006   0.65379   0.42700   0.58661   0.21633   5.57513   0.00253   0.11813   0.05556   0.04854   0.03176   0.01378   1.14073   0.02216  10.71767   0.03938  
 30  3.0138   3228.725047  x:  6.86264   1.96749   5.25217   3.10082   2.09552   0.21115   0.67613   0.47726   0.63773   0.21767   6.56624   0.00671   0.08604   0.05501   0.04420   0.03089   0.01741   1.19432   0.02028  13.68274   0.04218  
 31  1.3955   3227.819538  x:  7.74933   2.14044   5.74291   3.41404   2.32247   0.20142   0.70584   0.51038   0.66206   0.22169   7.20993   0.00659   0.10417   0.05827   0.04889   0.03017   0.01999   1.17324   0.01741  15.35262   0.04124  
 32  1.7477   3227.260476  x:  8.09695   2.19337   5.88629   3.49896   2.38912   0.20035   0.70516   0.52743   0.67119   0.21756   7.41658   0.00600   0.11892   0.06152   0.05063   0.02987   0.02114   1.14937   0.01786  15.80825   0.03794  
 33  0.8929   3226.322938  x:  9.63694   2.50425   6.73078   4.00335   2.71929   0.21895   0.73351   0.59212   0.72219   0.19182   8.59974   0.00416   0.11561   0.06218   0.04577   0.02871   0.02594   1.10929   0.01459  19.18878   0.03288  
 34  2.1343   3225.638481  x: 10.41453   2.65393   7.16199   4.22576   2.83493   0.25751   0.73003   0.63734   0.74422   0.16676   9.21841   0.00322   0.10154   0.06195   0.04649   0.02809   0.02873   1.11617   0.01444  20.95082   0.02453  
 35  1.1311   3225.347056  x: 11.20692   2.82924   7.62902   4.49811   2.98160   0.28690   0.75132   0.67833   0.75208   0.17001   9.86276   0.00484   0.10066   0.06307   0.04630   0.02748   0.03148   1.13013   0.01316  22.69046   0.01875  
 36  1.9088   3225.225135  x: 10.98803   2.81796   7.53940   4.44919   2.90685   0.30283   0.76235   0.67247   0.72460   0.18966   9.73416   0.00639   0.10559   0.06253   0.04677   0.02768   0.03107   1.14580   0.01367  22.27186   0.01734  
 37  0.4013   3225.055670  x: 10.65599   2.86535   7.47427   4.43699   2.76923   0.33544   0.80461   0.66098   0.68051   0.21771   9.61106   0.00661   0.10647   0.05856   0.05173   0.02804   0.03070   1.14311   0.01353  21.94817   0.01676  
 38  0.1610   3224.922550  x: 10.10539   2.87932   7.27302   4.34279   2.57442   0.35934   0.82636   0.64966   0.66135   0.22319   9.34348   0.00559   0.10262   0.05813   0.04614   0.02861   0.02966   1.13083   0.01403  21.13812   0.01707  
 39  0.4564   3224.838737  x: 10.03617   2.94635   7.32157   4.38528   2.51797   0.36409   0.82794   0.66890   0.68620   0.20871   9.39339   0.00484   0.10154   0.06243   0.04926   0.02870   0.03000   1.13125   0.01405  21.06740   0.01552  
 40  0.0778   3224.785009  x:  9.78895   2.97382   7.26720   4.37578   2.45793   0.35252   0.82371   0.67588   0.70380   0.20299   9.29905   0.00533   0.10459   0.06416   0.04890   0.02893   0.02965   1.14179   0.01417  20.69381   0.01729  
 41  0.2726   3224.747330  x:  9.97602   3.07460   7.43890   4.48777   2.49506   0.34919   0.81966   0.69969   0.72150   0.19439   9.52283   0.00585   0.10560   0.06290   0.04662   0.02884   0.03074   1.14436   0.01382  21.34788   0.01585  
 42  0.4292   3224.715005  x:  9.88482   3.12972   7.47848   4.52438   2.48703   0.33387   0.80789   0.70958   0.72770   0.18900   9.53911   0.00575   0.10315   0.05954   0.04861   0.02895   0.03104   1.13700   0.01380  21.51782   0.01660  
 43  0.1028   3224.689587  x:  9.93986   3.17654   7.56697   4.58131   2.54749   0.31451   0.79386   0.71790   0.71606   0.19791   9.62207   0.00534   0.10696   0.05960   0.04815   0.02893   0.03167   1.13169   0.01372  21.78552   0.01682  
 44  0.0823   3224.667655  x:  9.92043   3.23904   7.66339   4.64409   2.57438   0.31204   0.79510   0.72560   0.70055   0.20901   9.70592   0.00547   0.10380   0.06133   0.04813   0.02898   0.03232   1.14065   0.01359  21.99258   0.01671  
 45  0.0927   3224.639423  x:  9.89846   3.26722   7.74426   4.67879   2.66787   0.30334   0.80495   0.71889   0.70885   0.19473   9.73445   0.00539   0.10367   0.06186   0.04726   0.02901   0.03315   1.12793   0.01343  22.22149   0.01749  
 46  0.0335   3224.620134  x:  9.72415   3.26279   7.71318   4.64782   2.65133   0.32210   0.82549   0.70680   0.70426   0.19384   9.64660   0.00574   0.10453   0.06162   0.04830   0.02916   0.03326   1.13458   0.01360  22.01760   0.01671  
 47  0.1422   3224.605798  x:  9.69361   3.25847   7.72923   4.63326   2.68194   0.33179   0.82061   0.70176   0.71742   0.19232   9.63804   0.00542   0.10438   0.06079   0.04758   0.02917   0.03368   1.14614   0.01360  22.07439   0.01653  
 48  0.0180   3224.589864  x:  9.48493   3.20953   7.61904   4.54199   2.65915   0.33791   0.80010   0.69003   0.71445   0.20418   9.46331   0.00525   0.10441   0.06081   0.04842   0.02928   0.03352   1.13597   0.01384  21.64193   0.01691  
 49  0.1505   3224.578956  x:  9.43852   3.18160   7.56128   4.48723   2.63023   0.34992   0.79014   0.68852   0.71871   0.20362   9.39790   0.00586   0.10404   0.06131   0.04786   0.02926   0.03358   1.12975   0.01388  21.46460   0.01619  
 50  0.0756   3224.537243  x:  9.17089   3.12090   7.40340   4.32733   2.57398   0.35208   0.75049   0.68561   0.71193   0.18853   9.17471   0.00552   0.10370   0.06201   0.04671   0.02922   0.03420   1.13241   0.01424  20.95846   0.01639  
 51  0.0826   3224.515834  x:  9.02697   3.03312   7.23424   4.16868   2.51481   0.35345   0.72302   0.67674   0.69331   0.18793   8.97176   0.00551   0.10481   0.06124   0.04829   0.02905   0.03449   1.13923   0.01460  20.49765   0.01636  
 52  0.3500   3224.450708  x:  9.05784   3.01325   7.15284   4.08774   2.45584   0.33023   0.77122   0.65552   0.68345   0.20377   8.90852   0.00582   0.10622   0.05965   0.04969   0.02859   0.03601   1.14685   0.01491  20.48629   0.01661  
 53  0.0201   3224.393479  x:  8.78046   2.92072   6.91163   3.82027   2.37067   0.31734   0.74979   0.63351   0.69519   0.19967   8.59320   0.00562   0.10458   0.06104   0.04792   0.02812   0.03849   1.13735   0.01534  19.90097   0.01701  
 54  0.4551   3224.383557  x:  8.95349   2.98080   7.04364   3.90039   2.42859   0.30064   0.75466   0.64394   0.69720   0.19685   8.75640   0.00549   0.10405   0.06144   0.04755   0.02795   0.03962   1.13590   0.01509  20.40493   0.01684  
 55  0.6084   3224.380734  x:  8.96212   2.98798   7.05815   3.90480   2.42691   0.30165   0.76170   0.64292   0.69380   0.19891   8.77195   0.00547   0.10434   0.06124   0.04782   0.02791   0.04008   1.13662   0.01501  20.47828   0.01667  
 56  0.0456   3224.377547  x:  9.05111   2.97763   7.08971   3.94221   2.44086   0.30343   0.76134   0.64656   0.70050   0.19910   8.83016   0.00558   0.10436   0.06119   0.04802   0.02795   0.04008   1.13623   0.01489  20.60881   0.01686  
 57  0.0388   3224.362271  x:  8.93352   2.91492   7.08584   4.00665   2.39326   0.32431   0.76129   0.65418   0.69596   0.19698   8.83886   0.00548   0.10416   0.06138   0.04719   0.02856   0.04106   1.13434   0.01497  20.58730   0.01738  
 58  0.0199   3224.358367  x:  8.93160   2.87955   7.05673   3.96890   2.40451   0.32377   0.75690   0.64829   0.69512   0.19831   8.79911   0.00547   0.10447   0.06118   0.04787   0.02848   0.04168   1.13557   0.01505  20.55547   0.01704  
 59  0.0565   3224.354113  x:  8.81766   2.85284   6.98733   3.95910   2.37530   0.30950   0.75225   0.64979   0.69490   0.19889   8.72550   0.00553   0.10453   0.06118   0.04800   0.02864   0.04210   1.13384   0.01519  20.36781   0.01664  
 60  0.0403   3224.349924  x:  8.75307   2.81885   6.93077   3.97042   2.39543   0.29653   0.75377   0.64464   0.69384   0.19757   8.66259   0.00551   0.10424   0.06121   0.04766   0.02883   0.04162   1.13443   0.01528  20.18957   0.01670  
 61  0.1034   3224.349160  x:  8.79315   2.83057   6.92602   3.97900   2.39744   0.29518   0.75238   0.64543   0.69296   0.19897   8.67387   0.00551   0.10428   0.06110   0.04776   0.02875   0.04125   1.13528   0.01525  20.20179   0.01670  
 62  0.0173   3224.345228  x:  8.75915   2.86633   6.86520   4.00876   2.39351   0.30337   0.75105   0.64137   0.69408   0.19795   8.63751   0.00551   0.10432   0.06113   0.04793   0.02861   0.04166   1.13490   0.01526  20.18767   0.01667  
 63  0.0116   3224.344836  x:  8.75790   2.86521   6.83953   4.00439   2.38866   0.30200   0.74964   0.63990   0.69301   0.19786   8.61988   0.00551   0.10426   0.06121   0.04775   0.02854   0.04187   1.13477   0.01530  20.17068   0.01673  
 64  0.0334   3224.344766  x:  8.75630   2.86691   6.84448   4.00446   2.38998   0.30152   0.74958   0.63946   0.69273   0.19835   8.61712   0.00552   0.10425   0.06118   0.04772   0.02850   0.04187   1.13516   0.01531  20.17559   0.01675  
 65  0.0020   3224.344466  x:  8.74094   2.84932   6.84463   4.00491   2.38100   0.30145   0.74815   0.63710   0.69252   0.19779   8.57700   0.00552   0.10428   0.06117   0.04775   0.02833   0.04183   1.13527   0.01534  20.13048   0.01673  
 66  0.0082   3224.344413  x:  8.75433   2.85713   6.85388   4.01382   2.38570   0.30168   0.74880   0.63817   0.69280   0.19800   8.59466   0.00551   0.10426   0.06121   0.04774   0.02835   0.04187   1.13494   0.01531  20.16975   0.01673  
 67  0.0411   3224.344413  x:  8.75390   2.85662   6.85369   4.01367   2.38547   0.30162   0.74878   0.63809   0.69278   0.19799   8.59348   0.00551   0.10426   0.06121   0.04774   0.02835   0.04187   1.13498   0.01531  20.16837   0.01673  
 68  0.0023   3224.344413  x:  8.75382   2.85638   6.85370   4.01367   2.38538   0.30159   0.74878   0.63806   0.69278   0.19799   8.59289   0.00551   0.10426   0.06121   0.04774   0.02835   0.04187   1.13500   0.01531  20.16800   0.01673  
 69  0.0005   3224.344412  x:  8.75401   2.85609   6.85386   4.01374   2.38526   0.30156   0.74878   0.63803   0.69277   0.19798   8.59166   0.00551   0.10426   0.06120   0.04774   0.02835   0.04187   1.13503   0.01531  20.16782   0.01673  
 70  0.0003   3224.344411  x:  8.75486   2.85669   6.85415   4.01390   2.38543   0.30163   0.74881   0.63815   0.69278   0.19799   8.59173   0.00551   0.10426   0.06121   0.04773   0.02837   0.04187   1.13500   0.01531  20.16925   0.01673  
 71  0.0006   3224.344411  x:  8.75476   2.85671   6.85408   4.01387   2.38544   0.30164   0.74880   0.63814   0.69279   0.19799   8.59200   0.00551   0.10426   0.06121   0.04773   0.02837   0.04187   1.13500   0.01531  20.16918   0.01673  
 72  0.0003   3224.344411  x:  8.75476   2.85671   6.85408   4.01387   2.38544   0.30164   0.74880   0.63814   0.69279   0.19799   8.59199   0.00551   0.10426   0.06121   0.04773   0.02837   0.04187   1.13500   0.01531  20.16919   0.01673  
 73  0.0000   3224.344411  x:  8.75476   2.85671   6.85409   4.01387   2.38544   0.30164   0.74880   0.63814   0.69279   0.19799   8.59198   0.00551   0.10426   0.06121   0.04773   0.02837   0.04187   1.13500   0.01531  20.16920   0.01673  
 74  0.0000   3224.344411  x:  8.75477   2.85671   6.85409   4.01387   2.38544   0.30164   0.74880   0.63814   0.69279   0.19799   8.59198   0.00551   0.10426   0.06121   0.04773   0.02837   0.04187   1.13500   0.01531  20.16921   0.01673  
 75  0.0000   3224.344411  x:  8.75477   2.85671   6.85409   4.01387   2.38544   0.30164   0.74880   0.63814   0.69279   0.19799   8.59197   0.00551   0.10426   0.06121   0.04773   0.02837   0.04187   1.13500   0.01531  20.16922   0.01673  
 76  0.0001   3224.344411  x:  8.75477   2.85671   6.85409   4.01387   2.38544   0.30164   0.74880   0.63814   0.69279   0.19799   8.59197   0.00551   0.10426   0.06121   0.04773   0.02837   0.04187   1.13500   0.01531  20.16922   0.01673  
 77  0.0001   3224.344411  x:  8.75477   2.85671   6.85409   4.01387   2.38544   0.30164   0.74880   0.63814   0.69279   0.19799   8.59197   0.00551   0.10426   0.06121   0.04774   0.02837   0.04187   1.13500   0.01531  20.16922   0.01673  
 78  0.0025   3224.344411  x:  8.75477   2.85671   6.85409   4.01387   2.38544   0.30164   0.74880   0.63814   0.69279   0.19799   8.59197   0.00551   0.10426   0.06121   0.04774   0.02837   0.04187   1.13500   0.01531  20.16922   0.01673  
 79  0.0496   3224.344411  x:  8.75477   2.85671   6.85409   4.01387   2.38544   0.30164   0.74880   0.63814   0.69279   0.19799   8.59197   0.00551   0.10426   0.06121   0.04774   0.02837   0.04187   1.13500   0.01531  20.16922   0.01673  
check convergence!
