

TREE # 1

  0  0.0000   9248.529425  x:  0.00000   0.15832   0.16942   0.06416   0.17411   0.08017   0.08631   0.07614   0.10376   0.12093   0.09480   0.03834   0.07268   0.09007   0.09571   0.09721   0.02078   2.00000   0.20000   0.20000  
  1 99.0000   8083.623570  x:  6.55782   0.60127   0.68869   0.61156   0.45334   0.33585   0.56220   0.46103   0.43064   0.35924   0.70286   0.26132   0.13823   0.16738   0.10975   0.07404   0.04704   1.96768   0.13359   0.17607  
  2 18397.9582   7966.743830  x:  6.56479   0.60486   0.69376   0.61301   0.45512   0.33625   0.56450   0.46153   0.43184   0.36007   0.70438   0.25704   0.13516   0.16748   0.10808   0.07345   0.04438   1.96696   0.06047   0.17228  
  3 2171.4298   7910.109213  x:  6.53718   0.69067   0.81790   0.65658   0.51233   0.35984   0.62627   0.48931   0.46811   0.38953   0.74742   0.15107   0.09214   0.18429   0.08635   0.07501   0.00000   1.92464   0.05344   0.09083  
  4 332.3180   7879.646409  x:  6.51390   0.76110   0.92002   0.69254   0.55917   0.37882   0.67702   0.51197   0.49755   0.41327   0.78296   0.06791   0.05999   0.19814   0.07320   0.08383   0.02168   1.88954   0.04694   0.02296  
  5 3764.7450   7867.335521  x:  6.49936   0.79747   0.97390   0.71116   0.58182   0.38537   0.70269   0.52163   0.51008   0.42216   0.80148   0.08262   0.08743   0.20197   0.08398   0.08002   0.02333   1.87008   0.04310   0.00010  
  6 423.9105   7853.662364  x:  6.47166   0.86796   1.07835   0.74710   0.62561   0.39792   0.75230   0.54017   0.53434   0.43936   0.83719   0.10069   0.13193   0.20901   0.10049   0.07403   0.02778   1.83268   0.03571   0.01250  
  7 1962.6729   7843.922904  x:  6.46066   0.92985   1.17589   0.75492   0.63244   0.36118   0.77641   0.51280   0.52058   0.41346   0.84699   0.16136   0.09413   0.15405   0.05070   0.06546   0.03424   1.81505   0.03592   0.01373  
  8 130.1604   7833.904587  x:  6.45233   0.99947   1.28875   0.75601   0.63016   0.30184   0.79765   0.46693   0.49574   0.37276   0.85118   0.22703   0.01420   0.13880   0.08564   0.07471   0.03297   1.79961   0.03662   0.01571  
  9 256.1238   7830.094798  x:  6.45312   1.03707   1.35773   0.74539   0.61538   0.23844   0.80063   0.41849   0.47612   0.34191   0.84382   0.23542   0.01766   0.19510   0.06585   0.06953   0.03530   1.79711   0.03773   0.01614  
 10 92.0281   7828.801856  x:  6.45545   1.04622   1.38516   0.73707   0.60787   0.20295   0.79835   0.39619   0.47758   0.34067   0.83763   0.21766   0.03901   0.18032   0.07364   0.08435   0.03303   1.79716   0.03828   0.01597  
 11 46.5851   7828.036850  x:  6.45622   1.04676   1.39815   0.73229   0.60627   0.18502   0.79682   0.38820   0.48352   0.34644   0.83420   0.20896   0.04439   0.17233   0.08148   0.06692   0.03514   1.79617   0.03873   0.01594  
 12 50.9518   7822.226829  x:  6.44892   0.98975   1.48048   0.70215   0.64741   0.09408   0.79153   0.40437   0.58065   0.45539   0.81673   0.24069   0.02525   0.18847   0.07131   0.07778   0.03574   1.76476   0.03958   0.01690  
 13 24.0347   7767.727164  x:  6.38134   0.29951   2.25623   0.63625   1.30411   0.08313   0.89431   0.71635   0.54553   0.35407   0.88919   0.24676   0.06854   0.19564   0.09572   0.07276   0.04283   1.41617   0.04601   0.01882  
 14 39.1939   7735.737628  x:  6.25148   0.32076   2.34094   1.37753   0.94888   0.09922   0.81609   0.74753   0.68191   0.35053   1.63204   0.27057   0.05457   0.21219   0.09576   0.07723   0.04373   1.27164   0.04525   0.01780  
 15 39.8958   7726.800068  x:  6.21227   0.64200   2.16573   1.43678   0.86854   0.13151   1.14955   0.78066   0.61118   0.46310   1.65319   0.28609   0.05805   0.21777   0.09806   0.07849   0.04608   1.48337   0.04755   0.01905  
 16 27.1424   7723.677165  x:  6.20895   0.82651   1.99490   1.45523   0.90337   0.03065   1.23079   0.85419   0.60035   0.42173   1.61305   0.27966   0.05992   0.21550   0.09883   0.07780   0.04565   1.29803   0.04615   0.01870  
 17 15.3002   7721.257320  x:  6.20417   1.02997   1.92118   1.48114   1.06871   0.05400   1.11507   0.80515   0.72242   0.33399   1.55819   0.28243   0.06161   0.21589   0.10022   0.07754   0.04645   1.31406   0.04627   0.01873  
 18  7.6546   7716.649055  x:  6.19210   1.08639   1.96248   1.55162   1.16171   0.00000   1.05895   0.83937   0.64571   0.38035   1.57430   0.27750   0.06398   0.21581   0.10137   0.07700   0.04622   1.34409   0.04512   0.01773  
 19  4.7792   7684.068280  x:  6.08580   1.28837   2.64839   1.87909   1.28362   0.20171   1.27868   0.52349   0.49748   0.64894   1.51733   0.23877   0.07843   0.22556   0.10503   0.07929   0.04339   1.02205   0.03144   0.00803  
 20 14.0642   7672.454057  x:  6.02823   1.31765   2.97339   1.96739   1.19403   0.12281   1.44925   0.77332   0.67874   0.45363   1.52044   0.21466   0.09148   0.22479   0.10921   0.07776   0.04217   1.09710   0.02635   0.00403  
 21 32.7457   7670.130134  x:  6.02299   1.46178   3.11295   1.78852   1.04096   0.22598   1.30467   0.94736   0.64358   0.48611   1.54257   0.20761   0.10239   0.22519   0.11260   0.07748   0.04280   1.07449   0.02682   0.00427  
 22  6.0904   7654.947338  x:  5.89573   1.60505   3.47628   0.89276   1.30104   0.08138   1.55034   1.01680   0.75576   0.35677   2.93920   0.19671   0.10043   0.21052   0.10771   0.08011   0.04237   1.25014   0.02746   0.00576  
 23  4.2330   7637.387579  x:  5.74578   1.58682   4.27467   2.07357   1.38622   0.00858   1.93108   1.19572   0.84218   0.25375   2.30054   0.17837   0.10793   0.19211   0.10438   0.08310   0.04267   1.49523   0.03051   0.00675  
 24  5.0867   7610.916004  x:  5.39119   2.34668   5.61645   2.67845   1.79839   0.03806   2.40886   1.44825   0.71570   0.52151   2.86896   0.11420   0.14140   0.20126   0.09535   0.08464   0.04035   1.35456   0.01985   0.00465  
 25  1.3077   7598.519932  x:  5.16397   2.72572   6.49503   3.02580   2.01989   0.00000   2.81774   1.68272   0.78957   0.51945   3.16821   0.08427   0.15731   0.20817   0.08843   0.08176   0.03943   1.27459   0.01911   0.00730  
 26  1.0140   7598.519932  x:  5.16397   2.72572   6.49503   3.02580   2.01989   0.00000   2.81774   1.68272   0.78957   0.51945   3.16821   0.08427   0.15731   0.20817   0.08843   0.08176   0.03943   1.27459   0.01911   0.00730  
 27  2.4237   7598.355566  x:  5.16397   2.72572   6.49503   3.02580   2.01990   0.00000   2.81775   1.68272   0.78957   0.51945   3.16821   0.08429   0.15732   0.20818   0.08844   0.08176   0.03940   1.27459   0.01961   0.00739  
 28 648.7530   7597.653871  x:  5.16251   2.72613   6.49533   3.02605   2.02020   0.00019   2.81818   1.68305   0.78976   0.51876   3.16839   0.08659   0.15931   0.20916   0.09022   0.08098   0.03413   1.27410   0.01951   0.02369  
 29 110.9641   7597.526461  x:  5.15655   2.72790   6.49661   3.02704   2.02147   0.00098   2.82004   1.68442   0.79058   0.51591   3.16918   0.08924   0.16409   0.21235   0.09606   0.08351   0.02895   1.27207   0.01950   0.02197  
 30 19.9339   7597.437688  x:  5.14844   2.73030   6.49833   3.02839   2.02319   0.00203   2.82255   1.68628   0.79171   0.51211   3.17025   0.09065   0.16785   0.21467   0.09932   0.08682   0.03211   1.26936   0.01948   0.02256  
 31 29.5483   7595.044812  x:  4.85128   2.81825   6.56169   3.07776   2.08622   0.03974   2.91439   1.75421   0.83412   0.37567   3.20951   0.06062   0.22177   0.24143   0.08068   0.06935   0.03792   1.17158   0.01900   0.02254  
 32 38.7284   7594.090256  x:  4.72275   2.85627   6.58906   3.09896   2.11320   0.05461   2.95365   1.78327   0.85448   0.32301   3.22646   0.03734   0.23000   0.23939   0.07441   0.08760   0.03199   1.13601   0.01880   0.02457  
 33 248.7216   7593.070056  x:  4.57837   2.89886   6.61972   3.12233   2.14273   0.06763   2.99647   1.81508   0.88329   0.28318   3.24538   0.01861   0.22660   0.21605   0.09950   0.08241   0.03380   1.11539   0.01865   0.02623  
 34 120.6350   7591.597799  x:  4.34329   2.96791   6.66949   3.15980   2.18963   0.08382   3.06425   1.86569   0.93700   0.24605   3.27606   0.04593   0.22356   0.17576   0.10061   0.08422   0.03247   1.10823   0.01850   0.02383  
 35 137.5744   7584.547060  x:  3.17492   3.31074   6.91638   3.34288   2.41767   0.14434   3.39335   2.11201   1.21688   0.16402   3.42808   0.10712   0.11035   0.22135   0.11318   0.08393   0.03127   1.16451   0.01792   0.02151  
 36 214.9499   7580.193562  x:  2.41896   3.53625   7.07798   3.45393   2.55060   0.13736   3.58876   2.25767   1.31861   0.25201   3.52875   0.02809   0.22976   0.21198   0.09061   0.08510   0.03238   1.25232   0.01768   0.02380  
 37 93.4049   7576.582547  x:  1.89766   3.71177   7.20450   3.52256   2.59736   0.00000   3.67898   2.31415   1.08557   0.31921   3.61297   0.04970   0.19751   0.21130   0.09813   0.08481   0.03201   1.22863   0.01775   0.02254  
 38 24.7625   7576.403430  x:  1.86438   3.73988   7.22350   3.52641   2.57847   0.00000   3.66617   2.29144   1.05810   0.28904   3.62415   0.04763   0.20109   0.21091   0.09726   0.08446   0.03214   1.27096   0.01795   0.02256  
 39  4.9163   7575.330315  x:  1.73628   4.00970   7.40302   3.53076   2.28548   0.00000   3.42751   1.94608   1.03782   0.31738   3.72170   0.04668   0.20236   0.21123   0.09665   0.08439   0.03210   1.24778   0.01822   0.02291  
 40  4.2730   7574.883080  x:  1.84285   3.99062   7.40554   3.47062   2.25630   0.00000   3.31196   1.98811   0.90375   0.38572   3.63998   0.05026   0.19467   0.21018   0.09802   0.08469   0.03171   1.25309   0.01833   0.02344  
 41  0.8051   7574.635041  x:  1.66593   3.87699   7.35034   3.40250   2.23725   0.00000   3.26841   1.94723   0.86517   0.39684   3.58555   0.04741   0.20125   0.21219   0.09595   0.08387   0.03200   1.23648   0.01910   0.02367  
 42  0.7778   7574.482644  x:  1.60119   3.70273   6.96445   3.32434   2.07436   0.00000   3.22501   1.86096   0.85195   0.42855   3.53710   0.04611   0.20510   0.21322   0.09438   0.08351   0.03195   1.24737   0.01980   0.02445  
 43  0.4638   7574.404295  x:  1.55915   3.64946   6.74436   3.23727   2.10753   0.00000   3.08878   1.77899   0.85198   0.43844   3.40519   0.04578   0.20744   0.21378   0.09340   0.08326   0.03195   1.25079   0.02029   0.02492  
 44  1.0562   7574.373325  x:  1.53718   3.62293   6.66417   3.17182   2.05572   0.00000   3.01270   1.80273   0.85691   0.43434   3.31896   0.04586   0.20844   0.21396   0.09296   0.08311   0.03198   1.25006   0.02059   0.02508  
 45  0.7483   7574.326223  x:  1.55022   3.48044   6.51612   3.04017   2.00510   0.00000   2.95823   1.73284   0.84331   0.42482   3.21022   0.04808   0.20640   0.21328   0.09316   0.08303   0.03198   1.24845   0.02117   0.02526  
 46  0.4294   7574.303831  x:  1.54570   3.41318   6.41721   3.04239   1.99286   0.00000   2.88397   1.72420   0.83892   0.41576   3.20282   0.04857   0.20559   0.21273   0.09330   0.08303   0.03198   1.24606   0.02144   0.02519  
 47  0.4826   7574.291702  x:  1.52289   3.43173   6.35117   3.03828   1.98247   0.00000   2.89107   1.71084   0.83746   0.40918   3.17317   0.04856   0.20434   0.21199   0.09357   0.08311   0.03195   1.24393   0.02161   0.02502  
 48  0.1479   7574.286905  x:  1.49396   3.40583   6.33768   3.00692   1.97643   0.00000   2.87102   1.70082   0.83918   0.40665   3.17048   0.04833   0.20343   0.21152   0.09381   0.08319   0.03192   1.24411   0.02174   0.02481  
 49  0.1163   7574.285642  x:  1.49229   3.39023   6.32875   3.00959   1.96802   0.00000   2.86189   1.69136   0.83930   0.40816   3.15286   0.04846   0.20300   0.21175   0.09388   0.08319   0.03193   1.24452   0.02183   0.02451  
 50  0.0361   7574.284948  x:  1.49263   3.38726   6.30891   2.99449   1.96504   0.00000   2.85389   1.68921   0.83836   0.40927   3.15298   0.04886   0.20264   0.21205   0.09386   0.08316   0.03195   1.24469   0.02189   0.02419  
 51  0.0417   7574.284185  x:  1.48245   3.37263   6.27846   2.98437   1.95581   0.00000   2.84162   1.68202   0.83384   0.41045   3.13693   0.05000   0.20176   0.21226   0.09378   0.08313   0.03197   1.24504   0.02198   0.02349  
 52  0.0353   7574.282006  x:  1.48167   3.36595   6.28226   2.98319   1.95796   0.00000   2.84162   1.68347   0.83224   0.40954   3.13410   0.05437   0.19800   0.21222   0.09362   0.08311   0.03198   1.24496   0.02202   0.02099  
 53  0.0045   7574.280857  x:  1.48049   3.36490   6.26855   2.97840   1.95336   0.00000   2.83572   1.67746   0.83455   0.40869   3.13124   0.05739   0.19514   0.21185   0.09358   0.08313   0.03198   1.24461   0.02204   0.01967  
 54  0.0184   7574.280696  x:  1.48273   3.36868   6.27415   2.98090   1.95554   0.00000   2.83863   1.67948   0.83578   0.40863   3.13451   0.05720   0.19519   0.21178   0.09361   0.08316   0.03198   1.24453   0.02201   0.02005  
 55  0.0116   7574.280678  x:  1.48260   3.36826   6.27402   2.98035   1.95545   0.00000   2.83825   1.67953   0.83550   0.40878   3.13414   0.05777   0.19464   0.21180   0.09361   0.08316   0.03199   1.24457   0.02201   0.01990  
 56  0.0010   7574.280676  x:  1.48229   3.36775   6.27295   2.97998   1.95507   0.00000   2.83783   1.67912   0.83542   0.40877   3.13371   0.05781   0.19462   0.21181   0.09360   0.08315   0.03198   1.24458   0.02201   0.01991  
 57  0.0013   7574.280676  x:  1.48226   3.36768   6.27282   2.97992   1.95505   0.00000   2.83778   1.67910   0.83543   0.40877   3.13363   0.05782   0.19461   0.21180   0.09360   0.08315   0.03198   1.24459   0.02201   0.01991  
 58  0.0005   7574.280676  x:  1.48225   3.36767   6.27280   2.97991   1.95505   0.00000   2.83776   1.67910   0.83543   0.40877   3.13362   0.05782   0.19461   0.21180   0.09360   0.08315   0.03198   1.24459   0.02201   0.01991  
 59  0.0002   7574.280676  x:  1.48225   3.36767   6.27279   2.97991   1.95505   0.00000   2.83776   1.67910   0.83543   0.40877   3.13362   0.05782   0.19461   0.21180   0.09360   0.08315   0.03198   1.24459   0.02201   0.01991  
 60  0.0002   7574.280676  x:  1.48225   3.36767   6.27279   2.97991   1.95505   0.00000   2.83776   1.67909   0.83543   0.40877   3.13362   0.05782   0.19461   0.21180   0.09360   0.08315   0.03198   1.24459   0.02201   0.01991  
 61  0.0002   7574.280676  x:  1.48225   3.36767   6.27279   2.97991   1.95505   0.00000   2.83776   1.67909   0.83543   0.40877   3.13362   0.05782   0.19461   0.21180   0.09360   0.08315   0.03198   1.24459   0.02201   0.01991  
 62  0.0002   7574.280676  x:  1.48225   3.36767   6.27279   2.97991   1.95505   0.00000   2.83776   1.67909   0.83543   0.40877   3.13362   0.05782   0.19461   0.21180   0.09360   0.08315   0.03198   1.24459   0.02201   0.01991  
check convergence!
