

TREE # 1

  0  0.0000   9825.075377  x:  0.50575   0.00000   0.24520   0.29310   0.26873   0.10691   0.20059   0.17003   0.36519   0.11616   0.00000   0.05881   0.05395   0.03473   0.01925   2.00000   0.20000   0.20000   0.20000  
  1 99.0000   9528.214987  x:  0.53374   0.22568   0.27925   0.30963   0.29114   0.12491   0.22265   0.20173   0.39612   0.11425   0.09046   0.06603   0.06109   0.01196   0.00000   1.99836   0.17646   0.19688   0.19690  
  2 4604.9322   9472.667814  x:  0.54816   0.33842   0.29667   0.31812   0.30275   0.13425   0.23407   0.21812   0.41192   0.11296   0.13519   0.06970   0.06477   0.00090   0.02313   1.99752   0.16416   0.19508   0.19529  
  3 70930.2775   9457.084387  x:  0.55924   0.38280   0.30816   0.32430   0.31237   0.14206   0.24340   0.23115   0.42219   0.10758   0.14675   0.07133   0.06646   0.05776   0.03035   1.99680   0.15285   0.19104   0.19397  
  4 4261.0134   9343.105638  x:  0.63088   0.39536   0.36785   0.36142   0.37692   0.19348   0.30386   0.31250   0.47539   0.04253   0.07271   0.07090   0.06298   0.05366   0.02912   1.99122   0.08346   0.14507   0.18524  
  5 995.5500   9291.287191  x:  0.67463   0.40211   0.40324   0.38385   0.41429   0.22207   0.33756   0.35744   0.50745   0.00978   0.03460   0.07140   0.06228   0.05269   0.02869   1.98711   0.10629   0.12094   0.18059  
  6 3046.1993   9224.350177  x:  0.79840   0.35676   0.49530   0.44205   0.51122   0.28983   0.41908   0.46613   0.59790   0.08431   0.04207   0.07672   0.06877   0.04959   0.02731   1.97444   0.12998   0.06586   0.17118  
  7 1354.2456   9205.917209  x:  0.86317   0.33547   0.53439   0.46254   0.54404   0.30011   0.43552   0.49035   0.65157   0.09168   0.04725   0.07899   0.07316   0.04833   0.02678   1.96626   0.13190   0.13697   0.16383  
  8 631.3342   9172.304889  x:  1.08390   0.29636   0.61869   0.48640   0.56561   0.20232   0.35456   0.40399   0.81107   0.05346   0.08973   0.04485   0.04333   0.04898   0.02685   1.93678   0.12585   0.11342   0.11669  
  9 252.8444   9159.699380  x:  1.18569   0.27874   0.65458   0.49458   0.57231   0.15397   0.31615   0.36152   0.88440   0.03501   0.10409   0.07547   0.07105   0.04879   0.02667   1.92232   0.12195   0.09756   0.09528  
 10 1165.6090   9156.868248  x:  1.23000   0.29460   0.62833   0.46010   0.54026   0.13497   0.33428   0.35748   0.92497   0.06449   0.06599   0.07901   0.06726   0.04888   0.02668   1.90084   0.12170   0.09650   0.10401  
 11 60.6548   9156.206018  x:  1.24302   0.29467   0.61322   0.44360   0.53029   0.14540   0.33844   0.35665   0.93811   0.06398   0.06607   0.06988   0.07799   0.04883   0.02666   1.88979   0.12173   0.09484   0.10001  
 12 56.8694   9155.246661  x:  1.26229   0.29161   0.58592   0.41499   0.51551   0.17049   0.34311   0.35638   0.95948   0.05777   0.07401   0.07705   0.07153   0.04886   0.02669   1.86869   0.12203   0.09203   0.08934  
 13 99.0780   9154.683575  x:  1.24383   0.29266   0.57464   0.41558   0.52361   0.16731   0.31891   0.37657   0.98521   0.06067   0.07008   0.07682   0.07173   0.04876   0.02666   1.80822   0.12176   0.08997   0.08218  
 14  9.9296   9154.049419  x:  1.21622   0.28930   0.57959   0.42698   0.52424   0.16086   0.34181   0.36375   1.01165   0.05666   0.07428   0.07694   0.07190   0.04865   0.02663   1.73623   0.12084   0.08680   0.07524  
 15 20.1717   9153.700044  x:  1.21307   0.29101   0.59070   0.42941   0.52429   0.17688   0.33666   0.35024   1.01839   0.06046   0.06850   0.07731   0.07164   0.04857   0.02661   1.72064   0.12001   0.08619   0.08868  
 16  8.2139   9148.047413  x:  1.23251   0.26088   0.70382   0.38380   0.46651   0.18632   0.33686   0.40686   1.05214   0.01871   0.11127   0.07986   0.07300   0.04660   0.02616   1.66930   0.11465   0.07300   0.23913  
 17 10.5857   9144.356145  x:  1.25181   0.25262   0.70092   0.36990   0.51139   0.17907   0.34921   0.41090   1.07088   0.00461   0.12460   0.08076   0.07350   0.04558   0.02597   1.66708   0.11162   0.06786   0.29894  
 18 35.3790   9117.536956  x:  1.47271   0.24652   0.81967   0.28349   0.78581   0.17899   0.42555   0.45773   1.13091   0.03721   0.06876   0.08565   0.07621   0.03432   0.02378   1.73167   0.08465   0.05367   0.22632  
 19 36.7686   9110.687805  x:  1.58144   0.24263   0.73394   0.48424   0.73721   0.20580   0.43467   0.49257   1.13869   0.03416   0.06660   0.08849   0.07697   0.03180   0.02339   1.74895   0.07539   0.05068   0.23626  
 20 45.9598   9110.009513  x:  1.63876   0.24555   0.73197   0.49080   0.74880   0.20225   0.43774   0.49518   1.06135   0.03408   0.06677   0.08838   0.07678   0.03160   0.02340   1.70361   0.07369   0.05636   0.24149  
 21  8.3301   9097.267857  x:  1.62294   0.22863   0.82438   0.53050   0.74085   0.24943   0.45197   0.54283   1.28850   0.03373   0.06192   0.08776   0.07599   0.02318   0.02216   1.98190   0.07767   0.07633   0.14754  
 22  0.6902   9087.104515  x:  1.94787   0.23574   0.87512   0.57403   0.75516   0.26524   0.44461   0.55896   1.26121   0.03837   0.05433   0.07965   0.07223   0.01207   0.02117   1.90398   0.08129   0.07274   0.04644  
 23  0.3076   9082.922639  x:  2.12466   0.23926   0.91801   0.57160   0.75523   0.26396   0.44082   0.57668   1.29445   0.03561   0.05828   0.07565   0.07041   0.00514   0.02062   1.83243   0.07443   0.06860   0.14954  
 24  0.3103   9078.579104  x:  2.20530   0.26483   0.92775   0.54353   0.75612   0.24720   0.42406   0.54793   1.37857   0.03467   0.06488   0.07265   0.06796   0.00933   0.02183   1.81777   0.06546   0.06282   0.14860  
 25  0.1049   9070.977951  x:  2.45033   0.34615   0.90055   0.55380   0.76437   0.21990   0.40644   0.51505   1.66684   0.03540   0.08783   0.07196   0.06476   0.01050   0.02422   1.88914   0.07136   0.04861   0.13829  
 26  0.1417   9067.028540  x:  2.58493   0.39410   0.97232   0.54700   0.79427   0.23385   0.42284   0.52879   1.87261   0.03868   0.08091   0.07460   0.06844   0.00526   0.02454   1.96106   0.06430   0.04895   0.07630  
 27  0.2402   9061.395306  x:  2.70058   0.53661   1.05468   0.52896   0.80071   0.25920   0.46610   0.57300   2.23903   0.03939   0.07087   0.08656   0.08135   0.01240   0.02761   1.94630   0.05951   0.03747   0.19029  
 28  0.1930   9058.733139  x:  2.72818   0.64167   1.10580   0.54177   0.81750   0.28028   0.45972   0.59315   2.47576   0.03700   0.07259   0.08099   0.06938   0.00977   0.02863   1.92214   0.06198   0.03374   0.18164  
 29  0.0904   9057.604181  x:  2.76054   0.70443   1.13749   0.54318   0.83175   0.28753   0.45386   0.59768   2.62383   0.03514   0.07403   0.07677   0.06790   0.00808   0.02908   1.90936   0.05769   0.02925   0.17701  
 30  0.1588   9056.953800  x:  2.73141   0.73484   1.14259   0.54792   0.83939   0.29096   0.45115   0.60046   2.66193   0.03325   0.07535   0.07449   0.06869   0.00772   0.02909   1.90952   0.05591   0.03208   0.17642  
 31  0.1211   9055.314229  x:  2.52974   0.85977   1.10796   0.55141   0.84258   0.29244   0.44304   0.59595   2.84676   0.02624   0.08476   0.07727   0.07925   0.00991   0.02922   1.92459   0.05867   0.02879   0.21205  
 32  0.0972   9054.118214  x:  2.36601   0.90714   1.04638   0.54533   0.82866   0.27905   0.43369   0.57843   2.79091   0.02274   0.08817   0.08505   0.06773   0.00778   0.02701   1.89756   0.05935   0.02877   0.24979  
 33  0.0632   9052.688390  x:  2.25909   0.84282   0.95669   0.51935   0.77731   0.25183   0.44301   0.55320   2.38859   0.02671   0.08183   0.08009   0.07321   0.00639   0.02230   1.88223   0.06306   0.03372   0.31043  
 34  0.1350   9050.472558  x:  2.27632   0.93763   1.01553   0.50231   0.72254   0.27486   0.46135   0.57336   2.11276   0.01994   0.08869   0.07058   0.08174   0.01092   0.01665   1.91745   0.06362   0.03602   0.46849  
 35  0.0669   9048.221741  x:  2.38134   1.02792   1.07100   0.50252   0.73785   0.28718   0.46773   0.58880   1.80765   0.01392   0.09777   0.07697   0.06783   0.00970   0.00967   1.92431   0.06010   0.04021   0.60890  
 36  0.1830   9047.612271  x:  2.50307   1.04604   1.10514   0.51768   0.79867   0.29051   0.46463   0.59638   1.91868   0.01699   0.09566   0.07937   0.06697   0.00852   0.01044   1.92801   0.05714   0.04016   0.58088  
 37  0.1834   9047.321157  x:  2.52347   1.06407   1.09185   0.52558   0.81988   0.28489   0.46094   0.59041   1.81682   0.01672   0.09610   0.07842   0.07171   0.00851   0.00812   1.92961   0.05703   0.04203   0.61442  
 38  0.0969   9047.250328  x:  2.52041   1.06630   1.07874   0.53542   0.82561   0.28306   0.45502   0.58536   1.86081   0.01578   0.09622   0.07858   0.07275   0.00907   0.00854   1.92853   0.05745   0.04171   0.60626  
 39  0.0425   9047.207512  x:  2.54229   1.05076   1.06889   0.54354   0.82527   0.28169   0.45240   0.58077   1.84331   0.01633   0.09381   0.07874   0.07140   0.00933   0.00825   1.92675   0.05748   0.04192   0.60278  
 40  0.0232   9047.184061  x:  2.55088   1.05408   1.07004   0.54963   0.82229   0.28501   0.45275   0.58155   1.87066   0.01532   0.09389   0.07842   0.07078   0.00921   0.00794   1.92798   0.05706   0.04141   0.60677  
 41  0.0157   9047.150138  x:  2.54366   1.03630   1.06490   0.55115   0.81453   0.28719   0.45723   0.58144   1.93325   0.01615   0.09289   0.07811   0.07182   0.00913   0.00797   1.93114   0.05742   0.04005   0.59733  
 42  0.0229   9047.132061  x:  2.53685   1.03564   1.06338   0.54894   0.81892   0.28585   0.45693   0.58022   1.95620   0.01622   0.09419   0.07887   0.07171   0.00925   0.00745   1.92924   0.05755   0.03966   0.60199  
 43  0.0139   9047.126472  x:  2.53474   1.02990   1.06807   0.54439   0.81961   0.28467   0.45510   0.58056   1.97317   0.01635   0.09447   0.07863   0.07135   0.00936   0.00759   1.92512   0.05752   0.03937   0.59840  
 44  0.0116   9047.125065  x:  2.53249   1.02790   1.07044   0.54249   0.81918   0.28409   0.45400   0.58130   1.97268   0.01627   0.09418   0.07842   0.07147   0.00935   0.00749   1.92487   0.05759   0.03940   0.59965  
 45  0.0026   9047.124828  x:  2.53118   1.02733   1.07072   0.54194   0.81924   0.28365   0.45380   0.58164   1.97195   0.01625   0.09411   0.07860   0.07151   0.00934   0.00752   1.92572   0.05761   0.03943   0.59986  
 46  0.0013   9047.124736  x:  2.53234   1.02645   1.07036   0.54236   0.81949   0.28332   0.45382   0.58183   1.97248   0.01621   0.09421   0.07860   0.07146   0.00932   0.00751   1.92613   0.05761   0.03942   0.60107  
 47  0.0005   9047.124428  x:  2.53208   1.02678   1.06996   0.54250   0.81998   0.28287   0.45414   0.58238   1.96959   0.01611   0.09428   0.07848   0.07155   0.00935   0.00752   1.92559   0.05760   0.03947   0.60779  
 48  0.0009   9047.123032  x:  2.52759   1.02664   1.06759   0.54297   0.82066   0.28218   0.45481   0.58338   1.97106   0.01574   0.09443   0.07851   0.07133   0.00940   0.00751   1.92370   0.05762   0.03944   0.64791  
 49  0.0051   9047.114683  x:  2.52612   1.02628   1.06745   0.54308   0.82042   0.28424   0.45318   0.58242   1.98976   0.01427   0.09585   0.07867   0.07126   0.00929   0.00751   1.92605   0.05766   0.03911   0.82166  
 50  0.0219   9047.108661  x:  2.53422   1.02444   1.07173   0.54015   0.81946   0.28601   0.45277   0.58057   1.97881   0.01368   0.09680   0.07857   0.07174   0.00930   0.00757   1.92781   0.05762   0.03924   1.00886  
 51  0.0711   9047.106616  x:  2.53264   1.02432   1.07059   0.54042   0.81986   0.28523   0.45337   0.58122   1.97623   0.01304   0.09733   0.07856   0.07166   0.00933   0.00755   1.92662   0.05763   0.03927   1.11129  
 52  0.1112   9047.103910  x:  2.52879   1.02444   1.06840   0.54128   0.82044   0.28337   0.45482   0.58195   1.97252   0.01304   0.09711   0.07861   0.07140   0.00936   0.00752   1.92379   0.05766   0.03935   1.19514  
 53  0.0773   9047.100688  x:  2.52885   1.02480   1.06944   0.54185   0.81969   0.28352   0.45462   0.58087   1.98317   0.01223   0.09791   0.07866   0.07143   0.00931   0.00752   1.92439   0.05765   0.03917   1.47713  
 54  0.1225   9047.098270  x:  2.53138   1.02617   1.07171   0.54254   0.81879   0.28370   0.45406   0.58021   1.98986   0.01230   0.09796   0.07862   0.07158   0.00928   0.00754   1.92619   0.05761   0.03907   1.64303  
 55  0.1038   9047.096602  x:  2.53191   1.02712   1.07215   0.54325   0.81857   0.28283   0.45433   0.58065   1.98868   0.01175   0.09850   0.07858   0.07158   0.00932   0.00753   1.92593   0.05760   0.03907   1.94669  
 56  0.2288   9047.094888  x:  2.53072   1.02782   1.07067   0.54377   0.81897   0.28174   0.45451   0.58223   1.98105   0.01154   0.09865   0.07861   0.07144   0.00939   0.00752   1.92423   0.05761   0.03913   2.33523  
 57  0.1496   9047.093084  x:  2.53129   1.02761   1.07089   0.54345   0.81879   0.28311   0.45335   0.58175   1.98948   0.01114   0.09908   0.07867   0.07153   0.00932   0.00753   1.92509   0.05761   0.03896   2.83831  
 58  0.2272   9047.092281  x:  2.53135   1.02689   1.07052   0.54279   0.81908   0.28404   0.45292   0.58167   1.99114   0.01127   0.09897   0.07866   0.07157   0.00930   0.00754   1.92559   0.05761   0.03895   2.96446  
 59  0.1498   9047.091140  x:  2.53094   1.02622   1.06934   0.54221   0.81966   0.28423   0.45305   0.58249   1.98793   0.01088   0.09931   0.07860   0.07156   0.00933   0.00754   1.92550   0.05762   0.03902   3.70307  
 60  0.3838   9047.090214  x:  2.52938   1.02532   1.06844   0.54182   0.81926   0.28371   0.45407   0.58232   1.98335   0.01083   0.09933   0.07856   0.07143   0.00937   0.00752   1.92555   0.05765   0.03916   4.47333  
 61  0.2274   9047.089502  x:  2.52943   1.02519   1.06876   0.54178   0.81898   0.28390   0.45396   0.58181   1.98612   0.01060   0.09958   0.07857   0.07146   0.00935   0.00752   1.92579   0.05766   0.03911   5.26211  
 62  0.6459   9047.088862  x:  2.53065   1.02590   1.07060   0.54241   0.81868   0.28383   0.45371   0.58080   1.99168   0.01054   0.09967   0.07862   0.07158   0.00929   0.00754   1.92570   0.05763   0.03900   6.15200  
 63  0.5370   9047.088246  x:  2.53062   1.02623   1.07061   0.54287   0.81927   0.28305   0.45429   0.58152   1.98752   0.01040   0.09976   0.07862   0.07153   0.00934   0.00753   1.92473   0.05762   0.03903   7.55934  
 64  0.4843   9047.087886  x:  2.53051   1.02633   1.07057   0.54288   0.81957   0.28331   0.45395   0.58166   1.98807   0.01048   0.09967   0.07864   0.07152   0.00934   0.00753   1.92500   0.05762   0.03900   8.48298  
 65  0.4463   9047.087383  x:  2.53018   1.02617   1.07050   0.54275   0.81963   0.28373   0.45360   0.58149   1.99016   0.01028   0.09988   0.07864   0.07153   0.00932   0.00753   1.92554   0.05763   0.03896  10.94371  
 66  1.8757   9047.086933  x:  2.52959   1.02583   1.06962   0.54255   0.81925   0.28368   0.45371   0.58188   1.98859   0.01013   0.10005   0.07854   0.07153   0.00934   0.00753   1.92587   0.05763   0.03903  15.85146  
 67  1.2001   9047.086692  x:  2.53001   1.02597   1.06975   0.54264   0.81890   0.28358   0.45374   0.58177   1.98907   0.01022   0.09997   0.07858   0.07152   0.00933   0.00753   1.92551   0.05763   0.03903  17.21005  
 68  0.9342   9047.086458  x:  2.53072   1.02629   1.07020   0.54281   0.81877   0.28359   0.45360   0.58157   1.99103   0.01011   0.10007   0.07867   0.07153   0.00932   0.00753   1.92500   0.05763   0.03897  22.64443  
 69  2.7460   9047.086189  x:  2.53171   1.02651   1.07003   0.54230   0.81935   0.28352   0.45385   0.58202   1.98950   0.01006   0.10009   0.07858   0.07157   0.00933   0.00752   1.92487   0.05760   0.03898  35.90445  
 70  2.6146   9047.086052  x:  2.53088   1.02652   1.07004   0.54229   0.81912   0.28363   0.45369   0.58157   1.99110   0.01008   0.10007   0.07864   0.07152   0.00932   0.00753   1.92543   0.05763   0.03897  41.80253  
 71  2.8226   9047.085971  x:  2.53081   1.02648   1.07016   0.54240   0.81913   0.28357   0.45376   0.58152   1.99136   0.01002   0.10013   0.07863   0.07152   0.00933   0.00753   1.92549   0.05763   0.03896  53.79054  
 72  5.8415   9047.085867  x:  2.53043   1.02610   1.07024   0.54267   0.81936   0.28345   0.45396   0.58170   1.98940   0.01003   0.10013   0.07857   0.07155   0.00934   0.00752   1.92542   0.05761   0.03899  75.43978  
 73  7.4551   9047.085800  x:  2.52993   1.02596   1.07021   0.54275   0.81923   0.28361   0.45375   0.58151   1.99003   0.01000   0.10016   0.07862   0.07152   0.00933   0.00753   1.92538   0.05764   0.03899  95.67029  
 74  9.8904   9047.085741  x:  2.53006   1.02566   1.07000   0.54281   0.81908   0.28370   0.45372   0.58168   1.98974   0.01002   0.10016   0.07863   0.07155   0.00933   0.00752   1.92507   0.05762   0.03899  146.19478  
 75  9.3424   9047.085702  x:  2.53019   1.02598   1.07007   0.54278   0.81910   0.28362   0.45370   0.58170   1.98979   0.00998   0.10019   0.07862   0.07153   0.00933   0.00753   1.92516   0.05763   0.03899  192.45494  
 76 22.4231   9047.085675  x:  2.53057   1.02639   1.07014   0.54259   0.81911   0.28356   0.45371   0.58162   1.99079   0.01000   0.10016   0.07862   0.07152   0.00933   0.00753   1.92542   0.05763   0.03897  245.43812  
 77 19.4947   9047.085658  x:  2.53081   1.02636   1.07010   0.54249   0.81917   0.28356   0.45377   0.58167   1.99085   0.00998   0.10017   0.07862   0.07154   0.00933   0.00753   1.92535   0.05762   0.03896  339.32742  
 78 37.5958   9047.085635  x:  2.53078   1.02619   1.07006   0.54241   0.81925   0.28362   0.45378   0.58167   1.99003   0.00997   0.10019   0.07862   0.07154   0.00933   0.00753   1.92510   0.05762   0.03898  692.03508  
 79 75.2218   9047.085623  x:  2.53051   1.02615   1.07012   0.54257   0.81915   0.28360   0.45377   0.58160   1.99044   0.00999   0.10017   0.07862   0.07153   0.00933   0.00753   1.92527   0.05763   0.03898  732.51750  
 80 26.6812   9047.085619  x:  2.53034   1.02617   1.07014   0.54268   0.81917   0.28357   0.45375   0.58164   1.99032   0.00998   0.10019   0.07861   0.07153   0.00933   0.00753   1.92535   0.05763   0.03898  898.06583  
 81 47.8959   9047.085617  x:  2.53029   1.02616   1.07014   0.54271   0.81917   0.28357   0.45374   0.58165   1.99029   0.00998   0.10019   0.07861   0.07153   0.00933   0.00753   1.92537   0.05763   0.03898  999.00000  
 82 269.6306   9047.085615  x:  2.53044   1.02616   1.07012   0.54262   0.81916   0.28358   0.45376   0.58163   1.99036   0.00998   0.10018   0.07862   0.07153   0.00933   0.00753   1.92531   0.05763   0.03898  999.00000  
 83  0.0002   9047.085615  x:  2.53041   1.02615   1.07011   0.54261   0.81916   0.28358   0.45375   0.58163   1.99032   0.00998   0.10018   0.07862   0.07153   0.00933   0.00753   1.92531   0.05763   0.03898  999.00000  
 84  0.0001   9047.085615  x:  2.53041   1.02615   1.07011   0.54261   0.81915   0.28359   0.45375   0.58163   1.99030   0.00998   0.10018   0.07862   0.07153   0.00933   0.00753   1.92531   0.05763   0.03898  999.00000  