

TREE # 1

  0  0.0000   6821.975056  x:  0.07515   1.31366   1.56156   0.32146   1.06810   0.12529   0.94737   0.25795   0.56703   0.44331   0.32012   0.23437   1.14988   0.19260   0.08893   0.11396   0.11155   0.08441   0.00000   2.00000   0.20000   0.20000  
  1 99.0000   6810.830174  x:  0.08265   1.31520   1.56389   0.32735   1.06795   0.12644   0.94582   0.25971   0.56616   0.44159   0.31816   0.23410   1.15189   0.19334   0.09075   0.11424   0.11387   0.08279   0.05468   1.99834   0.18079   0.19755  
  2 1257.8544   6798.976033  x:  0.10594   1.32025   1.57137   0.34565   1.06788   0.13046   0.94153   0.26569   0.56398   0.43677   0.31251   0.23365   1.15838   0.19568   0.09627   0.11301   0.11545   0.06893   0.05096   1.99268   0.14104   0.19039  
  3 420.1049   6767.762865  x:  0.22163   1.34741   1.61074   0.43712   1.07052   0.15347   0.92378   0.29925   0.55694   0.41628   0.28721   0.23429   1.19294   0.20778   0.12299   0.10591   0.12613   0.01333   0.05417   1.96124   0.14251   0.15515  
  4 482.2467   6699.660465  x:  0.69231   1.46159   1.77921   0.81664   1.08132   0.24702   0.84687   0.44036   0.52754   0.32829   0.18181   0.24120   1.34029   0.24879   0.22096   0.08185   0.16806   0.10736   0.04856   1.82589   0.12900   0.00010  
  5 1335.3938   6694.779299  x:  0.83800   1.49859   1.83550   0.93590   1.08465   0.27506   0.82136   0.48520   0.51975   0.30084   0.15402   0.24906   1.38843   0.25501   0.24355   0.08082   0.17679   0.13589   0.04716   1.78067   0.12445   0.05421  
  6 1110.2631   6675.888581  x:  0.93881   1.54810   1.93390   1.04052   1.08726   0.28075   0.78330   0.53102   0.54297   0.29201   0.23641   0.34644   1.45567   0.16098   0.13816   0.14508   0.11487   0.14302   0.04862   1.70649   0.11771   0.05537  
  7 174.4821   6669.099450  x:  0.88691   1.60675   2.09660   1.06286   1.08629   0.22848   0.73448   0.54982   0.60969   0.31008   0.21296   0.31936   1.53916   0.17821   0.08914   0.10513   0.07769   0.14088   0.05066   1.60016   0.11289   0.05554  
  8 57.2042   6659.856793  x:  0.78261   1.70582   2.37668   1.09147   1.08659   0.13994   0.65484   0.57902   0.71581   0.33545   0.20078   0.29725   1.68109   0.22398   0.04624   0.13310   0.13087   0.13639   0.04919   1.42376   0.10375   0.05397  
  9 338.7247   6655.942337  x:  0.71692   1.75715   2.52643   1.10066   1.09336   0.10926   0.62475   0.59212   0.75208   0.33318   0.22645   0.31826   1.75584   0.24936   0.10160   0.14227   0.11213   0.13591   0.04992   1.34862   0.09906   0.05369  
 10 178.1021   6648.874425  x:  0.55496   1.86402   2.85438   1.10983   1.14950   0.16275   0.63972   0.61208   0.70977   0.23425   0.21445   0.32634   1.91264   0.15336   0.15018   0.09979   0.15083   0.12905   0.04960   1.31206   0.09203   0.05229  
 11 70.1935   6646.466641  x:  0.49636   1.91045   2.99549   1.11692   1.17403   0.19086   0.66242   0.61951   0.67934   0.20874   0.18576   0.30320   1.97718   0.15009   0.15273   0.14558   0.12368   0.12635   0.05013   1.33701   0.09071   0.05029  
 12 90.2636   6643.063937  x:  0.43560   1.99347   3.23945   1.14041   1.20743   0.22870   0.72717   0.62884   0.62506   0.25264   0.21805   0.31137   2.08079   0.22148   0.11834   0.13316   0.12699   0.12622   0.05025   1.46216   0.08476   0.05138  
 13 58.7186   6641.972243  x:  0.44787   2.02929   3.34139   1.14335   1.18807   0.18181   0.73370   0.58354   0.61194   0.30211   0.20460   0.30942   2.10381   0.18285   0.14024   0.13457   0.13085   0.12700   0.04992   1.53625   0.08586   0.05158  
 14 20.5319   6641.727526  x:  0.46250   2.03793   3.37636   1.12980   1.17733   0.17213   0.72982   0.55321   0.60523   0.27936   0.20215   0.32073   2.09201   0.19438   0.13282   0.13297   0.13021   0.12717   0.04984   1.54529   0.08724   0.05145  
 15  6.8855   6641.061119  x:  0.51978   2.05673   3.49651   1.06493   1.16723   0.22533   0.75117   0.52949   0.64546   0.28137   0.21327   0.30940   2.01550   0.19357   0.13606   0.13490   0.13014   0.12914   0.04960   1.53937   0.08633   0.05188  
 16  6.5619   6640.245187  x:  0.54539   2.05943   3.62311   1.02474   1.15107   0.21400   0.77061   0.60766   0.61277   0.29344   0.19178   0.33543   1.92567   0.19399   0.13552   0.13378   0.12958   0.12885   0.04937   1.52653   0.08656   0.05125  
 17  8.0727   6638.907263  x:  0.52243   2.03806   3.76168   1.10785   1.17099   0.19995   0.74742   0.64131   0.59004   0.28215   0.24964   0.27424   1.86767   0.19168   0.13692   0.13249   0.12874   0.12847   0.04874   1.53540   0.08965   0.05095  
 18  6.2635   6636.398730  x:  0.44033   1.99991   3.97573   1.30558   1.26193   0.23800   0.74930   0.63064   0.65848   0.30690   0.19708   0.34176   1.84590   0.20009   0.13755   0.13145   0.12899   0.12564   0.04763   1.55788   0.09091   0.04905  
 19 15.9563   6632.521547  x:  0.49549   2.17380   4.13691   1.35168   1.38946   0.13078   1.08220   0.63756   0.72510   0.27501   0.21273   0.33587   2.22124   0.20087   0.14016   0.12840   0.12901   0.12420   0.04556   1.47964   0.08472   0.04682  
 20  8.2609   6628.026426  x:  0.58233   2.55906   4.23546   1.17872   1.47221   0.21429   0.88282   0.77011   0.75031   0.28837   0.20423   0.35284   2.76819   0.20657   0.14189   0.12594   0.12781   0.12006   0.04251   1.56610   0.08306   0.04313  
 21 12.1895   6623.074189  x:  0.52160   3.16317   4.47768   1.42005   1.34156   0.35097   0.90071   0.70183   0.59394   0.41617   0.19758   0.36822   2.83458   0.21256   0.13922   0.12807   0.11958   0.11554   0.03754   1.39270   0.07369   0.03871  
 22  3.4612   6616.687345  x:  0.48066   3.81375   4.82511   1.72123   1.25792   0.34084   0.95382   0.84498   0.77057   0.30501   0.19268   0.38511   2.86471   0.20284   0.15115   0.12413   0.11856   0.11119   0.03099   1.45211   0.06072   0.03429  
 23 25.3608   6614.006267  x:  0.61486   3.65580   5.13927   1.72320   1.55453   0.27715   0.90171   0.83749   0.73090   0.33873   0.18865   0.38920   2.99485   0.19938   0.15149   0.12447   0.11517   0.10992   0.02739   1.41307   0.05488   0.03164  
 24  5.2792   6609.725125  x:  0.77622   2.96665   5.69315   1.75680   1.25683   0.37035   0.89520   0.89154   0.74501   0.33366   0.18801   0.38733   3.43520   0.19298   0.15487   0.12474   0.11292   0.10417   0.02114   1.39715   0.05384   0.02635  
 25  8.0717   6602.291655  x:  0.95910   2.81470   6.24243   1.98243   1.60983   0.21624   0.83277   0.94511   0.82713   0.26484   0.17062   0.37572   3.36699   0.17717   0.16643   0.12444   0.12049   0.08316   0.01076   1.49598   0.05843   0.01470  
 26  0.8621   6599.472579  x:  1.02250   3.33789   6.68433   2.26852   1.62214   0.25660   1.00007   0.99624   0.88394   0.27077   0.17203   0.37606   3.47821   0.18477   0.17249   0.12698   0.13151   0.06442   0.00826   1.50363   0.05163   0.00626  
 27  0.6510   6596.924665  x:  1.21990   3.50291   6.80226   2.43360   1.67686   0.30287   1.16110   0.98440   0.87155   0.33414   0.19282   0.36703   3.46922   0.20929   0.16562   0.12760   0.14039   0.05769   0.02312   1.49852   0.04891   0.01434  
 28  0.2430   6594.842006  x:  1.71304   3.16756   7.37545   2.69717   1.79066   0.31521   1.10769   1.09023   0.88976   0.33315   0.17876   0.38377   3.76642   0.19984   0.17145   0.12837   0.12657   0.04445   0.02473   1.50609   0.04719   0.01182  
 29  0.3624   6594.128190  x:  1.92336   3.22955   7.51967   2.82232   1.81414   0.32749   1.09695   1.14854   0.91334   0.31934   0.17087   0.39570   3.86772   0.19133   0.17817   0.12437   0.12542   0.05369   0.02335   1.51028   0.04417   0.01452  
 30  0.2684   6593.858730  x:  2.04015   3.31305   7.52334   2.88710   1.81579   0.33376   1.09988   1.16867   0.91824   0.31590   0.16639   0.39806   3.86845   0.18722   0.18193   0.12315   0.12863   0.05828   0.02261   1.51082   0.04474   0.01618  
 31  0.1362   6593.698925  x:  2.19831   3.49901   7.69969   3.02015   1.85501   0.34812   1.14980   1.20547   0.93273   0.32360   0.16374   0.40103   3.96085   0.18842   0.18527   0.12318   0.13339   0.05547   0.02215   1.50461   0.04257   0.01633  
 32  0.2519   6593.663982  x:  2.25858   3.51787   7.76859   3.04034   1.88174   0.34703   1.17230   1.21480   0.93367   0.32935   0.16555   0.40126   4.02749   0.19077   0.18391   0.12469   0.13114   0.05506   0.02141   1.50270   0.04238   0.01565  
 33  0.0561   6593.648766  x:  2.28066   3.54079   7.83179   3.04119   1.90136   0.34521   1.18940   1.22550   0.94097   0.32921   0.16529   0.40255   4.09184   0.19040   0.18383   0.12399   0.13072   0.05568   0.02096   1.50647   0.04183   0.01511  
 34  0.0433   6593.640250  x:  2.25133   3.55676   7.84368   3.01319   1.90356   0.34401   1.19435   1.22664   0.94459   0.32842   0.16447   0.40274   4.11347   0.18989   0.18356   0.12372   0.13175   0.05633   0.02116   1.50758   0.04194   0.01495  
 35  0.0211   6593.634213  x:  2.26183   3.60039   7.91714   3.02658   1.91266   0.34891   1.19799   1.23944   0.94958   0.33001   0.16285   0.40463   4.14899   0.19032   0.18392   0.12416   0.13219   0.05578   0.02155   1.50325   0.04152   0.01522  
 36  0.0326   6593.631989  x:  2.26509   3.59719   7.95508   3.03498   1.91696   0.34907   1.19482   1.24447   0.95026   0.32999   0.16294   0.40517   4.15711   0.19014   0.18407   0.12382   0.13141   0.05595   0.02152   1.50422   0.04148   0.01551  
 37  0.0182   6593.631089  x:  2.26083   3.60113   7.97981   3.04510   1.92028   0.34857   1.19904   1.24537   0.95043   0.33069   0.16333   0.40472   4.15656   0.18990   0.18434   0.12369   0.13185   0.05595   0.02140   1.50547   0.04140   0.01561  
 38  0.0104   6593.630898  x:  2.25746   3.60074   7.97932   3.04840   1.91987   0.34863   1.19995   1.24461   0.95001   0.33072   0.16317   0.40470   4.15325   0.19010   0.18423   0.12389   0.13177   0.05601   0.02139   1.50459   0.04142   0.01556  
 39  0.0029   6593.630804  x:  2.25732   3.60338   7.98301   3.05270   1.92080   0.34896   1.20050   1.24569   0.95061   0.33043   0.16294   0.40508   4.15670   0.19012   0.18419   0.12385   0.13171   0.05605   0.02140   1.50440   0.04138   0.01549  
 40  0.0029   6593.630772  x:  2.25608   3.60353   7.98093   3.05396   1.92092   0.34900   1.19999   1.24572   0.95057   0.33054   0.16304   0.40503   4.15694   0.19007   0.18420   0.12380   0.13179   0.05602   0.02142   1.50477   0.04139   0.01548  
 41  0.0013   6593.630764  x:  2.25622   3.60399   7.98073   3.05451   1.92142   0.34897   1.20011   1.24590   0.95061   0.33072   0.16307   0.40493   4.15822   0.19010   0.18420   0.12383   0.13177   0.05603   0.02142   1.50471   0.04138   0.01550  
 42  0.0007   6593.630762  x:  2.25574   3.60384   7.97995   3.05426   1.92131   0.34889   1.20008   1.24587   0.95064   0.33062   0.16307   0.40494   4.15801   0.19009   0.18421   0.12382   0.13177   0.05603   0.02141   1.50468   0.04139   0.01551  
 43  0.0005   6593.630762  x:  2.25577   3.60392   7.97999   3.05437   1.92135   0.34887   1.20013   1.24590   0.95063   0.33062   0.16306   0.40496   4.15815   0.19008   0.18421   0.12382   0.13177   0.05602   0.02141   1.50468   0.04139   0.01551  
 44  0.0001   6593.630762  x:  2.25578   3.60391   7.98001   3.05434   1.92134   0.34887   1.20013   1.24590   0.95063   0.33063   0.16306   0.40496   4.15815   0.19008   0.18421   0.12382   0.13177   0.05602   0.02141   1.50468   0.04139   0.01551  
 45  0.0000   6593.630762  x:  2.25578   3.60390   7.98000   3.05434   1.92134   0.34887   1.20013   1.24590   0.95062   0.33063   0.16306   0.40496   4.15815   0.19008   0.18422   0.12382   0.13177   0.05602   0.02141   1.50469   0.04139   0.01551  
 46  0.0000   6593.630762  x:  2.25578   3.60390   7.98000   3.05434   1.92134   0.34887   1.20013   1.24590   0.95062   0.33063   0.16306   0.40496   4.15815   0.19008   0.18422   0.12382   0.13177   0.05602   0.02141   1.50468   0.04139   0.01551  
 47  0.0000   6593.630762  x:  2.25578   3.60390   7.98000   3.05434   1.92134   0.34887   1.20013   1.24590   0.95062   0.33063   0.16306   0.40496   4.15815   0.19008   0.18422   0.12382   0.13177   0.05602   0.02141   1.50468   0.04139   0.01551  
 48  0.0000   6593.630762  x:  2.25578   3.60390   7.98000   3.05434   1.92134   0.34887   1.20013   1.24590   0.95062   0.33063   0.16306   0.40496   4.15815   0.19008   0.18422   0.12382   0.13177   0.05602   0.02141   1.50468   0.04139   0.01551  
 49  0.0000   6593.630762  x:  2.25578   3.60390   7.98000   3.05434   1.92134   0.34887   1.20013   1.24590   0.95062   0.33063   0.16306   0.40496   4.15815   0.19008   0.18422   0.12382   0.13177   0.05602   0.02141   1.50468   0.04139   0.01551  