

TREE # 1

  0  0.0000   3733.730792  x:  0.21075   0.30671   0.30593   0.09310   0.28547   0.14773   0.32157   0.03768   0.20721   0.12648   0.10532   0.09744   0.42714   0.02840   0.04809   0.05515   0.07038   0.00000   0.12428   2.00000   0.20000   0.20000  
  1 99.0000   3721.222731  x:  0.21591   0.30942   0.30989   0.09916   0.28708   0.14949   0.32260   0.04216   0.20866   0.12752   0.10679   0.09845   0.43063   0.02915   0.04900   0.05531   0.07042   0.07432   0.12286   1.99920   0.19687   0.19988  
  2 4080.3836   3578.135878  x:  0.40983   0.41296   0.46120   0.32167   0.34833   0.21545   0.36136   0.20019   0.26354   0.16623   0.16209   0.13582   0.56380   0.05410   0.08306   0.05424   0.03359   0.07224   0.04648   1.96837   0.08378   0.19507  
  3 647.1837   3522.625570  x:  0.51251   0.47038   0.54522   0.43331   0.38290   0.24986   0.38241   0.27395   0.29282   0.18597   0.19027   0.15336   0.63873   0.05787   0.09639   0.05572   0.02254   0.07146   0.00970   1.94777   0.15674   0.19195  
  4 1830.1215   3510.209611  x:  0.56527   0.50309   0.59416   0.48095   0.40193   0.26452   0.39114   0.29463   0.30581   0.19152   0.20192   0.15507   0.68432   0.04393   0.09136   0.06123   0.04880   0.07002   0.08842   1.93140   0.17724   0.18879  
  5 636.8000   3501.113937  x:  0.59034   0.52606   0.63179   0.47846   0.41354   0.26265   0.38900   0.25897   0.30599   0.18124   0.19980   0.13575   0.72452   0.00000   0.06172   0.05711   0.06299   0.07004   0.08133   1.90800   0.17303   0.18417  
  6 179.2352   3488.012592  x:  0.64504   0.58066   0.72278   0.45578   0.44092   0.25276   0.38074   0.15175   0.30366   0.15172   0.19129   0.08205   0.82474   0.02064   0.01410   0.04960   0.09856   0.07008   0.06727   1.84558   0.16561   0.17370  
  7 412.5879   3479.089242  x:  0.68127   0.61889   0.78865   0.43056   0.46061   0.24305   0.37528   0.06781   0.30336   0.13238   0.18688   0.04577   0.89948   0.01808   0.04621   0.05429   0.11844   0.07022   0.05880   1.79555   0.15964   0.16319  
  8 611.5971   3468.849193  x:  0.69498   0.65864   0.88134   0.28588   0.49170   0.20394   0.39395   0.02860   0.33231   0.17709   0.22210   0.10239   1.03678   0.01803   0.04467   0.06275   0.06023   0.07139   0.06983   1.65892   0.15159   0.14295  
  9 108.3414   3461.978839  x:  0.69221   0.68239   0.94949   0.14837   0.51752   0.17080   0.41168   0.08061   0.33960   0.18157   0.22338   0.08887   1.15224   0.01795   0.05273   0.05383   0.05595   0.07161   0.06877   1.53115   0.14581   0.12256  
 10 230.3603   3459.323704  x:  0.65761   0.63752   0.92925   0.16039   0.53176   0.17094   0.42432   0.08592   0.32550   0.18767   0.22246   0.09310   1.22630   0.01893   0.04667   0.10309   0.07389   0.07125   0.05966   1.38261   0.14184   0.09961  
 11 43.3270   3455.117453  x:  0.61116   0.56563   0.88955   0.19943   0.54866   0.17391   0.43834   0.08044   0.30486   0.19092   0.21852   0.09365   1.32512   0.01877   0.05046   0.06434   0.06492   0.07137   0.06385   1.16390   0.13988   0.06259  
 12 150.7840   3454.665447  x:  0.63915   0.55720   0.87331   0.19925   0.53301   0.16167   0.42572   0.08227   0.33044   0.18037   0.21791   0.08425   1.32039   0.01895   0.04804   0.07010   0.05355   0.07145   0.06660   1.13484   0.14034   0.03802  
 13 10.6936   3454.406289  x:  0.65812   0.55283   0.86305   0.19615   0.52356   0.15644   0.41856   0.08227   0.34502   0.17886   0.22280   0.08930   1.31536   0.01932   0.04844   0.06648   0.06515   0.07131   0.06354   1.11872   0.13985   0.02190  
 14 31.2927   3453.616305  x:  0.72111   0.55418   0.84164   0.17427   0.52054   0.19586   0.41580   0.08251   0.31004   0.16759   0.23474   0.09804   1.29303   0.01939   0.04852   0.06849   0.06210   0.07126   0.06378   1.08883   0.13902   0.01158  
 15  6.6498   3451.228836  x:  0.81723   0.57159   0.81318   0.16629   0.51219   0.21514   0.44322   0.07713   0.31002   0.24057   0.18052   0.07982   1.26668   0.01823   0.05315   0.06518   0.06951   0.07085   0.06031   1.04831   0.13457   0.08435  
 16  8.7457   3431.076128  x:  1.06802   0.71338   0.79549   0.29488   0.48337   0.03746   0.53176   0.11005   0.28773   0.18064   0.40461   0.04873   1.27783   0.01430   0.07840   0.04731   0.08081   0.06790   0.04767   1.00577   0.11249   0.43714  
 17 15.8176   3407.953901  x:  1.21551   0.82720   0.84450   0.40491   0.58964   0.23462   0.46044   0.14517   0.54782   0.07397   0.59304   0.01423   1.35740   0.01253   0.10460   0.02327   0.08539   0.06431   0.03109   1.03699   0.07839   0.74176  
 18 69.8125   3396.448893  x:  1.25533   0.83687   1.00080   0.50355   0.58088   0.22227   0.26143   0.19286   0.44498   0.19090   0.51650   0.04171   1.42680   0.01723   0.11288   0.02300   0.06198   0.06277   0.03030   1.13266   0.06828   0.59721  
 19 33.8419   3390.943643  x:  1.27067   0.80045   1.12884   0.55427   0.58634   0.22166   0.45061   0.18648   0.42082   0.19595   0.40914   0.07407   1.42905   0.02346   0.11064   0.02464   0.04691   0.06207   0.02912   1.21906   0.06024   0.37054  
 20 33.9229   3388.997035  x:  1.27463   0.79348   1.22832   0.58198   0.63262   0.18971   0.43398   0.19701   0.42377   0.10870   0.29767   0.17444   1.35921   0.02374   0.11353   0.03049   0.04629   0.06171   0.02926   1.18582   0.06067   0.37705  
 21  4.7178   3380.446257  x:  1.29216   0.61041   1.59207   0.66204   0.74958   0.20887   0.45277   0.20661   0.42490   0.27314   0.43183   0.00000   1.18743   0.02898   0.10524   0.06329   0.03546   0.06002   0.03429   1.19527   0.06862   0.20337  
 22  4.9067   3374.498027  x:  1.37420   0.61493   1.44537   0.67653   0.63257   0.25232   0.48448   0.22040   0.39860   0.24438   0.33460   0.00000   1.54645   0.03007   0.10725   0.07298   0.02569   0.05904   0.03981   1.39859   0.07656   0.11667  
 23 11.4790   3374.070409  x:  1.38016   0.62452   1.42781   0.67907   0.62484   0.25611   0.48759   0.22186   0.39609   0.24281   0.32512   0.04274   1.58068   0.03021   0.10738   0.07414   0.02462   0.05893   0.04033   1.41670   0.07724   0.10497  
 24 29.3924   3372.645820  x:  1.34069   0.82211   1.35397   0.70538   0.68529   0.25236   0.49104   0.22563   0.39461   0.26465   0.31470   0.03573   1.58904   0.03105   0.10639   0.07912   0.02178   0.05851   0.04036   1.39115   0.07585   0.03022  
 25  5.2848   3360.449908  x:  1.45114   1.27114   1.59609   0.84916   0.45796   0.38196   0.46234   0.27905   0.43401   0.24276   0.37326   0.02279   1.98984   0.01899   0.12331   0.11580   0.07250   0.05132   0.02533   1.10987   0.05928   0.23102  
 26  1.8469   3354.131883  x:  1.71197   1.20927   1.56905   0.87746   0.95852   0.22999   0.40541   0.30085   0.45410   0.24869   0.39414   0.01020   2.26526   0.01157   0.13094   0.12821   0.09680   0.04763   0.01882   1.11810   0.04996   0.30269  
 27 15.1940   3337.555225  x:  2.21388   0.85260   2.57122   1.13451   1.14980   0.15314   0.40444   0.37688   0.43872   0.14704   0.20167   0.09989   2.69501   0.00000   0.15330   0.06546   0.08547   0.03620   0.05100   0.92877   0.04752   0.24250  
 28  1.1342   3328.783000  x:  2.56590   0.83025   3.01369   1.31300   1.14970   0.21589   0.42246   0.42707   0.49900   0.19728   0.35762   0.04671   3.07844   0.00400   0.15621   0.07512   0.05995   0.02807   0.06291   1.01750   0.03540   0.22735  
 29  0.7638   3324.247573  x:  2.81698   0.84360   3.20351   1.43086   1.18842   0.24310   0.46810   0.45384   0.53591   0.22476   0.42846   0.02033   3.33270   0.01040   0.15209   0.06735   0.04901   0.02296   0.06511   1.20775   0.04046   0.19775  
 30  0.7269   3318.917118  x:  3.35867   1.15737   3.67125   1.71980   1.29829   0.26808   0.52016   0.52567   0.60035   0.18430   0.43263   0.00672   3.95212   0.00741   0.15350   0.05304   0.03276   0.01131   0.06333   1.21318   0.03113   0.26834  
 31  0.7399   3315.212992  x:  3.71541   1.50511   3.77176   1.87363   1.42644   0.26134   0.57401   0.55727   0.62354   0.16075   0.38492   0.01282   4.44716   0.00156   0.14018   0.06307   0.06731   0.00917   0.04131   1.19560   0.02855   0.32187  
 32  0.4985   3312.748577  x:  3.91478   1.72993   3.81644   1.97358   1.47917   0.26381   0.61665   0.56932   0.63372   0.15146   0.34290   0.02203   4.72323   0.01496   0.11541   0.06404   0.06862   0.01354   0.02868   1.13608   0.02890   0.30444  
 33  0.4596   3309.500521  x:  4.43779   1.98676   4.17999   2.20769   1.62669   0.26489   0.64822   0.61712   0.66271   0.14856   0.37261   0.02378   5.31812   0.01881   0.09388   0.05695   0.04507   0.01583   0.03856   1.07968   0.02320   0.33949  
 34  0.5976   3308.125240  x:  4.72080   2.06407   4.33308   2.30471   1.70432   0.25660   0.65465   0.63451   0.65706   0.15823   0.39636   0.02672   5.61783   0.01649   0.08210   0.05381   0.03565   0.01945   0.04502   1.11506   0.02430   0.34426  
 35  0.5203   3306.444799  x:  5.47020   2.29328   4.78677   2.59230   1.91630   0.24225   0.69780   0.69484   0.65805   0.16508   0.37415   0.04441   6.47469   0.01427   0.06500   0.05925   0.05192   0.02280   0.04223   1.20691   0.02111   0.32015  
 36  0.8073   3304.820326  x:  6.03018   2.36294   5.20168   2.80439   2.06034   0.23184   0.67769   0.74794   0.63650   0.17369   0.36636   0.04395   7.02281   0.00460   0.09481   0.06153   0.06066   0.02617   0.04538   1.19313   0.02031   0.34305  
 37  0.3215   3304.039807  x:  6.57624   2.53943   5.60144   3.04082   2.18982   0.23794   0.69155   0.79985   0.64838   0.17596   0.37107   0.03888   7.59862   0.00591   0.09865   0.06153   0.05431   0.02787   0.04584   1.15542   0.01756   0.36189  
 38  1.0729   3303.239509  x:  7.14966   2.69994   6.02406   3.29045   2.28845   0.25736   0.70400   0.84923   0.66396   0.17860   0.37978   0.02788   8.16372   0.01178   0.10347   0.06167   0.04247   0.03035   0.04430   1.10781   0.01699   0.37678  
 39  0.5697   3302.829474  x:  8.03312   2.92600   6.64642   3.65032   2.47818   0.26767   0.73931   0.92232   0.67862   0.18117   0.37707   0.03262   9.07869   0.01076   0.10536   0.06125   0.04559   0.03289   0.04152   1.14178   0.01501   0.38030  
 40  0.9633   3302.628463  x:  8.37846   2.99609   6.88952   3.78612   2.53619   0.27681   0.76003   0.94566   0.68683   0.17987   0.37550   0.03801   9.42162   0.00991   0.10387   0.06077   0.05001   0.03346   0.03964   1.17354   0.01510   0.37474  
 41  0.5153   3302.468874  x:  9.19300   3.22386   7.48058   4.12583   2.68473   0.30147   0.80085   1.00760   0.71377   0.17539   0.38634   0.03807  10.23750   0.00935   0.10250   0.06016   0.04741   0.03460   0.03936   1.15522   0.01363   0.39503  
 42  0.6595   3302.360235  x:  9.47389   3.30119   7.70227   4.24941   2.70788   0.32465   0.82755   1.02320   0.73376   0.16453   0.38904   0.03800  10.48859   0.00972   0.10034   0.06084   0.04617   0.03296   0.04162   1.13273   0.01352   0.40588  
 43  0.2360   3302.281890  x: 10.04619   3.44797   8.13551   4.49409   2.79048   0.35311   0.87189   1.06230   0.75688   0.15208   0.38164   0.04181  11.03460   0.00972   0.09981   0.06161   0.04877   0.03102   0.04262   1.13666   0.01266   0.41232  
 44  0.5269   3302.249198  x:  9.98013   3.41896   8.10874   4.47237   2.75598   0.36165   0.88133   1.05243   0.75492   0.14665   0.37222   0.04444  10.93451   0.00981   0.10057   0.06156   0.04976   0.02868   0.04283   1.14752   0.01290   0.40635  
 45  0.0842   3302.218443  x:  9.96919   3.41309   8.12453   4.47450   2.73359   0.37163   0.89168   1.04420   0.74471   0.14869   0.37169   0.04539  10.86962   0.00956   0.10190   0.06144   0.04703   0.02685   0.04226   1.14450   0.01281   0.40645  
 46  0.0251   3302.183920  x:  9.62130   3.32033   7.86605   4.32471   2.67672   0.35868   0.87564   1.00570   0.70898   0.16894   0.37856   0.04516  10.45960   0.00881   0.10213   0.06209   0.04697   0.02760   0.04105   1.14367   0.01325   0.40075  
 47  0.1810   3302.110027  x:  9.91563   3.38577   8.09129   4.44776   2.70553   0.38198   0.92632   0.98240   0.68150   0.18857   0.37594   0.04890  10.51414   0.00946   0.09916   0.06250   0.05117   0.02652   0.04288   1.14014   0.01301   0.40475  
 48  0.0915   3302.041583  x: 10.21187   3.46385   8.28345   4.56553   2.76405   0.38777   0.94925   0.96830   0.67350   0.20231   0.37670   0.04329  10.60737   0.01041   0.09968   0.06071   0.04717   0.02909   0.04340   1.13727   0.01267   0.42812  
 49  0.1252   3301.971899  x: 10.31536   3.48649   8.32663   4.60268   2.77306   0.39532   0.96850   0.92638   0.67881   0.20221   0.37026   0.03787  10.43378   0.00904   0.10352   0.06230   0.04725   0.02920   0.04199   1.15996   0.01286   0.46852  
 50  0.0628   3301.897534  x: 10.45821   3.55572   8.36882   4.65529   2.82047   0.39345   0.97061   0.89441   0.72299   0.18323   0.38159   0.03470  10.35383   0.00738   0.10402   0.06287   0.04817   0.02986   0.04145   1.14292   0.01264   0.54679  
 51  0.0609   3301.855088  x: 10.08515   3.46446   8.06822   4.49822   2.76840   0.37662   0.94549   0.84014   0.72582   0.17832   0.38524   0.03645   9.84473   0.00880   0.10259   0.06171   0.04780   0.02956   0.04189   1.13976   0.01311   0.57633  
 52  0.4003   3301.837014  x:  9.85175   3.38420   7.88496   4.39644   2.73473   0.36112   0.91340   0.82234   0.72559   0.16967   0.38033   0.03934   9.61309   0.00821   0.10357   0.06153   0.04830   0.02902   0.04210   1.15595   0.01345   0.58412  
 53  0.1726   3301.795756  x: 10.07095   3.36990   8.02532   4.47370   2.77342   0.35054   0.86693   0.83331   0.71446   0.16644   0.37255   0.04046   9.82504   0.00801   0.10261   0.06255   0.04820   0.02938   0.04385   1.15495   0.01331   0.59571  
 54  0.0646   3301.769848  x: 10.04002   3.32534   7.96993   4.45148   2.76510   0.34212   0.83612   0.78717   0.70561   0.17086   0.37890   0.03782   9.57701   0.00805   0.10199   0.06250   0.04767   0.02900   0.04294   1.14387   0.01341   0.63972  
 55  0.1627   3301.758450  x: 10.19116   3.34485   8.08491   4.51513   2.77629   0.34984   0.83644   0.79935   0.71399   0.17303   0.38445   0.03460   9.74660   0.00841   0.10180   0.06190   0.04816   0.02826   0.04155   1.14654   0.01325   0.63937  
 56  0.1334   3301.750643  x: 10.11973   3.29188   8.01761   4.47930   2.74836   0.34571   0.81636   0.78440   0.70910   0.18164   0.38923   0.03109   9.65542   0.00794   0.10286   0.06164   0.04839   0.02840   0.04188   1.15293   0.01342   0.64455  
 57  0.0475   3301.735514  x: 10.02575   3.25528   7.93086   4.44227   2.67765   0.35707   0.82251   0.77223   0.71683   0.19051   0.39223   0.02712   9.61299   0.00828   0.10315   0.06141   0.04806   0.02838   0.04296   1.14456   0.01350   0.63915  
 58  0.0384   3301.722613  x:  9.97690   3.21342   7.84802   4.41577   2.61686   0.35979   0.80963   0.75125   0.71626   0.18559   0.38281   0.02983   9.56652   0.00796   0.10207   0.06200   0.04822   0.02828   0.04216   1.14425   0.01360   0.65255  
 59  0.0462   3301.715064  x: 10.03145   3.23647   7.86128   4.43696   2.60504   0.36560   0.82844   0.75411   0.70941   0.18470   0.38278   0.03253   9.66399   0.00802   0.10147   0.06193   0.04818   0.02910   0.04179   1.14880   0.01356   0.65011  
 60  0.0438   3301.709682  x:  9.96352   3.20676   7.77214   4.40491   2.57984   0.36037   0.81661   0.74001   0.71080   0.17909   0.38837   0.03165   9.59996   0.00810   0.10241   0.06159   0.04808   0.02909   0.04212   1.14818   0.01368   0.67000  
 61  0.0696   3301.707352  x: 10.02593   3.22507   7.80625   4.43207   2.59126   0.36117   0.82559   0.73986   0.70870   0.17943   0.38961   0.02972   9.64931   0.00798   0.10325   0.06168   0.04836   0.02873   0.04218   1.14565   0.01360   0.67709  
 62  0.0428   3301.703140  x:  9.98268   3.22003   7.73128   4.41489   2.60059   0.34639   0.82405   0.73977   0.70685   0.18145   0.38958   0.02747   9.67776   0.00809   0.10266   0.06167   0.04862   0.02874   0.04221   1.14620   0.01362   0.68175  
 63  0.0207   3301.700132  x: 10.00750   3.23259   7.71002   4.42570   2.61970   0.33747   0.82860   0.72913   0.70977   0.18343   0.39106   0.02672   9.67298   0.00788   0.10237   0.06161   0.04817   0.02868   0.04211   1.14649   0.01363   0.70019  
 64  0.0222   3301.699045  x: 10.01598   3.23484   7.71254   4.43215   2.62577   0.33497   0.82907   0.73248   0.70770   0.18368   0.38901   0.02948   9.70549   0.00795   0.10263   0.06171   0.04807   0.02843   0.04222   1.14569   0.01362   0.69911  
 65  0.0182   3301.698773  x: 10.01695   3.23616   7.70758   4.43390   2.62541   0.33463   0.82888   0.73041   0.70829   0.18356   0.38792   0.03002   9.70323   0.00793   0.10302   0.06175   0.04816   0.02854   0.04212   1.14576   0.01361   0.70250  
 66  0.0036   3301.697958  x: 10.05516   3.25648   7.74217   4.45970   2.63950   0.33664   0.82953   0.73456   0.70893   0.18401   0.38857   0.02996   9.74921   0.00796   0.10307   0.06168   0.04806   0.02862   0.04212   1.14562   0.01354   0.70673  
 67  0.0098   3301.695740  x: 10.06804   3.30526   7.76544   4.51439   2.65182   0.34610   0.82869   0.73534   0.70846   0.18536   0.38969   0.02983   9.81483   0.00789   0.10301   0.06155   0.04794   0.02858   0.04226   1.14620   0.01345   0.73013  
 68  0.0342   3301.694255  x:  9.96207   3.29267   7.69328   4.48907   2.62982   0.34795   0.82423   0.72759   0.70773   0.18412   0.38830   0.02964   9.73846   0.00783   0.10294   0.06166   0.04818   0.02846   0.04222   1.14679   0.01358   0.73706  
 69  0.0736   3301.693643  x:  9.92076   3.28265   7.68525   4.48785   2.63019   0.34728   0.82331   0.72684   0.70527   0.18638   0.38874   0.02882   9.71475   0.00789   0.10318   0.06162   0.04816   0.02858   0.04198   1.14531   0.01361   0.73753  
 70  0.0080   3301.691165  x:  9.91258   3.25068   7.74272   4.53032   2.64708   0.34329   0.82623   0.72838   0.70994   0.18253   0.38865   0.02942   9.75440   0.00781   0.10312   0.06167   0.04810   0.02867   0.04205   1.14558   0.01358   0.74835  
 71  0.0147   3301.690772  x:  9.89915   3.23749   7.73907   4.53040   2.63949   0.34368   0.82727   0.72395   0.70786   0.18399   0.38873   0.02943   9.73718   0.00782   0.10296   0.06171   0.04813   0.02858   0.04215   1.14625   0.01359   0.74997  
 72  0.0237   3301.690687  x:  9.88786   3.23898   7.73437   4.52955   2.63674   0.34357   0.82714   0.72458   0.70839   0.18337   0.38841   0.02938   9.73154   0.00779   0.10300   0.06174   0.04815   0.02856   0.04214   1.14634   0.01359   0.75200  
 73  0.0022   3301.690045  x:  9.89177   3.24758   7.74568   4.54478   2.63385   0.33790   0.82717   0.72567   0.70811   0.18387   0.38885   0.02932   9.72484   0.00777   0.10302   0.06174   0.04814   0.02858   0.04215   1.14625   0.01358   0.76891  
 74  0.0036   3301.690002  x:  9.88949   3.24989   7.74675   4.54915   2.63277   0.33609   0.82756   0.72591   0.70801   0.18400   0.38882   0.02938   9.72185   0.00775   0.10303   0.06172   0.04815   0.02857   0.04215   1.14633   0.01359   0.77457  
 75  0.0078   3301.689920  x:  9.89073   3.25025   7.74648   4.55079   2.63274   0.33620   0.82769   0.72612   0.70798   0.18394   0.38872   0.02943   9.72146   0.00775   0.10303   0.06170   0.04816   0.02857   0.04216   1.14633   0.01359   0.77823  
 76  0.0005   3301.688863  x:  9.91094   3.24612   7.72675   4.57827   2.63201   0.33909   0.82887   0.73079   0.70780   0.18329   0.38766   0.03007   9.69922   0.00755   0.10313   0.06153   0.04826   0.02855   0.04217   1.14615   0.01358   0.86635  
 77  0.0785   3301.688734  x:  9.90801   3.23929   7.71976   4.57362   2.63216   0.33930   0.82785   0.73110   0.70811   0.18361   0.38849   0.02967   9.69140   0.00755   0.10318   0.06171   0.04815   0.02859   0.04215   1.14605   0.01359   0.87145  
 78  0.0088   3301.688717  x:  9.90772   3.23898   7.71870   4.57346   2.63205   0.33936   0.82776   0.73104   0.70805   0.18367   0.38855   0.02964   9.69045   0.00750   0.10323   0.06173   0.04814   0.02859   0.04214   1.14605   0.01359   0.87412  
 79  0.0011   3301.688520  x:  9.90594   3.23753   7.71889   4.56805   2.63172   0.33967   0.82779   0.73098   0.70802   0.18367   0.38847   0.02966   9.69100   0.00749   0.10325   0.06173   0.04815   0.02858   0.04214   1.14611   0.01359   0.87869  
 80  0.0009   3301.686229  x:  9.88450   3.22389   7.72719   4.50437   2.62873   0.34230   0.82782   0.72918   0.70757   0.18372   0.38772   0.02983   9.70384   0.00707   0.10363   0.06170   0.04819   0.02857   0.04215   1.14663   0.01362   1.07482  
 81  0.1326   3301.682121  x:  9.92618   3.26021   7.76505   4.57975   2.63979   0.33729   0.82890   0.72839   0.70825   0.18426   0.38914   0.02940   9.74382   0.00651   0.10423   0.06172   0.04812   0.02859   0.04215   1.14613   0.01354   1.72781  
 82  0.0956   3301.680682  x:  9.89585   3.23930   7.73626   4.53975   2.63206   0.33928   0.82776   0.72834   0.70773   0.18397   0.38851   0.02957   9.71168   0.00668   0.10404   0.06173   0.04815   0.02858   0.04215   1.14634   0.01359   2.00121  
 83  0.1422   3301.679731  x:  9.88518   3.22880   7.72383   4.52041   2.62887   0.34074   0.82747   0.72882   0.70758   0.18378   0.38809   0.02970   9.69832   0.00631   0.10435   0.06173   0.04817   0.02858   0.04215   1.14646   0.01362   2.44602  
 84  0.4647   3301.678416  x:  9.92191   3.25148   7.75744   4.56302   2.63784   0.33894   0.82888   0.72911   0.70821   0.18406   0.38868   0.02957   9.73638   0.00605   0.10465   0.06170   0.04814   0.02858   0.04216   1.14629   0.01356   3.54117  
 85  0.3620   3301.677625  x:  9.90743   3.24539   7.74615   4.55174   2.63483   0.33898   0.82828   0.72866   0.70793   0.18403   0.38864   0.02955   9.72305   0.00625   0.10446   0.06172   0.04815   0.02858   0.04215   1.14631   0.01358   4.13476  
 86  0.2923   3301.676913  x:  9.89071   3.23454   7.73044   4.53099   2.63064   0.33995   0.82765   0.72861   0.70764   0.18388   0.38834   0.02963   9.70533   0.00599   0.10468   0.06174   0.04816   0.02858   0.04214   1.14640   0.01361   5.53356  
 87  0.8042   3301.676168  x:  9.92883   3.25314   7.76184   4.56564   2.63893   0.33920   0.82919   0.72946   0.70837   0.18404   0.38861   0.02961   9.74190   0.00587   0.10482   0.06168   0.04814   0.02857   0.04216   1.14632   0.01355   9.18141  
 88  0.7853   3301.675800  x:  9.89914   3.23988   7.73841   4.54117   2.63283   0.33952   0.82798   0.72869   0.70777   0.18395   0.38848   0.02960   9.71431   0.00597   0.10471   0.06173   0.04816   0.02858   0.04215   1.14636   0.01359  10.73265  
 89  0.8240   3301.675575  x:  9.89402   3.23684   7.73366   4.53528   2.63152   0.33973   0.82778   0.72862   0.70770   0.18392   0.38841   0.02961   9.70891   0.00583   0.10483   0.06174   0.04816   0.02858   0.04214   1.14638   0.01360  14.41555  
 90  1.7526   3301.675336  x:  9.93287   3.25208   7.76371   4.56048   2.63984   0.34006   0.82972   0.73046   0.70844   0.18395   0.38849   0.02967   9.74560   0.00583   0.10485   0.06170   0.04815   0.02857   0.04216   1.14624   0.01354  20.57622  
 91  2.3374   3301.675136  x:  9.89765   3.23952   7.73800   4.54063   2.63279   0.33952   0.82794   0.72864   0.70770   0.18396   0.38850   0.02959   9.71376   0.00587   0.10480   0.06173   0.04816   0.02859   0.04214   1.14636   0.01359  27.62374  
 92  2.3724   3301.675032  x:  9.91108   3.24369   7.74701   4.54653   2.63526   0.33986   0.82864   0.72945   0.70801   0.18393   0.38846   0.02963   9.72517   0.00579   0.10488   0.06173   0.04816   0.02858   0.04215   1.14631   0.01357  36.29439  
 93  4.4190   3301.674917  x:  9.92237   3.24869   7.75555   4.55630   2.63732   0.33966   0.82904   0.72959   0.70828   0.18398   0.38850   0.02963   9.73515   0.00583   0.10486   0.06169   0.04815   0.02857   0.04216   1.14635   0.01356  62.35393  
 94  5.4504   3301.674844  x:  9.90704   3.24242   7.74454   4.54437   2.63472   0.33981   0.82847   0.72931   0.70789   0.18393   0.38847   0.02963   9.72209   0.00578   0.10488   0.06174   0.04816   0.02858   0.04214   1.14630   0.01358  80.60295  
 95  9.2665   3301.674803  x:  9.91631   3.24598   7.75077   4.55137   2.63598   0.33974   0.82880   0.72942   0.70817   0.18397   0.38847   0.02962   9.72953   0.00581   0.10487   0.06170   0.04815   0.02857   0.04216   1.14634   0.01357  117.62547  
 96  8.7264   3301.674766  x:  9.90762   3.24278   7.74514   4.54496   2.63498   0.33978   0.82848   0.72934   0.70787   0.18392   0.38848   0.02963   9.72275   0.00577   0.10488   0.06174   0.04816   0.02859   0.04214   1.14630   0.01358  176.87529  
 97 19.6929   3301.674749  x:  9.91334   3.24484   7.74883   4.54908   2.63559   0.33978   0.82871   0.72940   0.70808   0.18396   0.38847   0.02962   9.72723   0.00580   0.10488   0.06172   0.04815   0.02857   0.04215   1.14633   0.01357  223.02915  
 98 18.5974   3301.674723  x:  9.90982   3.24368   7.74664   4.54678   2.63535   0.33972   0.82853   0.72934   0.70792   0.18392   0.38848   0.02964   9.72450   0.00576   0.10490   0.06173   0.04816   0.02858   0.04214   1.14629   0.01357  555.50392  
 99 41.5593   3301.674714  x:  9.91156   3.24420   7.74766   4.54778   2.63539   0.33978   0.82864   0.72938   0.70802   0.18395   0.38847   0.02963   9.72580   0.00579   0.10488   0.06172   0.04816   0.02858   0.04215   1.14632   0.01357  617.42286  
100 42.7643   3301.674708  x:  9.91305   3.24476   7.74873   4.54896   2.63559   0.33977   0.82870   0.72938   0.70806   0.18396   0.38847   0.02962   9.72710   0.00579   0.10489   0.06172   0.04815   0.02858   0.04215   1.14634   0.01357  999.00000  
101 73.2416   3301.674706  x:  9.91056   3.24385   7.74698   4.54707   2.63530   0.33977   0.82859   0.72937   0.70798   0.18393   0.38847   0.02963   9.72497   0.00578   0.10488   0.06173   0.04816   0.02858   0.04215   1.14630   0.01357  999.00000  
102  0.0022   3301.674706  x:  9.90998   3.24364   7.74656   4.54667   2.63521   0.33976   0.82856   0.72936   0.70796   0.18393   0.38847   0.02963   9.72445   0.00578   0.10488   0.06173   0.04816   0.02858   0.04215   1.14629   0.01358  999.00000  
103  0.0742   3301.674706  x:  9.90821   3.24303   7.74524   4.54570   2.63487   0.33972   0.82847   0.72927   0.70792   0.18393   0.38848   0.02963   9.72280   0.00578   0.10488   0.06173   0.04816   0.02858   0.04215   1.14629   0.01358  999.00000  
104  0.0027   3301.674706  x:  9.90628   3.24239   7.74376   4.54485   2.63442   0.33966   0.82835   0.72913   0.70789   0.18393   0.38848   0.02962   9.72091   0.00578   0.10488   0.06173   0.04816   0.02858   0.04215   1.14631   0.01358  999.00000  
105  0.0044   3301.674705  x:  9.90516   3.24203   7.74286   4.54450   2.63410   0.33961   0.82827   0.72901   0.70788   0.18394   0.38848   0.02961   9.71976   0.00578   0.10488   0.06173   0.04816   0.02858   0.04215   1.14633   0.01358  999.00000  
106  0.0037   3301.674705  x:  9.90476   3.24191   7.74252   4.54446   2.63396   0.33959   0.82824   0.72895   0.70788   0.18395   0.38848   0.02961   9.71931   0.00578   0.10488   0.06173   0.04816   0.02858   0.04215   1.14634   0.01358  999.00000  
107  0.0018   3301.674705  x:  9.90464   3.24188   7.74241   4.54449   2.63390   0.33957   0.82823   0.72892   0.70789   0.18395   0.38848   0.02961   9.71916   0.00578   0.10488   0.06172   0.04816   0.02858   0.04215   1.14635   0.01358  999.00000  
108  0.0007   3301.674705  x:  9.90460   3.24188   7.74238   4.54451   2.63388   0.33957   0.82822   0.72891   0.70789   0.18395   0.38848   0.02961   9.71912   0.00578   0.10488   0.06172   0.04816   0.02858   0.04215   1.14635   0.01358  999.00000  
109  0.0004   3301.674705  x:  9.90459   3.24187   7.74237   4.54452   2.63387   0.33957   0.82822   0.72891   0.70789   0.18395   0.38848   0.02961   9.71910   0.00578   0.10488   0.06172   0.04816   0.02858   0.04215   1.14635   0.01358  999.00000  