

TREE # 1

  0  0.0000   3324.214603  x:  0.45232   1.10732   1.05708   0.09152   1.03595   0.34595   0.79799   0.18376   0.42014   0.70601   0.70521   0.17839   0.00000   0.22792   0.02852   0.00635   0.02976   2.00000   0.20000   0.20000  
  1 99.0000   3290.113355  x:  0.47340   1.11599   1.06658   0.15684   1.04150   0.35827   0.79861   0.19295   0.42678   0.70762   0.72741   0.18445   0.03078   0.22160   0.12265   0.01101   0.00000   1.98914   0.27401   0.18493  
  2 511.5091   3282.922019  x:  0.48824   1.12209   1.07326   0.20268   1.04539   0.36692   0.79902   0.19941   0.43145   0.70873   0.74305   0.18855   0.05212   0.21707   0.18803   0.01438   0.00561   1.98152   0.32526   0.17432  
  3 7737.5616   3275.827971  x:  0.50074   1.12712   1.07895   0.23312   1.04748   0.37288   0.79777   0.20395   0.43496   0.70826   0.75656   0.18061   0.05039   0.20869   0.19459   0.00124   0.00576   1.97614   0.31241   0.16380  
  4 229.2705   3231.887176  x:  0.62170   1.17582   1.13420   0.52381   1.06740   0.43000   0.78516   0.24774   0.46892   0.70334   0.88730   0.10077   0.02855   0.12646   0.24397   0.01003   0.00547   1.92414   0.17277   0.06116  
  5 1870.5973   3214.904316  x:  0.68541   1.20614   1.16936   0.63563   1.07846   0.45756   0.77900   0.27352   0.49159   0.70330   0.95509   0.06648   0.02789   0.10145   0.16561   0.01256   0.00493   1.88852   0.20475   0.00010  
  6 285.4012   3207.173153  x:  0.74919   1.23778   1.20625   0.73958   1.08899   0.48376   0.77182   0.29915   0.51481   0.70323   1.02261   0.06060   0.06037   0.09675   0.09158   0.01478   0.00444   1.85064   0.21899   0.03588  
  7 373.5970   3201.755890  x:  0.80239   1.27084   1.24637   0.77747   1.09546   0.49870   0.76128   0.32010   0.53750   0.70353   1.07734   0.08898   0.11871   0.17101   0.05584   0.01546   0.00425   1.80858   0.19891   0.00933  
  8 138.2504   3196.374873  x:  0.89064   1.33782   1.32958   0.74484   1.10384   0.51384   0.73827   0.35459   0.58051   0.70573   1.16591   0.04697   0.08131   0.26480   0.06459   0.01564   0.00418   1.71939   0.19704   0.02347  
  9 78.0394   3181.635923  x:  1.21695   1.60880   1.66825   0.45427   1.12947   0.55363   0.63804   0.46872   0.73256   0.70907   1.49634   0.11502   0.08518   0.18918   0.11618   0.01359   0.00417   1.35647   0.15105   0.01285  
 10 102.9443   3180.239120  x:  1.25505   1.68442   1.74254   0.43287   1.14297   0.56832   0.63235   0.36559   0.60807   0.66230   1.57588   0.10453   0.09594   0.18991   0.11957   0.01358   0.00418   1.38707   0.15292   0.01279  
 11 11.2058   3179.080469  x:  1.22811   1.80119   1.83433   0.43207   1.18315   0.60311   0.79051   0.36605   0.57926   0.77594   1.68098   0.12139   0.08458   0.19165   0.12443   0.01363   0.00409   1.51373   0.14627   0.01229  
 12  5.1324   3176.277821  x:  1.03779   2.03791   1.96659   0.55648   1.29256   0.54716   0.74499   0.25617   0.78066   0.77838   1.77024   0.08561   0.11440   0.18605   0.12894   0.01396   0.00390   1.59864   0.13746   0.01049  
 13  3.7621   3170.917232  x:  0.75102   2.37007   2.15517   0.82451   1.44743   0.53711   0.69151   0.53612   0.72548   0.60117   1.82136   0.10195   0.09534   0.19114   0.13542   0.01510   0.00339   1.54761   0.12374   0.00746  
 14 11.6103   3165.128363  x:  0.90617   2.42483   2.21592   1.09690   1.31904   0.55940   0.56113   0.54650   0.57178   0.92290   1.76621   0.07601   0.11008   0.19234   0.14084   0.01619   0.00284   1.34845   0.10930   0.00404  
 15  7.9753   3158.544876  x:  1.47108   2.21648   2.18820   1.33443   1.03894   0.69727   0.67250   0.49626   0.70164   0.78937   1.81385   0.20453   0.00000   0.21399   0.16195   0.01792   0.00218   1.41784   0.11694   0.00410  
 16 12.1928   3155.655814  x:  1.73513   2.09403   2.15724   1.37300   0.96075   0.78065   0.75333   0.51915   0.76250   0.71166   1.84226   0.07580   0.11309   0.19931   0.17752   0.01775   0.00204   1.46827   0.10522   0.00215  
 17 31.0051   3153.830151  x:  1.86850   1.87594   2.08003   1.38524   1.23642   0.86689   0.67278   0.53694   0.76265   0.74718   2.01536   0.06327   0.12434   0.19762   0.19023   0.01791   0.00188   1.51895   0.10375   0.00503  
 18  5.9081   3152.467780  x:  1.87438   1.77337   2.08577   1.45540   1.28081   0.63728   0.78426   0.52795   0.73504   0.74473   2.18974   0.01854   0.15819   0.18460   0.19534   0.01789   0.00179   1.43366   0.10428   0.00843  
 19  3.6591   3151.651697  x:  1.86919   1.80952   2.15834   1.48896   1.25243   0.65596   0.76596   0.54555   0.73908   0.75353   2.17704   0.00000   0.17215   0.17655   0.19665   0.01788   0.00176   1.45874   0.10473   0.00985  
 20  2.0015   3150.824018  x:  1.82725   1.89334   2.31275   1.57894   1.27285   0.81358   0.84953   0.48958   0.76270   0.75044   2.10663   0.00000   0.19576   0.16024   0.19715   0.01783   0.00162   1.37333   0.09867   0.01193  
 21  6.0110   3148.449593  x:  2.17240   2.29825   2.51800   1.88017   1.72866   0.63657   0.90474   0.54029   0.78016   0.80894   2.09575   0.00000   0.17370   0.12567   0.20012   0.01691   0.00135   1.46657   0.08856   0.00868  
 22  1.2839   3146.417156  x:  2.07777   2.41740   2.61322   2.12280   1.63899   0.79547   0.77866   0.62411   0.80134   0.88684   2.65210   0.00000   0.18816   0.11062   0.21252   0.01602   0.00124   1.52771   0.08937   0.00575  
 23  2.7327   3145.012423  x:  2.04554   2.45915   2.88090   2.32283   1.55698   0.89522   0.77858   0.64460   0.83984   0.91210   2.88625   0.00000   0.16100   0.12042   0.21554   0.01488   0.00130   1.52681   0.07816   0.00958  
 24  1.1843   3145.000431  x:  2.04493   2.46101   2.88925   2.32951   1.55464   0.89815   0.77867   0.64529   0.84106   0.91288   2.89289   0.00632   0.16027   0.12084   0.21565   0.01485   0.00130   1.52697   0.07784   0.00971  
 25  6.2485   3143.995682  x:  2.09720   2.58108   2.96074   2.46995   1.56038   0.90776   0.79800   0.65619   0.85762   0.91810   2.87170   0.00000   0.16435   0.14283   0.21796   0.01398   0.00152   1.55143   0.07784   0.01132  
 26  0.7714   3142.369179  x:  2.36533   2.76764   3.74653   3.18473   1.66319   0.94287   0.93821   0.70464   0.96995   0.93860   2.87327   0.00000   0.19374   0.15520   0.21186   0.00792   0.00279   1.60358   0.07016   0.01686  
 27  0.7136   3141.970778  x:  2.42583   2.97086   3.68290   3.32500   1.66899   1.02456   0.98294   0.69523   0.99905   0.93901   2.97258   0.00000   0.16403   0.15855   0.20842   0.00639   0.00312   1.55488   0.06683   0.01685  
 28  0.9059   3141.702021  x:  2.57417   3.17703   3.48095   3.42695   1.70091   1.06617   0.98100   0.73568   1.01271   0.96881   3.06298   0.00000   0.18039   0.14197   0.20604   0.00593   0.00357   1.54906   0.06520   0.01618  
 29  0.2276   3141.518523  x:  2.64458   3.03707   3.65021   3.53887   1.79663   1.06958   0.98827   0.75687   1.02446   0.99860   3.13650   0.00000   0.17298   0.13708   0.19843   0.00627   0.00404   1.55065   0.06434   0.01211  
 30  0.2347   3141.462509  x:  2.70285   3.05372   3.71184   3.63117   1.82757   1.07998   1.00132   0.77366   1.03677   1.01414   3.18204   0.00000   0.17479   0.14093   0.19787   0.00639   0.00431   1.55826   0.06208   0.01166  
 31  0.1754   3141.395784  x:  2.76170   3.06315   3.69416   3.70740   1.81909   1.09021   1.02037   0.78492   1.04434   1.01914   3.21089   0.00000   0.17765   0.15137   0.19703   0.00719   0.00483   1.55926   0.06217   0.01181  
 32  0.0697   3141.360708  x:  2.81975   3.08936   3.71168   3.78530   1.81256   1.09768   1.04519   0.79174   1.05648   1.01768   3.25138   0.00000   0.17675   0.14474   0.19620   0.00748   0.00553   1.56069   0.06112   0.01305  
 33  0.0375   3141.326469  x:  2.76021   3.02447   3.74516   3.72389   1.81163   1.07617   1.03719   0.77289   1.04562   1.00542   3.20765   0.00000   0.17487   0.14403   0.19950   0.00780   0.00620   1.56624   0.06265   0.01345  
 34  0.0313   3141.289712  x:  2.72418   3.06551   3.70478   3.68535   1.83206   1.07687   1.02056   0.76547   1.03881   1.00926   3.19555   0.00000   0.17613   0.14573   0.20332   0.00766   0.00719   1.56062   0.06217   0.01311  
 35  0.0294   3141.279984  x:  2.72534   3.06898   3.68319   3.68299   1.82259   1.07934   1.01671   0.77023   1.03975   1.01073   3.20460   0.00000   0.17581   0.14460   0.20096   0.00726   0.00779   1.55638   0.06244   0.01270  
 36  0.0117   3141.276819  x:  2.70930   3.04764   3.68346   3.65630   1.80612   1.07324   1.01345   0.77028   1.03699   1.00708   3.19011   0.00000   0.17608   0.14620   0.20004   0.00711   0.00800   1.55927   0.06272   0.01272  
 37  0.0207   3141.276013  x:  2.70611   3.03864   3.66163   3.63460   1.79665   1.07202   1.01281   0.76917   1.03416   1.00392   3.18093   0.00000   0.17576   0.14581   0.19947   0.00720   0.00794   1.55803   0.06294   0.01263  
 38  0.0185   3141.275935  x:  2.70762   3.03485   3.65987   3.63347   1.79668   1.07246   1.01261   0.76836   1.03327   1.00337   3.17661   0.00000   0.17585   0.14601   0.19951   0.00719   0.00790   1.55757   0.06299   0.01258  
 39  0.0028   3141.275885  x:  2.70925   3.03277   3.65893   3.63498   1.79538   1.07281   1.01216   0.76782   1.03269   1.00296   3.17394   0.00000   0.17581   0.14589   0.19958   0.00715   0.00792   1.55749   0.06300   0.01260  
 40  0.0017   3141.275865  x:  2.70867   3.03161   3.65709   3.63614   1.79478   1.07230   1.01147   0.76765   1.03231   1.00319   3.17352   0.00000   0.17574   0.14590   0.19964   0.00718   0.00793   1.55757   0.06302   0.01260  
 41  0.0009   3141.275847  x:  2.70556   3.03095   3.65619   3.63647   1.79406   1.07133   1.01096   0.76738   1.03212   1.00303   3.17177   0.00000   0.17579   0.14593   0.19953   0.00717   0.00792   1.55746   0.06305   0.01259  
 42  0.0011   3141.275843  x:  2.70541   3.03151   3.65605   3.63756   1.79466   1.07146   1.01132   0.76736   1.03226   1.00284   3.17186   0.00000   0.17577   0.14589   0.19952   0.00717   0.00791   1.55748   0.06304   0.01259  
 43  0.0007   3141.275842  x:  2.70502   3.03122   3.65581   3.63739   1.79461   1.07146   1.01131   0.76740   1.03221   1.00271   3.17182   0.00000   0.17577   0.14591   0.19952   0.00717   0.00792   1.55758   0.06304   0.01259  
 44  0.0003   3141.275842  x:  2.70484   3.03111   3.65572   3.63736   1.79460   1.07150   1.01128   0.76746   1.03219   1.00270   3.17197   0.00000   0.17577   0.14591   0.19953   0.00717   0.00792   1.55755   0.06305   0.01259  
 45  0.0001   3141.275842  x:  2.70487   3.03107   3.65573   3.63734   1.79461   1.07147   1.01128   0.76746   1.03219   1.00272   3.17195   0.00000   0.17577   0.14591   0.19953   0.00717   0.00792   1.55755   0.06304   0.01259  
 46  0.0000   3141.275842  x:  2.70487   3.03108   3.65572   3.63735   1.79462   1.07147   1.01129   0.76746   1.03219   1.00272   3.17194   0.00000   0.17577   0.14591   0.19953   0.00717   0.00792   1.55755   0.06304   0.01259  
 47  0.0000   3141.275842  x:  2.70487   3.03108   3.65572   3.63735   1.79463   1.07146   1.01129   0.76746   1.03219   1.00272   3.17194   0.00000   0.17577   0.14591   0.19953   0.00717   0.00792   1.55755   0.06304   0.01259  
 48  0.0000   3141.275842  x:  2.70487   3.03107   3.65572   3.63735   1.79463   1.07146   1.01129   0.76746   1.03219   1.00272   3.17194   0.00000   0.17577   0.14591   0.19953   0.00717   0.00792   1.55755   0.06304   0.01259  
 49  0.0000   3141.275842  x:  2.70487   3.03107   3.65572   3.63735   1.79463   1.07146   1.01129   0.76746   1.03219   1.00272   3.17194   0.00000   0.17577   0.14591   0.19953   0.00717   0.00792   1.55755   0.06304   0.01259  
 50  0.0000   3141.275842  x:  2.70487   3.03107   3.65572   3.63735   1.79463   1.07146   1.01129   0.76746   1.03219   1.00272   3.17194   0.00000   0.17577   0.14591   0.19953   0.00717   0.00792   1.55755   0.06304   0.01259  
 51  0.0005   3141.275842  x:  2.70487   3.03107   3.65572   3.63735   1.79463   1.07146   1.01129   0.76746   1.03219   1.00272   3.17194   0.00000   0.17577   0.14591   0.19953   0.00717   0.00792   1.55755   0.06304   0.01259  