    8
BAM_011780  0.000000  1.682717  1.853622  1.370417  1.462075  0.481215
  1.383214  0.409630
BC_2873xxx  1.682717  0.000000  1.392692  1.950063  1.947910  1.843086
  2.141040  1.687874
NT03BC2860  1.853622  1.392692  0.000000  1.533690  1.773099  1.870251
  1.799910  1.859364
BH2191xxxx  1.370417  1.950063  1.533690  0.000000  1.501387  1.614748
  2.012750  1.557237
NT03BL1348  1.462075  1.947910  1.773099  1.501387  0.000000  1.115469
  1.471748  1.149340
Bmo2055xxx  0.481215  1.843086  1.870251  1.614748  1.115469  0.000000
  1.364997  0.173566
BPUM_1107x  1.383214  2.141040  1.799910  2.012750  1.471748  1.364997
  0.000000  1.218626
BG10497xxx  0.409630  1.687874  1.859364  1.557237  1.149340  0.173566
  1.218626  0.000000
