Supplemental results for CODEML (seqf: cds11.phylip  treef: tree.H1c.nwk)

Number of codon sites with 0,1,2,3 position differences
   2 vs.    1     50   109   109    64  -1.0000 (0.6425 -1.0000)
   3 vs.    1     51   106   110    65  -1.0000 (0.6501 -1.0000)
   3 vs.    2    297    34     2     0   0.0498 (0.0083 0.1664)
   4 vs.    1     32    89   132    78  -1.0000 (0.9471 -1.0000)
   4 vs.    2     62    85   120    60   0.5164 (0.7653 1.4818)
   4 vs.    3     64    84   121    58   0.5393 (0.7561 1.4019)
   5 vs.    1     44    90   120    79   0.2452 (0.8758 3.5713)
   5 vs.    2     48    95   129    56   0.3000 (0.7514 2.5047)
   5 vs.    3     50    98   122    58   0.2973 (0.7347 2.4712)
   5 vs.    4     58   125    99    59   0.1851 (0.6101 3.2970)
   6 vs.    1    101   127    70    36   0.0936 (0.3342 3.5694)
   6 vs.    2     58   100   109    63  -1.0000 (0.6473 -1.0000)
   6 vs.    3     56    97   114    63  -1.0000 (0.6423 -1.0000)
   6 vs.    4     37    94   128    71   0.3388 (0.9017 2.6616)
   6 vs.    5     43    90   120    77  -1.0000 (0.8292 -1.0000)
   7 vs.    1    137   136    51    12   0.0461 (0.1550 3.3647)
   7 vs.    2     58   101   124    48  -1.0000 (0.6105 -1.0000)
   7 vs.    3     59   100   126    46  -1.0000 (0.6081 -1.0000)
   7 vs.    4     45    88   128    69   0.5591 (0.9094 1.6266)
   7 vs.    5     47   100   109    75   0.4238 (0.8350 1.9704)
   7 vs.    6    102   132    76    24  -1.0000 (0.2885 -1.0000)
   8 vs.    1     94   135    68    40   0.0793 (0.3552 4.4762)
   8 vs.    2     76    92   109    55   0.2742 (0.5973 2.1780)
   8 vs.    3     76    93   109    54   0.2853 (0.5950 2.0854)
   8 vs.    4     42    90   131    68   0.2223 (0.8472 3.8116)
   8 vs.    5     48    95   108    81   0.4431 (0.8700 1.9631)
   8 vs.    6     89   128    91    27   0.0757 (0.3585 4.7364)
   8 vs.    7    103   122    84    29   0.1600 (0.3428 2.1427)
   9 vs.    1    154   128    43    13   0.1073 (0.1543 1.4382)
   9 vs.    2     57   109   117    49  -1.0000 (0.6011 -1.0000)
   9 vs.    3     56   110   116    50  -1.0000 (0.5983 -1.0000)
   9 vs.    4     41    95   121    74   0.4323 (0.9004 2.0830)
   9 vs.    5     46    94   113    80   0.2020 (0.8430 4.1728)
   9 vs.    6    101   129    75    29  -1.0000 (0.2923 -1.0000)
   9 vs.    7    204   120    13     0   0.0547 (0.0451 0.8252)
   9 vs.    8    103   117    83    34   0.1390 (0.3528 2.5390)
  10 vs.    1     51   107   109    65  -1.0000 (0.6426 -1.0000)
  10 vs.    2    328     5     0     0   0.4004 (0.0038 0.0095)
  10 vs.    3    294    37     2     0   0.0731 (0.0122 0.1664)
  10 vs.    4     62    84   121    60   0.5342 (0.7726 1.4462)
  10 vs.    5     47    96   128    57   0.3038 (0.7586 2.4973)
  10 vs.    6     58   101   108    63  -1.0000 (0.6474 -1.0000)
  10 vs.    7     58   101   123    49  -1.0000 (0.6106 -1.0000)
  10 vs.    8     75    92   111    54   0.2879 (0.6031 2.0947)
  10 vs.    9     57   110   115    50  -1.0000 (0.5984 -1.0000)
  11 vs.    1     52   105   112    64  -1.0000 (0.6671 -1.0000)
  11 vs.    2    256    68     8     1   0.1204 (0.0401 0.3329)
  11 vs.    3    258    65    10     0   0.0979 (0.0343 0.3505)
  11 vs.    4     53    98   116    61   0.4651 (0.7730 1.6618)
  11 vs.    5     41   110   119    59   0.2316 (0.7493 3.2352)
  11 vs.    6     53   107   106    65  -1.0000 (0.6369 -1.0000)
  11 vs.    7     56   108   115    53  -1.0000 (0.6152 -1.0000)
  11 vs.    8     73    93   111    56   0.2128 (0.6030 2.8332)
  11 vs.    9     59   110   110    54  -1.0000 (0.5901 -1.0000)
  11 vs.   10    254    71     7     1   0.1245 (0.0414 0.3328)

