

TREE # 1

  0  0.0000   8744.454212  x:  0.05974   2.00634   1.60041   0.36159   1.41746   0.37517   1.51427   0.41407   1.19636   0.42038   0.28502   0.36606   1.16262   0.22781   0.00750   0.05288   0.06925   0.00891   0.00617   2.00000   0.20000   0.20000  
  1 99.0000   8737.390604  x:  0.07296   2.00793   1.60333   0.37026   1.41706   0.37675   1.51356   0.41518   1.19417   0.41867   0.28413   0.36387   1.16588   0.22841   0.01254   0.05349   0.06893   0.00000   0.02065   1.99644   0.20660   0.19860  
  2 515.0977   8729.064708  x:  0.12046   2.01362   1.61384   0.40157   1.41556   0.38239   1.51093   0.41916   1.18617   0.41241   0.28089   0.35586   1.17763   0.23034   0.03014   0.05557   0.06813   0.01327   0.06141   1.98358   0.22761   0.19346  
  3 1742.9907   8631.201422  x:  0.65259   2.07519   1.73429   0.76815   1.38827   0.44128   1.47041   0.45937   1.07642   0.32514   0.23946   0.25194   1.31513   0.22099   0.16800   0.06813   0.05445   0.00334   0.00000   1.83412   0.13186   0.12556  
  4 652.7988   8630.131747  x:  0.65938   2.07596   1.73584   0.77289   1.38788   0.44202   1.46985   0.45986   1.07494   0.32396   0.23891   0.25055   1.31691   0.22074   0.16952   0.06825   0.05427   0.00334   0.00004   1.83219   0.12934   0.12465  
  5 12240.7237   8600.482118  x:  0.75403   2.08888   1.77061   0.87243   1.36977   0.45238   1.44961   0.47339   1.02235   0.29012   0.25287   0.23267   1.36210   0.13388   0.04792   0.04387   0.07286   0.00304   0.00004   1.77144   0.13371   0.08491  
  6 309.5539   8595.302824  x:  0.75192   2.09061   1.78417   0.90445   1.35549   0.45146   1.43629   0.48096   0.98907   0.27689   0.27782   0.23970   1.38247   0.14664   0.01317   0.08937   0.06069   0.00311   0.00004   1.73472   0.13520   0.05907  
  7 157.7818   8588.537962  x:  0.73541   2.09083   1.79589   0.92965   1.34030   0.44893   1.42261   0.48831   0.95566   0.26581   0.30114   0.24611   1.40132   0.17204   0.00000   0.08342   0.05822   0.00307   0.00004   1.69808   0.13629   0.02953  
  8 247.2176   8578.970992  x:  0.62532   2.08711   1.83856   1.00779   1.27345   0.43623   1.36521   0.51877   0.82578   0.24434   0.33950   0.23013   1.47576   0.15886   0.03430   0.10166   0.12034   0.00252   0.00004   1.54666   0.13955   0.01234  
  9 181.2954   8567.444144  x:  0.49547   2.08275   1.89166   1.09640   1.19142   0.42049   1.29540   0.55688   0.67952   0.24085   0.36258   0.20215   1.56391   0.13368   0.06352   0.09165   0.06719   0.00301   0.00005   1.36366   0.14813   0.06110  
 10 358.2590   8563.350722  x:  0.45398   2.08328   1.93988   1.13528   1.13007   0.41105   1.24557   0.58861   0.67733   0.37575   0.32150   0.22188   1.61792   0.12758   0.06380   0.09364   0.05822   0.00303   0.00006   1.27564   0.14632   0.03368  
 11 58.2905   8562.838805  x:  0.45496   2.08498   1.95854   1.14006   1.11152   0.41033   1.22983   0.59341   0.67905   0.38882   0.31780   0.22994   1.63203   0.14405   0.05314   0.09242   0.07039   0.00290   0.00005   1.27320   0.14583   0.05556  
 12 27.7768   8560.518482  x:  0.45308   2.09823   2.10571   1.13109   0.97526   0.41896   1.11412   0.61249   0.69311   0.37196   0.30707   0.25218   1.73033   0.13939   0.05925   0.09174   0.06330   0.00295   0.00006   1.34875   0.14731   0.05307  
 13 21.1571   8559.962950  x:  0.45025   2.10210   2.14710   1.12395   0.96391   0.44276   1.10456   0.62089   0.70072   0.36723   0.29652   0.22042   1.75242   0.15051   0.05159   0.09344   0.06380   0.00291   0.00006   1.34941   0.14764   0.04820  
 14 16.8532   8558.102342  x:  0.46129   2.11993   2.30153   1.10126   0.96964   0.55822   1.11306   0.65572   0.73412   0.36810   0.34791   0.20220   1.82687   0.14843   0.05411   0.09041   0.06226   0.00283   0.00005   1.31389   0.13643   0.05297  
 15 27.6373   8556.103019  x:  0.47006   2.14702   2.43957   1.09830   1.01671   0.61261   1.16730   0.64833   0.71688   0.33686   0.27898   0.26175   1.88210   0.15475   0.05074   0.09004   0.06036   0.00276   0.00005   1.28954   0.13119   0.04822  
 16 17.7088   8547.145739  x:  0.53521   2.30447   2.90287   1.22506   1.22614   0.44699   1.43533   0.43931   0.71721   0.40767   0.32518   0.22886   2.02612   0.17162   0.05591   0.08492   0.05363   0.00260   0.00006   1.38311   0.12513   0.04871  
 17 17.7587   8537.881696  x:  0.63789   2.49051   3.08916   1.40290   1.39435   0.30371   1.60496   0.83544   0.85284   0.36810   0.33762   0.23862   1.97585   0.18971   0.06333   0.07785   0.04608   0.00245   0.00007   1.52395   0.12121   0.05151  
 18 18.3781   8520.681125  x:  1.09883   2.80726   2.66279   1.51327   1.39848   0.50607   1.14107   0.75322   0.83138   0.37417   0.34208   0.25870   1.63224   0.22286   0.06436   0.06819   0.03847   0.00279   0.00008   1.36280   0.12593   0.02491  
 19 13.3898   8515.482153  x:  1.29603   2.77292   2.42356   1.59422   1.20039   0.48524   1.23362   0.81251   0.67232   0.42318   0.35195   0.23320   1.66013   0.23743   0.05479   0.06528   0.03917   0.00295   0.00007   1.31640   0.11767   0.01321  
 20 17.0993   8512.573625  x:  1.34481   2.57316   2.22448   1.74006   1.05256   0.57396   1.34272   0.74757   0.78456   0.38002   0.33953   0.24947   1.79846   0.24690   0.05309   0.06319   0.03767   0.00312   0.00008   1.30505   0.11864   0.01572  
 21 14.7928   8511.262220  x:  1.38231   2.38606   2.19693   1.78072   1.10678   0.63586   1.32024   0.75824   0.72137   0.42431   0.34232   0.25000   1.86232   0.24936   0.05181   0.06243   0.04053   0.00330   0.00008   1.38117   0.12132   0.01738  
 22  7.5335   8508.739052  x:  1.51958   2.04221   2.28548   1.75145   1.19622   0.51251   1.24596   0.78584   0.75406   0.39030   0.34584   0.24520   1.90522   0.24387   0.05111   0.06172   0.04884   0.00386   0.00008   1.29631   0.12061   0.01104  
 23  8.6984   8503.623137  x:  1.64623   2.12928   2.68340   1.86192   1.03462   0.62306   1.44844   0.77039   0.74888   0.40641   0.35564   0.25057   1.68523   0.22689   0.05070   0.05920   0.07593   0.00521   0.00008   1.31279   0.12082   0.01462  
 24  3.2817   8499.236580  x:  1.63324   2.48809   2.84996   2.23720   1.21107   0.59997   1.40781   0.80821   0.83787   0.38455   0.34746   0.25314   1.84189   0.22017   0.04733   0.05696   0.09303   0.00610   0.00007   1.34848   0.10371   0.03063  
 25  8.8441   8497.516434  x:  1.76181   2.76845   2.80339   2.02054   1.29717   0.57873   1.46564   0.84259   0.84688   0.38864   0.35752   0.25357   2.23355   0.21784   0.04408   0.05678   0.09966   0.00660   0.00008   1.35607   0.10100   0.02993  
 26  4.3111   8489.363094  x:  2.45823   2.71073   3.57915   2.61561   1.48456   0.70695   1.63204   0.90321   0.86435   0.43572   0.36032   0.25849   2.38071   0.19953   0.07245   0.07794   0.08582   0.00813   0.00013   1.42449   0.08364   0.00856  
 27  0.7008   8487.279050  x:  2.82123   2.53585   3.81192   2.75444   1.53155   0.69296   1.66487   0.94031   0.83648   0.45245   0.36956   0.25489   2.38949   0.20014   0.07745   0.07661   0.07738   0.00831   0.00015   1.39392   0.08175   0.04562  
 28  1.1905   8485.674093  x:  2.99796   2.65829   3.87215   2.84734   1.56227   0.72009   1.69006   0.94574   0.88131   0.44569   0.36230   0.25994   2.39636   0.18764   0.08361   0.06740   0.07122   0.00817   0.00018   1.40325   0.08462   0.03715  
 29  0.2924   8483.967895  x:  3.34350   3.05082   4.06081   3.06062   1.66878   0.76809   1.80918   1.01350   0.97653   0.44782   0.36118   0.27054   2.55539   0.17361   0.09080   0.05494   0.06901   0.00829   0.00021   1.40319   0.07390   0.03153  
 30  0.6795   8483.191796  x:  3.63733   3.34662   4.12717   3.22321   1.73446   0.82264   1.90837   1.06875   1.03735   0.46828   0.35513   0.27732   2.62798   0.16876   0.10009   0.07060   0.06700   0.00811   0.00025   1.41399   0.06954   0.02226  
 31  0.3209   8482.935547  x:  3.74214   3.39512   4.13360   3.27854   1.75361   0.83686   1.94265   1.09529   1.03827   0.48567   0.35709   0.27826   2.61909   0.16988   0.10034   0.06789   0.06772   0.00764   0.00027   1.41718   0.07032   0.02064  
 32  0.1003   8482.658801  x:  3.99494   3.54418   4.27390   3.45233   1.84194   0.86906   2.04017   1.16316   1.06041   0.51489   0.36264   0.28221   2.68771   0.17141   0.10139   0.06155   0.06975   0.00694   0.00031   1.42026   0.06587   0.02344  
 33  0.2566   8482.459086  x:  4.07306   3.57724   4.39157   3.58325   1.91850   0.87963   2.10380   1.20263   1.07651   0.52645   0.36151   0.28501   2.72692   0.17808   0.09932   0.06605   0.07246   0.00568   0.00036   1.42208   0.06466   0.02727  
 34  0.0716   8482.195845  x:  4.05435   3.63852   4.61740   3.73508   2.01321   0.89515   2.17088   1.22350   1.12091   0.51557   0.35801   0.29057   2.83309   0.17859   0.09763   0.06415   0.06950   0.00438   0.00042   1.42599   0.06191   0.02116  
 35  0.0870   8482.027749  x:  3.82709   3.54957   4.61570   3.66275   1.97880   0.87991   2.13030   1.18537   1.11073   0.49736   0.35851   0.28878   2.84359   0.18159   0.09246   0.06316   0.06892   0.00441   0.00043   1.42141   0.06423   0.01784  
 36  0.1705   8481.496807  x:  3.56182   3.57779   4.61412   3.55544   1.88536   0.89823   2.11117   1.16977   1.06319   0.52131   0.37823   0.28174   2.97401   0.20186   0.07728   0.06439   0.07536   0.00532   0.00053   1.40119   0.06410   0.02183  
 37  0.0628   8480.714663  x:  3.86048   3.85644   4.70245   3.73437   1.87736   0.98430   2.20939   1.27095   1.08225   0.57297   0.37366   0.28510   3.07758   0.20684   0.07661   0.06258   0.06339   0.00482   0.00078   1.41612   0.06077   0.01471  
 38  0.1054   8479.717367  x:  3.65900   3.78281   4.58017   3.66532   1.76626   0.98558   2.11866   1.28167   1.08108   0.55377   0.35405   0.28814   3.04528   0.20605   0.06278   0.06654   0.06915   0.00486   0.00115   1.41859   0.06468   0.02643  
 39  0.0782   8478.087570  x:  3.54623   3.66798   4.53635   3.61331   1.77753   0.96339   1.99417   1.25599   1.16970   0.46903   0.33474   0.30440   2.95056   0.18927   0.06771   0.06398   0.06677   0.00512   0.00181   1.41782   0.06337   0.01778  
 40  0.0655   8476.018632  x:  3.84936   3.35097   4.17793   3.44681   1.77430   0.91297   1.90312   1.26531   1.10637   0.49536   0.36065   0.29516   2.56391   0.20708   0.08091   0.05985   0.06195   0.00310   0.00301   1.40459   0.06737   0.01683  
 41  0.1922   8474.883850  x:  3.37578   3.09349   3.95416   3.11374   1.66883   0.82971   1.77438   1.12836   1.02089   0.46452   0.37011   0.27411   2.47544   0.20568   0.07380   0.06476   0.07281   0.00323   0.00397   1.39900   0.07299   0.00948  
 42  0.3639   8474.184764  x:  3.45369   3.18530   4.07286   3.19865   1.72323   0.81514   1.88205   1.11803   0.98832   0.48677   0.36584   0.26543   2.56135   0.19821   0.07233   0.06481   0.07527   0.00175   0.00487   1.40776   0.07255   0.01564  
 43  0.1578   8473.593700  x:  3.51942   3.21769   3.93586   3.06406   1.64907   0.77941   1.88047   1.03784   0.94121   0.48594   0.35776   0.26069   2.52121   0.18039   0.08313   0.06352   0.07013   0.00375   0.00618   1.41195   0.07420   0.01785  
 44  0.1645   8473.155130  x:  3.59572   3.27847   4.03353   3.16486   1.72938   0.78107   1.93048   1.03537   0.99032   0.47141   0.35334   0.27345   2.53819   0.17741   0.09214   0.06246   0.06419   0.00293   0.00728   1.41103   0.07249   0.00986  
 45  0.1678   8472.753327  x:  3.56086   3.26432   4.07969   3.22156   1.78624   0.77723   1.94064   1.04196   1.02101   0.46500   0.36037   0.28462   2.55155   0.18499   0.09571   0.06303   0.06787   0.00249   0.00910   1.40307   0.07104   0.01798  
 46  0.0570   8472.467443  x:  3.58288   3.46854   4.13393   3.32056   1.77754   0.82770   1.99434   1.08958   1.02596   0.50018   0.36218   0.28095   2.67292   0.18183   0.09482   0.06315   0.07149   0.00279   0.01131   1.41397   0.06919   0.01485  
 47  0.1251   8472.351850  x:  3.53940   3.34095   4.09998   3.27953   1.76465   0.81116   1.93929   1.08790   1.02179   0.48471   0.35843   0.27629   2.60241   0.17512   0.09888   0.06273   0.06780   0.00275   0.01289   1.40869   0.07024   0.01372  
 48  0.0858   8472.337306  x:  3.53037   3.31205   4.08914   3.25949   1.75419   0.81325   1.92989   1.09563   1.01311   0.48723   0.36088   0.27494   2.59588   0.17752   0.09761   0.06335   0.06903   0.00281   0.01337   1.40545   0.07061   0.01410  
 49  0.0258   8472.334901  x:  3.53729   3.31054   4.10346   3.25739   1.75455   0.81528   1.93252   1.09675   1.01562   0.48362   0.35960   0.27639   2.60346   0.17795   0.09658   0.06309   0.06891   0.00283   0.01348   1.40609   0.07061   0.01408  
 50  0.0085   8472.334034  x:  3.54841   3.31137   4.10579   3.25194   1.75432   0.81695   1.93338   1.09681   1.01567   0.48338   0.36013   0.27652   2.60462   0.17959   0.09545   0.06323   0.06890   0.00281   0.01348   1.40638   0.07054   0.01397  
 51  0.0054   8472.333801  x:  3.54619   3.31170   4.10798   3.25193   1.75405   0.81706   1.93256   1.09585   1.01548   0.48356   0.36018   0.27602   2.60551   0.17999   0.09464   0.06323   0.06896   0.00281   0.01349   1.40653   0.07053   0.01402  
 52  0.0018   8472.333715  x:  3.54894   3.31232   4.10809   3.25500   1.75492   0.81715   1.93257   1.09621   1.01595   0.48413   0.36022   0.27608   2.60359   0.18031   0.09429   0.06321   0.06891   0.00280   0.01350   1.40642   0.07052   0.01405  
 53  0.0020   8472.333690  x:  3.54676   3.31161   4.10726   3.25489   1.75489   0.81658   1.93253   1.09555   1.01582   0.48404   0.36024   0.27618   2.60299   0.18052   0.09410   0.06324   0.06890   0.00281   0.01350   1.40640   0.07054   0.01401  
 54  0.0014   8472.333686  x:  3.54690   3.31167   4.10636   3.25482   1.75478   0.81637   1.93258   1.09556   1.01574   0.48397   0.36020   0.27620   2.60264   0.18052   0.09407   0.06323   0.06890   0.00281   0.01350   1.40645   0.07054   0.01402  
 55  0.0006   8472.333685  x:  3.54684   3.31178   4.10632   3.25499   1.75482   0.81635   1.93270   1.09572   1.01570   0.48395   0.36022   0.27618   2.60278   0.18055   0.09404   0.06323   0.06890   0.00281   0.01350   1.40643   0.07054   0.01402  
 56  0.0002   8472.333685  x:  3.54687   3.31180   4.10638   3.25504   1.75487   0.81637   1.93269   1.09570   1.01572   0.48394   0.36022   0.27618   2.60277   0.18054   0.09405   0.06323   0.06890   0.00281   0.01350   1.40643   0.07054   0.01402  
 57  0.0001   8472.333685  x:  3.54686   3.31180   4.10637   3.25504   1.75486   0.81637   1.93269   1.09571   1.01571   0.48394   0.36022   0.27618   2.60277   0.18055   0.09405   0.06323   0.06890   0.00281   0.01350   1.40643   0.07054   0.01402  
 58  0.0000   8472.333685  x:  3.54686   3.31180   4.10637   3.25504   1.75486   0.81637   1.93269   1.09571   1.01571   0.48394   0.36022   0.27618   2.60277   0.18055   0.09405   0.06323   0.06890   0.00281   0.01350   1.40643   0.07054   0.01402  
 59  0.0000   8472.333685  x:  3.54686   3.31180   4.10636   3.25504   1.75486   0.81637   1.93269   1.09571   1.01571   0.48394   0.36022   0.27618   2.60277   0.18055   0.09405   0.06323   0.06890   0.00281   0.01350   1.40643   0.07054   0.01402  
 60  0.0000   8472.333685  x:  3.54686   3.31181   4.10636   3.25504   1.75486   0.81637   1.93269   1.09571   1.01571   0.48394   0.36022   0.27618   2.60277   0.18055   0.09405   0.06323   0.06890   0.00281   0.01350   1.40643   0.07054   0.01402  
 61  0.0000   8472.333685  x:  3.54686   3.31181   4.10636   3.25504   1.75486   0.81637   1.93269   1.09571   1.01571   0.48394   0.36022   0.27618   2.60277   0.18055   0.09405   0.06323   0.06890   0.00281   0.01350   1.40643   0.07054   0.01402  
 62  0.0000   8472.333685  x:  3.54686   3.31181   4.10636   3.25504   1.75486   0.81637   1.93269   1.09571   1.01571   0.48394   0.36022   0.27618   2.60277   0.18055   0.09405   0.06323   0.06890   0.00281   0.01350   1.40643   0.07054   0.01402  