

TREE # 1

  0  0.0000  14589.309405  x:  0.17673   2.00331   2.68384   0.26622   1.49766   0.23007   1.30377   0.45607   1.08915   0.29710   0.28810   0.34511   1.83609   0.38818   0.07371   0.26919   0.09192   0.11424   0.08291   2.00000   0.20000   0.20000   0.20000  
  1 99.0000  14353.800599  x:  0.19960   2.01497   2.69471   0.30049   1.50616   0.24867   1.31103   0.47108   1.10059   0.31965   0.28875   0.34998   1.85160   0.38427   0.07362   0.25727   0.10664   0.09649   0.11759   1.97332   0.55730   0.18941   0.15335  
  2 2485.5759  14318.055772  x:  0.22642   2.02926   2.70722   0.34157   1.51207   0.26624   1.31406   0.48555   1.11089   0.34342   0.27699   0.34818   1.87028   0.38356   0.08003   0.23681   0.12101   0.06453   0.13906   1.95097   0.54858   0.16582   0.06090  
  3 416.0547  14274.463410  x:  0.33314   2.08683   2.75889   0.50353   1.53549   0.33350   1.32584   0.54157   1.15192   0.43417   0.23271   0.34362   1.94653   0.43582   0.16248   0.20941   0.14880   0.01406   0.19714   1.85072   0.52131   0.08843   0.07974  
  4 375.3612  14253.583348  x:  0.41099   2.12921   2.79757   0.62103   1.55233   0.38103   1.33409   0.58145   1.18163   0.49822   0.20286   0.34229   2.00299   0.46879   0.21653   0.19014   0.17456   0.06072   0.23396   1.77657   0.50205   0.05237   0.07637  
  5 1604.8372  14237.524340  x:  0.48707   2.17145   2.83763   0.73461   1.56804   0.42396   1.34129   0.61796   1.20989   0.55565   0.18147   0.34679   2.05992   0.49194   0.25891   0.17460   0.19850   0.07388   0.24426   1.70220   0.48448   0.11811   0.07385  
  6 827.2939  14216.801607  x:  0.57146   2.22203   2.89262   0.85536   1.58163   0.45513   1.34498   0.64668   1.23708   0.59509   0.19637   0.37831   2.13081   0.48298   0.26621   0.19016   0.16230   0.08277   0.12259   1.62130   0.47548   0.12561   0.06339  
  7 291.4638  14204.300624  x:  0.64754   2.27354   2.95972   0.95785   1.58609   0.45614   1.34019   0.65276   1.25280   0.59101   0.23248   0.41460   2.20645   0.42332   0.21440   0.26995   0.06992   0.08875   0.14434   1.56113   0.46185   0.13567   0.06338  
  8 171.6390  14200.939698  x:  0.67931   2.29924   3.00050   0.99780   1.58280   0.43867   1.33328   0.64326   1.25387   0.56500   0.23279   0.41029   2.24619   0.40043   0.19169   0.32936   0.09973   0.08628   0.14179   1.55008   0.45830   0.13271   0.06485  
  9 116.1603  14194.867332  x:  0.74470   2.36447   3.12130   1.07384   1.56316   0.35584   1.30798   0.59687   1.24507   0.45717   0.18681   0.34592   2.35144   0.39052   0.17587   0.32542   0.08454   0.08741   0.13380   1.57070   0.45964   0.13435   0.06770  
 10 82.3237  14190.231046  x:  0.79559   2.42697   3.24860   1.12915   1.54280   0.26007   1.28487   0.55513   1.24099   0.36481   0.24064   0.36519   2.45490   0.41280   0.18816   0.29009   0.10174   0.08647   0.14230   1.60586   0.45799   0.13216   0.06915  
 11 118.1711  14185.112569  x:  0.79210   2.52188   3.51507   1.09960   1.54241   0.07628   1.28948   0.59812   1.29544   0.46992   0.23701   0.38032   2.62823   0.40267   0.12441   0.24790   0.12385   0.08607   0.14368   1.71838   0.45388   0.12836   0.08976  
 12 37.0901  14177.355556  x:  0.61737   2.72305   4.18716   0.83747   1.80795   0.10090   1.38789   0.79290   1.28845   0.42193   0.23536   0.37932   3.00997   0.48655   0.10796   0.26407   0.11627   0.08356   0.15038   1.77292   0.44190   0.13009   0.07438  
 13 32.1480  14174.436043  x:  0.49794   2.81782   4.44876   0.73184   1.82379   0.17674   1.34041   0.64598   1.32631   0.47057   0.23880   0.37346   3.11380   0.44575   0.09216   0.21241   0.14218   0.08017   0.15706   1.66304   0.43399   0.12122   0.08725  
 14 19.2927  14173.154967  x:  0.43435   2.88262   4.56345   0.72084   1.76356   0.22579   1.32544   0.58342   1.31438   0.50860   0.21136   0.39992   3.13479   0.44824   0.15739   0.25241   0.12176   0.08083   0.15581   1.68046   0.43436   0.12679   0.06879  
 15 15.9971  14170.135528  x:  0.28738   3.07159   4.80777   0.79226   1.56291   0.41429   1.35540   0.57778   1.23638   0.55208   0.25152   0.36795   3.12629   0.34384   0.20252   0.22803   0.13428   0.08209   0.15364   1.76802   0.42611   0.12660   0.08086  
 16 21.0721  14167.124848  x:  0.11998   3.23892   4.98850   0.87851   1.38131   0.43285   1.41285   0.66468   1.27597   0.49507   0.19757   0.43259   3.05083   0.30198   0.20855   0.20017   0.14849   0.07974   0.15724   1.69523   0.41506   0.12175   0.08521  
 17 17.7053  14164.535171  x:  0.00000   3.35349   5.10221   0.96079   1.30559   0.40692   1.42737   0.71568   1.33816   0.48456   0.23827   0.37330   2.98048   0.32704   0.22618   0.22108   0.13752   0.07901   0.15792   1.64139   0.40736   0.12393   0.07063  
 18 34.0448  14164.535171  x:  0.00000   3.35349   5.10221   0.96079   1.30559   0.40692   1.42737   0.71568   1.33816   0.48456   0.23827   0.37330   2.98048   0.32704   0.22618   0.22108   0.13752   0.07901   0.15792   1.64139   0.40736   0.12393   0.07063  
 19 23.3971  14146.843268  x:  0.00365   3.35444   5.10252   0.96643   1.31005   0.40734   1.42487   0.71513   1.33796   0.48692   0.23278   0.37169   2.98243   0.32729   0.22601   0.21668   0.13791   0.04851   0.15128   1.64381   0.31087   0.11249   0.05072  
 20 287.0786  14143.950431  x:  0.00553   3.35507   5.10285   0.96919   1.31232   0.40818   1.42451   0.71559   1.33855   0.48870   0.23157   0.37181   2.98355   0.32889   0.22741   0.21629   0.13888   0.04700   0.15177   1.64300   0.28635   0.11129   0.06475  
 21 439.4251  14142.926624  x:  0.01093   3.35720   5.10413   0.97678   1.31874   0.41184   1.42532   0.71837   1.34157   0.49483   0.23115   0.37388   2.98700   0.33060   0.22853   0.21371   0.14324   0.06082   0.15710   1.63759   0.27518   0.11269   0.06177  
 22 101.2797  14131.594268  x:  0.13922   3.40856   5.13572   1.15562   1.46956   0.50015   1.44905   0.78661   1.41573   0.63909   0.22621   0.42362   3.06970   0.36294   0.24670   0.16345   0.19794   0.03543   0.18012   1.50268   0.22665   0.08843   0.05828  
 23 105.9787  14129.485170  x:  0.17238   3.42149   5.14458   1.20103   1.50456   0.51545   1.45336   0.79779   1.43060   0.66213   0.21385   0.42125   3.09196   0.35464   0.23483   0.16663   0.18683   0.04577   0.14877   1.48488   0.21774   0.07984   0.05894  
 24 114.3734  14128.049997  x:  0.20210   3.43291   5.15287   1.24141   1.53413   0.52550   1.45624   0.80476   1.44191   0.67642   0.20094   0.41492   3.11234   0.34216   0.21913   0.17554   0.17360   0.04548   0.13817   1.47647   0.21024   0.10207   0.05884  
 25 174.8886  14126.566543  x:  0.23614   3.44573   5.16286   1.28724   1.56558   0.53173   1.45797   0.80845   1.45207   0.68430   0.18792   0.40559   3.13631   0.32711   0.20044   0.19363   0.14943   0.04466   0.15417   1.47864   0.20508   0.09839   0.05913  
 26 135.5711  14124.292775  x:  0.31926   3.47534   5.19032   1.39744   1.62934   0.51575   1.45252   0.79339   1.46150   0.65878   0.19787   0.39829   3.19873   0.33888   0.20387   0.23581   0.17096   0.04253   0.15339   1.54373   0.20217   0.09681   0.05677  
 27 51.1154  14120.507895  x:  0.45802   3.52401   5.23824   1.58106   1.73146   0.47547   1.44102   0.76184   1.47371   0.60583   0.22586   0.39531   3.30538   0.37201   0.22305   0.20600   0.14382   0.04355   0.15278   1.66477   0.19948   0.10400   0.05610  
 28 162.7928  14119.849503  x:  0.48073   3.53035   5.25245   1.61116   1.74177   0.43989   1.44014   0.75532   1.47618   0.60088   0.20252   0.39034   3.32960   0.35853   0.20737   0.17948   0.16779   0.04230   0.15598   1.67995   0.20204   0.09850   0.06034  
 29 22.4044  14119.300391  x:  0.49782   3.53337   5.27078   1.63394   1.74463   0.38481   1.44317   0.75283   1.48034   0.60522   0.21157   0.41742   3.35572   0.34107   0.18913   0.17364   0.17434   0.04260   0.15558   1.67848   0.20062   0.09688   0.06293  
 30 21.6028  14117.995919  x:  0.53022   3.53549   5.32283   1.67852   1.74778   0.23135   1.45761   0.75757   1.49166   0.62904   0.18688   0.43445   3.42287   0.35764   0.20737   0.18746   0.16127   0.04357   0.15497   1.64973   0.19999   0.09981   0.05974  
 31 29.0845  14116.565339  x:  0.53262   3.52204   5.39829   1.69477   1.80084   0.14795   1.49336   0.80760   1.48605   0.63990   0.25005   0.35707   3.49712   0.35090   0.20269   0.18208   0.16601   0.04394   0.15592   1.62544   0.19754   0.09837   0.06092  
 32 10.5923  14109.634500  x:  0.46748   3.43165   5.80785   1.69915   2.16307   0.07870   1.65119   1.04293   1.40772   0.57271   0.21443   0.42551   3.84529   0.34712   0.20676   0.19508   0.15524   0.05076   0.15526   1.64115   0.19908   0.10433   0.06327  
 33 17.4013  14102.618329  x:  0.46166   3.44527   6.26383   1.71116   2.25259   0.18962   1.62621   0.89529   1.71285   0.75012   0.23356   0.42117   4.14118   0.35301   0.19745   0.21121   0.14040   0.05918   0.15327   1.73543   0.20483   0.11349   0.06710  
 34 17.8546  14099.159592  x:  0.56265   3.57388   6.50545   1.77845   2.12536   0.31223   1.69162   0.79692   1.79042   0.61388   0.24852   0.41008   4.25981   0.35909   0.18879   0.21262   0.14212   0.06166   0.15538   1.58829   0.19755   0.11130   0.06701  
 35 18.6229  14096.346036  x:  0.71995   3.81711   6.74816   1.85960   1.83091   0.44077   1.89854   0.93341   1.77802   0.67493   0.24973   0.41542   4.32341   0.36589   0.18533   0.21145   0.14193   0.06323   0.15584   1.66074   0.18942   0.11337   0.06864  
 36 15.0837  14094.075387  x:  0.77422   4.46461   7.18931   1.78924   1.99728   0.40840   1.72738   0.99939   1.69858   0.75666   0.25106   0.42265   4.32785   0.28255   0.26633   0.20858   0.14511   0.06514   0.15775   1.64882   0.18204   0.11366   0.07025  
 37  3.3561  14091.554811  x:  0.69716   5.06530   7.66973   1.72797   2.23065   0.34819   1.89480   1.05667   1.94514   0.72769   0.23864   0.44438   4.42451   0.32664   0.22769   0.19958   0.15440   0.06397   0.16063   1.67931   0.15938   0.11181   0.07115  
 38 12.0783  14089.916241  x:  0.47650   5.31839   7.92995   1.92742   2.31444   0.36790   2.01437   0.93922   1.85749   0.83653   0.24054   0.44681   4.65178   0.43846   0.11875   0.19607   0.15819   0.06396   0.16205   1.66726   0.14885   0.11080   0.07161  
 39  5.9126  14088.520156  x:  0.23699   5.41614   8.05204   2.26947   2.30629   0.38638   1.99020   1.03176   1.95299   0.83000   0.23971   0.45395   4.85859   0.33523   0.22030   0.19090   0.16336   0.06313   0.16353   1.66118   0.13967   0.10926   0.07218  
 40  5.3337  14087.087339  x:  0.23463   5.41002   7.99269   2.61492   2.37870   0.33157   1.89453   1.17367   2.05216   0.80950   0.23916   0.46226   4.75744   0.47590   0.07973   0.19080   0.16389   0.06299   0.16341   1.64776   0.13913   0.10883   0.07238  
 41  2.7458  14084.458758  x:  0.50672   5.26826   7.84546   3.14474   2.69136   0.22291   2.17436   1.06613   2.11714   0.90156   0.24093   0.47521   4.47519   0.36522   0.18356   0.18654   0.16706   0.06140   0.16306   1.64055   0.13697   0.10721   0.07312  
 42  5.0648  14081.368870  x:  1.42692   4.81142   8.25887   3.13432   2.85821   0.29096   2.21071   1.15307   2.24556   0.99924   0.24472   0.48935   5.11908   0.37198   0.17233   0.18177   0.17170   0.05708   0.16166   1.62930   0.11916   0.10306   0.07268  
 43  3.0014  14078.878950  x:  1.31564   5.77503   9.13743   3.30847   3.10214   0.33252   2.32763   1.19198   2.44520   1.08781   0.26509   0.48800   6.22167   0.39721   0.14809   0.19991   0.15712   0.05150   0.15506   1.72340   0.11305   0.10436   0.06838  
 44  1.0217  14077.876674  x:  1.33461   6.21479   9.83627   3.58405   3.30765   0.32832   2.47123   1.23775   2.59229   1.14992   0.27552   0.49693   6.49483   0.41455   0.13620   0.20233   0.15474   0.05311   0.15666   1.73881   0.10063   0.10630   0.06795  
 45  1.7594  14076.577802  x:  1.49415   6.44731  10.92022   4.05694   3.54370   0.34788   2.63859   1.33464   2.78103   1.23521   0.29220   0.50717   6.75840   0.41248   0.16053   0.19281   0.16243   0.06220   0.16778   1.70828   0.09195   0.11149   0.06865  
 46  0.8518  14075.442417  x:  1.69232   7.04057  12.05957   4.54466   3.92978   0.34677   2.95190   1.48472   3.08245   1.34953   0.30322   0.52377   7.29562   0.38467   0.15154   0.19954   0.15350   0.05787   0.15381   1.69656   0.08226   0.10822   0.07063  
 47  0.5114  14075.161386  x:  1.78519   7.41985  12.60526   4.74158   4.12971   0.36245   3.09472   1.55957   3.23782   1.42376   0.30975   0.53404   7.68578   0.39839   0.14844   0.19620   0.15865   0.05745   0.15791   1.71178   0.07645   0.10803   0.07051  
 48  0.8278  14074.898188  x:  1.84148   7.66576  12.90966   4.82151   4.25075   0.38165   3.18521   1.61506   3.33573   1.47665   0.31228   0.54129   7.94922   0.41290   0.14785   0.19172   0.16510   0.05722   0.16347   1.72817   0.07555   0.10782   0.07038  
 49  1.1517  14074.740672  x:  1.94657   8.15552  13.63470   5.05493   4.50370   0.41184   3.36858   1.71272   3.53056   1.57769   0.31967   0.55452   8.42955   0.40864   0.14837   0.19388   0.16161   0.05724   0.16210   1.73514   0.06986   0.10805   0.07038  
 50  0.7262  14074.666907  x:  1.96460   8.33683  13.89442   5.10719   4.58613   0.43505   3.42555   1.74466   3.59325   1.62041   0.32175   0.55901   8.59823   0.40084   0.15029   0.19672   0.15789   0.05766   0.15959   1.73207   0.06897   0.10849   0.07024  
 51  0.2925  14074.645463  x:  1.99859   8.56614  14.24998   5.20391   4.69979   0.45989   3.50308   1.78574   3.68165   1.67353   0.32560   0.56464   8.82677   0.40311   0.15003   0.19603   0.15913   0.05781   0.16010   1.73343   0.06672   0.10872   0.07015  
 52  0.4164  14074.640455  x:  1.98974   8.58768  14.29382   5.20626   4.70718   0.46922   3.50517   1.78560   3.68873   1.68194   0.32627   0.56468   8.84714   0.40513   0.14956   0.19536   0.16000   0.05772   0.16060   1.73350   0.06674   0.10873   0.07014  
 53  0.0518  14074.638775  x:  1.98380   8.63590  14.38714   5.22880   4.72950   0.48156   3.51811   1.78895   3.70908   1.69616   0.32771   0.56521   8.88969   0.40470   0.14926   0.19558   0.15956   0.05760   0.16044   1.73391   0.06631   0.10868   0.07022  
 54  0.0589  14074.637804  x:  1.96420   8.58612  14.31890   5.21033   4.70285   0.48468   3.49788   1.77406   3.69371   1.68757   0.32749   0.56348   8.83530   0.40413   0.14939   0.19551   0.15974   0.05765   0.16048   1.73366   0.06674   0.10858   0.07029  
 55  0.0403  14074.637592  x:  1.96335   8.58616  14.30855   5.20773   4.70147   0.48690   3.49729   1.77325   3.69504   1.68761   0.32736   0.56365   8.83422   0.40460   0.14943   0.19541   0.15977   0.05767   0.16049   1.73335   0.06671   0.10862   0.07024  
 56  0.0065  14074.637484  x:  1.96445   8.58765  14.29564   5.20235   4.70001   0.48897   3.49763   1.77395   3.69609   1.68766   0.32698   0.56405   8.83439   0.40454   0.14944   0.19557   0.15967   0.05765   0.16044   1.73309   0.06672   0.10866   0.07019  
 57  0.0057  14074.637465  x:  1.96418   8.58394  14.29170   5.20019   4.69753   0.48974   3.49692   1.77390   3.69500   1.68706   0.32686   0.56402   8.82995   0.40436   0.14955   0.19548   0.15971   0.05766   0.16049   1.73327   0.06675   0.10863   0.07022  
 58  0.0033  14074.637459  x:  1.96457   8.58465  14.29573   5.20037   4.69756   0.49034   3.49759   1.77453   3.69513   1.68736   0.32689   0.56403   8.83057   0.40437   0.14953   0.19550   0.15973   0.05766   0.16047   1.73322   0.06673   0.10862   0.07023  
 59  0.0022  14074.637458  x:  1.96414   8.58360  14.29446   5.19958   4.69674   0.49048   3.49717   1.77429   3.69451   1.68713   0.32691   0.56398   8.82963   0.40440   0.14953   0.19550   0.15971   0.05766   0.16047   1.73316   0.06674   0.10863   0.07022  
 60  0.0014  14074.637458  x:  1.96398   8.58367  14.29415   5.19924   4.69657   0.49056   3.49712   1.77424   3.69434   1.68710   0.32692   0.56396   8.82978   0.40439   0.14954   0.19551   0.15971   0.05766   0.16047   1.73318   0.06675   0.10863   0.07022  
 61  0.0003  14074.637458  x:  1.96393   8.58395  14.29410   5.19916   4.69664   0.49058   3.49717   1.77424   3.69434   1.68712   0.32692   0.56397   8.83009   0.40439   0.14954   0.19550   0.15971   0.05766   0.16047   1.73319   0.06675   0.10863   0.07022  
 62  0.0002  14074.637458  x:  1.96392   8.58390  14.29405   5.19916   4.69663   0.49057   3.49716   1.77424   3.69433   1.68711   0.32692   0.56397   8.83004   0.40439   0.14954   0.19550   0.15971   0.05766   0.16047   1.73318   0.06675   0.10863   0.07022  
 63  0.0001  14074.637458  x:  1.96390   8.58387  14.29401   5.19915   4.69662   0.49057   3.49715   1.77423   3.69432   1.68711   0.32692   0.56397   8.83001   0.40439   0.14954   0.19550   0.15971   0.05766   0.16047   1.73318   0.06675   0.10863   0.07022  
 64  0.0001  14074.637458  x:  1.96388   8.58385  14.29400   5.19915   4.69663   0.49057   3.49715   1.77423   3.69431   1.68710   0.32692   0.56397   8.83000   0.40439   0.14953   0.19550   0.15971   0.05766   0.16047   1.73318   0.06675   0.10863   0.07022  
 65  0.0001  14074.637458  x:  1.96386   8.58383  14.29401   5.19916   4.69664   0.49057   3.49715   1.77423   3.69431   1.68710   0.32692   0.56397   8.82999   0.40439   0.14953   0.19550   0.15971   0.05766   0.16047   1.73318   0.06675   0.10863   0.07022  
 66  0.0000  14074.637458  x:  1.96385   8.58385  14.29407   5.19917   4.69667   0.49057   3.49716   1.77424   3.69432   1.68710   0.32692   0.56397   8.83003   0.40439   0.14954   0.19550   0.15971   0.05766   0.16047   1.73318   0.06675   0.10863   0.07022  
 67  0.0000  14074.637458  x:  1.96385   8.58385  14.29407   5.19917   4.69667   0.49057   3.49716   1.77424   3.69432   1.68710   0.32692   0.56397   8.83002   0.40439   0.14954   0.19550   0.15971   0.05766   0.16047   1.73318   0.06675   0.10863   0.07022  
 68  0.0001  14074.637458  x:  1.96385   8.58385  14.29407   5.19917   4.69667   0.49057   3.49716   1.77424   3.69432   1.68710   0.32692   0.56397   8.83002   0.40439   0.14954   0.19550   0.15971   0.05766   0.16047   1.73318   0.06675   0.10863   0.07022  
 69  0.0001  14074.637458  x:  1.96385   8.58385  14.29407   5.19917   4.69667   0.49057   3.49716   1.77424   3.69432   1.68710   0.32692   0.56397   8.83002   0.40439   0.14954   0.19550   0.15971   0.05766   0.16047   1.73318   0.06675   0.10863   0.07022  
 70  0.0026  14074.637458  x:  1.96385   8.58385  14.29407   5.19917   4.69667   0.49057   3.49716   1.77424   3.69432   1.68710   0.32692   0.56397   8.83002   0.40439   0.14954   0.19550   0.15971   0.05766   0.16047   1.73318   0.06675   0.10863   0.07022  
 71  0.0010  14074.637458  x:  1.96385   8.58385  14.29407   5.19917   4.69667   0.49057   3.49716   1.77424   3.69432   1.68710   0.32692   0.56397   8.83002   0.40439   0.14954   0.19550   0.15971   0.05766   0.16047   1.73318   0.06675   0.10863   0.07022  
 72  0.0022  14074.637458  x:  1.96385   8.58385  14.29407   5.19917   4.69667   0.49057   3.49716   1.77424   3.69432   1.68710   0.32692   0.56397   8.83002   0.40439   0.14954   0.19550   0.15971   0.05766   0.16047   1.73318   0.06675   0.10863   0.07022  
 73  0.0300  14074.637458  x:  1.96385   8.58385  14.29407   5.19917   4.69667   0.49057   3.49716   1.77424   3.69432   1.68710   0.32692   0.56397   8.83002   0.40439   0.14954   0.19550   0.15971   0.05766   0.16047   1.73318   0.06675   0.10863   0.07022  
 74  0.0022  14074.637458  x:  1.96385   8.58385  14.29407   5.19917   4.69667   0.49057   3.49716   1.77424   3.69432   1.68710   0.32692   0.56397   8.83002   0.40439   0.14954   0.19550   0.15971   0.05766   0.16047   1.73318   0.06675   0.10863   0.07022  
 75  0.0033  14074.637458  x:  1.96385   8.58385  14.29407   5.19917   4.69667   0.49057   3.49716   1.77424   3.69432   1.68710   0.32692   0.56397   8.83002   0.40439   0.14954   0.19550   0.15971   0.05766   0.16047   1.73318   0.06675   0.10863   0.07022  
check convergence!
