

TREE # 1

  0  0.0000   6824.014434  x:  0.07222   1.30536   1.54130   0.33095   1.05916   0.11303   0.92383   0.25262   0.56797   0.43007   0.31710   0.23813   1.13522   0.19394   0.07754   0.11265   0.10173   0.09459   0.00000   2.00000   0.20000   0.20000   0.20000  
  1 99.0000   6815.525215  x:  0.07827   1.30661   1.54319   0.33551   1.05908   0.11414   0.92268   0.25415   0.56731   0.42880   0.31557   0.23788   1.13686   0.19476   0.07960   0.11315   0.10442   0.09240   0.04126   1.99866   0.19086   0.19686   0.19600  
  2 1183.8549   6796.278816  x:  0.12110   1.31568   1.55691   0.36802   1.05888   0.12231   0.91487   0.26551   0.56304   0.42012   0.30500   0.23649   1.14880   0.20011   0.09343   0.11325   0.11169   0.06324   0.03956   1.98861   0.13992   0.17553   0.16809  
  3 391.4724   6764.244854  x:  0.21226   1.33650   1.58799   0.43825   1.06025   0.14168   0.90013   0.29238   0.55618   0.40345   0.28403   0.23556   1.17605   0.20991   0.11981   0.11305   0.12525   0.01202   0.04122   1.96481   0.14770   0.12882   0.10769  
  4 842.5802   6730.080105  x:  0.32915   1.36382   1.62939   0.52973   1.06192   0.16636   0.88020   0.32760   0.54709   0.38111   0.25666   0.23519   1.21222   0.22187   0.15220   0.11294   0.14155   0.03198   0.03905   1.93280   0.14888   0.06487   0.02852  
  5 1632.7017   6709.727217  x:  0.41589   1.38557   1.66390   0.60014   1.06309   0.18406   0.86336   0.35535   0.54038   0.36302   0.23689   0.23811   1.24184   0.23202   0.17508   0.11400   0.15009   0.04391   0.03788   1.90492   0.14951   0.00977   0.05800  
  6 697.2203   6697.167617  x:  0.56914   1.42883   1.73752   0.73168   1.06476   0.21261   0.82701   0.40892   0.52967   0.32717   0.20669   0.25524   1.30286   0.23944   0.19916   0.10502   0.16313   0.06553   0.03671   1.84283   0.14958   0.08826   0.10781  
  7 429.2226   6687.536776  x:  0.60723   1.45798   1.80537   0.78903   1.06331   0.20774   0.79358   0.43771   0.53638   0.30966   0.22522   0.30262   1.34971   0.18318   0.12218   0.07320   0.11499   0.06664   0.03918   1.78457   0.14282   0.09126   0.11481  
  8 137.2890   6684.149470  x:  0.60533   1.47550   1.85307   0.81063   1.06197   0.19670   0.77158   0.45143   0.54606   0.30303   0.23529   0.32495   1.37946   0.16534   0.08558   0.11712   0.11850   0.06613   0.03870   1.74438   0.13984   0.09196   0.11522  
  9 140.1999   6672.488985  x:  0.46960   1.56747   2.13903   0.85816   1.05455   0.10295   0.64992   0.50471   0.62020   0.28575   0.26765   0.39570   1.54375   0.25346   0.10210   0.13736   0.08557   0.06195   0.04014   1.51028   0.12971   0.08640   0.10259  
 10 102.3935   6666.833739  x:  0.37512   1.62196   2.31294   0.87484   1.05955   0.07327   0.59635   0.53108   0.65180   0.27226   0.23617   0.37521   1.63900   0.25477   0.08061   0.09719   0.15881   0.05962   0.03800   1.38991   0.12508   0.07866   0.10092  
 11 161.1463   6663.151327  x:  0.30498   1.66626   2.45157   0.88077   1.07873   0.10303   0.59223   0.54532   0.65707   0.26231   0.18483   0.31017   1.70877   0.23024   0.08503   0.10790   0.12721   0.05772   0.03930   1.34144   0.12097   0.07945   0.09927  
 12 82.5908   6658.661207  x:  0.20914   1.76355   2.73253   0.88305   1.13072   0.20418   0.65776   0.55675   0.63579   0.26912   0.26195   0.28836   1.83364   0.16846   0.14730   0.10580   0.14330   0.05692   0.03884   1.36859   0.11150   0.07778   0.09895  
 13 57.0416   6653.825682  x:  0.19958   1.93016   3.12849   0.84686   1.15478   0.15726   0.77107   0.49796   0.59827   0.31191   0.23593   0.28951   1.96960   0.22857   0.09462   0.10054   0.14453   0.05674   0.03874   1.55717   0.10544   0.07829   0.09900  
 14 40.3308   6653.296716  x:  0.21732   1.96060   3.17755   0.81709   1.15816   0.13850   0.77152   0.48292   0.61550   0.30948   0.21263   0.31236   1.95571   0.19314   0.12401   0.10201   0.14504   0.05717   0.03862   1.56711   0.10546   0.07816   0.09958  
 15 11.3471   6652.324987  x:  0.26855   2.03231   3.26377   0.75163   1.18919   0.17789   0.75918   0.49943   0.66189   0.29250   0.22059   0.30849   1.85976   0.21124   0.10929   0.10030   0.14603   0.05804   0.03844   1.55018   0.10262   0.07764   0.09960  
 16  7.6013   6650.347310  x:  0.26637   2.13280   3.38240   0.81847   1.18794   0.14195   0.74844   0.53519   0.57522   0.25452   0.24312   0.28533   1.68187   0.20308   0.11837   0.10306   0.14282   0.05829   0.03804   1.53302   0.10348   0.07483   0.09754  
 17  7.5145   6647.893792  x:  0.24570   2.23073   3.50723   0.97911   1.17813   0.15702   0.75048   0.56292   0.58098   0.36777   0.22181   0.30037   1.51041   0.19545   0.12445   0.10284   0.14286   0.05914   0.03744   1.52323   0.09836   0.07173   0.09604  
 18 23.1177   6644.010305  x:  0.22544   2.28871   3.61393   1.16137   1.16056   0.25081   0.74500   0.45716   0.62918   0.28147   0.17590   0.37518   1.49133   0.22372   0.11511   0.10251   0.14927   0.05892   0.03613   1.53386   0.09569   0.06345   0.08971  
 19 12.5292   6633.482554  x:  0.40078   2.35535   3.81869   1.41958   1.06995   0.21282   0.76203   0.45751   0.83898   0.19856   0.28472   0.23132   1.79410   0.18508   0.14462   0.10561   0.14136   0.06370   0.03321   1.55600   0.08425   0.04886   0.08254  
 20 18.0630   6624.313557  x:  0.54043   2.34920   3.96628   1.47408   1.09529   0.24909   0.81078   0.67236   0.78512   0.19841   0.22004   0.31733   2.13059   0.19342   0.15742   0.10947   0.14509   0.06448   0.03060   1.52652   0.06943   0.03051   0.06957  
 21 36.8421   6619.846599  x:  0.67517   2.27462   4.08410   1.44745   1.12103   0.31453   0.63825   0.58795   0.61932   0.32910   0.23297   0.31016   2.30046   0.19176   0.16352   0.11168   0.14394   0.06642   0.02920   1.48018   0.07044   0.02278   0.06490  
 22 22.7438   6615.207314  x:  0.82682   1.79675   4.40244   1.51477   1.16688   0.28357   0.79631   0.60937   0.64166   0.31506   0.22311   0.32152   2.29726   0.20257   0.16019   0.11174   0.14481   0.06838   0.02793   1.40607   0.07313   0.01432   0.05952  
 23  5.5561   6614.075083  x:  0.82235   1.75795   4.44533   1.55167   1.21787   0.27761   0.71268   0.68650   0.67883   0.28811   0.21255   0.32720   2.31288   0.19886   0.16555   0.11191   0.14554   0.06829   0.02755   1.50207   0.07562   0.01297   0.05847  
 24  7.3521   6610.283052  x:  0.83612   2.30949   4.28003   1.66100   1.51894   0.20515   0.82080   0.68699   0.70654   0.29816   0.20418   0.33027   2.50607   0.20546   0.16363   0.11055   0.14746   0.06846   0.02652   1.48366   0.07314   0.00991   0.05473  
 25  4.5558   6609.041915  x:  0.84901   2.45481   4.28656   1.64183   1.30212   0.27082   0.84081   0.73646   0.69569   0.30057   0.19178   0.34309   2.55849   0.20585   0.16440   0.10990   0.14868   0.06882   0.02598   1.49042   0.07535   0.01236   0.05520  
 26  3.7438   6606.441388  x:  0.97617   2.41302   4.56581   1.77526   1.61322   0.19334   0.87837   0.75413   0.73256   0.30831   0.19135   0.33800   2.67159   0.19639   0.16387   0.11004   0.14012   0.07240   0.02396   1.51056   0.07115   0.03218   0.06428  
 27  1.2479   6599.911242  x:  1.31510   2.71085   5.63196   2.12725   1.53104   0.27357   0.94311   0.88456   0.79957   0.30927   0.18632   0.35092   3.02729   0.17669   0.17381   0.10057   0.14347   0.07599   0.01586   1.51426   0.05481   0.03169   0.06261  
 28  1.0631   6596.845071  x:  1.58896   2.91574   6.32320   2.36576   1.43847   0.33912   0.96591   0.99905   0.82649   0.29451   0.18206   0.37837   3.30175   0.18344   0.17773   0.10580   0.14839   0.07333   0.01240   1.50662   0.05459   0.02600   0.05771  
 29  0.5091   6595.064508  x:  1.85290   3.19924   7.04715   2.65285   1.59206   0.34842   1.04088   1.09510   0.87760   0.29812   0.17349   0.39533   3.63774   0.18490   0.17959   0.10941   0.14918   0.07073   0.01161   1.49730   0.04576   0.02448   0.05677  
 30  0.8553   6592.773410  x:  2.28409   3.66788   8.12914   3.12000   2.07411   0.29630   1.18684   1.23471   0.96036   0.33034   0.15427   0.40785   4.20857   0.18219   0.17278   0.10772   0.14932   0.05736   0.02350   1.50013   0.03976   0.02088   0.06499  
 31  0.5013   6592.556874  x:  2.34334   3.72673   8.27483   3.17067   2.02965   0.32495   1.21091   1.26793   0.97183   0.33342   0.16108   0.41160   4.27993   0.17830   0.17832   0.10514   0.14769   0.05598   0.02283   1.50976   0.04008   0.02245   0.06371  
 32  0.1131   6592.393012  x:  2.47686   3.87085   8.62549   3.30226   2.03070   0.35678   1.26009   1.32978   0.99759   0.33946   0.16233   0.41919   4.45103   0.17487   0.18371   0.10381   0.14652   0.05427   0.02209   1.51457   0.03778   0.02348   0.06262  
 33  0.6835   6592.314564  x:  2.59890   3.99161   8.90026   3.41263   2.07083   0.38154   1.32025   1.38697   1.01443   0.35173   0.14952   0.42037   4.61339   0.17630   0.18534   0.10727   0.14603   0.05384   0.02200   1.50940   0.03652   0.02432   0.06281  
 34  0.1491   6592.264118  x:  2.67538   4.07889   9.07361   3.49186   2.14388   0.39169   1.36643   1.42794   1.03031   0.35645   0.15156   0.42630   4.72849   0.17486   0.18103   0.10417   0.14788   0.05606   0.02197   1.50859   0.03563   0.02353   0.06373  
 35  0.0734   6592.254018  x:  2.70337   4.12280   9.15811   3.52604   2.16739   0.39746   1.38279   1.44837   1.03819   0.35783   0.15013   0.42810   4.77840   0.17636   0.18174   0.10630   0.14672   0.05650   0.02172   1.51110   0.03516   0.02338   0.06283  
 36  0.0802   6592.250951  x:  2.68922   4.12299   9.14258   3.51842   2.17035   0.39667   1.38052   1.44921   1.03819   0.35705   0.14973   0.42783   4.77196   0.17647   0.18232   0.10668   0.14647   0.05687   0.02154   1.51219   0.03531   0.02335   0.06243  
 37  0.0192   6592.245200  x:  2.67263   4.15959   9.18150   3.52521   2.18768   0.39678   1.38220   1.46262   1.04348   0.35686   0.14877   0.42863   4.79062   0.17424   0.18439   0.10533   0.14694   0.05711   0.02125   1.51217   0.03509   0.02347   0.06223  
 38  0.0193   6592.240201  x:  2.63532   4.17178   9.18158   3.51089   2.18459   0.39405   1.37496   1.46231   1.04221   0.35765   0.14934   0.42822   4.78266   0.17512   0.18421   0.10589   0.14701   0.05653   0.02146   1.50794   0.03517   0.02351   0.06277  
 39  0.0138   6592.237853  x:  2.64087   4.20398   9.25530   3.53170   2.18980   0.39964   1.38708   1.47555   1.04596   0.35992   0.14905   0.42989   4.82098   0.17575   0.18266   0.10621   0.14665   0.05662   0.02146   1.50973   0.03491   0.02332   0.06275  
 40  0.0353   6592.236846  x:  2.62700   4.19158   9.25017   3.52598   2.18235   0.39867   1.38578   1.47062   1.04371   0.35951   0.14827   0.42947   4.81775   0.17544   0.18246   0.10587   0.14690   0.05664   0.02148   1.51052   0.03502   0.02344   0.06278  
 41  0.0078   6592.236118  x:  2.62178   4.18327   9.25666   3.52889   2.18435   0.39707   1.38731   1.46738   1.04331   0.35870   0.14869   0.42944   4.82413   0.17564   0.18279   0.10609   0.14687   0.05676   0.02152   1.51000   0.03499   0.02346   0.06264  
 42  0.0055   6592.235977  x:  2.62178   4.18419   9.25956   3.53201   2.18656   0.39691   1.38790   1.46742   1.04399   0.35864   0.14913   0.42929   4.82862   0.17539   0.18311   0.10600   0.14683   0.05677   0.02152   1.50962   0.03498   0.02341   0.06267  
 43  0.0029   6592.235912  x:  2.62404   4.18738   9.26548   3.53645   2.18745   0.39741   1.38867   1.46822   1.04471   0.35888   0.14892   0.42921   4.83436   0.17527   0.18325   0.10599   0.14682   0.05669   0.02150   1.50982   0.03495   0.02341   0.06270  
 44  0.0045   6592.235882  x:  2.62183   4.18703   9.25928   3.53618   2.18707   0.39723   1.38750   1.46734   1.04452   0.35880   0.14891   0.42931   4.83325   0.17546   0.18302   0.10604   0.14684   0.05670   0.02147   1.50997   0.03497   0.02341   0.06269  
 45  0.0021   6592.235875  x:  2.62162   4.18767   9.25844   3.53687   2.18689   0.39736   1.38750   1.46735   1.04448   0.35886   0.14887   0.42937   4.83355   0.17540   0.18301   0.10601   0.14683   0.05671   0.02148   1.50978   0.03496   0.02342   0.06270  
 46  0.0006   6592.235871  x:  2.62122   4.18784   9.25761   3.53713   2.18649   0.39744   1.38755   1.46740   1.04440   0.35888   0.14887   0.42935   4.83300   0.17539   0.18308   0.10603   0.14682   0.05672   0.02149   1.50977   0.03497   0.02342   0.06269  
 47  0.0004   6592.235869  x:  2.62100   4.18805   9.25749   3.53768   2.18655   0.39741   1.38758   1.46747   1.04441   0.35887   0.14889   0.42933   4.83272   0.17539   0.18308   0.10601   0.14684   0.05672   0.02150   1.50987   0.03497   0.02342   0.06269  
 48  0.0003   6592.235867  x:  2.62100   4.18774   9.25789   3.53808   2.18670   0.39736   1.38769   1.46754   1.04439   0.35883   0.14890   0.42930   4.83225   0.17541   0.18304   0.10602   0.14683   0.05671   0.02149   1.50983   0.03497   0.02342   0.06269  
 49  0.0002   6592.235867  x:  2.62092   4.18777   9.25782   3.53820   2.18663   0.39739   1.38766   1.46756   1.04437   0.35885   0.14890   0.42932   4.83214   0.17540   0.18306   0.10602   0.14683   0.05671   0.02149   1.50982   0.03497   0.02342   0.06269  
 50  0.0001   6592.235867  x:  2.62095   4.18768   9.25790   3.53818   2.18664   0.39739   1.38765   1.46754   1.04437   0.35886   0.14889   0.42932   4.83212   0.17540   0.18306   0.10602   0.14683   0.05671   0.02149   1.50983   0.03497   0.02342   0.06269  
 51  0.0001   6592.235867  x:  2.62096   4.18768   9.25797   3.53821   2.18666   0.39739   1.38764   1.46754   1.04437   0.35887   0.14889   0.42933   4.83211   0.17540   0.18306   0.10602   0.14683   0.05671   0.02149   1.50983   0.03497   0.02342   0.06269  
 52  0.0000   6592.235867  x:  2.62096   4.18769   9.25796   3.53821   2.18666   0.39739   1.38764   1.46754   1.04437   0.35886   0.14889   0.42933   4.83212   0.17540   0.18306   0.10602   0.14683   0.05671   0.02149   1.50983   0.03497   0.02342   0.06269  
 53  0.0000   6592.235867  x:  2.62097   4.18770   9.25802   3.53823   2.18666   0.39740   1.38764   1.46754   1.04438   0.35887   0.14889   0.42933   4.83212   0.17540   0.18306   0.10602   0.14683   0.05671   0.02149   1.50982   0.03497   0.02342   0.06269  
 54  0.0000   6592.235867  x:  2.62097   4.18769   9.25802   3.53823   2.18666   0.39740   1.38764   1.46754   1.04438   0.35887   0.14889   0.42933   4.83212   0.17540   0.18306   0.10602   0.14683   0.05671   0.02149   1.50982   0.03497   0.02342   0.06269  