

TREE # 1

  0  0.0000   8409.623416  x:  0.04522   0.35429   0.40043   0.08870   0.28311   0.00000   0.37872   0.10715   0.23455   0.15785   0.09187   0.11619   0.35373   0.07241   0.05789   0.09455   0.06936   0.08126   0.06820   2.00000   0.20000   0.20000   0.20000  
  1 99.0000   7957.759372  x:  0.10743   0.36677   0.41416   0.13792   0.30108   0.18634   0.39128   0.12456   0.25145   0.17271   0.11951   0.13519   0.37365   0.07883   0.06340   0.10646   0.08194   0.05871   0.04111   2.00033   0.03766   0.18901   0.18053  
  2 3345.4973   7920.766940  x:  0.13981   0.37987   0.42825   0.16423   0.31264   0.21392   0.40052   0.13275   0.26560   0.18678   0.13814   0.14738   0.39261   0.08043   0.06575   0.11337   0.08909   0.04191   0.01906   1.99802   0.06966   0.17880   0.16193  
  3 1234.7363   7880.197044  x:  0.16416   0.39405   0.44356   0.18490   0.32257   0.19649   0.40918   0.13792   0.27968   0.20132   0.15415   0.15725   0.41275   0.08054   0.06722   0.11899   0.09447   0.02850   0.00000   1.99508   0.06348   0.16679   0.13924  
  4 1441.8351   7797.891513  x:  0.24111   0.43851   0.49167   0.25036   0.35419   0.14934   0.43675   0.15468   0.32378   0.24647   0.20363   0.18777   0.47599   0.08099   0.07212   0.13664   0.11191   0.00000   0.01364   1.98582   0.04873   0.12855   0.06676  
  5 5467.0340   7714.135859  x:  0.31197   0.47925   0.53576   0.31060   0.38328   0.10801   0.46209   0.17016   0.36420   0.28782   0.24900   0.21575   0.53396   0.08153   0.07667   0.15286   0.12795   0.00331   0.02031   1.97734   0.03623   0.09339   0.00010  
  6 25116.0371   7690.811967  x:  0.37707   0.51707   0.57671   0.36609   0.41032   0.06939   0.48571   0.18444   0.40149   0.32585   0.29024   0.24101   0.58771   0.08217   0.08105   0.16776   0.14219   0.00688   0.02698   1.96938   0.02440   0.06007   0.00619  
  7 3764.9240   7667.029411  x:  0.38170   0.53704   0.60046   0.37847   0.42654   0.06772   0.50331   0.18605   0.41096   0.32954   0.26945   0.21891   0.61558   0.08175   0.08390   0.16044   0.12041   0.00688   0.02711   1.96259   0.02320   0.00010   0.00612  
  8 346.3549   7652.773449  x:  0.36658   0.59358   0.67075   0.39736   0.46747   0.06997   0.55362   0.17939   0.43078   0.32947   0.19428   0.14587   0.69841   0.07138   0.08581   0.14541   0.18663   0.00641   0.02570   1.93753   0.02104   0.00010   0.00612  
  9 307.1442   7643.871519  x:  0.24402   0.65979   0.76715   0.35874   0.49056   0.09733   0.61112   0.13042   0.43092   0.29373   0.21233   0.20245   0.81728   0.05529   0.09290   0.14096   0.19723   0.00637   0.02482   1.88961   0.02103   0.00010   0.00619  
 10 88.8319   7643.066904  x:  0.23720   0.66124   0.77548   0.34859   0.48087   0.09985   0.61019   0.13308   0.43046   0.29027   0.21161   0.19968   0.83247   0.06732   0.10502   0.15678   0.19652   0.00633   0.02469   1.87864   0.02128   0.00010   0.00609  
 11 41.7716   7640.455705  x:  0.23572   0.65444   0.79715   0.30966   0.43011   0.10995   0.59415   0.15537   0.42914   0.28191   0.21182   0.18285   0.88387   0.05180   0.08788   0.18014   0.18832   0.00645   0.02435   1.83108   0.02261   0.00010   0.00609  
 12 56.2963   7638.508186  x:  0.24405   0.64156   0.80609   0.28593   0.39954   0.11527   0.58066   0.16500   0.42501   0.27413   0.21266   0.17834   0.91553   0.06284   0.09772   0.14154   0.18854   0.00652   0.02413   1.78562   0.02358   0.00010   0.00609  
 13 60.1115   7635.429190  x:  0.25732   0.59405   0.78017   0.29834   0.45351   0.11646   0.58269   0.12679   0.40239   0.25230   0.17764   0.19227   0.90854   0.05532   0.10364   0.14478   0.18053   0.00664   0.02369   1.67420   0.02520   0.00010   0.00594  
 14 24.5674   7634.116546  x:  0.23347   0.57998   0.76420   0.29787   0.49207   0.11892   0.60616   0.14919   0.40869   0.26645   0.19450   0.17373   0.88139   0.05367   0.10682   0.14165   0.17856   0.00668   0.02348   1.62132   0.02568   0.00010   0.00587  
 15 33.6859   7632.289629  x:  0.24694   0.66556   0.78065   0.30106   0.46674   0.11824   0.65948   0.14686   0.42616   0.24383   0.19276   0.17408   0.78418   0.06975   0.09132   0.14202   0.17661   0.00678   0.02365   1.58730   0.02622   0.00010   0.00584  
 16 10.5170   7628.124617  x:  0.22503   0.70664   0.77102   0.36392   0.42909   0.11787   0.66969   0.15413   0.45221   0.30972   0.15149   0.20431   0.78604   0.02591   0.13807   0.13895   0.17289   0.00734   0.02473   1.63612   0.02757   0.00010   0.00613  
 17  5.5719   7610.884333  x:  0.26525   0.77881   0.76022   0.48945   0.45453   0.09650   0.69408   0.15065   0.39794   0.29435   0.22554   0.14564   0.89825   0.00000   0.16561   0.13924   0.16876   0.00893   0.02919   1.78743   0.02964   0.00010   0.00692  
 18 32.4574   7592.759710  x:  0.38547   0.80687   0.79579   0.47043   0.62253   0.06363   0.71117   0.29997   0.48930   0.28180   0.16452   0.25437   1.08866   0.11557   0.04744   0.14255   0.17322   0.01092   0.03556   1.90325   0.02927   0.00010   0.00786  
 19 62.4089   7583.766201  x:  0.52896   0.75458   0.90362   0.34050   0.67391   0.06030   0.71670   0.22476   0.62759   0.31787   0.20507   0.23701   1.13137   0.02395   0.14111   0.15343   0.17016   0.01200   0.03907   1.74002   0.02780   0.00010   0.00840  
 20 36.5524   7579.651957  x:  0.54136   0.68478   0.98454   0.43207   0.60668   0.04807   0.74946   0.25569   0.59317   0.32296   0.21137   0.25159   1.15717   0.02385   0.13907   0.15895   0.17058   0.01232   0.04067   1.50992   0.02548   0.00010   0.00852  
 21 26.6968   7579.436828  x:  0.53652   0.69277   0.98924   0.43502   0.60631   0.05090   0.73363   0.23504   0.58891   0.35109   0.21554   0.24364   1.15924   0.04115   0.12119   0.15896   0.16918   0.01239   0.04091   1.49970   0.02568   0.00010   0.00856  
 22  4.1438   7578.135148  x:  0.54482   0.77889   1.02255   0.43134   0.65344   0.05316   0.64929   0.26738   0.51547   0.38332   0.21368   0.24649   1.16567   0.02493   0.13848   0.15819   0.16755   0.01264   0.04132   1.47709   0.02512   0.00010   0.00854  
 23  3.0228   7552.460295  x:  0.61680   1.05684   1.11019   0.68352   0.71893   0.05765   0.75847   0.27695   0.63268   0.27954   0.26290   0.15233   1.57323   0.00000   0.16596   0.14971   0.12753   0.01723   0.04732   1.64683   0.02144   0.00010   0.00841  
 24  3.5264   7550.434046  x:  0.67431   1.06119   1.12193   0.63791   0.71351   0.05789   0.89387   0.27401   0.52698   0.35434   0.25046   0.16423   1.62197   0.00000   0.16988   0.15180   0.12496   0.01767   0.04788   1.68530   0.02067   0.00010   0.00835  
 25 18.6256   7548.586815  x:  0.68830   0.95282   1.44113   0.70693   0.74673   0.06147   0.88421   0.27734   0.52269   0.35803   0.25583   0.15187   1.59950   0.00000   0.16827   0.15024   0.12224   0.01877   0.04832   1.78047   0.02040   0.00010   0.00820  
 26  1.0733   7541.955935  x:  0.78574   1.13875   1.51241   0.82629   0.78815   0.08017   0.94150   0.27204   0.60889   0.32243   0.27055   0.12769   1.92244   0.00000   0.18454   0.15136   0.11286   0.02231   0.05019   1.67720   0.01539   0.00010   0.00756  
 27  3.2781   7534.748952  x:  0.88035   1.34212   1.56541   0.95244   0.82191   0.12537   1.02837   0.23704   0.67744   0.31525   0.26061   0.14012   2.27545   0.00000   0.14106   0.15498   0.10472   0.02716   0.04843   1.56593   0.01625   0.00010   0.00640  
 28  0.3391   7534.182182  x:  0.89362   1.37057   1.57291   0.97011   0.82665   0.13170   1.04053   0.23218   0.68701   0.31423   0.25922   0.14188   2.32488   0.02901   0.13504   0.15549   0.10360   0.02784   0.04818   1.55039   0.01636   0.00010   0.00624  
 29 102.5293   7528.956222  x:  1.02545   1.52959   1.82725   1.12951   0.87253   0.17494   1.10591   0.26863   0.69453   0.30988   0.24204   0.18624   2.69102   0.03381   0.12590   0.15303   0.14158   0.03288   0.04243   1.56182   0.01290   0.00010   0.00441  
 30  0.3279   7524.109479  x:  1.12381   1.62046   2.00316   1.25282   0.88432   0.22208   1.09028   0.29953   0.65804   0.31602   0.23605   0.19078   2.90403   0.00000   0.16076   0.15352   0.13559   0.03672   0.03236   1.62332   0.01320   0.00010   0.00226  
 31  0.2152   7522.042021  x:  1.21820   1.70398   2.13703   1.36005   0.88446   0.26285   1.06571   0.31570   0.63950   0.33156   0.23966   0.18521   3.09539   0.00000   0.19016   0.15514   0.12570   0.03989   0.02298   1.63900   0.01245   0.00010   0.00070  
 32  0.6022   7518.934802  x:  1.33839   1.80994   2.24783   1.49701   0.85714   0.31797   1.00383   0.30984   0.62724   0.38644   0.25653   0.16316   3.32618   0.00000   0.16144   0.15807   0.10802   0.04313   0.00802   1.63765   0.01162   0.00010   0.00105  
 33  0.3355   7518.928002  x:  1.34126   1.81243   2.25044   1.50027   0.85646   0.31928   1.00231   0.30970   0.62695   0.38775   0.25694   0.16263   3.33163   0.00320   0.16078   0.15814   0.10761   0.04321   0.00766   1.63762   0.01160   0.00010   0.00106  
 34 10.0716   7518.751154  x:  1.33990   1.80712   2.24535   1.49690   0.85411   0.31842   0.99900   0.31025   0.62781   0.38685   0.25747   0.16246   3.32256   0.00000   0.16368   0.15783   0.10917   0.04306   0.00758   1.63802   0.01167   0.00010   0.00119  
 35  0.1762   7518.219570  x:  1.35517   1.78521   2.22241   1.49395   0.83142   0.32045   0.97615   0.31563   0.64045   0.38025   0.26204   0.16208   3.29920   0.00000   0.18268   0.15616   0.11991   0.04266   0.00573   1.63263   0.01178   0.00010   0.00160  
 36  0.1001   7517.809841  x:  1.38665   1.77856   2.19084   1.50729   0.79933   0.32940   0.95302   0.31230   0.65843   0.38528   0.26921   0.15795   3.30634   0.00000   0.16691   0.15632   0.12786   0.04268   0.00321   1.61849   0.01175   0.00010   0.00189  
 37  0.0868   7517.386853  x:  1.38661   1.70664   2.07855   1.45719   0.75985   0.31435   0.94328   0.30825   0.68031   0.37919   0.27636   0.15573   3.18892   0.00000   0.16044   0.15601   0.13140   0.04099   0.00744   1.60483   0.01205   0.00010   0.00258  
 38  0.1983   7516.811398  x:  1.45378   1.58614   1.94164   1.40986   0.68357   0.31399   0.92629   0.32175   0.66976   0.37466   0.27909   0.15482   3.04043   0.00000   0.17186   0.15414   0.12203   0.03934   0.00696   1.63761   0.01286   0.00010   0.00335  
 39  0.0980   7516.117773  x:  1.62464   1.50619   1.87637   1.41121   0.64455   0.33876   0.97182   0.33380   0.64458   0.37194   0.26450   0.15943   3.02249   0.00000   0.16301   0.15578   0.12329   0.03981   0.00542   1.66187   0.01228   0.00010   0.00337  
 40  0.0656   7515.323278  x:  1.80942   1.46772   1.87311   1.44240   0.68672   0.37955   0.99277   0.31627   0.64644   0.35720   0.25124   0.16484   3.04743   0.00000   0.16332   0.15605   0.12704   0.04188   0.00626   1.61879   0.01248   0.00010   0.00202  
 41  0.0629   7514.980736  x:  1.93617   1.40306   1.84065   1.46042   0.68557   0.40277   0.93463   0.30858   0.65886   0.36031   0.26792   0.16193   2.97516   0.00000   0.17029   0.15492   0.12342   0.04215   0.00727   1.61788   0.01227   0.00010   0.00209  
 42  0.0808   7514.873674  x:  1.95964   1.43685   1.88976   1.49400   0.71027   0.41916   0.90025   0.30257   0.64804   0.37925   0.27386   0.15482   2.98921   0.00000   0.16592   0.15716   0.12320   0.04283   0.00667   1.62791   0.01215   0.00010   0.00178  
 43  0.0486   7514.757813  x:  1.96176   1.45421   1.85543   1.49565   0.68745   0.43313   0.87148   0.31459   0.62207   0.39805   0.27355   0.15337   2.89974   0.00000   0.16582   0.15475   0.12494   0.04182   0.00665   1.64389   0.01237   0.00010   0.00222  
 44  0.0266   7514.589006  x:  1.97139   1.54600   1.88013   1.53779   0.69991   0.46782   0.87977   0.32604   0.61291   0.39582   0.26340   0.16413   2.85839   0.00000   0.16918   0.15517   0.12666   0.04173   0.00763   1.62543   0.01208   0.00010   0.00210  
 45  0.0394   7514.470454  x:  1.97077   1.57762   1.86824   1.56497   0.67732   0.49571   0.87740   0.31997   0.63995   0.38549   0.26756   0.15971   2.78827   0.00000   0.16468   0.15736   0.12313   0.04105   0.00787   1.61966   0.01220   0.00010   0.00226  
 46  0.0381   7514.414008  x:  1.94559   1.58634   1.89285   1.57630   0.65948   0.50846   0.90313   0.31658   0.64710   0.38076   0.26845   0.15684   2.77007   0.00000   0.16706   0.15485   0.12347   0.04058   0.00729   1.63458   0.01209   0.00010   0.00228  
 47  0.0255   7514.374201  x:  1.92885   1.55009   1.89828   1.57043   0.64273   0.51948   0.90930   0.31008   0.64245   0.38455   0.27180   0.15726   2.73952   0.00000   0.16767   0.15713   0.12529   0.03994   0.00742   1.63316   0.01226   0.00010   0.00207  
 48  0.0160   7514.332071  x:  1.88483   1.52182   1.89932   1.56188   0.63509   0.52827   0.89799   0.30947   0.63271   0.39113   0.27340   0.15751   2.73172   0.00000   0.16576   0.15511   0.12315   0.03913   0.00801   1.62064   0.01224   0.00010   0.00192  
 49  0.0178   7514.291060  x:  1.83644   1.51270   1.87053   1.55383   0.62706   0.54113   0.87894   0.31743   0.63195   0.38906   0.26850   0.15641   2.73570   0.00000   0.16769   0.15708   0.12253   0.03816   0.00819   1.61800   0.01233   0.00010   0.00199  
 50  0.0201   7514.260288  x:  1.84340   1.50300   1.85943   1.56184   0.63311   0.56054   0.86959   0.31750   0.63687   0.38937   0.26776   0.15850   2.78595   0.00000   0.16713   0.15528   0.12426   0.03823   0.00791   1.62758   0.01233   0.00010   0.00187  
 51  0.0214   7514.243941  x:  1.84586   1.51136   1.85806   1.57020   0.63297   0.57458   0.87324   0.31916   0.63359   0.39461   0.26994   0.15846   2.81277   0.00000   0.16653   0.15636   0.12325   0.03822   0.00808   1.63441   0.01224   0.00010   0.00206  
 52  0.0148   7514.239232  x:  1.84785   1.50909   1.86341   1.57174   0.63379   0.57907   0.87541   0.31913   0.63103   0.39581   0.27076   0.15707   2.82921   0.00000   0.16719   0.15590   0.12358   0.03832   0.00821   1.62761   0.01224   0.00010   0.00207  
 53  0.0105   7514.237451  x:  1.85522   1.50668   1.87579   1.57553   0.63146   0.58194   0.87355   0.32065   0.63264   0.39420   0.27111   0.15655   2.83590   0.00000   0.16675   0.15603   0.12378   0.03847   0.00809   1.62689   0.01220   0.00010   0.00211  
 54  0.0052   7514.236729  x:  1.85412   1.50451   1.88184   1.57420   0.62971   0.58329   0.87297   0.32175   0.63135   0.39434   0.27038   0.15743   2.83627   0.00000   0.16695   0.15594   0.12357   0.03849   0.00813   1.62821   0.01221   0.00010   0.00210  
 55  0.0035   7514.236046  x:  1.85552   1.50758   1.88355   1.57037   0.62794   0.58410   0.87236   0.32075   0.63236   0.39517   0.27017   0.15729   2.83973   0.00000   0.16690   0.15597   0.12375   0.03858   0.00823   1.62883   0.01220   0.00010   0.00210  
 56  0.0015   7514.235534  x:  1.85631   1.50899   1.87993   1.56545   0.62461   0.58548   0.87263   0.32044   0.63179   0.39509   0.27046   0.15713   2.84096   0.00000   0.16699   0.15594   0.12350   0.03862   0.00814   1.62845   0.01221   0.00010   0.00209  
 57  0.0023   7514.235316  x:  1.85636   1.51139   1.87988   1.56298   0.62569   0.58569   0.87160   0.32083   0.63127   0.39461   0.27050   0.15732   2.84096   0.00000   0.16697   0.15602   0.12369   0.03867   0.00811   1.62814   0.01221   0.00010   0.00208  
 58  0.0015   7514.235115  x:  1.85380   1.50919   1.87914   1.55868   0.62610   0.58596   0.87191   0.32054   0.63150   0.39409   0.27070   0.15704   2.83666   0.00000   0.16688   0.15593   0.12364   0.03865   0.00815   1.62867   0.01222   0.00010   0.00209  
 59  0.0020   7514.235009  x:  1.85479   1.50770   1.87869   1.55600   0.62704   0.58548   0.87205   0.32043   0.63147   0.39447   0.27054   0.15718   2.83497   0.00000   0.16695   0.15600   0.12363   0.03869   0.00811   1.62823   0.01222   0.00010   0.00210  
 60  0.0013   7514.234971  x:  1.85369   1.50794   1.87925   1.55649   0.62683   0.58615   0.87183   0.32044   0.63155   0.39484   0.27046   0.15723   2.83464   0.00000   0.16691   0.15594   0.12366   0.03870   0.00809   1.62787   0.01222   0.00010   0.00210  
 61  0.0007   7514.234834  x:  1.85268   1.50748   1.87814   1.55747   0.62672   0.58668   0.87163   0.32078   0.63153   0.39487   0.27060   0.15708   2.83279   0.00000   0.16695   0.15601   0.12361   0.03878   0.00808   1.62815   0.01223   0.00010   0.00209  
 62  0.0003   7514.234777  x:  1.85107   1.50689   1.87673   1.55782   0.62639   0.58630   0.87179   0.32111   0.63160   0.39477   0.27059   0.15710   2.83158   0.00000   0.16694   0.15597   0.12365   0.03887   0.00806   1.62813   0.01223   0.00010   0.00209  
 63  0.0018   7514.234755  x:  1.85013   1.50663   1.87669   1.55762   0.62625   0.58582   0.87183   0.32074   0.63151   0.39469   0.27054   0.15718   2.83197   0.00000   0.16692   0.15596   0.12368   0.03887   0.00806   1.62801   0.01223   0.00010   0.00210  
 64  0.0004   7514.234743  x:  1.84993   1.50654   1.87645   1.55793   0.62622   0.58611   0.87162   0.32040   0.63131   0.39465   0.27050   0.15718   2.83123   0.00000   0.16693   0.15597   0.12367   0.03888   0.00805   1.62806   0.01223   0.00010   0.00210  
 65  0.0005   7514.234743  x:  1.85002   1.50650   1.87641   1.55798   0.62620   0.58620   0.87161   0.32044   0.63130   0.39466   0.27050   0.15718   2.83110   0.00000   0.16693   0.15597   0.12367   0.03888   0.00805   1.62806   0.01223   0.00010   0.00209  