

TREE # 1

  0  0.0000   8925.936552  x:  0.00000   0.33026   0.38182   0.14620   0.32486   0.04116   0.24321   0.10481   0.16483   0.14176   0.07938   0.10873   0.20860   0.05545   0.03426   0.12583   0.05773   0.08109   0.03321   2.00000   0.20000  
  1 99.0000   8393.158176  x:  0.89722   0.43571   0.49805   0.29216   0.39510   0.18057   0.33747   0.23974   0.26242   0.19556   0.19361   0.18986   0.35691   0.14117   0.14402   0.15228   0.09977   0.07274   0.03262   1.98184   0.07869  
  2 4274.2968   8350.728901  x:  0.91967   0.44399   0.50881   0.30134   0.40125   0.18774   0.34604   0.24811   0.26941   0.19955   0.19838   0.19377   0.36648   0.14235   0.14568   0.15410   0.10071   0.07296   0.03268   1.97885   0.12749  
  3 2123.9961   8136.768380  x:  0.72553   0.72839   0.92055   0.56300   0.61866   0.34801   0.66357   0.48073   0.49412   0.31784   0.26652   0.26667   0.64905   0.04425   0.03347   0.19566   0.06562   0.08553   0.02825   1.85859   0.09694  
  4 583.8518   8082.797497  x:  0.59524   0.86356   1.12241   0.68338   0.71458   0.40224   0.80333   0.57468   0.57781   0.35159   0.27684   0.27877   0.78191   0.17437   0.18624   0.21353   0.11303   0.07736   0.04963   1.78837   0.08075  
  5 1081.7804   8075.744607  x:  0.59474   0.88204   1.15429   0.69790   0.71766   0.38833   0.80856   0.57196   0.56270   0.32982   0.25766   0.25703   0.80012   0.17435   0.19782   0.19773   0.10041   0.06565   0.01656   1.76559   0.08049  
  6 171.5455   8061.404136  x:  0.60271   0.93511   1.24859   0.73872   0.72097   0.33581   0.81611   0.55550   0.50554   0.25368   0.19736   0.18780   0.85250   0.15881   0.22000   0.15163   0.06531   0.08112   0.03180   1.69181   0.08001  
  7 412.7795   8051.219225  x:  0.60807   0.98351   1.34369   0.77369   0.71292   0.25514   0.80801   0.52061   0.43543   0.16980   0.19040   0.17326   0.90007   0.11884   0.22752   0.18001   0.12170   0.06745   0.03670   1.60004   0.07916  
  8 217.8242   8045.009899  x:  0.60825   1.01243   1.41278   0.79268   0.69853   0.16983   0.78708   0.47934   0.39938   0.13998   0.23321   0.22007   0.92897   0.09806   0.25267   0.17290   0.10665   0.09314   0.02705   1.51332   0.07833  
  9 167.3204   8041.984434  x:  0.61235   1.02162   1.44749   0.79846   0.69049   0.11456   0.76770   0.45174   0.40472   0.16499   0.23798   0.22900   0.93975   0.08190   0.26690   0.17313   0.09263   0.06322   0.04101   1.45417   0.07808  
 10 113.6703   8040.271168  x:  0.61723   1.02237   1.46955   0.79977   0.68978   0.07780   0.75076   0.43225   0.41861   0.19884   0.22639   0.21944   0.94372   0.06834   0.27754   0.18562   0.09821   0.07994   0.03358   1.40466   0.07763  
 11 98.6714   8039.259503  x:  0.61743   0.99042   1.47898   0.79053   0.73682   0.10289   0.73096   0.42903   0.41107   0.20713   0.23233   0.21663   0.92995   0.05209   0.28891   0.17259   0.10693   0.07988   0.03356   1.32262   0.07693  
 12 20.6789   8039.097306  x:  0.61770   0.98086   1.48206   0.78921   0.74611   0.10546   0.72824   0.43189   0.40970   0.20375   0.23174   0.21604   0.92693   0.05465   0.28929   0.18624   0.09709   0.07967   0.03377   1.30904   0.07678  
 13 16.5214   8038.707258  x:  0.61961   0.93446   1.50689   0.79116   0.76399   0.07832   0.72904   0.45919   0.42726   0.18894   0.22607   0.22154   0.91910   0.07746   0.26785   0.18132   0.10058   0.07928   0.03384   1.29692   0.07653  
 14  6.0041   8038.075176  x:  0.61892   0.88383   1.55954   0.79995   0.78666   0.06484   0.73972   0.45620   0.41958   0.19973   0.25380   0.19711   0.91260   0.07597   0.26922   0.18210   0.09947   0.07933   0.03385   1.32295   0.07608  
 15  6.0339   8036.813300  x:  0.61734   0.81743   1.65089   0.82026   0.81466   0.07143   0.75184   0.43446   0.40268   0.21863   0.22350   0.22882   0.90430   0.05793   0.28451   0.18519   0.09890   0.07932   0.03405   1.37120   0.07501  
 16 19.4048   8030.134351  x:  0.57367   0.86012   1.83179   0.90969   0.69828   0.19716   0.70706   0.44752   0.54330   0.17013   0.24799   0.21883   0.88551   0.04314   0.29439   0.19274   0.09689   0.07952   0.03429   1.37430   0.06678  
 17  6.6745   8023.889347  x:  0.54528   0.98545   1.85307   0.92950   0.67015   0.19953   0.84240   0.53037   0.46647   0.25697   0.24987   0.22914   0.89617   0.09559   0.24402   0.19427   0.09975   0.08018   0.03399   1.31786   0.05810  
 18 20.3029   8021.457567  x:  0.53937   1.06404   1.78083   0.91183   0.81576   0.13080   0.90509   0.48777   0.53191   0.21679   0.24914   0.23404   0.95737   0.07259   0.26366   0.19713   0.09723   0.07892   0.03454   1.33752   0.05541  
 19 16.3005   8020.598910  x:  0.52861   1.08634   1.77285   0.90321   0.85957   0.11053   0.82936   0.55292   0.51475   0.23195   0.24979   0.23665   1.03341   0.05386   0.27927   0.19903   0.09608   0.07878   0.03472   1.36673   0.05488  
 20  5.1249   8015.395448  x:  0.50971   1.15252   1.89970   0.74641   0.90373   0.16235   0.81601   0.48365   0.52346   0.26221   0.25595   0.23895   1.28673   0.16812   0.16502   0.19640   0.10071   0.07856   0.03442   1.38251   0.05673  
 21  3.4395   8002.838519  x:  0.46697   1.22368   2.04422   0.71889   0.87060   0.11406   1.08200   0.64715   0.59678   0.23872   0.25318   0.24847   1.40247   0.01518   0.28510   0.20598   0.08971   0.07585   0.03404   1.36853   0.06071  
 22 11.7221   7995.217476  x:  0.42322   1.36215   2.06854   1.18935   1.00270   0.06383   1.10208   0.62580   0.58027   0.28392   0.25632   0.25316   1.30401   0.07378   0.21641   0.20478   0.09029   0.07443   0.03349   1.38170   0.06232  
 23 21.5708   7992.620334  x:  0.42415   1.56831   2.31369   1.11021   1.09645   0.03079   1.07740   0.67883   0.58308   0.27930   0.25073   0.25523   1.13534   0.08086   0.19799   0.20342   0.08994   0.07426   0.03322   1.40362   0.06057  
 24  1.2945   7980.077688  x:  0.33625   1.69821   2.86491   1.36009   1.07945   0.00860   1.25518   0.70604   0.58602   0.26714   0.23311   0.24251   1.42007   0.03469   0.18063   0.19295   0.08891   0.07571   0.03009   1.25762   0.04649  
 25  5.7395   7976.661974  x:  0.27737   1.86743   3.20433   1.48948   1.08120   0.04002   1.40952   0.75729   0.59666   0.24019   0.24795   0.24169   1.64997   0.07853   0.12700   0.20048   0.09167   0.08480   0.03261   1.30199   0.04620  
 26  0.2349   7974.369614  x:  0.23599   2.05357   3.50394   1.64417   1.14162   0.00000   1.53128   0.81423   0.60343   0.21311   0.25301   0.24280   1.78089   0.04647   0.16943   0.20445   0.08832   0.08484   0.03275   1.30544   0.04124  
 27  0.2762   7974.369614  x:  0.23599   2.05357   3.50394   1.64417   1.14162   0.00000   1.53128   0.81423   0.60343   0.21311   0.25301   0.24280   1.78089   0.04647   0.16943   0.20445   0.08832   0.08484   0.03275   1.30544   0.04124  
 28  0.2782   7974.264918  x:  0.23615   2.05359   3.50395   1.64418   1.14163   0.00001   1.53129   0.81425   0.60345   0.21313   0.25302   0.24281   1.78090   0.04655   0.16953   0.20445   0.08837   0.08478   0.03272   1.30542   0.04215  
 29 226.5157   7973.092114  x:  0.26688   2.05616   3.50551   1.64734   1.14339   0.00397   1.53280   0.81766   0.60640   0.21720   0.25340   0.24422   1.78352   0.06369   0.18887   0.20344   0.09820   0.07326   0.02809   1.30331   0.04182  
 30 57.5567   7972.073679  x:  0.31356   2.06015   3.50801   1.65229   1.14621   0.00979   1.53529   0.82303   0.61068   0.22297   0.25374   0.24593   1.78765   0.07129   0.20121   0.20058   0.10073   0.08030   0.04301   1.30005   0.04143  
 31 100.4191   7967.243807  x:  0.56379   2.08197   3.52212   1.67990   1.16211   0.03949   1.54982   0.85294   0.63219   0.25122   0.25432   0.25261   1.81073   0.05162   0.21065   0.18455   0.07454   0.09716   0.02331   1.28212   0.03969  
 32 162.0383   7965.157597  x:  0.67365   2.09201   3.52946   1.69352   1.17002   0.05013   1.55790   0.86744   0.63861   0.25852   0.25298   0.25176   1.82223   0.02571   0.19700   0.19701   0.08935   0.07774   0.03150   1.27490   0.03895  
 33 180.2169   7964.863902  x:  0.69184   2.09458   3.53331   1.69915   1.17326   0.04717   1.56302   0.87272   0.63316   0.24884   0.25117   0.24543   1.82720   0.03110   0.19032   0.21075   0.09486   0.08547   0.02697   1.27571   0.03876  
 34 27.5640   7964.528865  x:  0.71273   2.09872   3.54115   1.70984   1.17957   0.03870   1.57373   0.88247   0.62127   0.22766   0.25145   0.23655   1.83679   0.04480   0.17806   0.21740   0.08447   0.07967   0.03039   1.27865   0.03852  
 35 31.9051   7964.296887  x:  0.72534   2.10308   3.55127   1.72263   1.18760   0.02829   1.58757   0.89403   0.61284   0.21012   0.26013   0.23923   1.84837   0.05221   0.16555   0.20473   0.09210   0.08059   0.02964   1.28283   0.03825  
 36 22.2616   7963.714220  x:  0.72862   2.11927   3.59755   1.77543   1.22402   0.00000   1.64934   0.94184   0.63131   0.21523   0.26165   0.25531   1.89691   0.05726   0.16126   0.21120   0.08975   0.08024   0.02999   1.29674   0.03702  
 37 11.0136   7963.714220  x:  0.72862   2.11927   3.59755   1.77543   1.22402   0.00000   1.64934   0.94184   0.63131   0.21523   0.26165   0.25531   1.89691   0.05726   0.16126   0.21120   0.08975   0.08024   0.02999   1.29674   0.03702  
 38 60.2616   7963.581206  x:  0.72864   2.11928   3.59756   1.77544   1.22403   0.00001   1.64935   0.94185   0.63132   0.21524   0.26163   0.25529   1.89691   0.05732   0.16134   0.21118   0.08978   0.08026   0.03004   1.29673   0.03793  
 39 292.6543   7963.335147  x:  0.73079   2.11978   3.59842   1.77623   1.22452   0.00078   1.65019   0.94245   0.63193   0.21623   0.25964   0.25316   1.89765   0.06372   0.16943   0.20896   0.09290   0.08193   0.03597   1.29612   0.03786  
 40 38.9057   7963.206532  x:  0.73396   2.12054   3.59972   1.77741   1.22524   0.00187   1.65145   0.94335   0.63281   0.21764   0.25722   0.25053   1.89873   0.06788   0.17628   0.20599   0.09399   0.08008   0.03162   1.29521   0.03782  
 41 33.4502   7963.050517  x:  0.74770   2.12388   3.60541   1.78256   1.22838   0.00620   1.65693   0.94722   0.63631   0.22316   0.25074   0.24314   1.90349   0.06147   0.18208   0.19749   0.08906   0.08398   0.03117   1.29137   0.03767  
 42 16.1130   7962.803222  x:  0.77887   2.13160   3.61865   1.79447   1.23544   0.01474   1.66956   0.95596   0.64303   0.23370   0.24600   0.23636   1.91449   0.04540   0.19146   0.19619   0.09573   0.07693   0.03393   1.28347   0.03730  
 43 30.5307   7962.447835  x:  0.83170   2.14506   3.64201   1.81530   1.24730   0.02641   1.69150   0.97082   0.65142   0.24668   0.25228   0.23938   1.93375   0.02944   0.20970   0.20546   0.09950   0.08595   0.02975   1.27187   0.03661  
 44 49.8607   7962.153085  x:  0.87981   2.15797   3.66475   1.83530   1.25811   0.03365   1.71238   0.98455   0.65508   0.25203   0.26210   0.24660   1.95229   0.02502   0.22150   0.20873   0.08708   0.07973   0.03301   1.26350   0.03604  
 45 57.4089   7960.837848  x:  1.13707   2.23511   3.80468   1.95471   1.31701   0.03654   1.83557   1.06084   0.63554   0.21554   0.27380   0.24959   2.06348   0.05655   0.18493   0.19496   0.09733   0.08210   0.03167   1.24519   0.03351  
 46 34.2025   7960.574518  x:  1.18227   2.25238   3.83776   1.98024   1.32882   0.02741   1.86234   1.07589   0.63811   0.21421   0.26176   0.24193   2.08756   0.06653   0.17748   0.21246   0.09080   0.08184   0.03208   1.25011   0.03306  
 47 39.6663   7960.203685  x:  1.21431   2.27407   3.88296   2.00969   1.34136   0.00000   1.89453   1.09097   0.65601   0.22844   0.25605   0.25083   2.11598   0.07234   0.17115   0.21027   0.09186   0.08196   0.03197   1.27105   0.03267  
 48 21.3763   7960.203685  x:  1.21431   2.27407   3.88296   2.00969   1.34136   0.00000   1.89453   1.09097   0.65601   0.22844   0.25605   0.25083   2.11598   0.07234   0.17115   0.21027   0.09186   0.08196   0.03197   1.27105   0.03267  
 49 13.1518   7960.140164  x:  1.21430   2.27408   3.88297   2.00970   1.34136   0.00000   1.89454   1.09097   0.65601   0.22845   0.25606   0.25083   2.11598   0.07233   0.17115   0.21026   0.09186   0.08196   0.03197   1.27105   0.03322  
 50 233.9700   7960.066578  x:  1.20893   2.27697   3.89017   2.01245   1.34298   0.00000   1.89862   1.09219   0.65806   0.22966   0.25668   0.24838   2.11882   0.06431   0.17648   0.19991   0.09405   0.07987   0.03334   1.27265   0.03320  
 51  7.6867   7960.013426  x:  1.20283   2.28027   3.89841   2.01561   1.34479   0.00000   1.90325   1.09359   0.66010   0.23069   0.25773   0.24664   2.12206   0.05843   0.18383   0.19800   0.09558   0.08249   0.02941   1.27440   0.03317  
 52 16.5955   7959.941644  x:  1.19328   2.28545   3.91133   2.02060   1.34761   0.00000   1.91049   1.09579   0.66306   0.23206   0.25945   0.24453   2.12714   0.05029   0.19497   0.19883   0.09709   0.08682   0.03126   1.27702   0.03310  
 53 50.7414   7959.794425  x:  1.17260   2.29679   3.93962   2.03159   1.35371   0.00000   1.92625   1.10067   0.66873   0.23421   0.26300   0.24156   2.13830   0.03374   0.21513   0.20581   0.09488   0.08110   0.03204   1.28221   0.03298  
 54 51.8178   7959.732649  x:  1.16155   2.30318   3.95555   2.03799   1.35694   0.00000   1.93490   1.10354   0.67006   0.23348   0.26332   0.24239   2.14469   0.03041   0.21639   0.20549   0.08784   0.08256   0.03206   1.28385   0.03291  
 55 17.7995   7958.986194  x:  1.00732   2.39485   4.18352   2.13055   1.40198   0.00000   2.05727   1.14507   0.68027   0.21508   0.25663   0.26059   2.23657   0.05126   0.21669   0.20068   0.08574   0.08050   0.03257   1.30061   0.03190  
 56 38.1445   7958.612346  x:  0.93477   2.44028   4.29543   2.17603   1.42354   0.00000   2.11667   1.16547   0.68528   0.20805   0.25088   0.26403   2.28171   0.04486   0.19927   0.20586   0.09354   0.08200   0.03193   1.30610   0.03141  
 57 161.8890   7958.490186  x:  0.92302   2.45970   4.33838   2.19358   1.42919   0.00000   2.13627   1.17320   0.68890   0.21719   0.24789   0.24654   2.29917   0.05030   0.19547   0.20731   0.09190   0.08179   0.03207   1.29669   0.03112  
 58 16.7736   7958.298735  x:  0.92042   2.49694   4.41568   2.22526   1.43669   0.00000   2.16796   1.18685   0.69358   0.23861   0.27207   0.23924   2.33065   0.05573   0.18811   0.20771   0.09253   0.08190   0.03207   1.27202   0.03047  
 59 23.8314   7957.762130  x:  1.00119   2.62450   4.65721   2.32536   1.45199   0.00000   2.25159   1.22847   0.65824   0.23877   0.25942   0.25126   2.42927   0.04627   0.20042   0.20786   0.09366   0.08251   0.03194   1.21379   0.02866  
 60 14.7424   7957.054673  x:  1.16498   2.80779   4.99870   2.46666   1.47733   0.00000   2.36186   1.28935   0.66871   0.26445   0.25719   0.25395   2.56685   0.05289   0.19178   0.21002   0.09389   0.08242   0.03193   1.27821   0.02670  
 61 23.5714   7957.003702  x:  1.17963   2.81825   5.02414   2.47619   1.48389   0.00000   2.37027   1.29379   0.67672   0.24427   0.26719   0.24428   2.57526   0.05386   0.19067   0.21021   0.09385   0.08241   0.03194   1.27987   0.02658  
 62  5.1790   7956.957969  x:  1.19557   2.82269   5.04910   2.48337   1.49820   0.00000   2.37848   1.29878   0.70800   0.23143   0.26327   0.24816   2.58032   0.05425   0.19037   0.21037   0.09392   0.08246   0.03194   1.27174   0.02636  
 63  3.4093   7956.754574  x:  1.26262   2.77854   5.18002   2.49129   1.64828   0.00000   2.42432   1.34277   0.70203   0.23626   0.26437   0.24760   2.57472   0.05507   0.18988   0.21054   0.09405   0.08251   0.03193   1.27291   0.02602  
 64  1.1773   7956.421538  x:  1.31756   2.75919   5.38270   2.52932   1.58154   0.00000   2.46527   1.37726   0.71574   0.23051   0.26242   0.24968   2.62308   0.05391   0.19229   0.20987   0.09395   0.08247   0.03192   1.28357   0.02645  
 65  1.1342   7956.195473  x:  1.34800   2.99383   5.37070   2.70132   1.65650   0.00000   2.57304   1.41633   0.72278   0.23251   0.26264   0.25107   2.78826   0.05280   0.19574   0.20969   0.09382   0.08264   0.03190   1.28372   0.02559  
 66  1.0217   7956.135238  x:  1.36449   3.07995   5.45731   2.69796   1.65697   0.00000   2.66984   1.49697   0.72600   0.23268   0.26280   0.25180   2.80815   0.05286   0.19666   0.20967   0.09374   0.08274   0.03188   1.28040   0.02501  
 67  0.6852   7956.052985  x:  1.38226   3.18486   5.68312   2.72520   1.69437   0.00000   2.75137   1.46250   0.72682   0.23709   0.26338   0.25246   2.88394   0.05321   0.19754   0.20972   0.09345   0.08284   0.03188   1.27610   0.02430  
 68  1.0133   7956.015792  x:  1.38553   3.20043   5.80375   2.79873   1.71344   0.00000   2.74035   1.51020   0.72867   0.23780   0.26424   0.25228   2.93878   0.05176   0.19968   0.20978   0.09330   0.08291   0.03187   1.27346   0.02384  
 69  0.9811   7956.003616  x:  1.39373   3.18799   5.84588   2.85880   1.71408   0.00000   2.77925   1.50897   0.72928   0.23870   0.26450   0.25199   2.92644   0.05170   0.19920   0.21005   0.09326   0.08290   0.03187   1.27335   0.02376  
 70  0.1770   7955.992898  x:  1.39268   3.20458   5.89334   2.85582   1.73020   0.00000   2.77813   1.52364   0.73229   0.23712   0.26489   0.25145   2.95178   0.05223   0.19787   0.21043   0.09319   0.08286   0.03188   1.27354   0.02376  
 71  0.1158   7955.991981  x:  1.39616   3.20281   5.90063   2.85646   1.73315   0.00000   2.79010   1.52690   0.73297   0.23707   0.26492   0.25147   2.96917   0.05230   0.19779   0.21050   0.09321   0.08287   0.03188   1.27367   0.02371  
 72  0.0935   7955.990995  x:  1.40010   3.22561   5.92486   2.86797   1.74365   0.00000   2.80479   1.53495   0.73465   0.23694   0.26500   0.25153   2.97799   0.05258   0.19776   0.21054   0.09330   0.08290   0.03187   1.27417   0.02359  
 73  0.0521   7955.990977  x:  1.40027   3.22576   5.92439   2.86946   1.74397   0.00000   2.80481   1.53512   0.73453   0.23707   0.26496   0.25159   2.97855   0.05258   0.19784   0.21050   0.09331   0.08291   0.03187   1.27423   0.02359  
 74  0.0016   7955.990976  x:  1.40047   3.22604   5.92438   2.86966   1.74401   0.00000   2.80487   1.53517   0.73451   0.23708   0.26496   0.25159   2.97877   0.05258   0.19781   0.21050   0.09331   0.08290   0.03187   1.27420   0.02359  
 75  0.0003   7955.990976  x:  1.40048   3.22601   5.92440   2.86963   1.74400   0.00000   2.80487   1.53516   0.73451   0.23707   0.26496   0.25159   2.97874   0.05258   0.19782   0.21050   0.09331   0.08290   0.03187   1.27420   0.02359  
 76  0.0001   7955.990976  x:  1.40050   3.22600   5.92443   2.86962   1.74399   0.00000   2.80487   1.53516   0.73451   0.23707   0.26496   0.25159   2.97873   0.05258   0.19782   0.21050   0.09331   0.08290   0.03187   1.27420   0.02359  
 77  0.0000   7955.990976  x:  1.40053   3.22601   5.92445   2.86963   1.74400   0.00000   2.80487   1.53517   0.73451   0.23708   0.26496   0.25159   2.97874   0.05258   0.19782   0.21050   0.09331   0.08290   0.03187   1.27420   0.02359  
 78  0.0000   7955.990976  x:  1.40053   3.22601   5.92445   2.86963   1.74400   0.00000   2.80487   1.53517   0.73451   0.23707   0.26496   0.25159   2.97874   0.05258   0.19782   0.21050   0.09331   0.08290   0.03187   1.27420   0.02359  
 79  0.0000   7955.990976  x:  1.40053   3.22601   5.92445   2.86963   1.74400   0.00000   2.80487   1.53517   0.73451   0.23707   0.26496   0.25159   2.97874   0.05258   0.19782   0.21050   0.09331   0.08290   0.03187   1.27420   0.02359  