

TREE # 1

  0  0.0000   8853.529499  x:  0.00000   0.28486   0.41585   0.16929   0.35499   0.06569   0.23034   0.08944   0.22139   0.16590   0.08219   0.07987   0.27330   0.07012   0.06002   0.11796   0.09361   0.10085   0.04892   2.00000   0.20000   0.20000  
  1 99.0000   8380.076552  x:  0.84768   0.41188   0.52278   0.29811   0.41612   0.16787   0.33522   0.24046   0.28661   0.20644   0.21136   0.20416   0.38551   0.11883   0.10567   0.14570   0.09648   0.07708   0.02227   1.98109   0.08147   0.18297  
  2 3821.0182   8338.860612  x:  0.87217   0.42197   0.53415   0.30758   0.42241   0.17490   0.34507   0.25020   0.29262   0.20989   0.21636   0.20902   0.39468   0.11905   0.10795   0.14843   0.09699   0.07687   0.02417   1.97783   0.13145   0.18042  
  3 2010.6714   8105.451146  x:  0.58422   0.87631   1.15189   0.69372   0.73937   0.43843   0.83619   0.59838   0.58130   0.34741   0.24847   0.24330   0.80451   0.02814   0.11428   0.26171   0.09780   0.09506   0.20804   1.79437   0.07796   0.00010  
  4 561.3731   8062.631901  x:  0.52853   0.95241   1.26578   0.75771   0.77985   0.45081   0.90024   0.63469   0.59956   0.33906   0.24197   0.23447   0.87669   0.13911   0.18622   0.23723   0.08673   0.02776   0.08906   1.74341   0.07300   0.01031  
  5 428.8443   8048.953475  x:  0.51390   0.98027   1.30992   0.78078   0.79066   0.44586   0.91830   0.64191   0.59744   0.32683   0.23868   0.22960   0.90347   0.16849   0.19413   0.21927   0.07803   0.06961   0.02204   1.71912   0.07177   0.00306  
  6 490.7333   8041.164251  x:  0.51420   1.02004   1.38492   0.81269   0.78817   0.39518   0.92027   0.62465   0.55574   0.26918   0.23210   0.21788   0.94399   0.20064   0.15231   0.16398   0.05950   0.08523   0.03352   1.65795   0.07168   0.04698  
  7 146.9199   8026.783572  x:  0.51931   1.07724   1.50003   0.85760   0.77533   0.29658   0.91083   0.58420   0.48066   0.17142   0.22744   0.20606   1.00311   0.21776   0.06226   0.12060   0.08871   0.06025   0.02005   1.55399   0.07260   0.02173  
  8 363.1540   8022.513754  x:  0.52055   1.09241   1.53401   0.86943   0.76886   0.26030   0.90360   0.56759   0.45953   0.14643   0.22793   0.20580   1.01966   0.24314   0.05270   0.12468   0.09728   0.06447   0.03219   1.51965   0.07253   0.00442  
  9 364.4499   8019.807786  x:  0.52027   1.10733   1.57106   0.88111   0.76085   0.21537   0.89332   0.54690   0.44571   0.13377   0.23406   0.21392   1.03644   0.25576   0.04106   0.15651   0.11255   0.06994   0.03213   1.47916   0.07202   0.01703  
 10 240.9924   8015.271734  x:  0.52135   1.12443   1.62813   0.89478   0.74482   0.12775   0.86670   0.50493   0.44889   0.15799   0.24898   0.23774   1.05863   0.25547   0.02693   0.18078   0.07424   0.06293   0.02711   1.40620   0.07181   0.01169  
 11 149.9415   8012.911517  x:  0.52675   1.13226   1.66831   0.90281   0.73853   0.06551   0.84492   0.47439   0.45695   0.18692   0.24665   0.23955   1.07236   0.23228   0.05652   0.16593   0.08763   0.06482   0.03022   1.35120   0.07098   0.01230  
 12 109.9154   8012.509992  x:  0.53259   1.12407   1.67930   0.90205   0.75336   0.06479   0.83412   0.46837   0.45804   0.19917   0.23086   0.22110   1.07081   0.23342   0.05273   0.17091   0.08709   0.06440   0.03012   1.33124   0.07098   0.01221  
 13 21.6793   8011.983917  x:  0.53309   1.09286   1.70319   0.89634   0.80209   0.08136   0.80784   0.45917   0.44902   0.21195   0.24324   0.22547   1.06060   0.23678   0.04938   0.16637   0.09243   0.06511   0.03061   1.29000   0.07051   0.01226  
 14 19.5696   8011.865641  x:  0.53404   1.08194   1.71329   0.89556   0.81514   0.08192   0.80302   0.46040   0.44379   0.20456   0.24294   0.22532   1.05759   0.22940   0.05741   0.17061   0.08615   0.06445   0.03024   1.28512   0.07041   0.01190  
 15 12.9026   8011.537074  x:  0.53615   1.03154   1.76101   0.89464   0.84583   0.05447   0.79709   0.48175   0.46026   0.19440   0.23482   0.23367   1.04337   0.23138   0.05521   0.16982   0.08779   0.06473   0.03022   1.30621   0.07053   0.01171  
 16  7.4476   8011.366055  x:  0.53655   1.01103   1.78573   0.89732   0.84293   0.05184   0.80324   0.48195   0.45824   0.19909   0.25219   0.21687   1.03927   0.23106   0.05555   0.17088   0.08753   0.06484   0.03013   1.31799   0.07053   0.01152  
 17  5.5052   8010.669920  x:  0.53700   0.95492   1.86795   0.91509   0.79775   0.08801   0.83376   0.45770   0.43445   0.22402   0.23701   0.23009   1.02984   0.22789   0.05882   0.17331   0.08789   0.06553   0.02997   1.34171   0.07019   0.01055  
 18  7.7343   8008.564581  x:  0.52434   0.94924   1.93068   0.96018   0.72344   0.15335   0.83859   0.47716   0.54260   0.17159   0.24512   0.22288   0.99292   0.21910   0.06819   0.17926   0.08697   0.06795   0.02925   1.29741   0.06791   0.00769  
 19  4.6135   8002.567143  x:  0.47982   1.12075   1.94763   1.04062   0.79281   0.12190   0.90664   0.61759   0.51170   0.23723   0.24337   0.23008   0.96228   0.20270   0.08542   0.19951   0.08641   0.07494   0.02732   1.30361   0.06093   0.00010  
 20  8.9800   8002.567143  x:  0.47982   1.12075   1.94763   1.04062   0.79281   0.12190   0.90664   0.61759   0.51170   0.23723   0.24337   0.23008   0.96228   0.20270   0.08542   0.19951   0.08641   0.07494   0.02732   1.30361   0.06093   0.00010  
 21 10.6126   8000.718403  x:  0.47997   1.12088   1.94777   1.04072   0.79293   0.12195   0.90678   0.61763   0.51175   0.23724   0.24340   0.23012   0.96246   0.20251   0.08540   0.19947   0.08640   0.07511   0.02761   1.30358   0.06424   0.00680  
 22 995.3973   8000.616934  x:  0.48034   1.12122   1.94812   1.04097   0.79324   0.12205   0.90712   0.61768   0.51186   0.23721   0.24349   0.23020   0.96292   0.20202   0.08504   0.19934   0.08633   0.07555   0.02835   1.30354   0.06565   0.00623  
 23 99.5650   7999.839328  x:  0.48729   1.12763   1.95470   1.04560   0.79901   0.12369   0.91353   0.61852   0.51381   0.23653   0.24506   0.23168   0.97167   0.19259   0.07803   0.19663   0.08499   0.08347   0.04142   1.30325   0.06443   0.00664  
 24 108.3872   7997.337903  x:  0.52035   1.15838   1.98643   1.06778   0.82630   0.13102   0.94407   0.62259   0.52303   0.23324   0.25147   0.23761   1.01344   0.15507   0.05557   0.18628   0.08147   0.08363   0.03190   1.30170   0.06292   0.00698  
 25 112.7460   7987.471435  x:  0.72053   1.34906   2.18570   1.20505   0.98959   0.16754   1.12998   0.64781   0.57759   0.21220   0.27478   0.25769   1.26990   0.07835   0.12998   0.16987   0.14446   0.06589   0.03895   1.29269   0.05160   0.00651  
 26 177.6682   7982.440626  x:  0.81402   1.44405   2.28900   1.27361   1.06390   0.17524   1.21889   0.66220   0.60141   0.20257   0.26978   0.25106   1.39437   0.07772   0.16986   0.17995   0.10446   0.10362   0.02119   1.28853   0.04661   0.00617  
 27 273.2080   7980.463950  x:  0.84685   1.48349   2.33605   1.30208   1.08836   0.16816   1.25261   0.66957   0.60798   0.19966   0.25791   0.23880   1.44341   0.08703   0.16989   0.19570   0.07420   0.08004   0.03327   1.28815   0.04490   0.00628  
 28 143.7055   7978.911930  x:  0.86675   1.52516   2.39642   1.33190   1.09921   0.13543   1.28084   0.68006   0.60733   0.20002   0.23908   0.22101   1.48931   0.11863   0.13401   0.22537   0.09217   0.08170   0.03209   1.29309   0.04365   0.00685  
 29 62.3182   7976.645093  x:  0.88028   1.59102   2.50552   1.37815   1.10114   0.05629   1.31789   0.69860   0.59999   0.20673   0.25097   0.23832   1.55569   0.19755   0.08332   0.19285   0.10116   0.07596   0.03413   1.30818   0.04237   0.00760  
 30 71.5469   7975.696751  x:  0.84794   1.61822   2.58298   1.39538   1.08347   0.00000   1.32338   0.70960   0.58461   0.21268   0.25205   0.24580   1.57378   0.17101   0.10055   0.19970   0.09811   0.07755   0.03361   1.32866   0.04221   0.00729  
 31 18.6800   7975.132497  x:  0.80207   1.63836   2.66157   1.41030   1.06916   0.00648   1.32678   0.72586   0.57443   0.22274   0.23383   0.23214   1.58261   0.15962   0.10904   0.18140   0.09995   0.07868   0.03319   1.34525   0.04206   0.00709  
 32 23.1237   7974.103310  x:  0.69841   1.67636   2.82981   1.44072   1.04261   0.05511   1.33342   0.76059   0.56171   0.24448   0.24566   0.24724   1.59556   0.15177   0.11394   0.19491   0.09769   0.07875   0.03310   1.37339   0.04109   0.00689  
 33 53.1494   7973.678379  x:  0.66592   1.67926   2.90473   1.44665   1.04141   0.06056   1.33370   0.74137   0.57655   0.19825   0.26244   0.23276   1.58919   0.15119   0.11394   0.19417   0.09788   0.07890   0.03307   1.34676   0.04108   0.00680  
 34  8.8294   7973.230604  x:  0.64554   1.67421   2.98608   1.44903   1.04831   0.05614   1.33083   0.70960   0.63022   0.19767   0.25145   0.24129   1.57497   0.15057   0.11397   0.19419   0.09801   0.07908   0.03302   1.30878   0.04075   0.00671  
 35 14.1573   7971.680948  x:  0.72185   1.61568   3.20444   1.44597   1.13441   0.05802   1.32320   0.64822   0.57895   0.20586   0.22394   0.26962   1.50409   0.16296   0.10672   0.19929   0.09507   0.07882   0.03276   1.32807   0.04217   0.00618  
 36  5.6092   7970.808939  x:  0.76976   1.58464   3.31074   1.45344   1.16789   0.04911   1.32064   0.65567   0.57586   0.24785   0.26455   0.22606   1.47039   0.16601   0.10547   0.20066   0.09361   0.07898   0.03251   1.33076   0.04239   0.00584  
 37 21.9530   7968.733684  x:  0.86362   1.54765   3.45377   1.54234   1.13953   0.02596   1.33051   0.89483   0.59028   0.22607   0.25177   0.24061   1.45604   0.16549   0.10737   0.20453   0.09080   0.08012   0.03171   1.24532   0.04129   0.00492  
 38  9.7004   7967.513098  x:  0.84181   1.59025   3.43876   1.61365   1.09191   0.02147   1.39207   0.92575   0.66284   0.18937   0.24702   0.24223   1.51508   0.17417   0.10254   0.20835   0.08724   0.08003   0.03132   1.33401   0.04293   0.00425  
 39  6.8175   7966.275092  x:  0.75541   1.71685   3.37257   1.69685   1.05318   0.01951   1.49623   0.87584   0.60318   0.23603   0.24762   0.24074   1.61077   0.17876   0.10004   0.21147   0.08470   0.08070   0.03084   1.26889   0.04320   0.00368  
 40  8.6198   7965.807634  x:  0.72811   1.90077   3.36113   1.72316   1.14944   0.00569   1.45751   0.90340   0.61201   0.23068   0.24804   0.24018   1.56830   0.17883   0.09980   0.21142   0.08434   0.08096   0.03077   1.26966   0.04260   0.00365  
 41  2.7143   7964.715109  x:  0.89108   2.13096   3.51801   1.72767   1.04450   0.03993   1.49004   0.89181   0.62011   0.22916   0.25289   0.24147   1.61029   0.15981   0.11149   0.21165   0.08219   0.08296   0.03039   1.27266   0.04038   0.00364  
 42  1.4742   7961.415079  x:  0.97621   2.24523   3.84540   1.80504   1.20675   0.00000   1.75663   0.99177   0.64230   0.22312   0.25385   0.24558   1.85344   0.14077   0.12404   0.21008   0.07911   0.08598   0.03000   1.28720   0.03520   0.00341  
 43  5.4190   7961.013748  x:  0.99441   2.23425   3.90960   1.92161   1.24320   0.00444   1.64966   0.97788   0.63847   0.22811   0.25785   0.24373   1.99337   0.13510   0.12719   0.20961   0.07921   0.08625   0.03014   1.28725   0.03459   0.00322  
 44  2.7214   7960.623910  x:  1.00291   2.25028   3.95912   1.95469   1.25766   0.00000   1.69218   0.99085   0.64163   0.22810   0.25798   0.24448   2.01468   0.13260   0.12843   0.20903   0.08036   0.08588   0.03044   1.28840   0.03417   0.00323  
 45  0.8545   7960.623910  x:  1.00291   2.25028   3.95912   1.95469   1.25766   0.00000   1.69218   0.99085   0.64163   0.22810   0.25798   0.24448   2.01468   0.13260   0.12843   0.20903   0.08036   0.08588   0.03044   1.28840   0.03417   0.00323  
 46  3.0337   7960.358054  x:  1.00292   2.25029   3.95912   1.95470   1.25766   0.00001   1.69219   0.99086   0.64163   0.22811   0.25798   0.24448   2.01468   0.13259   0.12843   0.20902   0.08041   0.08585   0.03046   1.28839   0.03535   0.00357  
 47 438.0541   7960.131570  x:  1.00291   2.25030   3.95918   1.95476   1.25778   0.00011   1.69238   0.99094   0.64169   0.22816   0.25799   0.24453   2.01476   0.13247   0.12838   0.20899   0.08136   0.08527   0.03078   1.28836   0.03511   0.00887  
 48 111.7719   7960.012141  x:  1.00289   2.25048   3.95979   1.95531   1.25892   0.00119   1.69438   0.99184   0.64229   0.22869   0.25807   0.24503   2.01548   0.13048   0.12676   0.20850   0.09011   0.08003   0.03329   1.28791   0.03509   0.00870  
 49 22.5967   7959.979771  x:  1.00288   2.25076   3.96070   1.95612   1.26058   0.00263   1.69729   0.99315   0.64311   0.22937   0.25808   0.24558   2.01654   0.12786   0.12475   0.20608   0.09223   0.08046   0.03060   1.28726   0.03506   0.00880  
 50 11.0681   7959.947214  x:  1.00287   2.25121   3.96213   1.95738   1.26313   0.00474   1.70181   0.99516   0.64430   0.23031   0.25803   0.24629   2.01820   0.12505   0.12300   0.20282   0.09379   0.08304   0.03178   1.28628   0.03500   0.00888  
 51 21.9820   7959.823801  x:  1.00298   2.25419   3.97122   1.96536   1.27879   0.01615   1.73001   1.00762   0.65086   0.23481   0.25691   0.24882   2.02869   0.12317   0.12888   0.19324   0.09144   0.07921   0.03304   1.28048   0.03471   0.00882  
 52 14.0392   7959.591655  x:  1.00365   2.26132   3.99202   1.98333   1.31266   0.03646   1.79234   1.03480   0.66289   0.24108   0.25410   0.25122   2.05235   0.12061   0.14174   0.20047   0.09566   0.08468   0.03051   1.26911   0.03405   0.00866  
 53 40.9221   7959.419900  x:  1.00491   2.26763   4.00891   1.99756   1.33726   0.04557   1.83957   1.05500   0.66884   0.24116   0.25312   0.25053   2.07108   0.11040   0.14011   0.21107   0.08971   0.08129   0.03231   1.26239   0.03361   0.00889  
 54 51.5632   7958.893583  x:  1.01804   2.29989   4.08009   2.05339   1.41000   0.01283   2.00138   1.12022   0.65998   0.19918   0.26910   0.23497   2.14444   0.10942   0.14305   0.20656   0.09183   0.08205   0.03193   1.26207   0.03258   0.00896  
 55 21.2159   7958.743137  x:  1.02205   2.30755   4.09488   2.06400   1.41977   0.00000   2.02704   1.13046   0.66376   0.20192   0.26941   0.23939   2.15817   0.11093   0.14174   0.20666   0.09176   0.08204   0.03194   1.26492   0.03241   0.00899  
 56 25.0166   7958.531624  x:  1.03822   2.33717   4.14992   2.10229   1.45074   0.00000   2.11263   1.16525   0.67692   0.21555   0.24961   0.23566   2.20688   0.11503   0.13792   0.20431   0.09263   0.08214   0.03187   1.27400   0.03184   0.00908  
 57 65.0038   7958.121358  x:  1.10796   2.44885   4.32472   2.20197   1.46101   0.00000   2.21565   1.21677   0.67033   0.24968   0.26208   0.22720   2.31761   0.07254   0.17739   0.20398   0.09377   0.08271   0.03169   1.23895   0.03004   0.00916  
 58  8.4782   7957.779625  x:  1.16395   2.54932   4.48097   2.28240   1.45669   0.00000   2.25251   1.24612   0.65467   0.23513   0.23724   0.25326   2.39576   0.07086   0.17918   0.20531   0.09367   0.08285   0.03168   1.23626   0.02888   0.00936  
 59 13.8822   7957.401945  x:  1.21852   2.66362   4.66493   2.37007   1.45150   0.00000   2.27256   1.27211   0.66930   0.23545   0.25661   0.23314   2.47451   0.09348   0.15865   0.20773   0.09282   0.08276   0.03177   1.26318   0.02774   0.00969  
 60 21.6323   7957.214311  x:  1.17627   2.71387   4.82332   2.40789   1.50510   0.00000   2.28685   1.26987   0.71932   0.20886   0.25498   0.23706   2.49249   0.07683   0.17403   0.20758   0.09310   0.08285   0.03172   1.26797   0.02730   0.00964  
 61  2.8750   7957.012075  x:  1.11520   2.75369   5.00242   2.43906   1.57379   0.00000   2.30612   1.27648   0.69467   0.23058   0.25834   0.23995   2.50039   0.09317   0.15936   0.20771   0.09295   0.08283   0.03179   1.24794   0.02690   0.00976  
 62  6.0579   7956.947559  x:  1.10915   2.75624   5.05051   2.44197   1.58206   0.00000   2.31579   1.28506   0.67836   0.24048   0.25858   0.24162   2.49923   0.08255   0.16904   0.20798   0.09284   0.08278   0.03177   1.27434   0.02699   0.00969  
 63  2.7368   7956.545473  x:  1.20307   2.72797   5.30169   2.44859   1.51787   0.00000   2.42986   1.37421   0.70497   0.22964   0.26234   0.24994   2.51071   0.09472   0.15811   0.20877   0.09235   0.08260   0.03186   1.27408   0.02693   0.01016  
 64  1.9841   7956.322815  x:  1.30533   2.78079   5.33955   2.53847   1.61059   0.00000   2.46002   1.31865   0.70995   0.23222   0.26525   0.25426   2.62617   0.09907   0.15429   0.20939   0.09204   0.08252   0.03191   1.28019   0.02662   0.01056  
 65  1.3507   7956.212707  x:  1.27449   2.89950   5.33528   2.62635   1.62162   0.00000   2.47589   1.40765   0.71887   0.23104   0.26665   0.25751   2.71271   0.09693   0.15650   0.20966   0.09202   0.08252   0.03192   1.28195   0.02620   0.01078  
 66  1.1691   7956.147322  x:  1.26717   3.03237   5.38980   2.64089   1.60658   0.00000   2.57373   1.39016   0.71915   0.23468   0.26553   0.25737   2.74498   0.09486   0.15848   0.20977   0.09216   0.08256   0.03191   1.28185   0.02582   0.01122  
 67  0.7583   7956.076002  x:  1.34240   3.11461   5.54647   2.68389   1.67248   0.00000   2.65330   1.45871   0.72608   0.23754   0.26485   0.25757   2.80145   0.08777   0.16521   0.20984   0.09256   0.08270   0.03189   1.27830   0.02479   0.01192  
 68  0.7656   7956.034299  x:  1.34198   3.10058   5.66549   2.75472   1.66716   0.00000   2.70337   1.46659   0.72689   0.23997   0.26355   0.25561   2.89245   0.08211   0.17058   0.20985   0.09279   0.08279   0.03186   1.27712   0.02437   0.01225  
 69  0.7709   7955.992357  x:  1.37017   3.13642   5.77562   2.83551   1.69745   0.00000   2.73378   1.48750   0.72923   0.24002   0.26245   0.25142   2.87709   0.07816   0.17420   0.20972   0.09306   0.08288   0.03184   1.27443   0.02420   0.01303  
 70  0.1737   7955.983300  x:  1.37446   3.15686   5.80965   2.80432   1.71172   0.00000   2.73563   1.50070   0.73076   0.23826   0.26267   0.25053   2.91878   0.07758   0.17476   0.20982   0.09307   0.08290   0.03184   1.27367   0.02414   0.01337  
 71  0.2215   7955.976243  x:  1.38885   3.19897   5.87153   2.84202   1.73230   0.00000   2.77756   1.52058   0.73263   0.23608   0.26505   0.25152   2.95192   0.07556   0.17692   0.21040   0.09292   0.08290   0.03185   1.27400   0.02382   0.01419  
 72  0.0783   7955.973742  x:  1.38407   3.19203   5.86363   2.84555   1.72844   0.00000   2.77831   1.51653   0.73144   0.23605   0.26513   0.25151   2.95230   0.07313   0.17912   0.21029   0.09300   0.08289   0.03185   1.27465   0.02390   0.01503  
 73  0.0053   7955.971234  x:  1.38710   3.19535   5.86347   2.84165   1.72974   0.00000   2.77770   1.51848   0.73215   0.23683   0.26439   0.25124   2.95108   0.06977   0.18207   0.21021   0.09312   0.08289   0.03186   1.27414   0.02384   0.01623  
 74  0.0033   7955.971059  x:  1.38564   3.19135   5.85872   2.83889   1.72800   0.00000   2.77321   1.51698   0.73208   0.23658   0.26468   0.25151   2.94747   0.06977   0.18212   0.21030   0.09306   0.08288   0.03186   1.27431   0.02387   0.01640  
 75  0.0077   7955.971054  x:  1.38570   3.19167   5.86024   2.83933   1.72806   0.00000   2.77315   1.51712   0.73212   0.23660   0.26470   0.25150   2.94766   0.06953   0.18232   0.21030   0.09307   0.08288   0.03186   1.27431   0.02387   0.01644  
 76  0.0014   7955.971053  x:  1.38573   3.19184   5.86053   2.83944   1.72808   0.00000   2.77320   1.51715   0.73212   0.23661   0.26469   0.25150   2.94776   0.06957   0.18230   0.21029   0.09307   0.08288   0.03186   1.27430   0.02387   0.01644  
 77  0.0003   7955.971053  x:  1.38573   3.19183   5.86051   2.83943   1.72808   0.00000   2.77320   1.51714   0.73212   0.23661   0.26469   0.25150   2.94776   0.06956   0.18230   0.21029   0.09307   0.08288   0.03186   1.27430   0.02387   0.01644  
 78  0.0001   7955.971053  x:  1.38573   3.19183   5.86051   2.83943   1.72808   0.00000   2.77320   1.51714   0.73212   0.23661   0.26469   0.25150   2.94776   0.06956   0.18230   0.21029   0.09307   0.08288   0.03186   1.27430   0.02387   0.01644  
 79  0.0000   7955.971053  x:  1.38573   3.19183   5.86050   2.83943   1.72808   0.00000   2.77320   1.51714   0.73212   0.23661   0.26469   0.25150   2.94776   0.06956   0.18230   0.21029   0.09307   0.08288   0.03186   1.27430   0.02387   0.01644  