   10
BAM_029810  0.000000  0.577253  0.583898  0.883700  1.029113  0.372849
  0.261433  0.132684  0.583648  0.583835
BA_5219xxx  0.577253  0.000000  0.011152  0.717164  0.951782  0.586765
  0.574919  0.563252  0.003708  0.018618
BC_4984xxx  0.583898  0.011152  0.000000  0.721785  0.957667  0.584242
  0.576132  0.569345  0.014890  0.022383
NT03BC3379  0.883700  0.717164  0.721785  0.000000  0.745156  0.824614
  0.827050  0.881797  0.714834  0.731692
BH3479xxxx  1.029113  0.951782  0.957667  0.745156  0.000000  0.971310
  1.059566  0.961034  0.947893  0.957103
NT03BL3661  0.372849  0.586765  0.584242  0.824614  0.971310  0.000000
  0.349052  0.335842  0.593181  0.585777
BPUM_2930x  0.261433  0.574919  0.576132  0.827050  1.059566  0.349052
  0.000000  0.243585  0.581290  0.579970
BG14013xxx  0.132684  0.563252  0.569345  0.881797  0.961034  0.335842
  0.243585  0.000000  0.569614  0.572890
NT02BT4982  0.583648  0.003708  0.014890  0.714834  0.947893  0.593181
  0.581290  0.569614  0.000000  0.022372
KBAB4_4806  0.583835  0.018618  0.022383  0.731692  0.957103  0.585777
  0.579970  0.572890  0.022372  0.000000
