

TREE # 1

  0  0.0000   4090.073848  x:  0.41534   1.51871   1.31682   0.13795   1.50990   0.31655   1.12936   0.35745   0.68822   0.69049   1.34856   0.25111   0.14290   0.11007   0.16659   0.00514   0.00180   2.00000   0.20000  
  1 99.0000   4089.672309  x:  0.41599   1.51879   1.31682   0.13883   1.50997   0.31680   1.12951   0.35775   0.68787   0.69020   1.34879   0.25103   0.14320   0.10990   0.16657   0.00584   0.00000   1.99969   0.20004  
  2 172.5708   4070.556089  x:  0.56359   1.53706   1.31626   0.33512   1.52545   0.37342   1.16247   0.42632   0.61090   0.62485   1.40150   0.23221   0.20932   0.07079   0.16331   0.00039   0.00000   1.93002   0.20418  
  3 445.1853   4066.990640  x:  0.59676   1.54052   1.31478   0.37425   1.52837   0.38445   1.17069   0.44085   0.59023   0.60742   1.41408   0.22404   0.22084   0.07085   0.16237   0.00028   0.00000   1.91249   0.16917  
  4 335.0328   4062.658352  x:  0.67065   1.54831   1.30308   0.39178   1.53753   0.39556   1.20952   0.47063   0.52081   0.55192   1.45475   0.16262   0.20650   0.17581   0.15507   0.00019   0.00000   1.83928   0.16911  
  5 69.8593   4062.440816  x:  0.67419   1.54866   1.30239   0.39180   1.53799   0.39592   1.21159   0.47200   0.51732   0.54918   1.45687   0.15975   0.20590   0.17937   0.15397   0.00020   0.00418   1.83534   0.16906  
  6 263.0995   4060.977188  x:  0.68902   1.54965   1.29701   0.37913   1.54030   0.39411   1.22415   0.47619   0.50115   0.53776   1.46879   0.15025   0.20577   0.17283   0.14495   0.00037   0.00000   1.81151   0.16823  
  7 55.3676   4056.851953  x:  0.79347   1.55054   1.24969   0.28960   1.55625   0.37783   1.30635   0.49708   0.42978   0.49921   1.56029   0.19709   0.28415   0.17143   0.17007   0.00126   0.00000   1.63158   0.15884  
  8 81.7827   4053.078669  x:  0.93011   1.53870   1.17834   0.29411   1.57783   0.36646   1.37115   0.50201   0.51135   0.60261   1.68228   0.18942   0.21005   0.15143   0.19950   0.00204   0.00000   1.43927   0.14185  
  9 30.5077   4052.344070  x:  0.95652   1.52676   1.15274   0.31797   1.58241   0.35517   1.36741   0.48069   0.51492   0.60262   1.71691   0.22417   0.18832   0.16180   0.15058   0.00240   0.00000   1.43632   0.14081  
 10 12.8942   4051.432417  x:  0.98306   1.50135   1.10948   0.35848   1.58719   0.33113   1.34474   0.43668   0.49260   0.56653   1.76764   0.24126   0.13710   0.14583   0.17417   0.00278   0.00000   1.48083   0.14408  
 11 13.8506   4050.469739  x:  0.99526   1.46536   1.05767   0.39543   1.59011   0.32375   1.30490   0.44402   0.51208   0.55809   1.81676   0.15571   0.20314   0.14055   0.16499   0.00339   0.00000   1.57091   0.14576  
 12  7.4844   4049.694495  x:  0.95477   1.47432   1.09201   0.42777   1.59924   0.39577   1.31540   0.55097   0.49627   0.55518   1.79522   0.15689   0.18442   0.13031   0.16185   0.00393   0.00000   1.60803   0.14262  
 13  3.5120   4047.382068  x:  0.92793   1.60786   1.32639   0.57740   1.58064   0.38609   1.38321   0.48732   0.44924   0.57367   1.66483   0.09800   0.22415   0.10807   0.15449   0.00480   0.00000   1.55448   0.14140  
 14  4.4763   4044.022492  x:  1.11376   1.65215   1.23699   0.61568   1.66405   0.34219   1.64002   0.52699   0.58393   0.44073   1.68907   0.12886   0.23883   0.08326   0.15902   0.00483   0.00000   1.57874   0.14644  
 15  3.5762   4042.674945  x:  1.21287   1.65790   1.17705   0.59647   1.74630   0.39755   1.65396   0.51121   0.45722   0.57798   1.78276   0.14132   0.25005   0.07667   0.16151   0.00473   0.00000   1.60732   0.14911  
 16  7.0307   4042.187386  x:  1.23907   1.69890   1.22534   0.57767   1.78899   0.45088   1.53467   0.50893   0.48068   0.54413   1.89925   0.14687   0.25340   0.07674   0.16301   0.00475   0.00000   1.56683   0.14715  
 17  3.0437   4041.652230  x:  1.28292   1.74688   1.31008   0.60157   1.77408   0.34936   1.52183   0.59242   0.47249   0.56263   2.01917   0.16264   0.25403   0.08342   0.16648   0.00481   0.00000   1.58855   0.14287  
 18  2.1182   4040.289999  x:  1.34400   1.73180   1.36779   0.73065   1.86491   0.44108   1.72079   0.53066   0.48974   0.55599   2.07910   0.15652   0.29940   0.10752   0.17476   0.00517   0.00000   1.60587   0.12675  
 19  1.6427   4039.736011  x:  1.40734   1.71686   1.24026   0.79846   1.81658   0.42137   1.64004   0.57028   0.46553   0.55222   1.94172   0.15740   0.30386   0.11232   0.17522   0.00543   0.00000   1.51146   0.12759  
 20  2.3185   4039.588501  x:  1.52676   1.74567   1.25443   0.77638   1.78191   0.45196   1.63225   0.57263   0.47733   0.55489   1.90368   0.16190   0.29868   0.11058   0.17413   0.00565   0.00000   1.54450   0.12585  
 21  1.2341   4039.034768  x:  1.64633   1.62902   1.33661   0.86022   1.75828   0.46484   1.72046   0.59936   0.49416   0.56104   2.06162   0.14046   0.30820   0.09634   0.17093   0.00645   0.00000   1.51681   0.12036  
 22  0.4879   4038.808665  x:  1.67243   1.75402   1.30855   0.90933   1.89468   0.43341   1.76380   0.61808   0.50304   0.56683   2.10893   0.12865   0.31491   0.09163   0.17017   0.00682   0.00000   1.52734   0.11460  
 23  1.5709   4038.710481  x:  1.66821   1.83877   1.26989   0.93703   1.85378   0.46311   1.79866   0.60896   0.50192   0.57090   2.14664   0.12404   0.31569   0.09364   0.16919   0.00695   0.00000   1.53518   0.11534  
 24  0.3609   4038.595717  x:  1.72848   1.82082   1.30531   0.96076   1.94092   0.45223   1.80555   0.62093   0.50136   0.57381   2.12116   0.12286   0.31127   0.09723   0.16784   0.00716   0.00000   1.54264   0.11597  
 25  0.4344   4038.532114  x:  1.77620   1.85575   1.35426   1.02117   1.95836   0.47420   1.84442   0.62902   0.49288   0.57779   2.13532   0.13314   0.30552   0.09776   0.17126   0.00749   0.00000   1.53843   0.11195  
 26  0.0811   4038.527850  x:  1.77832   1.86117   1.36002   1.03479   1.96603   0.47435   1.85355   0.63456   0.49945   0.57861   2.13945   0.13319   0.30363   0.09710   0.17075   0.00755   0.00000   1.53683   0.11150  
 27  0.0157   4038.527447  x:  1.77205   1.86068   1.36019   1.03824   1.96653   0.47509   1.85363   0.63596   0.49909   0.57924   2.13868   0.13350   0.30398   0.09718   0.17098   0.00754   0.00000   1.53881   0.11150  
 28  0.0040   4038.527325  x:  1.76921   1.85891   1.35890   1.03911   1.96408   0.47547   1.85043   0.63563   0.49882   0.57921   2.13640   0.13285   0.30443   0.09705   0.17081   0.00752   0.00000   1.53847   0.11164  
 29  0.0021   4038.527139  x:  1.77061   1.86009   1.36010   1.04209   1.96446   0.47562   1.85037   0.63446   0.49935   0.57910   2.13529   0.13253   0.30448   0.09729   0.17091   0.00747   0.00000   1.53903   0.11155  
 30  0.0008   4038.526842  x:  1.77083   1.86026   1.35999   1.04285   1.96565   0.47377   1.85125   0.63387   0.49907   0.57893   2.13636   0.13309   0.30404   0.09703   0.17087   0.00736   0.00000   1.53970   0.11163  
 31  0.0008   4038.526632  x:  1.77187   1.85956   1.35910   1.04182   1.96581   0.47433   1.85248   0.63504   0.49931   0.57911   2.13786   0.13299   0.30427   0.09714   0.17080   0.00727   0.00000   1.53842   0.11152  
 32  0.0013   4038.526588  x:  1.77299   1.86046   1.36020   1.04138   1.96588   0.47553   1.85274   0.63571   0.49907   0.57919   2.13784   0.13292   0.30423   0.09711   0.17086   0.00725   0.00000   1.53881   0.11149  
 33  0.0015   4038.526587  x:  1.77277   1.86066   1.36030   1.04134   1.96596   0.47546   1.85272   0.63572   0.49911   0.57918   2.13775   0.13291   0.30425   0.09713   0.17082   0.00725   0.00000   1.53881   0.11149  
 34  0.0003   4038.526587  x:  1.77274   1.86067   1.36031   1.04134   1.96597   0.47544   1.85273   0.63572   0.49910   0.57918   2.13774   0.13290   0.30426   0.09712   0.17083   0.00725   0.00000   1.53880   0.11149  
 35  0.0000   4038.526587  x:  1.77275   1.86067   1.36032   1.04135   1.96597   0.47544   1.85274   0.63572   0.49910   0.57918   2.13774   0.13290   0.30426   0.09712   0.17083   0.00725   0.00000   1.53880   0.11149  
 36  0.0000   4038.526587  x:  1.77275   1.86067   1.36032   1.04135   1.96597   0.47544   1.85274   0.63572   0.49910   0.57918   2.13774   0.13290   0.30426   0.09712   0.17083   0.00725   0.00000   1.53880   0.11149  
 37  0.0000   4038.526587  x:  1.77275   1.86067   1.36032   1.04135   1.96597   0.47544   1.85274   0.63572   0.49910   0.57918   2.13774   0.13290   0.30426   0.09712   0.17083   0.00725   0.00000   1.53880   0.11149  
 38  0.0000   4038.526587  x:  1.77275   1.86067   1.36032   1.04135   1.96597   0.47544   1.85274   0.63572   0.49910   0.57918   2.13774   0.13290   0.30426   0.09712   0.17083   0.00725   0.00000   1.53880   0.11149  
check convergence!
