

TREE # 1

  0  0.0000   9256.748803  x:  0.00000   0.21406   0.26755   0.13550   0.22593   0.05238   0.19328   0.07432   0.09502   0.10765   0.08926   0.06378   0.18903   0.07043   0.06840   0.04106   0.09119   0.02116   0.08738   2.00000   0.20000   0.20000   0.20000  
  1 99.0000   8432.605420  x:  4.12441   0.69621   0.75099   0.60153   0.53214   0.47012   0.54766   0.60985   0.63249   0.36967   0.40090   0.47999   0.64495   0.22829   0.17775   0.46710   0.15905   0.33729   0.00000   1.95015   0.14889   0.00487   0.18084  
  2 7250.2190   8324.256807  x:  4.15208   0.70177   0.75828   0.60553   0.53465   0.47182   0.55149   0.61241   0.63393   0.36860   0.39893   0.47831   0.64899   0.22744   0.17706   0.46710   0.15668   0.33120   0.00000   1.94918   0.07076   0.04379   0.17651  
  3 2355.3570   8316.213258  x:  4.15348   0.70432   0.76230   0.60722   0.53597   0.47188   0.55358   0.61274   0.63329   0.36742   0.39671   0.47585   0.65079   0.22530   0.17531   0.46432   0.15407   0.32516   0.00000   1.94792   0.05852   0.03100   0.17335  
  4 794.5827   8203.698927  x:  4.18289   0.80640   0.92569   0.67145   0.58555   0.46829   0.63580   0.61877   0.59856   0.31181   0.29713   0.36481   0.71976   0.14949   0.11650   0.35949   0.05498   0.06657   0.00000   1.89555   0.05902   0.04296   0.03880  
  5 481.5649   8195.001291  x:  4.18637   0.82032   0.94806   0.68027   0.59232   0.46768   0.64706   0.61954   0.59376   0.30417   0.28352   0.34953   0.72923   0.13975   0.10927   0.34503   0.04325   0.03566   0.01528   1.88822   0.05906   0.04452   0.02026  
  6 4759.0586   8183.402876  x:  4.18493   0.83861   0.97829   0.69226   0.60130   0.46573   0.66230   0.61991   0.58667   0.29360   0.26563   0.32832   0.74215   0.13065   0.10510   0.32436   0.03936   0.04787   0.01591   1.87692   0.05895   0.04611   0.00145  
  7 440.7434   8153.017415  x:  4.17734   0.93422   1.13650   0.75519   0.64829   0.45533   0.74212   0.62192   0.54993   0.23867   0.17365   0.21848   0.80993   0.08665   0.08734   0.21705   0.02871   0.08983   0.02231   1.81724   0.05828   0.05408   0.02212  
  8 1608.3075   8137.550019  x:  4.16455   0.99441   1.23797   0.79616   0.67797   0.44632   0.79332   0.62279   0.52889   0.20750   0.13886   0.16696   0.85401   0.08794   0.10792   0.16191   0.09863   0.08968   0.02039   1.77564   0.05669   0.05655   0.02116  
  9 779.8477   8103.322691  x:  4.05758   1.18796   1.57859   0.93581   0.77264   0.39775   0.96328   0.62130   0.48392   0.14387   0.29532   0.23147   1.00375   0.10510   0.18265   0.09611   0.10050   0.10800   0.02299   1.61446   0.04845   0.07182   0.02669  
 10 287.1909   8084.859878  x:  3.96951   1.31830   1.81486   1.03394   0.83525   0.35490   1.07762   0.62056   0.48081   0.13820   0.34100   0.24227   1.10828   0.07203   0.18475   0.23269   0.12179   0.12286   0.02518   1.49577   0.04234   0.07948   0.03112  
 11 427.9089   8079.035737  x:  3.93026   1.34989   1.89814   1.07516   0.84380   0.30420   1.10380   0.62397   0.57526   0.26252   0.32041   0.26778   1.14889   0.07147   0.17864   0.21908   0.12716   0.12523   0.02560   1.43449   0.03941   0.08561   0.03175  
 12 87.0034   8077.735264  x:  3.93691   1.32636   1.92271   1.10189   0.81606   0.20996   1.08110   0.62693   0.58612   0.24883   0.30360   0.26738   1.16681   0.11077   0.17916   0.22545   0.11442   0.12421   0.02541   1.40045   0.03967   0.08368   0.03144  
 13 20.4539   8076.792751  x:  3.94402   1.30226   1.93984   1.12288   0.79721   0.13646   1.06196   0.63089   0.59166   0.23448   0.30590   0.27768   1.17992   0.10601   0.15170   0.21970   0.12473   0.12427   0.02549   1.37664   0.04017   0.08368   0.03148  
 14 61.1814   8074.609770  x:  3.92995   1.08238   2.00590   1.23233   0.93384   0.06909   1.03080   0.73429   0.60596   0.22448   0.31710   0.25418   1.23614   0.07644   0.18020   0.21832   0.12048   0.12064   0.02505   1.36516   0.03943   0.08581   0.03058  
 15  8.6612   8072.498974  x:  3.92032   0.94231   2.13921   1.27820   0.98936   0.08238   1.05406   0.71001   0.58333   0.22216   0.26056   0.32644   1.23608   0.12754   0.12543   0.21777   0.12473   0.12079   0.02509   1.41741   0.04015   0.08553   0.03066  
 16  9.6094   8067.714619  x:  3.92392   0.75542   2.42219   1.30006   0.97299   0.08257   1.10720   0.59212   0.58545   0.27812   0.33522   0.22985   1.16926   0.14078   0.11291   0.22199   0.12150   0.11769   0.02492   1.51399   0.04336   0.08115   0.02992  
 17 18.2611   8060.575446  x:  3.90336   0.71043   2.64962   1.30048   0.87770   0.14441   1.11224   0.62055   0.60684   0.25568   0.27889   0.27929   1.08097   0.01470   0.25064   0.22523   0.10979   0.10951   0.02408   1.43969   0.04568   0.07733   0.02786  
 18 16.2726   8052.062655  x:  3.81817   0.83604   2.79401   1.34383   0.81542   0.29854   1.10484   0.86824   0.65889   0.22958   0.31169   0.22418   1.05141   0.09890   0.14241   0.22038   0.11130   0.10021   0.02323   1.26609   0.04584   0.07854   0.02545  
 19 22.6951   8040.202969  x:  3.67533   1.35984   2.70179   1.53826   0.92951   0.13491   1.21038   1.06474   0.68287   0.24806   0.27953   0.24457   1.37118   0.09022   0.15565   0.22628   0.10268   0.08853   0.02213   1.61553   0.04798   0.07656   0.02271  
 20 19.9777   8034.832348  x:  3.67084   1.46828   2.47977   1.54271   1.12916   0.04682   1.44450   0.85471   0.64104   0.27006   0.25442   0.24774   1.54641   0.08698   0.15556   0.22259   0.09455   0.07794   0.02095   1.44402   0.04792   0.07344   0.01997  
 21 15.4649   8023.644292  x:  3.57955   1.43249   2.76187   1.39469   1.03433   0.15808   1.53394   0.77379   0.92012   0.05565   0.24729   0.22765   1.99103   0.08297   0.14932   0.21605   0.08651   0.06575   0.02006   1.44576   0.04399   0.05626   0.01629  
 22  2.7140   8005.297072  x:  3.48500   1.42036   3.33258   1.11789   0.87331   0.20075   1.59989   0.87246   0.64546   0.20474   0.22006   0.20571   2.56797   0.06617   0.16085   0.20757   0.06943   0.04558   0.01873   1.38668   0.03797   0.02240   0.01005  
 23 31.8270   7999.422580  x:  3.46213   1.55472   3.52645   1.13210   1.08760   0.09429   1.55809   0.87403   0.67839   0.17262   0.20747   0.21408   2.32068   0.08027   0.15277   0.20797   0.06655   0.04404   0.01904   1.38165   0.03696   0.01011   0.00914  
 24 12.1670   7993.929771  x:  3.39421   1.59627   3.52533   1.81717   0.93198   0.09710   1.90700   0.93742   0.67679   0.17186   0.20629   0.21625   1.91906   0.07223   0.15275   0.20495   0.06764   0.04706   0.01967   1.40430   0.03357   0.00951   0.00882  
 25  6.2431   7983.932010  x:  3.31741   1.89466   3.81156   2.15137   1.27849   0.10312   1.52251   0.79974   0.63633   0.22094   0.23596   0.23142   1.79705   0.07211   0.14236   0.20657   0.08246   0.07020   0.02337   1.31609   0.03106   0.01739   0.01199  
 26  2.6116   7981.406171  x:  3.29461   1.90694   3.88133   2.00356   1.33303   0.00000   1.70108   0.94430   0.66643   0.20307   0.23295   0.24517   1.75883   0.08147   0.13681   0.20843   0.08508   0.07592   0.02427   1.33776   0.03061   0.01886   0.01281  
 27  6.6077   7971.541154  x:  3.07045   2.00714   4.27491   2.05819   1.24930   0.07212   1.98854   1.13868   0.65151   0.24983   0.26662   0.26479   2.33587   0.06922   0.18391   0.22575   0.09578   0.10973   0.03023   1.27500   0.03007   0.00979   0.01562  
 28  1.2030   7964.435262  x:  2.83772   2.31652   4.74243   2.42896   1.46729   0.00000   2.25260   1.33782   0.72596   0.24748   0.27350   0.25991   2.39923   0.06716   0.20306   0.22901   0.09260   0.10502   0.03145   1.26072   0.02745   0.01516   0.01121  
 29  0.8713   7960.574985  x:  2.53804   2.70492   5.36255   2.78229   1.69972   0.00000   2.57668   1.56348   0.77076   0.25217   0.28399   0.25363   2.69547   0.05929   0.20528   0.22760   0.09507   0.09911   0.03295   1.24347   0.02279   0.01402   0.00575  
 30  1.4027   7958.156335  x:  2.34644   2.97456   5.78243   3.06612   1.88401   0.00000   2.77593   1.70480   0.78679   0.25747   0.28147   0.25282   2.76863   0.05586   0.20330   0.22518   0.09564   0.09073   0.03345   1.26020   0.02301   0.01358   0.00227  
 31  1.2431   7956.651458  x:  2.12557   3.27553   6.26891   3.26247   2.03764   0.00000   3.01217   1.84920   0.78559   0.26298   0.27572   0.25709   3.03181   0.05874   0.19855   0.22264   0.09616   0.08845   0.03495   1.28309   0.02228   0.01266   0.01114  
 32  0.6511   7955.982572  x:  2.00905   3.43542   6.52258   3.33611   2.09247   0.00000   3.14302   1.91139   0.78210   0.26130   0.26978   0.25627   3.24553   0.05918   0.19921   0.22011   0.09397   0.08440   0.03503   1.27291   0.02062   0.01283   0.01128  
 33  0.4752   7955.665119  x:  1.99709   3.47803   6.58291   3.24581   2.03445   0.00000   3.15869   1.85616   0.75769   0.24773   0.26348   0.25013   3.39950   0.05929   0.19962   0.21649   0.09080   0.08035   0.03368   1.26146   0.02088   0.01376   0.01110  
 34  0.0865   7955.480754  x:  1.96453   3.54429   6.70199   3.20873   1.97023   0.00000   3.18602   1.80234   0.76440   0.23137   0.27100   0.24955   3.48582   0.05870   0.19843   0.21609   0.09452   0.08359   0.03292   1.27941   0.02078   0.01278   0.01039  
 35  0.0759   7955.392564  x:  1.95754   3.57334   6.75542   3.25600   1.93416   0.00000   3.19392   1.74670   0.76944   0.23185   0.26767   0.25610   3.38717   0.06060   0.20197   0.21739   0.09444   0.08573   0.03217   1.26642   0.02085   0.01312   0.00936  
 36  0.0530   7955.361446  x:  1.93911   3.60799   6.80208   3.28833   1.93803   0.00000   3.21261   1.74033   0.76929   0.23801   0.26989   0.25129   3.35019   0.05878   0.19879   0.21636   0.09463   0.08482   0.03163   1.27207   0.02077   0.01340   0.00894  
 37  0.0421   7955.328324  x:  1.93341   3.60616   6.80057   3.23530   1.93213   0.00000   3.20230   1.72975   0.75547   0.24945   0.26637   0.24993   3.33704   0.05978   0.19962   0.21693   0.09219   0.08590   0.03079   1.27624   0.02092   0.01297   0.00887  
 38  0.0113   7955.252824  x:  1.90990   3.57500   6.74791   3.10711   1.93235   0.00000   3.18405   1.74083   0.75420   0.25724   0.26448   0.25852   3.31269   0.05905   0.19640   0.21786   0.09374   0.08842   0.02918   1.26759   0.02101   0.01336   0.00896  
 39  0.0276   7955.040664  x:  1.82110   3.50932   6.57260   2.94727   1.90425   0.00000   3.08714   1.71911   0.78786   0.23309   0.27719   0.24704   3.22756   0.05828   0.20648   0.21876   0.09364   0.08720   0.02483   1.27371   0.02171   0.01359   0.00911  
 40  0.0441   7954.434853  x:  1.61247   3.25709   5.94390   2.96884   1.82132   0.00000   2.78254   1.63369   0.74692   0.21624   0.27236   0.25113   2.94533   0.05064   0.21092   0.21385   0.09942   0.08740   0.02046   1.25016   0.02330   0.01203   0.01040  
 41  0.1265   7953.879825  x:  1.42372   3.00418   5.42112   2.76235   1.61574   0.00000   2.53866   1.45735   0.69067   0.22889   0.25698   0.25935   2.77385   0.05433   0.20361   0.21245   0.10116   0.09717   0.01782   1.27689   0.02532   0.01340   0.00987  
 42  0.3291   7953.422147  x:  1.33219   2.97409   5.44285   2.74942   1.58748   0.00000   2.58305   1.40927   0.71023   0.24212   0.25918   0.24729   2.79695   0.05967   0.19783   0.21494   0.09797   0.10021   0.02345   1.28889   0.02604   0.01440   0.00894  
 43  0.0677   7953.052513  x:  1.16687   2.69378   4.92512   2.49500   1.50062   0.00000   2.34478   1.29831   0.71592   0.23529   0.26266   0.24038   2.56337   0.05807   0.20078   0.21641   0.09654   0.09974   0.02350   1.27664   0.02810   0.01416   0.00871  
 44  0.6605   7952.634741  x:  1.15445   2.59187   4.81314   2.34206   1.49743   0.00000   2.25885   1.22930   0.70461   0.22349   0.26025   0.24630   2.47642   0.05252   0.20547   0.21748   0.09245   0.08700   0.02804   1.25030   0.02930   0.01284   0.00819  
 45  0.1623   7952.544830  x:  1.11930   2.56163   4.75326   2.35170   1.45619   0.00000   2.21842   1.19291   0.68445   0.22955   0.25790   0.25135   2.38879   0.05237   0.20507   0.21752   0.09306   0.08539   0.03004   1.27484   0.02999   0.01313   0.00810  
 46  0.1105   7952.525238  x:  1.12771   2.56711   4.75850   2.31645   1.45890   0.00000   2.22267   1.21391   0.68197   0.23075   0.25953   0.25093   2.41601   0.05271   0.20531   0.21748   0.09337   0.08522   0.03082   1.27956   0.03005   0.01328   0.00858  
 47  0.0584   7952.514103  x:  1.11475   2.55532   4.70903   2.28366   1.43530   0.00000   2.19419   1.19910   0.68120   0.22963   0.26127   0.24871   2.37953   0.05262   0.20634   0.21694   0.09387   0.08550   0.03121   1.27473   0.03035   0.01331   0.00886  
 48  0.0636   7952.511311  x:  1.11460   2.56820   4.71488   2.29924   1.43875   0.00000   2.19571   1.20546   0.68175   0.22963   0.26077   0.24855   2.37702   0.05269   0.20636   0.21650   0.09406   0.08533   0.03131   1.27308   0.03032   0.01328   0.00907  
 49  0.0310   7952.510408  x:  1.11244   2.56763   4.70282   2.29231   1.43562   0.00000   2.18892   1.20398   0.68133   0.22976   0.25944   0.24908   2.37847   0.05296   0.20572   0.21625   0.09409   0.08528   0.03126   1.27362   0.03037   0.01324   0.00918  
 50  0.0149   7952.510287  x:  1.11394   2.57000   4.70474   2.29177   1.43552   0.00000   2.18963   1.20368   0.68211   0.22993   0.25944   0.24910   2.37799   0.05302   0.20557   0.21634   0.09408   0.08528   0.03120   1.27400   0.03036   0.01325   0.00917  
 51  0.0040   7952.510241  x:  1.11311   2.56918   4.70092   2.29204   1.43500   0.00000   2.18859   1.20306   0.68217   0.22995   0.25958   0.24905   2.37794   0.05301   0.20560   0.21649   0.09407   0.08525   0.03118   1.27408   0.03038   0.01325   0.00919  
 52  0.0026   7952.510230  x:  1.11280   2.56914   4.70051   2.29160   1.43472   0.00000   2.18860   1.20269   0.68183   0.23013   0.25956   0.24909   2.37772   0.05301   0.20561   0.21654   0.09404   0.08526   0.03117   1.27395   0.03038   0.01325   0.00919  
 53  0.0008   7952.510226  x:  1.11305   2.56832   4.69936   2.29118   1.43461   0.00000   2.18815   1.20262   0.68179   0.23011   0.25956   0.24910   2.37702   0.05302   0.20561   0.21654   0.09403   0.08527   0.03116   1.27395   0.03039   0.01325   0.00919  
 54  0.0011   7952.510223  x:  1.11277   2.56800   4.69908   2.29094   1.43444   0.00000   2.18798   1.20248   0.68185   0.22999   0.25956   0.24909   2.37690   0.05302   0.20560   0.21652   0.09403   0.08528   0.03115   1.27400   0.03040   0.01325   0.00918  
 55  0.0006   7952.510223  x:  1.11267   2.56787   4.69896   2.29091   1.43446   0.00000   2.18785   1.20243   0.68183   0.23001   0.25955   0.24909   2.37678   0.05302   0.20560   0.21651   0.09403   0.08529   0.03115   1.27401   0.03040   0.01325   0.00918  
 56  0.0002   7952.510223  x:  1.11271   2.56783   4.69897   2.29092   1.43445   0.00000   2.18778   1.20239   0.68182   0.23002   0.25955   0.24909   2.37681   0.05302   0.20560   0.21651   0.09404   0.08529   0.03115   1.27401   0.03040   0.01325   0.00918  
 57  0.0001   7952.510223  x:  1.11269   2.56782   4.69895   2.29089   1.43446   0.00000   2.18775   1.20239   0.68182   0.23002   0.25955   0.24909   2.37680   0.05301   0.20561   0.21651   0.09404   0.08529   0.03115   1.27401   0.03040   0.01325   0.00918  
 58  0.0001   7952.510223  x:  1.11270   2.56781   4.69895   2.29088   1.43445   0.00000   2.18776   1.20240   0.68182   0.23002   0.25955   0.24909   2.37680   0.05301   0.20561   0.21651   0.09404   0.08529   0.03115   1.27400   0.03040   0.01325   0.00918  