Supplemental results for CODEML (seqf: cds2.phylip  treef: tree.H1c.nwk)

Number of codon sites with 0,1,2,3 position differences
   2 vs.    1     21    38    53    29  -1.0000 (0.7991 -1.0000)
   3 vs.    1     17    41    55    28  -1.0000 (0.7972 -1.0000)
   3 vs.    2    128    25     4     1   0.0944 (0.0318 0.3367)
   4 vs.    1      9    22    44    25   0.4120 (1.1407 2.7684)
   4 vs.    2      8    26    49    21   0.5781 (1.0987 1.9005)
   4 vs.    3      9    29    45    21   0.8542 (1.0937 1.2804)
   5 vs.    1     11    29    32    30  -1.0000 (0.9429 -1.0000)
   5 vs.    2     16    29    40    23   0.8496 (0.9574 1.1269)
   5 vs.    3     14    29    38    26   0.6957 (0.9984 1.4351)
   5 vs.    4      8    31    37    26  -1.0000 (0.8775 -1.0000)
   6 vs.    1     29    46    40    23   0.1336 (0.5597 4.1884)
   6 vs.    2     14    46    47    33  -1.0000 (0.7722 -1.0000)
   6 vs.    3     15    46    47    32  -1.0000 (0.7517 -1.0000)
   6 vs.    4      6    28    45    19  -1.0000 (0.9854 -1.0000)
   6 vs.    5      7    31    30    32  -1.0000 (0.9474 -1.0000)
   7 vs.    1     30    53    32    25  -1.0000 (0.4590 -1.0000)
   7 vs.    2     30    32    50    33   0.4087 (0.7977 1.9517)
   7 vs.    3     26    37    50    32   0.3819 (0.8050 2.1080)
   7 vs.    4      7    21    48    25  -1.0000 (1.2080 -1.0000)
   7 vs.    5     11    34    33    25   0.3949 (0.9061 2.2944)
   7 vs.    6     23    47    45    29  -1.0000 (0.6426 -1.0000)
   8 vs.    1     36    54    23    12  -1.0000 (0.2929 -1.0000)
   8 vs.    2     27    34    36    26   0.2783 (0.6764 2.4303)
   8 vs.    3     25    35    37    26   0.2737 (0.6971 2.5474)
   8 vs.    4      3    31    37    16  -1.0000 (0.9665 -1.0000)
   8 vs.    5     11    25    29    24  -1.0000 (0.9083 -1.0000)
   8 vs.    6     30    44    32    19   0.2823 (0.5212 1.8460)
   8 vs.    7     45    37    22    19   0.2924 (0.4010 1.3712)
   9 vs.    1     22    36    54    29  -1.0000 (0.7990 -1.0000)
   9 vs.    2    154     5     0     0   0.1480 (0.0052 0.0349)
   9 vs.    3    127    26     4     1   0.0836 (0.0304 0.3639)
   9 vs.    4      8    26    49    21   0.5697 (1.0961 1.9240)
   9 vs.    5     16    29    40    23   0.8296 (0.9529 1.1486)
   9 vs.    6     15    45    48    32  -1.0000 (0.7651 -1.0000)
   9 vs.    7     29    35    48    33   0.3850 (0.7853 2.0394)
   9 vs.    8     26    35    36    26   0.2161 (0.6751 3.1244)
  10 vs.    1     20    37    52    35  -1.0000 (0.8647 -1.0000)
  10 vs.    2    113    36     7     2   0.0995 (0.0566 0.5690)
  10 vs.    3    115    45    22     5   0.1487 (0.1229 0.8262)
  10 vs.    4      8    26    49    21   0.7143 (1.1318 1.5846)
  10 vs.    5     17    25    42    25   0.8630 (1.0101 1.1705)
  10 vs.    6     17    47    47    32  -1.0000 (0.7939 -1.0000)
  10 vs.    7     27    31    56    32   0.2748 (0.8222 2.9921)
  10 vs.    8     24    29    43    29  -1.0000 (0.7478 -1.0000)
  10 vs.    9    112    38     5     3   0.0983 (0.0576 0.5858)

