

TREE # 1

  0  0.0000   4731.167205  x:  0.03133   0.41893   0.51619   0.24098   0.31877   0.00000   0.40282   0.11277   0.40034   0.22077   0.26734   0.10426   0.08776   0.07492   0.07782   0.04356   0.03758   2.00000   0.20000   0.20000  
  1 99.0000   4309.907068  x:  0.30678   0.51057   0.58770   0.35838   0.44167   0.39865   0.52236   0.22671   0.47956   0.30580   0.41226   0.23870   0.18035   0.18685   0.11100   0.00000   0.00586   1.95509   0.74192   0.20166  
  2 1822.6700   4285.257860  x:  0.37297   0.53283   0.60510   0.38673   0.47136   0.49419   0.55132   0.25418   0.49878   0.32642   0.44727   0.27097   0.20255   0.21373   0.11889   0.02431   0.00000   1.94426   0.87149   0.20200  
  3 58634.3336   4269.259190  x:  0.46780   0.56586   0.63110   0.42800   0.51459   0.62992   0.59385   0.29386   0.52719   0.35687   0.49828   0.31686   0.23393   0.25199   0.12963   0.05417   0.07604   1.92857   1.05392   0.20212  
  4 20513.7759   4145.736036  x:  0.59676   0.79551   0.84243   0.57509   0.67129   0.65764   0.81043   0.39066   0.70012   0.53437   0.68707   0.28970   0.17660   0.23733   0.00000   0.05168   0.07294   1.88839   0.83113   0.12840  
  5 285.0867   4025.735964  x:  0.82515   1.20896   1.22540   0.83767   0.95087   0.69586   1.19862   0.55775   1.00710   0.84509   1.02495   0.25280   0.09162   0.23961   0.17136   0.04629   0.06568   1.81118   0.38978   0.00010  
  6 2028.5949   4006.565628  x:  0.88850   1.32462   1.33301   0.91081   1.02870   0.70411   1.30697   0.60319   1.09203   0.93046   1.11940   0.24971   0.07503   0.23937   0.21525   0.04470   0.06356   1.78792   0.26352   0.06005  
  7 2691.9027   3984.610141  x:  0.84102   1.48816   1.51653   0.97732   1.10282   0.40472   1.43756   0.57787   1.16878   0.97407   1.22321   0.46952   0.29050   0.24455   0.23016   0.04239   0.06064   1.65462   0.29848   0.06103  
  8 120.7072   3978.047650  x:  0.92156   1.54123   1.62000   1.00787   1.15787   0.29271   1.49712   0.47306   1.09503   0.81251   1.30266   0.43472   0.20240   0.17810   0.24307   0.04235   0.06068   1.44112   0.35285   0.07024  
  9 37.0299   3972.703913  x:  1.04597   1.56244   1.69607   1.02639   1.20036   0.26179   1.53910   0.35892   0.99809   0.62020   1.37100   0.48810   0.18944   0.23899   0.23016   0.04188   0.06010   1.24803   0.29668   0.06369  
 10 77.1838   3971.454616  x:  1.18977   1.47060   1.72625   0.97204   1.18254   0.21294   1.57967   0.31782   1.05961   0.63454   1.36919   0.58072   0.14292   0.17837   0.23353   0.04167   0.05984   1.23341   0.27729   0.05955  
 11  6.7259   3970.477370  x:  1.28950   1.39394   1.76351   0.92459   1.17614   0.13385   1.62359   0.30060   1.11840   0.65470   1.36523   0.62034   0.06671   0.22984   0.23370   0.04146   0.05955   1.23371   0.28556   0.06263  
 12 22.4656   3967.901907  x:  1.36436   1.21255   1.94505   0.87901   1.36929   0.02319   1.75470   0.51348   1.10935   0.56409   1.38205   0.60666   0.08718   0.22490   0.23820   0.04058   0.05834   1.32583   0.27028   0.06257  
 13  4.8279   3960.996839  x:  1.30353   1.07997   2.34794   0.99285   1.61231   0.00000   1.70945   0.49724   1.10173   0.85178   1.48732   0.45677   0.20647   0.25872   0.24707   0.03889   0.05575   1.21533   0.21579   0.06366  
 14  6.2212   3954.378039  x:  1.19492   1.40065   2.73490   1.20316   1.62494   0.00185   1.77294   0.29174   1.16391   0.82220   1.62314   0.46455   0.15738   0.25552   0.26318   0.03776   0.05386   1.56354   0.21281   0.06764  
 15 13.1489   3949.813250  x:  1.00513   1.71390   2.78912   1.27057   1.47007   0.06544   1.93296   0.44117   1.35138   0.73243   1.60870   0.55784   0.04238   0.25216   0.27356   0.03683   0.05243   1.46761   0.18440   0.06884  
 16 13.0297   3946.999601  x:  1.02832   1.97322   2.64210   1.17171   1.43065   0.03752   2.23719   0.40155   1.44701   0.73318   1.58209   0.35805   0.20491   0.25497   0.27774   0.03621   0.05144   1.43459   0.18481   0.07204  
 17  7.1024   3944.522955  x:  1.00048   2.07836   2.53146   1.15807   1.53028   0.00000   2.31265   0.40574   1.38781   0.79825   1.63971   0.39442   0.15774   0.24845   0.28274   0.03566   0.05062   1.43495   0.18668   0.07374  
 18  6.0214   3944.522955  x:  1.00048   2.07836   2.53146   1.15807   1.53028   0.00000   2.31265   0.40574   1.38781   0.79825   1.63971   0.39442   0.15774   0.24845   0.28274   0.03566   0.05062   1.43495   0.18668   0.07374  
 19  4.5000   3937.619167  x:  1.00405   2.08076   2.53343   1.16122   1.53329   0.00489   2.31446   0.40887   1.39003   0.80118   1.64335   0.39704   0.15782   0.24604   0.26557   0.01050   0.02542   1.43126   0.23362   0.07672  
 20 218.9066   3935.473149  x:  1.01009   2.08466   2.53655   1.16593   1.53729   0.01132   2.31656   0.41263   1.39259   0.80538   1.64905   0.39904   0.15487   0.24096   0.22843   0.01119   0.00812   1.42898   0.22769   0.07756  
 21 85.4368   3929.084148  x:  1.03453   2.10050   2.54926   1.18513   1.55377   0.03769   2.32538   0.42823   1.40332   0.82255   1.67221   0.40821   0.14433   0.22210   0.08338   0.02843   0.00663   1.41831   0.23384   0.08268  
 22 377.1093   3928.081608  x:  1.04069   2.10448   2.55247   1.18983   1.55770   0.04375   2.32748   0.43176   1.40582   0.82666   1.67797   0.41085   0.14215   0.22160   0.05719   0.01485   0.01272   1.41593   0.22829   0.08361  
 23 168.8938   3923.725371  x:  1.17948   2.19478   2.62606   1.29373   1.64383   0.16737   2.37515   0.50419   1.46138   0.91500   1.80713   0.49491   0.12883   0.36214   0.02642   0.01782   0.01099   1.35456   0.20334   0.11105  
 24 33.5705   3918.746969  x:  1.33299   2.29600   2.71034   1.40645   1.73556   0.28757   2.42959   0.57421   1.52061   1.00599   1.94896   0.53136   0.06910   0.35967   0.04351   0.01519   0.01306   1.30348   0.18375   0.04149  
 25 85.1786   3914.617238  x:  1.51499   2.41726   2.81338   1.53641   1.83923   0.41137   2.49515   0.64470   1.58661   1.10544   2.11517   0.56146   0.00000   0.28970   0.08285   0.00941   0.01659   1.25706   0.15477   0.09409  
 26 159.5506   3912.834771  x:  1.63923   2.50552   2.89669   1.60883   1.88766   0.41703   2.54255   0.64068   1.61152   1.13910   2.22034   0.60641   0.09450   0.23999   0.09524   0.00697   0.01795   1.29889   0.14235   0.09332  
 27 33.4360   3906.584302  x:  2.17486   2.90754   3.29704   1.86640   2.03286   0.21385   2.76449   0.48427   1.66929   1.19217   2.64213   0.44982   0.13084   0.29867   0.08754   0.00907   0.01751   1.65491   0.14212   0.10922  
 28 35.3167   3904.370496  x:  2.34216   3.06620   3.47699   1.87360   2.06671   0.00000   2.89897   0.42764   1.68806   1.13970   2.73215   0.50175   0.10000   0.29422   0.08144   0.01036   0.01696   1.50922   0.13594   0.10467  
 29 11.5676   3904.370496  x:  2.34216   3.06620   3.47699   1.87360   2.06671   0.00000   2.89897   0.42764   1.68806   1.13970   2.73215   0.50175   0.10000   0.29422   0.08144   0.01036   0.01696   1.50922   0.13594   0.10467  
 30  4.8299   3903.436401  x:  2.34239   3.06642   3.47724   1.87377   2.06718   0.00069   2.89932   0.42829   1.68842   1.13996   2.73236   0.50224   0.10028   0.29367   0.08126   0.01456   0.02011   1.50833   0.14867   0.10469  
 31 143.1473   3903.349124  x:  2.34391   3.06779   3.47887   1.87435   2.07006   0.00482   2.90136   0.43238   1.69029   1.14118   2.73337   0.50474   0.10082   0.28819   0.07829   0.01091   0.01965   1.50427   0.14979   0.10251  
 32 13.9781   3902.994080  x:  2.35137   3.07451   3.48687   1.87716   2.08412   0.02489   2.91133   0.45233   1.69936   1.14705   2.73824   0.51695   0.10339   0.26208   0.06520   0.01204   0.02394   1.48465   0.14664   0.09227  
 33 89.8132   3902.792464  x:  2.35659   3.07922   3.49248   1.87908   2.09370   0.03837   2.91823   0.46574   1.70556   1.15105   2.74164   0.52569   0.10549   0.25031   0.06733   0.01562   0.01657   1.47135   0.14581   0.08960  
 34 53.1213   3902.127614  x:  2.37900   3.09944   3.51657   1.88719   2.13387   0.09419   2.94759   0.52141   1.73159   1.16780   2.75620   0.56246   0.11385   0.21814   0.09966   0.01355   0.02196   1.41633   0.13878   0.09016  
 35 80.8533   3901.524953  x:  2.40992   3.12748   3.54998   1.89794   2.18196   0.15556   2.98610   0.58307   1.76333   1.18836   2.77636   0.58695   0.09974   0.23692   0.08373   0.01403   0.02169   1.36486   0.13183   0.12790  
 36 25.5401   3900.921414  x:  2.45108   3.16501   3.59465   1.91213   2.23508   0.21388   3.03391   0.64274   1.79913   1.21162   2.80371   0.58167   0.05061   0.27355   0.08353   0.01455   0.02144   1.33685   0.12744   0.10116  
 37 23.5431   3899.916192  x:  2.62077   3.31976   3.78085   1.96645   2.36451   0.26328   3.19618   0.70757   1.88455   1.26561   2.91877   0.63505   0.09016   0.30686   0.07653   0.01506   0.02146   1.46877   0.12048   0.08137  
 38  8.9919   3898.789006  x:  2.83450   3.51582   4.01677   2.03517   2.51153   0.29025   3.39408   0.75860   1.98077   1.32490   3.06576   0.62012   0.05742   0.25415   0.09355   0.01507   0.02202   1.60990   0.11382   0.13106  
 39 42.4105   3896.653790  x:  3.30307   3.95423   4.54665   2.18127   2.72548   0.10254   3.77299   0.67272   2.09960   1.37932   3.40238   0.57953   0.11502   0.26056   0.09197   0.01564   0.02229   1.48250   0.09580   0.12464  
 40 13.8291   3896.131601  x:  3.43108   4.06510   4.70451   2.17787   2.74833   0.03319   3.81877   0.66754   2.05600   1.33262   3.46444   0.70822   0.01667   0.25711   0.09151   0.01554   0.02204   1.47594   0.09678   0.12156  
 41  3.2348   3895.116291  x:  3.73571   4.29625   5.09751   2.13164   2.80282   0.00000   3.81617   0.77293   1.93929   1.29284   3.58722   0.59380   0.10002   0.25957   0.09184   0.01477   0.02138   1.47727   0.10159   0.12347  
 42  2.8855   3895.116291  x:  3.73571   4.29625   5.09751   2.13164   2.80282   0.00000   3.81617   0.77293   1.93929   1.29284   3.58722   0.59380   0.10002   0.25957   0.09184   0.01477   0.02138   1.47727   0.10159   0.12347  
 43  2.3622   3895.104057  x:  3.73572   4.29626   5.09752   2.13167   2.80286   0.00009   3.81620   0.77296   1.93941   1.29295   3.58725   0.59389   0.10003   0.25951   0.09185   0.01451   0.02110   1.47719   0.10263   0.12346  
 44 21.7189   3895.099780  x:  3.73575   4.29626   5.09756   2.13179   2.80298   0.00041   3.81630   0.77306   1.93986   1.29338   3.58736   0.59421   0.10003   0.25926   0.09186   0.01390   0.02031   1.47697   0.10249   0.12336  
 45  6.8632   3895.053071  x:  3.73656   4.29646   5.09848   2.13467   2.80609   0.00820   3.81865   0.77536   1.95074   1.30367   3.59004   0.60195   0.10001   0.25331   0.09231   0.01664   0.01748   1.47159   0.10205   0.12108  
 46  7.4888   3894.864744  x:  3.74012   4.29735   5.10249   2.14724   2.81961   0.04207   3.82891   0.78531   1.99807   1.34838   3.60176   0.63543   0.09963   0.22918   0.09505   0.01415   0.02076   1.44838   0.10002   0.11220  
 47 79.0429   3894.714295  x:  3.74400   4.29861   5.10691   2.15995   2.83274   0.07424   3.83959   0.79409   2.04342   1.39059   3.61377   0.66327   0.09429   0.23578   0.10830   0.01427   0.02068   1.42978   0.09774   0.12355  
 48 19.7033   3894.595484  x:  3.74835   4.30056   5.11190   2.17238   2.84469   0.10174   3.85057   0.80060   2.08273   1.42604   3.62579   0.67401   0.07593   0.24407   0.09240   0.01418   0.02081   1.42171   0.09647   0.13391  
 49 15.0255   3894.498598  x:  3.75369   4.30356   5.11809   2.18570   2.85621   0.12575   3.86284   0.80469   2.11822   1.45642   3.63903   0.67101   0.04954   0.25359   0.09438   0.01425   0.02074   1.42417   0.09591   0.12256  
 50 12.1229   3894.386347  x:  3.77576   4.31956   5.14423   2.22663   2.88052   0.15384   3.90342   0.79146   2.17443   1.49002   3.68314   0.66644   0.07578   0.25959   0.09192   0.01422   0.02074   1.48453   0.09559   0.11847  
 51  2.9360   3894.331919  x:  3.79161   4.33209   5.16348   2.25320   2.89478   0.16397   3.93138   0.78072   2.20108   1.50060   3.71275   0.65072   0.07842   0.24349   0.10020   0.01415   0.02080   1.50273   0.09515   0.13472  
 52  5.4765   3894.046977  x:  3.91538   4.43764   5.31782   2.43732   2.98422   0.17636   4.14000   0.69983   2.31601   1.49814   3.92652   0.59503   0.12636   0.25344   0.09738   0.01426   0.02083   1.44908   0.08927   0.12991  
 53  4.0420   3893.796460  x:  4.06255   4.57213   5.51032   2.60193   3.05767   0.13313   4.36048   0.69083   2.36014   1.48216   4.13152   0.70018   0.06296   0.24623   0.10089   0.01439   0.02074   1.47587   0.08574   0.13416  
 54  3.9346   3893.561733  x:  4.26073   4.76456   5.79037   2.70326   3.15344   0.05999   4.56606   0.89106   2.34634   1.59219   4.29682   0.68727   0.08404   0.24538   0.10319   0.01448   0.02074   1.48017   0.08066   0.13867  
 55  2.3464   3893.251729  x:  4.59645   5.10389   6.31801   2.64221   3.39715   0.04381   4.64279   0.84590   2.38322   1.69571   4.37523   0.70572   0.07851   0.24314   0.10492   0.01464   0.02065   1.48854   0.07944   0.14189  
 56  1.1983   3893.205620  x:  4.65785   5.15628   6.41128   2.65390   3.42825   0.10342   4.66092   0.89440   2.41990   1.63654   4.40756   0.70807   0.08128   0.24215   0.10575   0.01466   0.02065   1.49202   0.07842   0.14331  
 57  0.9970   3893.176624  x:  4.71790   5.19554   6.49773   2.69364   3.38185   0.08615   4.69756   0.91722   2.49770   1.63293   4.46983   0.70981   0.08326   0.24149   0.10628   0.01465   0.02065   1.49010   0.07786   0.14437  
 58  0.5178   3893.142651  x:  4.82631   5.25566   6.65128   2.79389   3.39290   0.14026   4.83299   0.91162   2.50443   1.70100   4.60849   0.72056   0.08438   0.23929   0.10822   0.01463   0.02069   1.48521   0.07536   0.14731  
 59  0.4920   3893.132989  x:  4.86055   5.26650   6.70413   2.80993   3.47295   0.11509   4.91177   0.92498   2.54651   1.71131   4.64576   0.72651   0.08466   0.23808   0.10927   0.01464   0.02070   1.48556   0.07433   0.14894  
 60  0.2401   3893.131302  x:  4.86693   5.26746   6.71130   2.82344   3.48938   0.11118   4.90560   0.93085   2.54701   1.71669   4.66157   0.72816   0.08425   0.23787   0.10950   0.01465   0.02070   1.48638   0.07439   0.14934  
 61  0.0508   3893.130894  x:  4.88388   5.29030   6.73382   2.82605   3.49516   0.11522   4.90863   0.93195   2.55583   1.72150   4.66745   0.72934   0.08474   0.23749   0.10986   0.01466   0.02070   1.48698   0.07416   0.14989  
 62  0.0383   3893.130861  x:  4.88416   5.29287   6.73378   2.82494   3.49373   0.11649   4.91241   0.93211   2.55584   1.72189   4.66598   0.72933   0.08489   0.23744   0.10990   0.01466   0.02070   1.48705   0.07417   0.14995  
 63  0.0096   3893.130852  x:  4.88343   5.29692   6.73130   2.82637   3.49473   0.11608   4.91320   0.93290   2.55561   1.72232   4.66634   0.72956   0.08483   0.23738   0.10993   0.01465   0.02070   1.48700   0.07415   0.15001  
 64  0.0031   3893.130851  x:  4.88286   5.29742   6.73028   2.82609   3.49447   0.11607   4.91276   0.93269   2.55568   1.72213   4.66609   0.72949   0.08485   0.23740   0.10992   0.01466   0.02070   1.48701   0.07416   0.15000  
 65  0.0011   3893.130851  x:  4.88283   5.29751   6.73021   2.82604   3.49449   0.11611   4.91282   0.93265   2.55571   1.72214   4.66626   0.72949   0.08485   0.23740   0.10992   0.01466   0.02070   1.48701   0.07416   0.14999  
 66  0.0002   3893.130851  x:  4.88284   5.29751   6.73024   2.82602   3.49450   0.11611   4.91283   0.93266   2.55571   1.72214   4.66630   0.72949   0.08485   0.23740   0.10992   0.01466   0.02070   1.48701   0.07416   0.14999  
 67  0.0000   3893.130851  x:  4.88284   5.29751   6.73023   2.82600   3.49450   0.11611   4.91283   0.93266   2.55571   1.72214   4.66631   0.72949   0.08485   0.23740   0.10992   0.01466   0.02070   1.48701   0.07416   0.14999  
 68  0.0000   3893.130851  x:  4.88284   5.29751   6.73023   2.82600   3.49450   0.11611   4.91283   0.93266   2.55571   1.72214   4.66631   0.72949   0.08485   0.23740   0.10992   0.01466   0.02070   1.48701   0.07416   0.14999  