   10
BAM_003780  0.000000  0.784496  0.759029  0.836964  0.267052  0.192457
  0.279912  0.182832  0.780979  0.749812
BA_0855xxx  0.784496  0.000000  0.015175  0.627108  0.740415  0.806322
  0.857523  0.818497  0.007463  0.053560
BC_0872xxx  0.759029  0.015175  0.000000  0.613618  0.722440  0.795671
  0.846440  0.798986  0.018877  0.041941
BH0170xxxx  0.836964  0.627108  0.613618  0.000000  0.740538  0.775710
  0.837733  0.798332  0.628000  0.620486
NT03BL0429  0.267052  0.740415  0.722440  0.740538  0.000000  0.251425
  0.292717  0.256423  0.738040  0.719154
Bmo1520xxx  0.192457  0.806322  0.795671  0.775710  0.251425  0.000000
  0.288508  0.044795  0.802811  0.784462
BPUM_0340x  0.279912  0.857523  0.846440  0.837733  0.292717  0.288508
  0.000000  0.302728  0.854026  0.849072
BG11187xxx  0.182832  0.818497  0.798986  0.798332  0.256423  0.044795
  0.302728  0.000000  0.814958  0.799966
NT02BT0896  0.780979  0.007463  0.018877  0.628000  0.738040  0.802811
  0.854026  0.814958  0.000000  0.057667
KBAB4_0759  0.749812  0.053560  0.041941  0.620486  0.719154  0.784462
  0.849072  0.799966  0.057667  0.000000
