

TREE # 1

  0  0.0000   8263.085287  x:  0.08531   0.51895   0.50282   0.16299   0.38279   0.00000   0.43968   0.13963   0.33603   0.24525   0.08871   0.10254   0.45494   0.09144   0.05701   0.08307   0.06625   0.06287   0.02373   2.00000   0.20000   0.20000   0.20000  
  1 99.0000   7864.288516  x:  0.10866   0.52000   0.50739   0.18109   0.38880   0.08526   0.44516   0.14401   0.33885   0.24627   0.11654   0.12430   0.46372   0.09158   0.05975   0.09890   0.08093   0.04675   0.00760   2.00088   0.03731   0.17522   0.19762  
  2 2643.8476   7792.969062  x:  0.19619   0.54124   0.53907   0.24399   0.41494   0.16584   0.47088   0.16251   0.36111   0.26421   0.18611   0.17821   0.51097   0.08718   0.06463   0.13363   0.11286   0.01443   0.00994   1.99373   0.07224   0.07977   0.18856  
  3 867.3818   7728.998989  x:  0.24918   0.55794   0.56234   0.28205   0.43109   0.16599   0.48771   0.17277   0.37691   0.27771   0.21655   0.20035   0.54451   0.08416   0.06752   0.14715   0.12411   0.03291   0.04037   1.98730   0.06880   0.00010   0.18238  
  4 1923.6368   7705.281149  x:  0.39592   0.60607   0.62882   0.38742   0.47608   0.14374   0.53502   0.20079   0.42178   0.31630   0.29513   0.25651   0.63979   0.07645   0.07622   0.18161   0.15210   0.08678   0.12698   1.96833   0.05105   0.00903   0.16489  
  5 1186.3147   7659.333475  x:  0.48587   0.64181   0.67592   0.45219   0.50613   0.08019   0.56752   0.21787   0.45196   0.34171   0.32454   0.27370   0.70509   0.07247   0.08264   0.19107   0.15746   0.04918   0.13081   1.95282   0.02634   0.00784   0.15086  
  6 1223.2273   7607.064699  x:  0.62593   0.72870   0.79398   0.58411   0.58042   0.12230   0.65295   0.23933   0.50723   0.37302   0.22872   0.15665   0.86624   0.08283   0.11673   0.11569   0.07152   0.12036   0.01791   1.90914   0.02234   0.00774   0.10977  
  7 296.5568   7601.778697  x:  0.63397   0.74028   0.80966   0.59608   0.58705   0.12397   0.66253   0.23742   0.51148   0.37336   0.20909   0.13717   0.88733   0.07763   0.11482   0.12539   0.09442   0.13218   0.00000   1.90191   0.02202   0.00760   0.09448  
  8 263.3848   7587.070119  x:  0.59651   0.76347   0.84120   0.59406   0.58968   0.16279   0.67727   0.21411   0.50492   0.35285   0.16700   0.11501   0.92805   0.05753   0.10253   0.11313   0.07027   0.06331   0.00000   1.88093   0.02207   0.00833   0.00010  
  9 108.3511   7586.512939  x:  0.59308   0.76554   0.84400   0.59380   0.58991   0.16586   0.67858   0.21210   0.50437   0.35107   0.16374   0.11351   0.93164   0.05647   0.10213   0.11195   0.06862   0.05785   0.00428   1.87905   0.02207   0.00839   0.00010  
 10 800.4298   7584.577484  x:  0.56870   0.77795   0.86013   0.58936   0.59106   0.17224   0.68646   0.20182   0.50201   0.34198   0.16010   0.11908   0.95186   0.07482   0.12335   0.10287   0.07375   0.04536   0.00456   1.86690   0.02208   0.00837   0.00010  
 11 110.1594   7577.054256  x:  0.41856   0.88181   0.99535   0.57697   0.60864   0.19184   0.75609   0.13693   0.49709   0.28703   0.15002   0.15268   1.12400   0.06149   0.13363   0.13737   0.06647   0.04835   0.00463   1.76992   0.02079   0.00828   0.00010  
 12 127.3623   7575.422049  x:  0.38302   0.90347   1.02486   0.57083   0.60891   0.19673   0.77040   0.13217   0.49847   0.28083   0.16197   0.15408   1.16357   0.04768   0.12491   0.11505   0.08009   0.04950   0.00424   1.74633   0.02028   0.00835   0.00010  
 13 140.0136   7574.441315  x:  0.35310   0.91126   1.04066   0.55298   0.59336   0.20118   0.77205   0.15855   0.50537   0.29491   0.18947   0.13174   1.19192   0.04848   0.12737   0.12110   0.07638   0.04573   0.00464   1.72503   0.02004   0.00834   0.00010  
 14 40.9815   7573.769009  x:  0.34993   0.91149   1.05587   0.53012   0.55292   0.20785   0.75330   0.18417   0.51472   0.31809   0.17177   0.14721   1.23329   0.04596   0.12759   0.12035   0.07792   0.04628   0.00456   1.69459   0.01994   0.00831   0.00010  
 15 20.2709   7573.206411  x:  0.37155   0.90575   1.06811   0.51043   0.50902   0.21141   0.72266   0.17093   0.50340   0.31063   0.17856   0.13510   1.28078   0.04454   0.13085   0.11979   0.07876   0.04867   0.00439   1.66275   0.02040   0.00825   0.00010  
 16 18.3091   7572.129554  x:  0.40053   0.83944   1.02682   0.46751   0.56260   0.20958   0.67590   0.17250   0.48540   0.30845   0.18523   0.14692   1.32512   0.03905   0.13240   0.12036   0.07534   0.04305   0.00505   1.61112   0.02060   0.00810   0.00010  
 17  4.5125   7569.437873  x:  0.39047   0.75118   0.98429   0.49048   0.64360   0.21849   0.70143   0.14188   0.50834   0.35534   0.18409   0.13094   1.42680   0.01235   0.16327   0.12607   0.08624   0.05019   0.00427   1.55192   0.02111   0.00771   0.00010  
 18  6.8010   7564.302765  x:  0.41232   0.72722   0.97129   0.56235   0.66011   0.22075   0.76045   0.25389   0.45941   0.26433   0.17611   0.14071   1.49723   0.00893   0.16563   0.13225   0.09977   0.05602   0.00369   1.58107   0.02217   0.00703   0.00010  
 19 11.5401   7549.806138  x:  0.51848   0.85031   0.98618   0.67393   0.56491   0.24749   0.80503   0.21579   0.59250   0.30359   0.22546   0.17483   1.45607   0.05681   0.10168   0.14955   0.11263   0.04027   0.00545   1.81383   0.02626   0.00465   0.00010  
 20 20.2455   7546.043091  x:  0.60446   1.04050   1.07794   0.61614   0.63665   0.26882   0.77745   0.23126   0.52738   0.36124   0.23047   0.16860   1.31828   0.00000   0.16015   0.15416   0.12157   0.04561   0.00509   1.71646   0.02564   0.00420   0.00010  
 21 18.5634   7545.327309  x:  0.61779   1.06940   1.08904   0.63016   0.65147   0.27357   0.76803   0.23502   0.54422   0.35203   0.23128   0.16466   1.28798   0.05314   0.10814   0.15501   0.12371   0.04694   0.00506   1.64858   0.02517   0.00407   0.00010  
 22  9.1860   7543.530033  x:  0.63695   1.07064   1.05628   0.73524   0.59888   0.27412   0.76325   0.24148   0.61720   0.30139   0.23836   0.16567   1.23573   0.01028   0.15142   0.15699   0.12296   0.04396   0.00552   1.51762   0.02417   0.00356   0.00010  
 23  4.6317   7536.707452  x:  0.76388   1.05558   1.02634   0.88722   0.51126   0.28718   0.86161   0.21861   0.46091   0.42400   0.25403   0.17158   1.34561   0.02164   0.14076   0.16489   0.12860   0.03778   0.00645   1.45090   0.02050   0.00149   0.00010  
 24  5.5291   7532.074662  x:  0.84820   1.07161   1.08355   0.88112   0.55683   0.30299   0.80960   0.23951   0.52793   0.39165   0.26049   0.16113   1.47539   0.01213   0.15422   0.17113   0.13873   0.04074   0.00615   1.52090   0.01791   0.00032   0.00010  
 25 16.6855   7530.945633  x:  0.83334   0.94827   1.28623   0.92359   0.57983   0.30543   0.74234   0.24277   0.51952   0.39865   0.26095   0.15771   1.46864   0.00725   0.15766   0.17009   0.13926   0.03974   0.00625   1.55874   0.01797   0.00059   0.00010  
 26  1.4560   7529.300770  x:  0.90605   0.99531   1.25078   0.78705   0.58162   0.32097   0.86120   0.24031   0.59554   0.33908   0.25628   0.15329   1.55797   0.00228   0.16142   0.16790   0.14103   0.03987   0.00628   1.59100   0.01723   0.00131   0.00010  
 27  2.4999   7528.312135  x:  0.88802   1.09383   1.17667   0.82793   0.60471   0.32805   0.78988   0.24820   0.58931   0.34436   0.25514   0.14903   1.64074   0.00000   0.16350   0.16651   0.14190   0.04066   0.00625   1.62190   0.01717   0.00151   0.00010  
 28  5.1332   7522.873780  x:  1.00565   1.11693   1.46012   0.93962   0.62971   0.41238   0.83180   0.25148   0.62368   0.32991   0.26275   0.15050   2.01408   0.00000   0.19213   0.14995   0.13654   0.04213   0.00802   1.71256   0.01808   0.00111   0.00010  
 29  0.6062   7520.317470  x:  1.08914   1.18777   1.56933   1.04266   0.63554   0.45578   0.84086   0.25625   0.61795   0.34579   0.26440   0.14943   2.17250   0.00000   0.14288   0.14510   0.13465   0.03951   0.00897   1.70137   0.01665   0.00105   0.00010  
 30  0.4690   7518.802842  x:  1.20115   1.28282   1.71560   1.18091   0.64332   0.51395   0.85293   0.26269   0.61025   0.36711   0.26660   0.14800   2.38493   0.08580   0.07723   0.13863   0.13210   0.03600   0.01024   1.68621   0.01472   0.00096   0.00010  
 31 146.4658   7517.110407  x:  1.27411   1.36093   1.68035   1.25608   0.62021   0.52985   0.84244   0.28083   0.61117   0.38302   0.26819   0.15551   2.46080   0.01844   0.14512   0.15141   0.12576   0.04157   0.01002   1.62777   0.01308   0.00124   0.00010  
 32  0.1574   7516.356517  x:  1.30269   1.38643   1.66706   1.27710   0.60955   0.53774   0.84499   0.28505   0.61316   0.38546   0.26773   0.15752   2.48350   0.00000   0.16451   0.15566   0.12397   0.03996   0.01000   1.61644   0.01327   0.00128   0.00010  
 33  0.1735   7515.574681  x:  1.44322   1.46982   1.72056   1.38365   0.59252   0.58364   0.86048   0.30072   0.62211   0.39286   0.26914   0.16047   2.64051   0.00000   0.18663   0.16016   0.11986   0.03793   0.00999   1.60386   0.01312   0.00133   0.00010  
 34  0.3257   7515.100684  x:  1.53604   1.52613   1.77851   1.45938   0.58600   0.61769   0.87384   0.30941   0.62749   0.39777   0.27031   0.16170   2.75582   0.00000   0.16618   0.16094   0.11767   0.03675   0.01012   1.60278   0.01297   0.00133   0.00010  
 35  0.8468   7514.793078  x:  1.68384   1.56406   1.87961   1.55118   0.59833   0.65464   0.86279   0.32675   0.63260   0.39991   0.27122   0.15586   2.89262   0.00000   0.16723   0.15926   0.12272   0.03726   0.00910   1.62938   0.01205   0.00140   0.00010  
 36  0.1138   7514.715829  x:  1.72859   1.55339   1.89970   1.56976   0.60226   0.65877   0.85965   0.33022   0.63087   0.40050   0.27220   0.15584   2.90497   0.00000   0.16808   0.15661   0.12377   0.04028   0.00843   1.63787   0.01217   0.00142   0.00010  
 37  0.0550   7514.661368  x:  1.78037   1.53053   1.91288   1.58334   0.60572   0.65825   0.85510   0.33023   0.62685   0.40089   0.27131   0.15548   2.88769   0.00000   0.16752   0.15555   0.12510   0.03831   0.00777   1.63414   0.01222   0.00143   0.00010  
 38  0.0330   7514.614111  x:  1.81500   1.49313   1.89485   1.57888   0.60573   0.64502   0.85552   0.32528   0.62256   0.40193   0.27116   0.15852   2.82943   0.00000   0.16711   0.15550   0.12317   0.03933   0.00738   1.61996   0.01217   0.00148   0.00010  
 39  0.0358   7514.597695  x:  1.80570   1.47567   1.85826   1.55045   0.60674   0.62979   0.85520   0.31977   0.62421   0.39844   0.27036   0.15804   2.77916   0.00000   0.16777   0.15684   0.12267   0.03916   0.00759   1.62742   0.01238   0.00152   0.00010  
 40  0.0346   7514.589967  x:  1.83241   1.49111   1.85483   1.55562   0.60818   0.63088   0.85701   0.32116   0.62742   0.39756   0.27063   0.15615   2.79483   0.00000   0.16658   0.15671   0.12316   0.03909   0.00788   1.63224   0.01231   0.00154   0.00010  
 41  0.0129   7514.584380  x:  1.85033   1.49529   1.84970   1.55584   0.60854   0.62681   0.85965   0.32107   0.62662   0.39860   0.27106   0.15660   2.79386   0.00000   0.16789   0.15622   0.12294   0.03883   0.00817   1.62504   0.01229   0.00152   0.00010  
 42  0.0073   7514.576731  x:  1.84456   1.49652   1.85702   1.54595   0.61393   0.61676   0.85977   0.32089   0.62553   0.39842   0.27099   0.15747   2.79962   0.00000   0.16664   0.15597   0.12349   0.03868   0.00850   1.62696   0.01232   0.00143   0.00010  
 43  0.0039   7514.567756  x:  1.85735   1.49317   1.87190   1.54405   0.62118   0.60377   0.86049   0.32122   0.62757   0.39577   0.26979   0.15761   2.81167   0.00000   0.16804   0.15652   0.12349   0.03885   0.00823   1.63066   0.01225   0.00140   0.00010  
 44  0.0073   7514.559386  x:  1.86096   1.50422   1.87707   1.54856   0.62318   0.59370   0.86892   0.32106   0.63097   0.39419   0.26926   0.15770   2.83304   0.00000   0.16718   0.15674   0.12230   0.03901   0.00792   1.62676   0.01223   0.00144   0.00010  
 45  0.0100   7514.556987  x:  1.85053   1.51071   1.87252   1.54759   0.62481   0.58799   0.87131   0.32047   0.63108   0.39475   0.27028   0.15706   2.83648   0.00000   0.16753   0.15621   0.12289   0.03894   0.00797   1.62846   0.01224   0.00147   0.00010  
 46  0.0060   7514.556412  x:  1.85106   1.50652   1.87329   1.55149   0.62530   0.58678   0.87097   0.32013   0.63070   0.39507   0.27069   0.15716   2.83136   0.00000   0.16726   0.15622   0.12306   0.03898   0.00790   1.62776   0.01224   0.00149   0.00010  
 47  0.0043   7514.556122  x:  1.85105   1.50643   1.87654   1.55637   0.62596   0.58652   0.87111   0.32043   0.63141   0.39480   0.27077   0.15714   2.83273   0.00000   0.16732   0.15646   0.12309   0.03894   0.00799   1.62778   0.01224   0.00149   0.00010  
 48  0.0022   7514.556066  x:  1.85023   1.50620   1.87681   1.55724   0.62618   0.58617   0.87156   0.32041   0.63140   0.39466   0.27054   0.15714   2.83221   0.00000   0.16734   0.15637   0.12299   0.03892   0.00801   1.62784   0.01223   0.00149   0.00010  
 49  0.0007   7514.556061  x:  1.85000   1.50599   1.87666   1.55754   0.62617   0.58622   0.87154   0.32041   0.63125   0.39470   0.27051   0.15717   2.83147   0.00000   0.16733   0.15634   0.12301   0.03893   0.00801   1.62788   0.01224   0.00149   0.00010  
 50  0.0006   7514.556056  x:  1.84999   1.50653   1.87634   1.55799   0.62619   0.58614   0.87163   0.32044   0.63124   0.39466   0.27046   0.15721   2.83114   0.00000   0.16733   0.15636   0.12303   0.03893   0.00800   1.62791   0.01223   0.00149   0.00010  
 51  0.0002   7514.556056  x:  1.84998   1.50647   1.87640   1.55790   0.62618   0.58616   0.87161   0.32043   0.63128   0.39465   0.27049   0.15719   2.83122   0.00000   0.16733   0.15636   0.12302   0.03893   0.00800   1.62790   0.01223   0.00149   0.00010  
 52  0.0001   7514.556055  x:  1.84995   1.50649   1.87640   1.55794   0.62620   0.58616   0.87161   0.32040   0.63134   0.39463   0.27051   0.15717   2.83109   0.00000   0.16733   0.15635   0.12301   0.03893   0.00800   1.62789   0.01223   0.00149   0.00010  
 53  0.0000   7514.556055  x:  1.84995   1.50649   1.87640   1.55794   0.62620   0.58616   0.87161   0.32041   0.63133   0.39463   0.27051   0.15717   2.83111   0.00000   0.16733   0.15635   0.12301   0.03893   0.00800   1.62790   0.01223   0.00149   0.00010  
 54  0.0001   7514.556055  x:  1.84995   1.50649   1.87640   1.55794   0.62620   0.58616   0.87161   0.32041   0.63133   0.39464   0.27051   0.15717   2.83111   0.00000   0.16733   0.15635   0.12302   0.03893   0.00800   1.62790   0.01223   0.00149   0.00010  
 55  0.0000   7514.556055  x:  1.84996   1.50649   1.87640   1.55794   0.62620   0.58616   0.87161   0.32041   0.63133   0.39464   0.27051   0.15717   2.83111   0.00000   0.16733   0.15635   0.12302   0.03893   0.00800   1.62790   0.01223   0.00149   0.00010  
 56  0.0000   7514.556055  x:  1.84996   1.50649   1.87640   1.55794   0.62620   0.58616   0.87161   0.32041   0.63132   0.39464   0.27051   0.15717   2.83111   0.00000   0.16733   0.15635   0.12302   0.03893   0.00800   1.62790   0.01223   0.00149   0.00010  
 57  0.0000   7514.556055  x:  1.84996   1.50649   1.87640   1.55794   0.62620   0.58616   0.87161   0.32041   0.63132   0.39464   0.27051   0.15717   2.83111   0.00000   0.16733   0.15635   0.12302   0.03893   0.00800   1.62790   0.01223   0.00149   0.00010  
 58  0.0000   7514.556055  x:  1.84996   1.50649   1.87640   1.55794   0.62620   0.58616   0.87161   0.32041   0.63132   0.39464   0.27051   0.15717   2.83111   0.00000   0.16733   0.15635   0.12302   0.03893   0.00800   1.62790   0.01223   0.00149   0.00010  
check convergence!
