

TREE # 1

  0  0.0000   9528.279754  x:  0.41076   0.00000   0.29275   0.18431   0.31795   0.11611   0.22555   0.28324   0.35513   0.10527   0.06680   0.10423   0.09058   0.02815   0.07194   2.00000   0.20000   0.20000  
  1 99.0000   9123.971101  x:  0.45891   0.34480   0.33651   0.22022   0.34974   0.15553   0.26495   0.31316   0.40216   0.11299   0.07264   0.13433   0.11371   0.00000   0.04391   1.99390   0.23495   0.19603  
  2 4780.0759   9049.298995  x:  0.51156   0.39168   0.38000   0.25364   0.39358   0.20160   0.31871   0.35655   0.45101   0.12092   0.07668   0.16661   0.13678   0.16685   0.00000   1.98469   0.21905   0.18910  
  3 1842.8446   9049.298995  x:  0.51156   0.39168   0.38000   0.25364   0.39358   0.20160   0.31871   0.35655   0.45101   0.12092   0.07668   0.16661   0.13678   0.16685   0.00000   1.98469   0.21905   0.18910  
  4 944.2021   8810.604841  x:  0.64637   0.46090   0.48446   0.32886   0.49833   0.29673   0.43849   0.45740   0.57505   0.13473   0.07880   0.21804   0.17355   0.00000   0.01201   1.95682   0.17111   0.16707  
  5 842.7595   8698.531612  x:  0.90078   0.59185   0.68036   0.46885   0.69415   0.47258   0.66087   0.64494   0.80898   0.15822   0.08102   0.31045   0.23803   0.04391   0.03225   1.90291   0.10241   0.12440  
  6 2691.6445   8653.530883  x:  0.96788   0.62693   0.73095   0.50416   0.74416   0.51619   0.71631   0.69172   0.87052   0.16132   0.07936   0.32972   0.24970   0.05022   0.02231   1.88714   0.15379   0.11213  
  7 3469.0104   8645.808448  x:  0.97884   0.63248   0.73724   0.50671   0.74943   0.51860   0.72045   0.69500   0.88020   0.15778   0.07447   0.32438   0.24274   0.05079   0.00000   1.88280   0.15262   0.10779  
  8 492.4908   8625.461589  x:  1.04388   0.66494   0.76459   0.50573   0.76610   0.50901   0.71992   0.69225   0.93576   0.11911   0.02527   0.25037   0.16017   0.05048   0.00361   1.84763   0.15137   0.07059  
  9 335.8025   8616.440924  x:  1.09526   0.68992   0.78054   0.49522   0.77150   0.48783   0.70579   0.67802   0.97855   0.14895   0.05933   0.19473   0.11761   0.05015   0.00412   1.81253   0.15051   0.04848  
 10 276.1725   8605.595183  x:  1.19837   0.73796   0.79949   0.44830   0.76426   0.41212   0.64561   0.62097   1.06048   0.16559   0.04466   0.16999   0.16983   0.04948   0.00389   1.72017   0.14916   0.01824  
 11 155.3133   8599.816128  x:  1.28148   0.77614   0.81517   0.40905   0.75979   0.35258   0.59985   0.57803   1.12579   0.17103   0.03611   0.17043   0.18301   0.04894   0.00406   1.64173   0.14766   0.06367  
 12 435.7776   8597.078013  x:  1.31402   0.78924   0.81713   0.38243   0.75617   0.32593   0.58056   0.56361   1.14755   0.17515   0.03693   0.21763   0.15785   0.04866   0.00437   1.59407   0.14715   0.05392  
 13 122.2498   8594.820087  x:  1.32323   0.77993   0.80035   0.31399   0.75938   0.33761   0.59964   0.60771   1.12572   0.16820   0.04213   0.21392   0.16020   0.04852   0.00445   1.45945   0.14640   0.05329  
 14 29.7450   8594.127190  x:  1.31558   0.77631   0.82722   0.34117   0.77537   0.35252   0.58196   0.59580   1.09853   0.17686   0.03553   0.21367   0.15873   0.04842   0.00447   1.40075   0.14566   0.05375  
 15 13.2678   8593.297690  x:  1.32117   0.78541   0.85231   0.36612   0.77807   0.32397   0.59780   0.59715   1.07858   0.14240   0.06265   0.21458   0.16344   0.04799   0.00460   1.38103   0.14425   0.05033  
 16  6.1122   8588.057488  x:  1.38352   0.84763   0.91241   0.39964   0.78344   0.24231   0.70706   0.62385   1.01695   0.20000   0.02016   0.21732   0.15897   0.04583   0.00469   1.37760   0.14017   0.05658  
 17 11.4135   8545.485348  x:  2.07414   1.38441   1.10998   0.36416   1.02017   0.61382   0.97120   0.61328   0.88790   0.16968   0.06523   0.28434   0.18485   0.02504   0.00684   1.56358   0.09223   0.06620  
 18 32.9360   8527.467444  x:  2.01777   1.28855   1.10787   0.56494   1.06899   0.60244   0.90210   0.90566   1.36414   0.19002   0.05464   0.30656   0.19137   0.01644   0.00770   1.52569   0.07456   0.07338  
 19 33.3429   8524.116392  x:  1.98473   1.06073   1.18807   0.51012   1.15935   0.60202   1.04298   0.76120   1.51833   0.18578   0.05858   0.30743   0.19127   0.01534   0.00778   1.51697   0.07445   0.07106  
 20 15.9172   8521.596975  x:  2.06304   0.92358   1.36262   0.45723   1.06458   0.62411   0.97932   0.84905   1.53893   0.18618   0.05673   0.30701   0.18982   0.01465   0.00757   1.55140   0.07768   0.07068  
 21  2.8397   8509.333368  x:  2.00858   1.09997   1.21707   0.54165   1.25921   0.59780   0.98360   0.89985   1.79617   0.17880   0.04905   0.29935   0.17910   0.01093   0.00624   1.46743   0.08763   0.06826  
 22  3.1581   8508.553248  x:  1.97639   1.16673   1.25110   0.55086   1.14138   0.65058   1.03587   0.86028   1.85166   0.17575   0.05023   0.30018   0.17751   0.01031   0.00616   1.43360   0.08684   0.06766  
 23  3.9744   8502.396118  x:  2.03969   1.38337   1.55372   0.37060   1.29501   0.65668   1.00817   0.92443   1.96989   0.15612   0.05201   0.28667   0.16818   0.00200   0.00565   1.41902   0.07890   0.06443  
 24  1.6923   8501.215087  x:  2.14161   1.35337   1.52395   0.41070   1.28818   0.66609   1.01910   0.92452   1.97208   0.15337   0.05169   0.28511   0.16636   0.00063   0.00563   1.40230   0.07786   0.06438  
 25  8.0310   8497.401590  x:  2.53098   1.21619   1.37467   0.56148   1.25443   0.68230   1.03664   0.90456   1.92039   0.14317   0.05071   0.27126   0.16014   0.00236   0.00609   1.33742   0.07466   0.06359  
 26  1.1369   8493.280078  x:  2.74609   1.40023   1.56644   0.52098   1.38895   0.70481   1.05048   0.92746   2.08585   0.16093   0.05637   0.24921   0.18240   0.00205   0.01574   1.32634   0.06546   0.06381  
 27  0.2944   8488.796856  x:  3.20405   1.61413   1.76648   0.61077   1.59004   0.77072   1.13740   0.96172   2.56691   0.16308   0.04998   0.24071   0.18576   0.00272   0.01292   1.38805   0.06235   0.05883  
 28  0.2362   8486.689906  x:  3.47035   1.74614   1.89095   0.65971   1.67975   0.81820   1.19545   0.98959   2.79212   0.15950   0.04922   0.24690   0.18377   0.00301   0.00999   1.38236   0.05367   0.05767  
 29  0.5080   8485.904074  x:  3.63236   1.81670   1.97414   0.71754   1.73894   0.85833   1.24556   1.04576   2.98606   0.16778   0.04817   0.27270   0.18253   0.00322   0.00733   1.34357   0.05110   0.06064  
 30  0.1675   8485.653319  x:  3.71834   1.85942   2.03852   0.72601   1.78759   0.87535   1.26727   1.08230   3.06644   0.16259   0.05233   0.27500   0.18330   0.00315   0.01010   1.33166   0.05023   0.06339  
 31  0.0918   8485.522981  x:  3.85078   1.92334   2.11617   0.74136   1.84987   0.90027   1.30179   1.11390   3.16893   0.15353   0.05566   0.27283   0.18361   0.00321   0.00976   1.33780   0.04793   0.06597  
 32  0.1550   8485.454465  x:  3.88753   1.93822   2.14057   0.74473   1.87070   0.91057   1.32031   1.12729   3.18531   0.14815   0.05841   0.27040   0.18383   0.00322   0.00902   1.34636   0.04803   0.06821  
 33  0.0569   8485.417481  x:  3.93361   1.96148   2.16591   0.75527   1.89228   0.92840   1.34990   1.14074   3.20060   0.14867   0.06245   0.27025   0.18537   0.00318   0.00895   1.34245   0.04725   0.07051  
 34  0.0349   8485.401036  x:  3.90928   1.95887   2.15534   0.75108   1.88571   0.93178   1.35634   1.13860   3.15592   0.14476   0.06552   0.26967   0.18356   0.00309   0.00919   1.33992   0.04753   0.07021  
 35  0.0218   8485.398067  x:  3.89601   1.95672   2.14821   0.75063   1.88230   0.93147   1.35313   1.13811   3.13838   0.14546   0.06460   0.27031   0.18386   0.00308   0.00906   1.34158   0.04759   0.07006  
 36  0.0121   8485.397046  x:  3.89193   1.95670   2.14770   0.75134   1.88412   0.93162   1.35062   1.13972   3.13429   0.14655   0.06328   0.27043   0.18427   0.00309   0.00908   1.34100   0.04765   0.07001  
 37  0.0027   8485.396505  x:  3.89844   1.96100   2.15320   0.75348   1.88953   0.93426   1.35264   1.14127   3.13900   0.14680   0.06285   0.27022   0.18414   0.00310   0.00911   1.34044   0.04752   0.06973  
 38  0.0052   8485.396292  x:  3.89640   1.95980   2.15271   0.75432   1.88874   0.93475   1.35251   1.13970   3.13794   0.14740   0.06264   0.27025   0.18403   0.00311   0.00909   1.34086   0.04755   0.06931  
 39  0.0017   8485.396281  x:  3.89626   1.95932   2.15278   0.75450   1.88821   0.93482   1.35229   1.13953   3.13818   0.14732   0.06265   0.27022   0.18409   0.00311   0.00909   1.34086   0.04756   0.06929  
 40  0.0004   8485.396277  x:  3.89626   1.95915   2.15301   0.75468   1.88804   0.93504   1.35235   1.13966   3.13804   0.14729   0.06269   0.27023   0.18409   0.00311   0.00909   1.34080   0.04755   0.06932  
 41  0.0002   8485.396275  x:  3.89617   1.95903   2.15312   0.75469   1.88806   0.93503   1.35221   1.13964   3.13817   0.14730   0.06268   0.27023   0.18407   0.00311   0.00909   1.34086   0.04755   0.06933  
 42  0.0001   8485.396275  x:  3.89597   1.95897   2.15309   0.75467   1.88813   0.93502   1.35216   1.13956   3.13805   0.14726   0.06272   0.27022   0.18407   0.00311   0.00909   1.34083   0.04755   0.06934  
 43  0.0001   8485.396275  x:  3.89606   1.95904   2.15311   0.75469   1.88819   0.93503   1.35217   1.13956   3.13813   0.14726   0.06271   0.27023   0.18407   0.00311   0.00909   1.34084   0.04755   0.06934  
 44  0.0001   8485.396275  x:  3.89605   1.95904   2.15310   0.75470   1.88817   0.93504   1.35216   1.13956   3.13811   0.14726   0.06272   0.27023   0.18407   0.00311   0.00909   1.34084   0.04755   0.06935  
 45  0.0000   8485.396275  x:  3.89607   1.95906   2.15310   0.75470   1.88818   0.93505   1.35216   1.13956   3.13811   0.14726   0.06272   0.27023   0.18407   0.00311   0.00909   1.34084   0.04755   0.06935  