

TREE # 1

  0  0.0000   3838.598416  x:  0.15158   0.20370   0.21517   0.08694   0.26544   0.15147   0.23053   0.04521   0.19000   0.07066   0.13348   0.08100   0.32379   0.02412   0.04575   0.06714   0.07846   0.00000   0.12398   2.00000   0.20000   0.20000  
  1 99.0000   3747.485545  x:  0.60929   0.49998   0.60507   0.52459   0.37924   0.26895   0.34838   0.32842   0.31135   0.22339   0.19973   0.17806   0.62465   0.09382   0.11215   0.04814   0.06451   3.93668   0.03967   1.95011   0.06435   0.18696  
  2 3701.7771   3745.051597  x:  0.61281   0.50268   0.60899   0.52711   0.38127   0.27014   0.34957   0.32867   0.31208   0.22338   0.20012   0.17748   0.62895   0.09122   0.11009   0.04806   0.06405   3.93683   0.03896   1.94853   0.07633   0.18666  
  3 354.4217   3704.900197  x:  0.72583   0.58955   0.73599   0.60602   0.44666   0.30678   0.38609   0.33140   0.33363   0.21881   0.21180   0.15399   0.77019   0.00000   0.03787   0.04835   0.04738   3.89897   0.01425   1.89843   0.07039   0.17615  
  4 308.0610   3688.537789  x:  0.80543   0.65050   0.82523   0.66141   0.49256   0.33230   0.41157   0.33311   0.34882   0.21549   0.22014   0.13737   0.86963   0.01526   0.00394   0.05159   0.04056   3.86920   0.00160   1.86274   0.06604   0.16835  
  5 1249.8628   3674.772056  x:  0.83994   0.67684   0.86388   0.68545   0.51238   0.34328   0.42256   0.33381   0.35543   0.21406   0.22382   0.13019   0.91273   0.01693   0.00923   0.05382   0.04158   3.85594   0.00000   1.84714   0.06413   0.16480  
  6 2922.6504   3654.195185  x:  0.93423   0.74639   0.96730   0.75118   0.56383   0.37046   0.45024   0.33578   0.37409   0.21098   0.23558   0.11242   1.02835   0.01920   0.00000   0.06428   0.10186   3.82190   0.05263   1.80191   0.05880   0.15224  
  7 1354.1770   3647.123192  x:  1.01733   0.72173   0.98082   0.80453   0.51271   0.29053   0.38447   0.33601   0.40990   0.23817   0.30906   0.17272   1.06071   0.01901   0.00008   0.05742   0.10588   3.80622   0.04852   1.66674   0.05690   0.02952  
  8 41.3207   3646.906147  x:  1.01952   0.72066   0.98085   0.80592   0.51147   0.28841   0.38292   0.33612   0.41022   0.23813   0.30999   0.17277   1.06116   0.01892   0.00000   0.06034   0.10572   3.80599   0.04837   1.66229   0.05688   0.02920  
  9 71.5699   3641.457535  x:  1.14589   0.65102   0.97580   0.88392   0.44998   0.17293   0.30485   0.34546   0.41103   0.21503   0.33491   0.13234   1.07710   0.01834   0.00066   0.05479   0.10119   3.79551   0.05120   1.38382   0.05509   0.10014  
 10 106.6655   3636.209713  x:  1.23057   0.56447   0.94420   0.93631   0.48646   0.17484   0.34001   0.35858   0.39746   0.18458   0.31881   0.05340   1.04239   0.01751   0.00091   0.05296   0.09286   3.79188   0.05696   1.09895   0.05255   0.04751  
 11 55.1141   3634.395247  x:  1.25865   0.54437   0.94308   0.95245   0.52982   0.20002   0.36845   0.35659   0.42367   0.22458   0.32729   0.09939   1.01649   0.01717   0.00118   0.05613   0.08270   3.78416   0.06592   0.99541   0.05021   0.07523  
 12 29.2129   3621.989747  x:  1.36680   0.67560   1.11284   1.01838   0.63682   0.15662   0.31933   0.27849   0.39532   0.24439   0.25823   0.10808   0.93615   0.01496   0.00292   0.06713   0.00000   3.75633   0.14254   0.95766   0.04734   0.04420  
 13  8.2447   3594.627815  x:  1.74674   0.80075   1.41248   1.33392   0.74791   0.02568   0.63047   0.54959   0.36954   0.12307   0.48295   0.09336   1.10170   0.00693   0.00783   0.10927   0.00000   3.61986   0.08736   1.16816   0.03615   0.03695  
 14 30.5663   3591.970418  x:  1.80503   0.81313   1.45219   1.38304   0.75255   0.03275   0.65458   0.58135   0.38097   0.11934   0.50262   0.08034   1.14300   0.00573   0.00866   0.11554   0.05386   3.59977   0.11141   1.19899   0.03445   0.03260  
 15 118.9427   3581.600282  x:  1.89870   0.78287   1.47170   1.46857   0.68978   0.17742   0.60841   0.60879   0.48546   0.18360   0.47721   0.00000   1.32008   0.00351   0.00989   0.12548   0.04974   3.56546   0.08979   1.27219   0.03194   0.02333  
 16 66.3152   3574.707639  x:  1.88715   0.70498   1.41626   1.42624   0.73729   0.22349   0.61065   0.36369   0.46617   0.05186   0.46936   0.08479   1.68298   0.00226   0.01039   0.13233   0.07049   3.57681   0.06220   1.28353   0.03349   0.02811  
 17 20.3451   3570.229033  x:  1.84592   0.67972   1.38873   1.34441   0.78312   0.10119   0.69737   0.25623   0.44277   0.16902   0.38546   0.06721   1.98474   0.00160   0.01073   0.13551   0.08440   3.57973   0.05566   1.27567   0.03420   0.01484  
 18 29.7823   3562.284832  x:  1.71663   0.81110   1.45478   1.12597   0.85187   0.12342   0.61299   0.39012   0.35607   0.24135   0.47546   0.01916   2.27656   0.00166   0.01097   0.13862   0.13509   3.56999   0.00000   1.17587   0.03500   0.02574  
 19 12.9561   3558.393694  x:  1.71793   0.87629   1.52145   1.07837   0.86151   0.09746   0.61884   0.44390   0.49278   0.17668   0.42614   0.02081   2.33823   0.00207   0.01135   0.13905   0.07804   3.55642   0.00000   1.15127   0.03530   0.02208  
 20 14.4845   3554.370640  x:  1.72189   0.96340   1.61229   1.01420   0.87061   0.06074   0.63348   0.52109   0.68716   0.08800   0.35418   0.02286   2.42655   0.00271   0.01175   0.13923   0.03310   3.53631   0.09802   1.12272   0.03588   0.01959  
 21 213.8524   3550.554334  x:  1.79422   0.96543   1.64577   1.07217   0.85254   0.07829   0.65173   0.51473   0.67165   0.09544   0.33002   0.03674   2.42637   0.00330   0.01188   0.13818   0.00000   3.51968   0.12873   1.14781   0.03647   0.02296  
 22 13.4253   3548.768461  x:  1.82208   0.95286   1.64425   1.12167   0.91120   0.06506   0.63353   0.49583   0.69788   0.10878   0.37104   0.00000   2.42919   0.00363   0.01188   0.13748   0.00936   3.51168   0.11914   1.17476   0.03686   0.02851  
 23  8.6458   3539.356255  x:  1.97632   0.93353   1.65982   1.48655   1.21724   0.03271   0.45494   0.71196   0.65486   0.09025   0.25261   0.09435   2.64107   0.00649   0.01229   0.13060   0.09584   3.42045   0.03360   1.23890   0.03607   0.00560  
 24  9.6011   3536.511294  x:  1.99220   0.95663   1.68477   1.52834   1.20970   0.03882   0.46801   0.71167   0.65315   0.09226   0.25234   0.09811   2.67779   0.00706   0.01219   0.12821   0.12989   3.40590   0.00000   1.23131   0.03591   0.00708  
 25 15.4060   3529.411775  x:  2.07612   1.06611   1.81862   1.61772   1.16351   0.07852   0.51877   0.64240   0.64752   0.10592   0.33969   0.06448   2.77689   0.00888   0.01262   0.12278   0.09240   3.36058   0.00000   1.17357   0.03507   0.00132  
 26 23.2404   3528.887012  x:  2.09253   1.07658   1.83659   1.62513   1.16228   0.08223   0.52294   0.63507   0.64655   0.10771   0.34870   0.06116   2.79137   0.00912   0.01267   0.12194   0.08620   3.35456   0.02783   1.16779   0.03493   0.00084  
 27 40.3488   3521.287305  x:  2.23454   1.11240   1.95200   1.65572   1.22083   0.08432   0.51406   0.60283   0.63730   0.11919   0.37941   0.05242   2.90656   0.01064   0.01287   0.11437   0.00000   3.31451   0.11915   1.14325   0.03324   0.00151  
 28 34.2568   3513.963762  x:  2.76283   1.08325   2.15260   1.45205   1.30165   0.09877   0.53039   0.61705   0.62218   0.13763   0.37150   0.05404   3.10939   0.01283   0.01321   0.10498   0.00000   3.23689   0.05031   1.18505   0.03226   0.00139  
 29  6.9719   3506.544035  x:  3.15777   1.06305   2.30253   1.30198   1.36255   0.10944   0.54259   0.62742   0.61085   0.15144   0.36551   0.05522   3.26222   0.01448   0.01347   0.09789   0.06033   3.17844   0.00000   1.21583   0.03150   0.00130  
 30 1208.1422   3483.041975  x:  3.78630   1.62332   2.61053   2.00068   1.59549   0.07871   0.61026   0.57691   0.58576   0.18657   0.32961   0.05437   4.03781   0.02317   0.01427   0.05863   0.00000   2.88835   0.07716   1.08005   0.02226   0.00086  
 31  8.5051   3456.166722  x:  4.25247   1.42518   4.03100   2.84375   1.72846   0.09371   0.73845   0.51173   0.59092   0.24220   0.41911   0.00000   4.92660   0.03319   0.01802   0.04586   0.03521   2.51738   0.04450   1.05909   0.02279   0.00277  
 32  4.3349   3456.166722  x:  4.25247   1.42518   4.03100   2.84375   1.72846   0.09371   0.73845   0.51173   0.59092   0.24220   0.41911   0.00000   4.92660   0.03319   0.01802   0.04586   0.03521   2.51738   0.04450   1.05909   0.02279   0.00277  
 33  4.9361   3454.269702  x:  4.25249   1.42521   4.03102   2.84376   1.72847   0.09376   0.73843   0.51172   0.59092   0.24218   0.41910   0.00001   4.92662   0.03425   0.01935   0.04652   0.03545   2.51718   0.04468   1.05913   0.02074   0.00846  
 34 736.9504   3452.815163  x:  4.25254   1.42526   4.03106   2.84377   1.72848   0.09384   0.73840   0.51171   0.59094   0.24216   0.41908   0.00003   4.92665   0.03556   0.02097   0.04735   0.03575   2.51694   0.04492   1.05916   0.02314   0.01324  
 35 1101.2513   3449.881548  x:  4.25334   1.42620   4.03167   2.84405   1.72876   0.09528   0.73783   0.51142   0.59117   0.24171   0.41873   0.00032   4.92713   0.05866   0.04968   0.06263   0.04139   2.51174   0.04935   1.06002   0.02260   0.01068  
 36 200.3475   3448.306474  x:  4.26851   1.44383   4.04321   2.84920   1.73399   0.12203   0.72728   0.50619   0.59554   0.23337   0.41224   0.00566   4.93612   0.02934   0.05556   0.11018   0.04579   2.41507   0.03534   1.07541   0.02273   0.01071  
 37 29.0433   3442.580629  x:  4.30378   1.48464   4.06996   2.86099   1.74567   0.18089   0.70300   0.49439   0.60523   0.21414   0.39721   0.01659   4.95698   0.00000   0.08189   0.10409   0.06983   2.18794   0.02044   1.10937   0.02297   0.01066  
 38 128.2525   3442.580629  x:  4.30378   1.48464   4.06996   2.86099   1.74567   0.18089   0.70300   0.49439   0.60523   0.21414   0.39721   0.01659   4.95698   0.00000   0.08189   0.10409   0.06983   2.18794   0.02044   1.10937   0.02297   0.01066  
 39 1208.3911   3442.401306  x:  4.30380   1.48467   4.06998   2.86100   1.74567   0.18090   0.70298   0.49438   0.60524   0.21413   0.39720   0.01659   4.95700   0.00088   0.08212   0.10381   0.06982   2.18773   0.02045   1.10938   0.02209   0.01170  
 40 211.3443   3440.230195  x:  4.30450   1.48539   4.07047   2.86116   1.74575   0.18127   0.70260   0.49427   0.60530   0.21386   0.39698   0.01647   4.95740   0.02279   0.08787   0.09657   0.06937   2.18255   0.02070   1.10951   0.02365   0.03706  
 41 550.2276   3438.882060  x:  4.30784   1.48901   4.07292   2.86207   1.74616   0.18309   0.70073   0.49372   0.60564   0.21254   0.39593   0.01595   4.95935   0.02596   0.07909   0.05779   0.06370   2.15657   0.01905   1.11110   0.02371   0.03802  
 42 52.0091   3437.408304  x:  4.32073   1.50298   4.08240   2.86563   1.74770   0.19001   0.69352   0.49161   0.60709   0.20777   0.39229   0.01484   4.96687   0.03613   0.06428   0.04254   0.08156   2.05477   0.05519   1.11776   0.02373   0.03295  
 43 46.9970   3419.702249  x:  4.39555   1.58390   4.13738   2.88632   1.75645   0.22955   0.65196   0.47957   0.61597   0.18144   0.37284   0.01158   5.01052   0.07952   0.00000   0.04769   0.03623   1.45804   0.09829   1.15551   0.02421   0.01619  
 44 205.3441   3419.702249  x:  4.39555   1.58390   4.13738   2.88632   1.75645   0.22955   0.65196   0.47957   0.61597   0.18144   0.37284   0.01158   5.01052   0.07952   0.00000   0.04769   0.03623   1.45804   0.09829   1.15551   0.02421   0.01619  
 45 53754.2760   3419.517253  x:  4.39556   1.58391   4.13739   2.88632   1.75645   0.22955   0.65195   0.47957   0.61597   0.18145   0.37286   0.01161   5.01052   0.07971   0.00061   0.04791   0.03610   1.45786   0.09810   1.15552   0.02323   0.01658  
 46 284.0799   3415.912257  x:  4.39644   1.58471   4.13799   2.88650   1.75636   0.22956   0.65166   0.47956   0.61630   0.18209   0.37370   0.01362   5.01108   0.09291   0.04330   0.06294   0.02758   1.44517   0.08448   1.15537   0.02406   0.04330  
 47 306.5404   3413.764886  x:  4.39935   1.58742   4.13995   2.88708   1.75613   0.22965   0.65075   0.47958   0.61725   0.18395   0.37607   0.01925   5.01277   0.06936   0.04158   0.06268   0.01539   1.40321   0.05172   1.15483   0.02412   0.06138  
 48 67.1836   3408.954901  x:  4.40881   1.59622   4.14634   2.88894   1.75533   0.22990   0.64781   0.47963   0.61980   0.18909   0.38255   0.03449   5.01826   0.01264   0.04976   0.06861   0.06365   1.26436   0.01398   1.15327   0.02434   0.09998  
 49 151.3957   3405.693526  x:  4.41399   1.60101   4.14981   2.88990   1.75487   0.23001   0.64622   0.47965   0.62071   0.19109   0.38497   0.04018   5.02121   0.01140   0.05389   0.05613   0.07461   1.18584   0.00000   1.15268   0.02444   0.10208  
 50 206.7724   3405.693526  x:  4.41399   1.60101   4.14981   2.88990   1.75487   0.23001   0.64622   0.47965   0.62071   0.19109   0.38497   0.04018   5.02121   0.01140   0.05389   0.05613   0.07461   1.18584   0.00000   1.15268   0.02444   0.10208  
 51 918.2130   3405.525131  x:  4.41400   1.60102   4.14982   2.88990   1.75486   0.23001   0.64621   0.47965   0.62070   0.19108   0.38496   0.04015   5.02122   0.01188   0.05426   0.05622   0.07476   1.18561   0.00045   1.15269   0.02350   0.10203  
 52 268.5530   3402.525887  x:  4.41469   1.60162   4.15025   2.88998   1.75477   0.22999   0.64601   0.47963   0.62040   0.19065   0.38433   0.03869   5.02159   0.03841   0.07416   0.06108   0.08295   1.17289   0.02480   1.15291   0.02423   0.09925  
 53 287.6669   3395.077065  x:  4.42461   1.61040   4.15662   2.89138   1.75342   0.22974   0.64318   0.47939   0.61629   0.18486   0.37592   0.01896   5.02701   0.06667   0.08622   0.03715   0.02125   0.98228   0.02645   1.15475   0.02453   0.06600  
 54 61.6343   3387.406867  x:  4.43301   1.61781   4.16199   2.89254   1.75224   0.22948   0.64073   0.47914   0.61314   0.18052   0.36963   0.00416   5.03159   0.06888   0.07903   0.03866   0.00000   0.81767   0.04196   1.15614   0.02483   0.04018  
 55 681.4991   3387.406867  x:  4.43301   1.61781   4.16199   2.89254   1.75224   0.22948   0.64073   0.47914   0.61314   0.18052   0.36963   0.00416   5.03159   0.06888   0.07903   0.03866   0.00000   0.81767   0.04196   1.15614   0.02483   0.04018  
 56 2063.2488   3385.664647  x:  4.43304   1.61783   4.16201   2.89254   1.75223   0.22947   0.64071   0.47913   0.61316   0.18056   0.36969   0.00432   5.03160   0.06844   0.07864   0.04031   0.00657   0.81662   0.04401   1.15614   0.02247   0.04040  
 57 487.1338   3382.849633  x:  4.43313   1.61791   4.16206   2.89255   1.75221   0.22946   0.64068   0.47912   0.61322   0.18066   0.36984   0.00469   5.03165   0.06740   0.07774   0.04394   0.01973   0.81419   0.04821   1.15610   0.02584   0.04092  
 58 1550.5794   3377.629858  x:  4.43574   1.62003   4.16358   2.89266   1.75145   0.22893   0.63944   0.47863   0.61466   0.18355   0.37438   0.01597   5.03296   0.03305   0.04787   0.09900   0.01292   0.73407   0.04871   1.15562   0.02547   0.05855  
 59 102.7641   3333.030090  x:  4.45889   1.63868   4.17697   2.89341   1.74454   0.22415   0.62858   0.47426   0.62352   0.20256   0.40455   0.08999   5.04450   0.04138   0.08992   0.15231   0.01894   0.00000   0.02556   1.14995   0.02608   0.11692  
 60 176.7015   3325.717720  x:  4.46501   1.64361   4.18051   2.89360   1.74270   0.22288   0.62571   0.47310   0.62579   0.20749   0.41238   0.10920   5.04755   0.04654   0.10391   0.16141   0.01947   0.00201   0.01963   1.14844   0.02601   0.13128  
 61 12.7511   3323.296567  x:  4.46579   1.64420   4.18093   2.89359   1.74244   0.22271   0.62542   0.47298   0.62530   0.20683   0.41157   0.10777   5.04792   0.04039   0.09807   0.15068   0.01297   0.00201   0.04556   1.14828   0.02585   0.12977  
 62 189.9779   3320.241369  x:  4.46736   1.64534   4.18175   2.89351   1.74185   0.22235   0.62500   0.47278   0.62269   0.20290   0.40626   0.09711   5.04864   0.01289   0.06886   0.11403   0.01884   0.00203   0.04364   1.14802   0.02620   0.12145  
 63 107.7709   3319.592195  x:  4.47248   1.64887   4.18427   2.89301   1.73978   0.22106   0.62362   0.47208   0.61411   0.18997   0.38855   0.06197   5.05091   0.03756   0.03827   0.11243   0.01918   0.00204   0.04350   1.14742   0.02626   0.12340  
 64 24.7419   3319.367551  x:  4.47916   1.65348   4.18757   2.89244   1.73698   0.21929   0.62145   0.47101   0.60763   0.18076   0.37472   0.03430   5.05389   0.03039   0.04768   0.11491   0.01892   0.00204   0.04347   1.14732   0.02628   0.12725  
 65 14.2130   3317.840896  x:  4.75005   1.83683   4.31898   2.86501   1.62264   0.14723   0.52338   0.42678   0.59037   0.21123   0.34922   0.03700   5.17306   0.02885   0.04876   0.06850   0.02656   0.00203   0.04455   1.14912   0.02626   0.28494  
 66  3.8005   3317.036689  x:  4.95445   1.95969   4.41302   2.84566   1.57853   0.18222   0.57331   0.45949   0.56184   0.16828   0.41297   0.03023   5.26521   0.02883   0.05095   0.05467   0.02917   0.00204   0.04495   1.15763   0.02576   0.31670  
 67 11.2289   3314.438431  x:  5.48978   2.26636   4.65588   2.79948   1.49997   0.30877   0.71725   0.54735   0.62630   0.22859   0.42063   0.00000   5.51167   0.03350   0.05553   0.06464   0.02917   0.00205   0.04512   1.17185   0.02369   0.20762  
 68 26.3976   3312.823326  x:  5.81649   2.43817   4.80414   2.78612   1.49285   0.37153   0.73219   0.54078   0.62276   0.17865   0.40440   0.03468   5.67397   0.03654   0.06037   0.08993   0.02633   0.00206   0.04485   1.15235   0.02238   0.05697  
 69 32.8528   3311.882664  x:  6.13283   2.51407   4.93576   2.83179   1.70502   0.52448   0.74488   0.52062   0.67396   0.13405   0.33058   0.07746   5.88069   0.03677   0.06455   0.07476   0.02939   0.00207   0.04537   1.09651   0.02075   0.08078  
 70  8.5222   3310.900626  x:  6.47473   2.53951   5.07810   2.93494   1.99080   0.58313   0.67615   0.52857   0.67984   0.18256   0.38805   0.03219   6.14763   0.03992   0.06613   0.07191   0.03091   0.00209   0.04566   1.17396   0.01973   0.04826  
 71 11.6245   3310.314313  x:  6.71475   2.49902   5.19110   3.06403   2.13024   0.44302   0.72996   0.61961   0.64752   0.21242   0.38421   0.03296   6.38660   0.04097   0.06905   0.06982   0.03212   0.00210   0.04590   1.09327   0.01840   0.03637  
 72  5.4573   3309.747522  x:  6.95526   2.43878   5.31066   3.20422   2.23178   0.28632   0.81645   0.66048   0.66924   0.17848   0.33919   0.06330   6.64018   0.04254   0.07206   0.06393   0.03418   0.00212   0.04620   1.16871   0.01806   0.04888  
 73  9.8564   3309.402685  x:  7.10274   2.38380   5.40252   3.30167   2.23853   0.24327   0.82639   0.59557   0.73450   0.17410   0.40429   0.01972   6.81653   0.04425   0.07303   0.06268   0.03543   0.00213   0.04639   1.12908   0.01754   0.05808  
 74  3.9650   3309.002627  x:  7.26919   2.29440   5.53280   3.42242   2.18326   0.31949   0.78502   0.57941   0.62792   0.24124   0.40831   0.01520   7.04634   0.04562   0.07537   0.05981   0.03766   0.00216   0.04673   1.11987   0.01728   0.07814  
 75  3.2349   3308.562585  x:  7.43465   2.20371   5.71347   3.54508   2.08030   0.37299   0.66415   0.69672   0.69137   0.18587   0.40373   0.01737   7.31638   0.04667   0.07717   0.05868   0.04055   0.00220   0.04725   1.12708   0.01725   0.07756  
 76  2.4054   3307.911304  x:  7.67403   2.16511   6.03877   3.70302   2.00154   0.36168   0.74397   0.56755   0.68741   0.17679   0.38355   0.02150   7.72024   0.04751   0.07879   0.05831   0.04527   0.00227   0.04812   1.16226   0.01750   0.05633  
 77  2.8971   3307.089318  x:  8.15060   2.84747   6.79886   3.80933   2.33525   0.22108   0.71299   0.62831   0.65553   0.18043   0.38815   0.01973   8.27737   0.04725   0.08098   0.05857   0.05297   0.00242   0.04927   1.17143   0.01595   0.06449  
 78  1.7457   3306.787039  x:  8.58952   3.06571   7.06630   4.07981   2.35178   0.31330   0.73396   0.63422   0.68719   0.17533   0.37630   0.02823   8.66304   0.04435   0.07758   0.05303   0.05704   0.00254   0.04971   1.16517   0.01472   0.06148  
 79  0.9785   3306.382617  x:  9.12621   3.12248   7.15799   4.23779   2.46764   0.32003   0.76061   0.66311   0.70173   0.19251   0.38441   0.02768   8.98827   0.03928   0.07082   0.05001   0.06285   0.00274   0.05030   1.13014   0.01466   0.06477  
 80  0.9598   3306.096982  x:  9.90686   3.25067   7.52649   4.55930   2.61011   0.31052   0.78560   0.69156   0.70257   0.18217   0.39104   0.03397   9.58408   0.03828   0.06904   0.06085   0.06688   0.00301   0.05068   1.13512   0.01355   0.05978  
 81  0.8271   3305.637474  x: 10.88281   3.28235   8.52434   4.78648   2.86915   0.36274   0.89196   0.81376   0.71958   0.19709   0.39077   0.01367  10.63497   0.04433   0.06767   0.05843   0.06991   0.00380   0.05111   1.20094   0.01279   0.06856  
 82  0.3382   3305.195885  x: 11.76267   3.58821   9.29646   5.17257   3.03883   0.41318   0.99405   0.90756   0.74136   0.18107   0.37730   0.04713  11.53386   0.04806   0.06814   0.05644   0.06915   0.00461   0.05024   1.16127   0.01123   0.07313  
 83  0.8109   3304.769658  x: 11.85602   3.73605   9.42918   5.27889   3.00416   0.47229   1.05713   0.94854   0.75142   0.15675   0.36365   0.07702  11.68347   0.05090   0.07066   0.05746   0.05982   0.00530   0.04770   1.11703   0.01141   0.07215  
 84  0.3200   3304.246341  x: 13.10872   4.29050  10.38485   5.92611   3.26044   0.56246   1.19758   1.07979   0.78120   0.15249   0.36150   0.06644  12.89895   0.04929   0.06990   0.05703   0.04975   0.00696   0.04379   1.12153   0.00989   0.06682  
 85  1.2650   3304.037092  x: 13.36485   4.41704  10.43935   6.06408   3.32914   0.55413   1.19592   1.09316   0.76747   0.16447   0.37119   0.04895  13.07323   0.04481   0.06973   0.05799   0.04506   0.00748   0.04305   1.16003   0.01011   0.06093  
 86  0.2933   3303.870709  x: 14.47803   4.71534  11.06372   6.49657   3.60930   0.51474   1.19986   1.15219   0.75225   0.18032   0.38864   0.03932  14.01737   0.04137   0.07101   0.05861   0.04657   0.00855   0.04434   1.16448   0.00929   0.06361  
 87  0.7648   3303.753234  x: 14.82454   4.77386  11.21372   6.59756   3.71055   0.45106   1.15283   1.15334   0.74544   0.17934   0.38484   0.04886  14.29565   0.04119   0.07343   0.05704   0.04874   0.00904   0.04603   1.14201   0.00931   0.06610  
 88  0.3050   3303.677238  x: 15.54742   5.03123  11.79017   6.93162   3.87019   0.46291   1.18145   1.20581   0.77303   0.16293   0.36765   0.06043  15.02019   0.04245   0.07385   0.05608   0.04658   0.01017   0.04519   1.13314   0.00874   0.06263  
 89  0.7525   3303.596650  x: 15.76696   5.12872  12.10691   7.07883   3.91885   0.49486   1.17191   1.19953   0.80745   0.14700   0.35626   0.06082  15.33285   0.04438   0.07072   0.05734   0.04757   0.01099   0.04398   1.15406   0.00875   0.06064  
 90  0.1994   3303.492821  x: 16.24127   5.29151  12.70264   7.35707   4.05167   0.54861   1.20198   1.20999   0.81457   0.15413   0.37113   0.05930  15.93914   0.04709   0.06755   0.05702   0.05026   0.01239   0.04283   1.15521   0.00831   0.07142  
 91  0.3333   3303.303213  x: 15.02882   4.98250  12.30752   7.03922   3.83217   0.62581   1.24437   1.12002   0.76922   0.18031   0.38788   0.05044  15.09897   0.04828   0.06644   0.05479   0.05162   0.01307   0.04164   1.13483   0.00894   0.07831  
 92  0.4442   3302.874318  x: 13.47694   4.54621  11.47426   6.66018   3.58253   0.63620   1.31291   1.07639   0.69692   0.19218   0.36971   0.04554  13.84192   0.04174   0.07365   0.05660   0.05258   0.01466   0.04399   1.13946   0.00942   0.05643  
 93  0.6070   3302.064555  x: 12.75902   4.30081  10.40018   6.45063   3.57477   0.39629   1.13665   1.13815   0.81538   0.11967   0.35688   0.07089  12.92942   0.03641   0.08182   0.05847   0.05368   0.02196   0.04797   1.14889   0.01002   0.04973  
 94  0.3064   3301.723470  x: 11.23251   3.84191   9.20076   5.76548   3.22636   0.37933   1.05712   1.04110   0.77454   0.15325   0.38158   0.05135  11.43423   0.03666   0.07922   0.05656   0.05298   0.02430   0.04653   1.14145   0.01101   0.07142  
 95  2.1404   3301.481524  x: 11.73308   3.97732   9.35845   5.72832   3.22017   0.39631   0.98334   0.98529   0.75491   0.17941   0.39254   0.03657  11.75443   0.04057   0.07224   0.05530   0.05053   0.02646   0.04292   1.14122   0.01111   0.08671  
 96  0.7519   3301.281809  x: 10.85272   3.63724   8.43546   5.07062   2.88757   0.37068   0.87757   0.83836   0.71548   0.19504   0.39203   0.02683  10.70742   0.04302   0.06927   0.05598   0.04928   0.02840   0.04116   1.14488   0.01205   0.08262  
 97  1.8328   3301.187448  x: 10.83776   3.56468   8.49405   4.94855   2.82165   0.38294   0.88395   0.77325   0.71770   0.17974   0.37866   0.03864  10.68090   0.04551   0.07000   0.05673   0.04966   0.02891   0.04119   1.14692   0.01225   0.06653  
 98  0.1346   3301.168281  x: 10.87261   3.54420   8.41676   4.93436   2.84671   0.34920   0.87010   0.78127   0.72442   0.17993   0.38715   0.03265  10.62753   0.04334   0.07134   0.05667   0.04955   0.02908   0.04218   1.14522   0.01235   0.06211  
 99  0.0844   3301.150527  x: 10.54349   3.44091   8.23648   4.80532   2.77602   0.36616   0.86841   0.76519   0.71887   0.18906   0.39736   0.02482  10.31491   0.04226   0.07118   0.05654   0.04901   0.02941   0.04210   1.14307   0.01268   0.06327  
100  0.2651   3301.138548  x: 10.36828   3.37465   8.09556   4.73020   2.73062   0.35700   0.85266   0.76826   0.71567   0.18456   0.38804   0.03279  10.13250   0.04237   0.07207   0.05693   0.04931   0.02947   0.04240   1.14418   0.01296   0.06534  
101  0.1680   3301.135405  x: 10.28077   3.35319   8.02318   4.68969   2.70689   0.35385   0.85114   0.75426   0.71224   0.18375   0.38647   0.03123  10.05570   0.04245   0.07193   0.05694   0.04969   0.02916   0.04236   1.14683   0.01309   0.06386  
102  0.1001   3301.134409  x: 10.27361   3.36587   8.01114   4.69835   2.71217   0.35137   0.85204   0.75545   0.71355   0.18325   0.38800   0.03040  10.06326   0.04259   0.07171   0.05674   0.04973   0.02881   0.04222   1.14666   0.01310   0.06480  
103  0.0173   3301.134183  x: 10.24621   3.35886   7.98438   4.68489   2.70671   0.34917   0.84930   0.75303   0.71365   0.18312   0.38841   0.03046  10.03776   0.04268   0.07165   0.05672   0.04971   0.02873   0.04217   1.14633   0.01312   0.06484  
104  0.0744   3301.134089  x: 10.24877   3.35852   7.99527   4.68921   2.70953   0.35001   0.84983   0.75343   0.71360   0.18315   0.38808   0.03101  10.04766   0.04273   0.07165   0.05677   0.04965   0.02863   0.04213   1.14610   0.01311   0.06455  
105  0.0110   3301.134066  x: 10.24872   3.35623   7.99684   4.68905   2.71022   0.34974   0.84849   0.75309   0.71343   0.18347   0.38810   0.03078  10.04805   0.04268   0.07164   0.05678   0.04964   0.02862   0.04214   1.14619   0.01311   0.06460  
106  0.0025   3301.134065  x: 10.24632   3.35516   7.99629   4.68905   2.71000   0.34973   0.84851   0.75313   0.71351   0.18340   0.38808   0.03076  10.04624   0.04266   0.07166   0.05678   0.04962   0.02862   0.04215   1.14621   0.01311   0.06459  
107  0.0032   3301.134064  x: 10.24582   3.35479   7.99625   4.68914   2.70988   0.34970   0.84850   0.75300   0.71351   0.18336   0.38808   0.03077  10.04591   0.04265   0.07167   0.05678   0.04961   0.02862   0.04215   1.14621   0.01311   0.06460  
108  0.0008   3301.134064  x: 10.24592   3.35475   7.99636   4.68930   2.70989   0.34966   0.84851   0.75294   0.71350   0.18334   0.38808   0.03078  10.04609   0.04265   0.07167   0.05678   0.04961   0.02862   0.04215   1.14621   0.01311   0.06461  
109  0.0002   3301.134064  x: 10.24600   3.35485   7.99636   4.68922   2.70991   0.34968   0.84852   0.75298   0.71351   0.18335   0.38808   0.03078  10.04616   0.04265   0.07166   0.05678   0.04961   0.02862   0.04215   1.14621   0.01311   0.06460  
110  0.0001   3301.134064  x: 10.24600   3.35485   7.99636   4.68923   2.70991   0.34968   0.84852   0.75298   0.71351   0.18335   0.38808   0.03078  10.04616   0.04265   0.07166   0.05678   0.04961   0.02862   0.04215   1.14621   0.01311   0.06460  
111  0.0001   3301.134064  x: 10.24600   3.35485   7.99636   4.68923   2.70991   0.34968   0.84852   0.75298   0.71351   0.18335   0.38808   0.03078  10.04616   0.04265   0.07166   0.05678   0.04961   0.02862   0.04215   1.14621   0.01311   0.06460  
112  0.0001   3301.134064  x: 10.24600   3.35485   7.99636   4.68923   2.70991   0.34968   0.84852   0.75298   0.71351   0.18335   0.38808   0.03078  10.04616   0.04265   0.07166   0.05678   0.04961   0.02862   0.04215   1.14621   0.01311   0.06460  
check convergence!
