

TREE # 1

  0  0.0000   7532.564139  x:  0.00000   0.62988   0.59795   0.09381   0.47679   0.15199   0.34252   0.06753   0.38906   0.22265   0.11632   0.13375   0.54755   0.14250   0.08239   0.08212   0.04983   0.05137   0.07015   2.00000   0.20000  
  1 99.0000   7226.400640  x:  0.17030   0.68563   0.64440   0.21672   0.52400   0.21885   0.39224   0.16857   0.42320   0.25283   0.17578   0.19086   0.60505   0.16135   0.10069   0.12454   0.13020   0.00000   0.02346   1.97955   0.41001  
  2 1817.9230   7184.750913  x:  0.18324   0.70710   0.66107   0.24140   0.54301   0.23765   0.41053   0.18874   0.43663   0.26192   0.18972   0.20506   0.62659   0.16460   0.10315   0.12660   0.13036   0.00000   0.00099   1.97303   0.37528  
  3 727.7302   7066.676131  x:  0.24961   0.81664   0.74608   0.36655   0.63976   0.33280   0.50335   0.29075   0.50493   0.30806   0.25990   0.27653   0.73633   0.18105   0.11552   0.13719   0.13176   0.00000   0.01522   1.93945   0.20253  
  4 5521.4008   7009.298742  x:  0.13325   0.94798   0.84529   0.39734   0.74494   0.38911   0.58740   0.30203   0.57676   0.34306   0.26367   0.28537   0.85826   0.17806   0.10646   0.09528   0.03634   0.00000   0.01822   1.88026   0.23715  
  5 411.4622   6961.658476  x:  0.00000   1.06853   0.93610   0.40361   0.83681   0.42534   0.65500   0.28923   0.63716   0.36737   0.25023   0.27704   0.96879   0.17505   0.09890   0.09671   0.09122   0.00000   0.01980   1.82069   0.25538  
  6 923.2941   6942.711890  x:  0.02901   1.20000   1.04180   0.37489   0.89675   0.38776   0.66190   0.20163   0.65245   0.34173   0.19108   0.22112   1.08567   0.18318   0.10814   0.21488   0.06508   0.00000   0.01908   1.72615   0.24755  
  7 203.5738   6931.082038  x:  0.08953   1.30114   1.12643   0.32317   0.92046   0.30946   0.63249   0.13067   0.63724   0.29955   0.21128   0.23115   1.17338   0.18920   0.11139   0.14188   0.08487   0.00000   0.01830   1.61803   0.23825  
  8 142.4595   6927.112655  x:  0.09212   1.33821   1.15964   0.27535   0.91468   0.25318   0.60575   0.19848   0.61667   0.28749   0.22332   0.23608   1.20596   0.17191   0.08424   0.14418   0.08485   0.00000   0.01815   1.53223   0.23498  
  9 75.8855   6926.245458  x:  0.08495   1.34301   1.16504   0.27092   0.90985   0.24463   0.59368   0.21692   0.60753   0.28799   0.22242   0.23686   1.21171   0.19359   0.10378   0.14405   0.08376   0.00000   0.01816   1.49828   0.23433  
 10 51.1412   6924.900664  x:  0.07097   1.33702   1.16547   0.31081   0.89466   0.26515   0.55971   0.21261   0.58279   0.29879   0.21198   0.24087   1.21331   0.19362   0.09434   0.14241   0.08319   0.00000   0.01812   1.40425   0.23137  
 11 26.6483   6924.303407  x:  0.06880   1.33030   1.16117   0.30195   0.88827   0.27297   0.57680   0.19941   0.59271   0.30651   0.23488   0.24906   1.20444   0.19026   0.09837   0.15344   0.08088   0.00000   0.01819   1.36565   0.23152  
 12 11.2485   6923.121540  x:  0.08393   1.32212   1.15617   0.28803   0.88244   0.28803   0.62350   0.19872   0.61957   0.31407   0.22708   0.22461   1.18877   0.18218   0.10506   0.14121   0.08394   0.00000   0.01799   1.31041   0.22766  
 13 24.3521   6915.331156  x:  0.06336   1.36221   1.18513   0.32458   0.92952   0.27265   0.71593   0.20927   0.67528   0.22144   0.14866   0.33610   1.18083   0.18622   0.10393   0.14229   0.08460   0.00000   0.01799   1.27339   0.22275  
 14  8.2031   6880.684820  x:  0.00000   1.53080   1.30481   0.44901   1.07790   0.22787   0.76384   0.23503   0.75729   0.24678   0.20484   0.31151   1.24185   0.21135   0.08655   0.13398   0.08898   0.00000   0.01775   1.31458   0.20625  
 15 38.9247   6880.684820  x:  0.00000   1.53080   1.30481   0.44901   1.07790   0.22787   0.76384   0.23503   0.75729   0.24678   0.20484   0.31151   1.24185   0.21135   0.08655   0.13398   0.08898   0.00000   0.01775   1.31458   0.20625  
 16 63.9583   6874.599647  x:  0.00801   1.53448   1.30770   0.45586   1.08120   0.23464   0.76655   0.24240   0.75906   0.25127   0.21030   0.31407   1.24655   0.21163   0.08747   0.13675   0.10000   0.00000   0.00339   1.31498   0.21768  
 17 309.5251   6864.896109  x:  0.04311   1.55097   1.32055   0.48661   1.09603   0.26481   0.77863   0.27523   0.76682   0.27118   0.23443   0.32531   1.26773   0.21247   0.09112   0.14783   0.14489   0.00000   0.01751   1.31749   0.25258  
 18 597.6823   6840.183537  x:  0.13541   1.59851   1.35611   0.57448   1.13866   0.34864   0.81167   0.36549   0.78687   0.32439   0.29719   0.35269   1.32977   0.20959   0.09537   0.16157   0.22225   0.00000   0.01475   1.33414   0.17812  
 19 438.1082   6818.800798  x:  0.23918   1.67946   1.41392   0.69761   1.20682   0.45128   0.85874   0.46651   0.81479   0.37703   0.33515   0.35946   1.43196   0.19631   0.09139   0.10123   0.10750   0.00000   0.01338   1.36136   0.17542  
 20 222.2947   6814.348771  x:  0.25527   1.72430   1.44343   0.74150   1.23870   0.47329   0.87419   0.47885   0.82269   0.37398   0.30599   0.33366   1.48422   0.20244   0.10408   0.15748   0.07353   0.00000   0.01299   1.37768   0.17230  
 21 115.7626   6807.617784  x:  0.24807   1.82551   1.50739   0.81602   1.30476   0.48833   0.89914   0.46574   0.83508   0.34020   0.21592   0.26890   1.59777   0.20116   0.11511   0.14000   0.09428   0.00000   0.01304   1.41544   0.16513  
 22 119.1514   6796.482442  x:  0.11313   2.09773   1.67237   0.94509   1.46338   0.43689   0.94085   0.34835   0.86688   0.22751   0.24374   0.34306   1.88738   0.15577   0.09118   0.15152   0.10661   0.00000   0.01254   1.51191   0.15891  
 23 91.2293   6793.581989  x:  0.05496   2.18337   1.72335   0.97383   1.51010   0.40981   0.95406   0.32195   0.88277   0.22157   0.26282   0.36280   1.97587   0.19402   0.13435   0.14298   0.10785   0.00000   0.01225   1.53466   0.15549  
 24 159.2377   6791.020593  x:  0.00000   2.23671   1.75425   0.97453   1.53448   0.37981   0.96337   0.33060   0.90009   0.26395   0.27044   0.35424   2.02699   0.19344   0.12929   0.14480   0.10990   0.00000   0.01204   1.53541   0.15421  
 25 66.2546   6791.020593  x:  0.00000   2.23671   1.75425   0.97453   1.53448   0.37981   0.96337   0.33060   0.90009   0.26395   0.27044   0.35424   2.02699   0.19344   0.12929   0.14480   0.10990   0.00000   0.01204   1.53541   0.15421  
 26 17.3776   6789.582086  x:  0.00165   2.23753   1.75493   0.97545   1.53503   0.38099   0.96399   0.33301   0.90061   0.26583   0.27155   0.35434   2.02785   0.19310   0.12888   0.14551   0.11385   0.00000   0.00567   1.53467   0.16361  
 27 204.8871   6788.996215  x:  0.00463   2.23902   1.75613   0.97713   1.53600   0.38316   0.96507   0.33767   0.90148   0.26945   0.27366   0.35442   2.02942   0.19230   0.12789   0.14665   0.12107   0.00000   0.01052   1.53352   0.16888  
 28 136.1481   6785.029651  x:  0.03494   2.25424   1.76808   0.99424   1.54557   0.40534   0.97566   0.38641   0.90996   0.30705   0.29533   0.35442   2.04559   0.18333   0.11673   0.15602   0.18972   0.00000   0.00727   1.52311   0.15552  
 29 194.0060   6777.827538  x:  0.14353   2.31536   1.81570   1.05923   1.58318   0.48467   1.01258   0.54533   0.93694   0.41884   0.35015   0.34424   2.10961   0.18397   0.11119   0.10568   0.15536   0.00000   0.00735   1.48682   0.14283  
 30 89.1851   6775.226797  x:  0.19387   2.35046   1.84245   1.09276   1.60368   0.52128   1.02884   0.60904   0.94585   0.45489   0.35899   0.33218   2.14539   0.20033   0.12717   0.15451   0.12818   0.00000   0.00732   1.47269   0.13624  
 31 122.9881   6772.818346  x:  0.25474   2.43612   1.90462   1.15483   1.64813   0.56526   1.04527   0.63450   0.93745   0.41527   0.29204   0.29321   2.22743   0.18195   0.11987   0.15513   0.12998   0.00000   0.00716   1.47496   0.13025  
 32 34.8290   6770.747077  x:  0.30450   2.54519   1.98132   1.22472   1.70169   0.60320   1.05941   0.63391   0.92857   0.35318   0.28403   0.32938   2.32958   0.20163   0.15666   0.14075   0.14397   0.00000   0.00680   1.49087   0.12221  
 33 60.0772   6769.239759  x:  0.32701   2.63554   2.04294   1.27663   1.74402   0.62376   1.06896   0.62187   0.92937   0.31524   0.30358   0.37349   2.41270   0.17332   0.13912   0.15261   0.13539   0.00000   0.00679   1.50979   0.11801  
 34 81.5954   6766.034057  x:  0.21640   2.93492   2.22617   1.38934   1.86320   0.58945   1.09093   0.51654   1.03396   0.41665   0.33290   0.33830   2.67504   0.17487   0.14500   0.15195   0.13710   0.00000   0.00648   1.60588   0.10952  
 35 26.4854   6764.353516  x:  0.00000   3.11821   2.31746   1.41140   1.92523   0.53492   1.15048   0.62232   1.02181   0.39208   0.33966   0.33049   2.83607   0.19819   0.12472   0.15236   0.13694   0.00000   0.00637   1.58619   0.10732  
 36 15.8123   6764.353516  x:  0.00000   3.11821   2.31746   1.41140   1.92523   0.53492   1.15048   0.62232   1.02181   0.39208   0.33966   0.33049   2.83607   0.19819   0.12472   0.15236   0.13694   0.00000   0.00637   1.58619   0.10732  
 37  3.3740   6762.319640  x:  0.00038   3.11838   2.31763   1.41157   1.92535   0.53514   1.15062   0.62254   1.02193   0.39228   0.33974   0.33062   2.83624   0.19817   0.12481   0.15237   0.13753   0.00000   0.00777   1.58584   0.11839  
 38 383.1332   6762.271688  x:  0.00164   3.11885   2.31807   1.41200   1.92560   0.53576   1.15084   0.62317   1.02210   0.39280   0.33980   0.33099   2.83675   0.19776   0.12485   0.15213   0.14030   0.00000   0.00637   1.58508   0.11852  
 39 24.0966   6761.997798  x:  0.01129   3.12247   2.32140   1.41535   1.92750   0.54046   1.15247   0.62797   1.02336   0.39683   0.34026   0.33383   2.84069   0.19465   0.12517   0.15022   0.16084   0.00000   0.00772   1.57930   0.11767  
 40 122.0772   6761.331494  x:  0.06877   3.14502   2.34209   1.43581   1.93950   0.56891   1.16272   0.65667   1.03083   0.41971   0.34057   0.34740   2.86505   0.18252   0.13289   0.12596   0.15948   0.00000   0.00771   1.54627   0.11467  
 41 20.6857   6760.232460  x:  0.18195   3.19205   2.38470   1.47719   1.96462   0.62570   1.18388   0.71317   1.04510   0.46175   0.33666   0.36744   2.91534   0.17073   0.15880   0.15234   0.15129   0.00000   0.00777   1.48489   0.10839  
 42 79.6372   6760.020597  x:  0.20450   3.21075   2.39983   1.48918   1.97488   0.63913   1.19176   0.72365   1.04664   0.45969   0.32522   0.35282   2.93348   0.16030   0.14916   0.15590   0.15010   0.00000   0.00777   1.49073   0.10759  
 43 14.9107   6759.722154  x:  0.23613   3.24652   2.42775   1.50970   1.99440   0.65976   1.20618   0.73765   1.04848   0.44920   0.31496   0.33142   2.96727   0.17280   0.15701   0.15207   0.15213   0.00000   0.00781   1.51406   0.10622  
 44 27.4889   6759.060171  x:  0.29703   3.34790   2.50425   1.56167   2.04894   0.70459   1.24460   0.76344   1.05605   0.41670   0.35426   0.33657   3.06092   0.18240   0.14383   0.15555   0.15124   0.00000   0.00785   1.59307   0.10298  
 45 28.8951   6757.916791  x:  0.22104   3.65354   2.71030   1.66201   2.20006   0.70526   1.33359   0.74252   1.17409   0.49631   0.32145   0.37326   3.32787   0.20781   0.12193   0.15700   0.15198   0.00000   0.00795   1.64204   0.09490  
 46  9.9356   6757.129632  x:  0.12047   3.87923   2.85787   1.72944   2.30653   0.69180   1.39473   0.75559   1.18810   0.46855   0.36334   0.33620   3.52668   0.18549   0.14577   0.15586   0.15310   0.00000   0.00802   1.57810   0.08907  
 47 17.1264   6757.008280  x:  0.09337   3.91906   2.88024   1.74110   2.31541   0.68849   1.39252   0.78691   1.15843   0.45696   0.33982   0.36169   3.56498   0.17885   0.15274   0.15562   0.15325   0.00000   0.00801   1.57713   0.08871  
 48  4.6005   6756.941385  x:  0.07470   3.94310   2.88953   1.74813   2.30896   0.68571   1.37586   0.82027   1.13659   0.48239   0.34695   0.35414   3.59135   0.18021   0.15135   0.15565   0.15332   0.00000   0.00800   1.58654   0.08868  
 49  2.6888   6756.834253  x:  0.07432   3.98689   2.89453   1.76445   2.26846   0.69855   1.32323   0.80963   1.14657   0.47098   0.34774   0.35342   3.65192   0.18632   0.14490   0.15500   0.15356   0.00000   0.00791   1.57857   0.08932  
 50  0.8304   6756.707006  x:  0.05813   4.02350   2.88673   1.76841   2.24712   0.72913   1.36188   0.81406   1.16695   0.47342   0.35007   0.35207   3.70427   0.15852   0.17258   0.15419   0.15401   0.00000   0.00779   1.59117   0.08978  
 51  1.2821   6756.609054  x:  0.05165   4.04710   2.88883   1.77319   2.25619   0.74241   1.41362   0.82525   1.16516   0.47278   0.35140   0.35200   3.73268   0.18399   0.14707   0.15339   0.15447   0.00000   0.00770   1.57806   0.08964  
 52  2.1365   6756.518860  x:  0.07913   4.06904   2.93015   1.79353   2.32594   0.70104   1.42682   0.81238   1.14265   0.48636   0.35200   0.35226   3.73459   0.17851   0.15249   0.15281   0.15483   0.00000   0.00759   1.58033   0.08973  
 53  1.1768   6756.467446  x:  0.07892   4.07967   2.96751   1.81030   2.38182   0.69571   1.41427   0.84755   1.17701   0.47681   0.35337   0.35199   3.72508   0.17719   0.15400   0.15230   0.15523   0.00000   0.00754   1.58197   0.08917  
 54  1.2971   6756.412099  x:  0.07191   4.11404   3.03605   1.84698   2.40932   0.75739   1.41884   0.84416   1.17374   0.49074   0.35349   0.35401   3.73849   0.17669   0.15496   0.15163   0.15581   0.00000   0.00748   1.58224   0.08772  
 55  0.5404   6756.312004  x:  0.10680   4.20436   3.14886   1.89932   2.38987   0.76083   1.47302   0.87639   1.20104   0.49970   0.35402   0.35739   3.80998   0.17646   0.15615   0.15074   0.15675   0.00000   0.00739   1.58701   0.08476  
 56  1.2401   6756.261290  x:  0.13494   4.26803   3.11505   1.89350   2.44955   0.77328   1.48228   0.89136   1.21124   0.50810   0.35388   0.35964   3.90828   0.17709   0.15604   0.15039   0.15717   0.00000   0.00736   1.58832   0.08312  
 57  0.7155   6756.250415  x:  0.13138   4.30693   3.11115   1.92706   2.46206   0.76897   1.49496   0.89796   1.21584   0.51268   0.35326   0.36087   3.92311   0.17564   0.15783   0.15097   0.15692   0.00000   0.00750   1.58392   0.08284  
 58  0.0629   6756.246886  x:  0.13253   4.31573   3.12865   1.90891   2.46740   0.77086   1.49789   0.90070   1.21697   0.51470   0.35301   0.36131   3.93626   0.17528   0.15832   0.15122   0.15681   0.00000   0.00756   1.58231   0.08278  
 59  0.1574   6756.246385  x:  0.13108   4.30947   3.13528   1.91323   2.47032   0.77078   1.49991   0.90164   1.21802   0.51537   0.35306   0.36140   3.94715   0.17520   0.15845   0.15130   0.15680   0.00000   0.00756   1.58234   0.08268  
 60  0.0596   6756.246032  x:  0.13024   4.32055   3.14365   1.91725   2.47488   0.77307   1.50316   0.90391   1.21993   0.51659   0.35324   0.36152   3.95169   0.17532   0.15847   0.15145   0.15681   0.00000   0.00756   1.58270   0.08244  
 61  0.0208   6756.246017  x:  0.12982   4.32143   3.14372   1.91749   2.47551   0.77328   1.50338   0.90401   1.22017   0.51661   0.35328   0.36148   3.95247   0.17543   0.15837   0.15148   0.15680   0.00000   0.00756   1.58309   0.08244  
 62  0.0013   6756.246017  x:  0.12973   4.32151   3.14377   1.91750   2.47549   0.77324   1.50341   0.90397   1.22018   0.51655   0.35329   0.36147   3.95258   0.17542   0.15838   0.15148   0.15680   0.00000   0.00756   1.58308   0.08244  
 63  0.0001   6756.246017  x:  0.12973   4.32151   3.14377   1.91750   2.47549   0.77324   1.50341   0.90397   1.22018   0.51655   0.35329   0.36147   3.95258   0.17542   0.15838   0.15148   0.15680   0.00000   0.00756   1.58308   0.08244  
 64  0.0000   6756.246017  x:  0.12973   4.32151   3.14377   1.91750   2.47549   0.77324   1.50341   0.90397   1.22018   0.51655   0.35329   0.36147   3.95258   0.17542   0.15838   0.15148   0.15680   0.00000   0.00756   1.58308   0.08244  
 65  0.0000   6756.246017  x:  0.12973   4.32151   3.14377   1.91750   2.47549   0.77324   1.50341   0.90397   1.22018   0.51655   0.35329   0.36147   3.95258   0.17542   0.15838   0.15148   0.15680   0.00000   0.00756   1.58308   0.08244  
check convergence!
