

TREE # 1

  0  0.0000   2242.556059  x:  0.96299   1.19332   0.95780   0.32104   1.08313   0.33402   1.00863   0.39653   0.49350   0.26032   0.34827   0.34015   1.24110   0.25303   0.00000   0.22454   0.13735   0.00304   0.00496   2.00000   0.20000   0.20000  
  1 99.0000   2241.832562  x:  0.96369   1.19390   0.95865   0.32205   1.08277   0.33400   1.00876   0.39657   0.49367   0.26043   0.34845   0.33995   1.24160   0.25290   0.00109   0.22400   0.13818   0.00000   0.00193   1.99969   0.20126   0.19918  
  2 142.5861   2241.587945  x:  0.96410   1.19424   0.95914   0.32263   1.08253   0.33398   1.00883   0.39657   0.49375   0.26048   0.34855   0.33981   1.24188   0.25272   0.00135   0.22368   0.13858   0.00000   0.00000   1.99953   0.20114   0.19868  
  3 665.2936   2241.033973  x:  0.96733   1.19697   0.96319   0.32706   1.08047   0.33388   1.00946   0.39661   0.49448   0.26088   0.34933   0.33882   1.24410   0.25048   0.00000   0.22161   0.13956   0.00000   0.00000   1.99818   0.20212   0.19430  
  4 299.0675   2232.034238  x:  1.05460   1.27340   1.07453   0.41929   1.00904   0.31901   1.03155   0.38980   0.51139   0.26639   0.36557   0.31708   1.30560   0.22075   0.04134   0.22841   0.04583   0.00000   0.00000   1.95810   0.20467   0.02875  
  5 134.9642   2231.295053  x:  1.06173   1.28010   1.08411   0.42345   1.00091   0.31681   1.03419   0.38843   0.51254   0.26629   0.36638   0.31607   1.31068   0.22053   0.04168   0.23980   0.04618   0.00000   0.00000   1.95426   0.20526   0.00999  
  6 124.5327   2222.038143  x:  1.32193   1.52493   1.43411   0.57421   0.70067   0.23574   1.13095   0.33768   0.55386   0.26212   0.39536   0.27933   1.49712   0.21383   0.05703   0.65535   0.02229   0.00000   0.00000   1.81292   0.20434   0.01967  
  7 63.5390   2218.905607  x:  1.43459   1.63134   1.59891   0.48039   0.50266   0.28389   1.22672   0.35276   0.54841   0.29362   0.38809   0.34160   1.58914   0.41037   0.00642   0.61165   0.02188   0.00000   0.00000   1.79041   0.19229   0.02031  
  8 16.6040   2215.518175  x:  1.54545   1.72135   1.74346   0.29422   0.36022   0.41058   1.34779   0.39171   0.50242   0.28907   0.34624   0.30644   1.72863   0.31291   0.01690   0.57602   0.03999   0.00000   0.00000   1.80689   0.16605   0.02066  
  9 14.9825   2214.434375  x:  1.58147   1.72453   1.75423   0.30798   0.39847   0.46268   1.37540   0.37648   0.53094   0.30979   0.43385   0.35390   1.83550   0.30284   0.01243   0.58907   0.04342   0.00000   0.00000   1.83172   0.15083   0.02033  
 10  7.6853   2212.962380  x:  1.61422   1.71163   1.73943   0.35246   0.44143   0.47544   1.38529   0.33596   0.55188   0.28539   0.40499   0.31478   1.95510   0.33308   0.00000   0.59197   0.04754   0.00000   0.00000   1.86974   0.14656   0.01979  
 11  8.8416   2208.382321  x:  1.78046   1.64126   1.64300   0.30436   0.40444   0.32123   1.35809   0.29815   0.60051   0.34134   0.40499   0.36055   2.43322   0.21178   0.04085   0.53988   0.10371   0.00000   0.00000   2.03931   0.17201   0.01706  
 12  7.0705   2206.340148  x:  1.87461   1.64433   1.65089   0.30618   0.48603   0.36552   1.31779   0.48146   0.53760   0.33076   0.46337   0.28536   2.53509   0.22286   0.04902   0.55139   0.12025   0.00000   0.00000   1.99686   0.17490   0.01539  
 13  9.4794   2203.005940  x:  1.99598   1.70277   1.75982   0.40416   0.61613   0.28803   1.16175   0.50985   0.57321   0.21197   0.39372   0.39896   2.29184   0.15955   0.06436   0.48712   0.15471   0.00000   0.00000   1.67267   0.16037   0.01094  
 14  5.7199   2200.892063  x:  2.04590   1.74191   1.85181   0.47675   0.65243   0.22137   1.10035   0.44722   0.62700   0.34598   0.43073   0.27809   2.02644   0.14022   0.06909   0.44427   0.17451   0.00000   0.00000   1.54882   0.15262   0.00786  
 15 12.3033   2198.682456  x:  2.06919   1.79396   1.98751   0.64254   0.61216   0.24114   1.17539   0.34650   0.52368   0.28844   0.51815   0.23972   1.70970   0.11359   0.08450   0.40792   0.19228   0.00000   0.00000   1.67135   0.15516   0.00565  
 16  9.5275   2197.161943  x:  2.06609   1.83607   2.09437   0.80367   0.58893   0.34210   1.27202   0.37890   0.56191   0.34855   0.43700   0.28830   1.51320   0.07942   0.10455   0.41289   0.20105   0.00000   0.00000   1.80610   0.15076   0.00477  
 17 13.0277   2194.651364  x:  1.91752   1.91261   2.20882   0.91099   0.44017   0.29776   1.40018   0.52895   0.75754   0.23598   0.48617   0.23055   1.58608   0.07528   0.11253   0.30563   0.22099   0.00000   0.00000   1.85393   0.13784   0.00766  
 18  2.9120   2190.628750  x:  1.78040   2.09521   2.43076   0.97706   0.40576   0.38601   1.50554   0.45322   0.63454   0.31885   0.44342   0.24820   1.88992   0.08002   0.12394   0.14852   0.24840   0.00000   0.00000   1.78251   0.12556   0.01349  
 19  7.1696   2189.383811  x:  2.02716   2.16061   2.56045   0.89640   0.41537   0.50516   1.29579   0.40166   0.70972   0.28992   0.44854   0.23975   1.99967   0.11408   0.12307   0.14609   0.25186   0.00000   0.00000   1.93892   0.12923   0.01652  
 20  2.9076   2188.100339  x:  2.38084   2.10020   2.57692   0.95120   0.39634   0.41931   1.33267   0.48812   0.58804   0.36430   0.41276   0.27529   2.16278   0.14912   0.10716   0.17927   0.25088   0.00000   0.00000   2.01494   0.12157   0.01818  
 21  3.0971   2186.963594  x:  2.72197   2.03104   2.59500   0.90660   0.42231   0.52694   1.66467   0.40913   0.64415   0.35003   0.42599   0.26102   2.32000   0.16440   0.11358   0.20307   0.25633   0.00000   0.00000   1.91969   0.11528   0.01963  
 22  4.5004   2184.722549  x:  2.90658   2.53234   3.34651   0.87156   0.60013   0.45721   1.78417   0.52590   0.64477   0.33811   0.47049   0.29462   3.11567   0.11269   0.13210   0.19264   0.30421   0.00000   0.00000   2.07799   0.10452   0.01717  
 23  0.8442   2184.185983  x:  3.02914   2.52868   3.34729   0.98570   0.38957   0.62236   1.71128   0.52840   0.63134   0.34299   0.49606   0.28772   3.25988   0.09625   0.14086   0.19479   0.31141   0.00000   0.00000   2.00517   0.10238   0.01622  
 24  1.5253   2183.572736  x:  3.45416   2.56939   3.47144   1.04491   0.40752   0.59468   1.83231   0.57184   0.68911   0.34291   0.50556   0.28514   3.31684   0.11247   0.13469   0.15428   0.32354   0.00000   0.00000   2.00194   0.09140   0.01836  
 25  1.0140   2182.623476  x:  3.72352   2.62023   3.96138   1.30080   0.42567   0.57173   2.00234   0.60050   0.75043   0.39630   0.49694   0.26824   3.24269   0.17294   0.12044   0.16913   0.33019   0.00000   0.00000   1.95854   0.08855   0.02804  
 26  0.5137   2182.212681  x:  3.92995   2.85955   4.22850   1.39558   0.46830   0.57542   2.09058   0.62322   0.79655   0.40059   0.50370   0.25889   3.37726   0.15745   0.11926   0.18390   0.32968   0.00000   0.00000   1.95561   0.07860   0.02950  
 27  0.3909   2181.647178  x:  4.38373   3.08343   4.41801   1.49903   0.51655   0.53142   2.18993   0.67139   0.84422   0.39482   0.51597   0.25963   3.48801   0.11940   0.10994   0.16226   0.32004   0.00000   0.00000   1.99266   0.07715   0.03023  
 28  0.6277   2180.847596  x:  4.48487   3.25969   5.11079   1.79841   0.46247   0.62201   2.33642   0.71090   0.89231   0.38573   0.54043   0.28732   3.70334   0.15927   0.08570   0.19369   0.25218   0.00000   0.00000   1.96422   0.07123   0.02349  
 29  0.2938   2180.699863  x:  4.55842   3.27952   5.20080   1.82252   0.50199   0.61929   2.39161   0.71263   0.86810   0.41140   0.53720   0.27047   3.74568   0.15950   0.08649   0.17473   0.23208   0.00000   0.00000   2.00142   0.07031   0.02145  
 30  0.0958   2180.670866  x:  4.48808   3.21989   5.06848   1.77735   0.51172   0.62749   2.36110   0.69288   0.84074   0.41839   0.53706   0.27061   3.68422   0.14966   0.09771   0.17597   0.23290   0.00000   0.00000   2.00513   0.07228   0.02239  
 31  0.1097   2180.658807  x:  4.50089   3.21627   5.04573   1.78150   0.51102   0.63651   2.36650   0.69504   0.84184   0.41762   0.54085   0.27364   3.67886   0.14457   0.10388   0.17748   0.23059   0.00000   0.00000   2.00026   0.07140   0.02252  
 32  0.0254   2180.652454  x:  4.51735   3.21310   5.02428   1.79589   0.50235   0.63759   2.36930   0.70504   0.85137   0.41381   0.54172   0.27426   3.67109   0.14348   0.10745   0.17739   0.22626   0.00000   0.00000   1.99780   0.07157   0.02205  
 33  0.0219   2180.650330  x:  4.53166   3.20914   5.01763   1.80242   0.50487   0.62829   2.36761   0.70978   0.85475   0.41505   0.53996   0.27252   3.66782   0.14118   0.11024   0.17654   0.22852   0.00000   0.00000   1.99853   0.07153   0.02255  
 34  0.0122   2180.649430  x:  4.53262   3.21763   5.04023   1.81622   0.50908   0.62361   2.36861   0.70965   0.85307   0.41717   0.53972   0.27327   3.67886   0.14013   0.11140   0.17715   0.22747   0.00000   0.00000   1.99949   0.07137   0.02255  
 35  0.0136   2180.649213  x:  4.52802   3.22134   5.03582   1.81808   0.50854   0.62342   2.36731   0.70801   0.85254   0.41662   0.54041   0.27372   3.68254   0.14054   0.11177   0.17667   0.22803   0.00000   0.00000   1.99903   0.07137   0.02246  
 36  0.0050   2180.649129  x:  4.52719   3.22247   5.03066   1.81889   0.50893   0.62400   2.36685   0.70656   0.85341   0.41585   0.54080   0.27300   3.68457   0.14005   0.11190   0.17692   0.22804   0.00000   0.00000   1.99910   0.07139   0.02238  
 37  0.0028   2180.649081  x:  4.52847   3.21967   5.02898   1.82155   0.51001   0.62360   2.36752   0.70570   0.85379   0.41581   0.54072   0.27297   3.68301   0.14051   0.11153   0.17673   0.22790   0.00000   0.00000   1.99928   0.07139   0.02244  
 38  0.0018   2180.649067  x:  4.52649   3.21895   5.02611   1.82261   0.50958   0.62369   2.36649   0.70577   0.85355   0.41585   0.54060   0.27321   3.68192   0.14054   0.11141   0.17690   0.22799   0.00000   0.00000   1.99926   0.07141   0.02247  
 39  0.0019   2180.649062  x:  4.52532   3.21915   5.02519   1.82314   0.50940   0.62377   2.36618   0.70610   0.85334   0.41594   0.54056   0.27314   3.68193   0.14053   0.11138   0.17683   0.22796   0.00000   0.00000   1.99936   0.07141   0.02245  
 40  0.0010   2180.649062  x:  4.52468   3.21942   5.02544   1.82332   0.50957   0.62371   2.36626   0.70622   0.85341   0.41586   0.54059   0.27313   3.68176   0.14054   0.11137   0.17683   0.22797   0.00000   0.00000   1.99928   0.07141   0.02245  
 41  0.0004   2180.649061  x:  4.52469   3.21955   5.02539   1.82340   0.50958   0.62375   2.36633   0.70623   0.85340   0.41588   0.54060   0.27314   3.68170   0.14053   0.11138   0.17683   0.22797   0.00000   0.00000   1.99929   0.07141   0.02245  
 42  0.0001   2180.649061  x:  4.52475   3.21961   5.02556   1.82348   0.50955   0.62379   2.36642   0.70624   0.85342   0.41588   0.54060   0.27314   3.68178   0.14053   0.11138   0.17682   0.22797   0.00000   0.00000   1.99930   0.07141   0.02245  
 43  0.0001   2180.649061  x:  4.52476   3.21957   5.02556   1.82346   0.50956   0.62378   2.36643   0.70624   0.85342   0.41588   0.54060   0.27314   3.68180   0.14053   0.11138   0.17683   0.22798   0.00000   0.00000   1.99930   0.07141   0.02245  
 44  0.0000   2180.649061  x:  4.52478   3.21960   5.02557   1.82347   0.50956   0.62378   2.36645   0.70625   0.85342   0.41589   0.54060   0.27314   3.68182   0.14053   0.11138   0.17683   0.22798   0.00000   0.00000   1.99930   0.07141   0.02245  
 45  0.0000   2180.649061  x:  4.52478   3.21959   5.02556   1.82347   0.50956   0.62378   2.36645   0.70625   0.85342   0.41589   0.54060   0.27314   3.68181   0.14053   0.11138   0.17683   0.22798   0.00000   0.00000   1.99930   0.07141   0.02245  
 46  0.0000   2180.649061  x:  4.52478   3.21959   5.02556   1.82347   0.50956   0.62378   2.36645   0.70625   0.85342   0.41589   0.54060   0.27314   3.68181   0.14053   0.11138   0.17683   0.22798   0.00000   0.00000   1.99930   0.07141   0.02245  
 47  0.0000   2180.649061  x:  4.52478   3.21959   5.02556   1.82347   0.50956   0.62378   2.36645   0.70625   0.85342   0.41589   0.54060   0.27314   3.68181   0.14053   0.11138   0.17683   0.22798   0.00000   0.00000   1.99930   0.07141   0.02245  
check convergence!
