

TREE # 1

  0  0.0000   3656.699168  x:  0.18964   0.24286   0.29745   0.08940   0.31909   0.24154   0.24782   0.06525   0.15661   0.11343   0.42521   0.04459   0.07371   0.04726   0.10299   0.00000   0.10703   2.00000   0.20000  
  1 99.0000   3640.981938  x:  0.20759   0.25411   0.31079   0.10815   0.32287   0.24420   0.25217   0.07473   0.16580   0.12227   0.43597   0.04330   0.07275   0.04810   0.10053   0.17869   0.10333   1.99753   0.19286  
  2 3208.1805   3468.334526  x:  0.47122   0.42497   0.51606   0.36905   0.38104   0.28364   0.31830   0.20635   0.30122   0.24754   0.60375   0.02352   0.06019   0.05227   0.02809   0.16814   0.01010   1.95737   0.08963  
  3 633.5249   3423.239751  x:  0.57857   0.49606   0.60385   0.47137   0.40784   0.30055   0.34586   0.25490   0.35249   0.29232   0.67823   0.02258   0.06272   0.05896   0.02170   0.16367   0.02798   1.93571   0.17599  
  4 1495.4196   3409.602266  x:  0.63643   0.53706   0.66527   0.51015   0.42735   0.30501   0.35483   0.25270   0.35755   0.28330   0.74145   0.04725   0.09204   0.06745   0.12494   0.15947   0.12375   1.90672   0.14290  
  5 316.2737   3398.689998  x:  0.66799   0.56281   0.72812   0.49702   0.45295   0.30067   0.35144   0.19462   0.31538   0.21039   0.82653   0.01181   0.07277   0.02583   0.11337   0.15966   0.15534   1.84569   0.13318  
  6 122.5985   3390.221553  x:  0.69674   0.58605   0.79524   0.47198   0.48177   0.29357   0.34800   0.12728   0.26984   0.12996   0.92283   0.02032   0.08117   0.05990   0.08013   0.16045   0.16594   1.76981   0.12596  
  7 335.6570   3384.503170  x:  0.68976   0.57850   0.84751   0.38880   0.51128   0.27386   0.36043   0.09551   0.27950   0.15005   1.02996   0.06138   0.11084   0.02694   0.07264   0.16176   0.14800   1.64747   0.12617  
  8 89.7078   3374.725697  x:  0.66249   0.54895   0.93487   0.21665   0.56529   0.23343   0.39176   0.08188   0.30667   0.20836   1.23062   0.03451   0.09061   0.05600   0.09552   0.16321   0.12407   1.39808   0.12320  
  9 264.1389   3372.173178  x:  0.64689   0.51402   0.93762   0.19462   0.57850   0.22216   0.39970   0.15615   0.29164   0.18632   1.29240   0.03950   0.09631   0.05247   0.08437   0.16327   0.13325   1.28453   0.11808  
 10 68.7512   3369.553202  x:  0.63391   0.44077   0.89044   0.26678   0.57890   0.20711   0.36504   0.14515   0.30592   0.18660   1.34057   0.03354   0.09903   0.05406   0.08480   0.16265   0.13559   1.11303   0.11620  
 11 39.5858   3369.290257  x:  0.64547   0.45147   0.87923   0.26383   0.57363   0.20595   0.37283   0.14099   0.30619   0.19400   1.32772   0.03681   0.09349   0.05527   0.07081   0.16248   0.15278   1.08809   0.11151  
 12  8.2107   3368.780052  x:  0.67727   0.48560   0.85779   0.25725   0.56253   0.20684   0.39242   0.13715   0.29562   0.19042   1.29354   0.04242   0.08601   0.05365   0.08005   0.16228   0.14290   1.03671   0.11353  
 13 17.2767   3367.847367  x:  0.69490   0.51301   0.85689   0.24713   0.56461   0.21724   0.37938   0.14131   0.32201   0.17687   1.27236   0.00737   0.13380   0.05497   0.07613   0.16189   0.14210   1.01665   0.11269  
 14  4.5698   3359.380199  x:  0.77863   0.60220   0.93264   0.25311   0.62248   0.28632   0.21458   0.18750   0.41560   0.14465   1.26171   0.04959   0.06622   0.05708   0.07613   0.15653   0.13436   1.02968   0.10836  
 15  7.2675   3299.709655  x:  1.29621   0.83245   1.56919   0.86667   1.06632   0.65716   0.54433   0.25336   0.33351   0.32549   1.54982   0.01677   0.03701   0.10794   0.04139   0.10481   0.04819   1.48360   0.06146  
 16 32.2185   3291.422275  x:  1.43320   0.84085   1.61593   0.89077   0.87303   0.41251   0.50314   0.28376   0.31998   0.33951   1.63743   0.00000   0.05774   0.11129   0.04015   0.10074   0.03335   1.55842   0.06706  
 17 27.7987   3288.079363  x:  1.49264   0.83480   1.65227   0.91208   0.73929   0.24409   0.55206   0.29120   0.41766   0.27185   1.68548   0.01025   0.04012   0.11035   0.04166   0.09829   0.02652   1.60401   0.06944  
 18 70.3277   3282.238836  x:  1.79456   0.58948   1.92242   0.90202   0.70298   0.18993   0.50100   0.30838   0.35207   0.31857   1.60236   0.01774   0.08779   0.10437   0.03362   0.09127   0.02782   1.54869   0.06434  
 19  1.9220   3278.462457  x:  1.80084   0.86109   1.55376   0.92412   0.73295   0.24363   0.49551   0.32201   0.37570   0.31858   2.00055   0.02131   0.10951   0.10180   0.03484   0.08627   0.02356   1.59678   0.05956  
 20  5.0595   3274.707993  x:  1.58314   1.07106   1.73732   1.06817   0.75909   0.10434   0.50439   0.33541   0.39569   0.31274   2.03459   0.02098   0.11783   0.09701   0.02777   0.07921   0.03881   1.45071   0.05390  
 21  1.9725   3266.606113  x:  1.74536   0.94764   2.05831   1.12219   0.53024   0.41334   0.61578   0.31881   0.56513   0.20261   2.25644   0.02043   0.12821   0.07933   0.03212   0.06159   0.05690   1.19047   0.04513  
 22  6.1179   3260.594577  x:  2.10033   0.76309   2.10486   1.12598   1.01463   0.20612   0.68857   0.31656   0.69605   0.10487   2.32195   0.01958   0.13613   0.06332   0.04309   0.04793   0.06125   1.07673   0.04276  
 23  9.4449   3255.617262  x:  2.03112   0.88699   2.29298   1.23352   1.01719   0.23884   0.64590   0.33078   0.62809   0.16209   2.41299   0.02682   0.14225   0.05706   0.04625   0.03723   0.05168   0.92922   0.04708  
 24  2.0481   3247.672696  x:  2.62503   0.85943   2.32039   1.27455   1.02239   0.16995   0.51453   0.38417   0.50053   0.26898   2.89185   0.03206   0.12149   0.05791   0.04308   0.01143   0.05406   1.02732   0.04418  
 25  0.9954   3245.519826  x:  2.61224   0.92489   2.40793   1.30525   1.01986   0.15778   0.48139   0.38651   0.44518   0.29118   2.93215   0.03177   0.10066   0.06242   0.05631   0.01804   0.03243   1.08965   0.04256  
 26  0.1771   3243.474322  x:  2.80118   0.93403   2.37013   1.28715   0.97578   0.19220   0.47952   0.38009   0.45952   0.25555   3.14742   0.03032   0.07508   0.06407   0.04255   0.02485   0.04211   1.21368   0.04517  
 27  0.4794   3240.028766  x:  3.06302   1.11378   2.73367   1.46864   1.08593   0.23240   0.51035   0.38036   0.51182   0.19034   3.58752   0.03210   0.04494   0.05702   0.03589   0.01741   0.03185   1.18374   0.03748  
 28  0.6703   3236.646192  x:  3.31535   1.36804   3.03395   1.67909   1.22275   0.24329   0.55849   0.37781   0.60422   0.12275   4.07651   0.03784   0.06329   0.04252   0.06577   0.01322   0.04422   1.11067   0.03300  
 29  0.4739   3231.688478  x:  3.90482   1.79668   3.57924   2.00593   1.58013   0.29429   0.49164   0.38077   0.53483   0.21029   4.93546   0.05585   0.07476   0.06557   0.04181   0.03128   0.05157   1.10555   0.02943  
 30  0.4948   3230.384793  x:  4.26221   1.93524   3.87047   2.15930   1.68967   0.28319   0.50025   0.38727   0.55951   0.20090   5.36062   0.05929   0.06571   0.06701   0.04466   0.03160   0.04958   1.11182   0.02493  
 31  0.9974   3228.474311  x:  4.97842   2.08842   4.39541   2.41201   1.80931   0.20516   0.55343   0.39621   0.64966   0.14613   6.07020   0.06192   0.04461   0.06598   0.05831   0.03023   0.03488   1.19003   0.02369  
 32  1.2684   3226.993361  x:  5.86763   2.28162   5.07521   2.73677   2.00490   0.18218   0.57114   0.42294   0.66555   0.18479   6.92181   0.07146   0.04850   0.06417   0.04154   0.02734   0.04049   1.12995   0.01984  
 33  0.6189   3226.528487  x:  6.10387   2.27303   5.22589   2.79379   2.00308   0.17925   0.57868   0.43306   0.66106   0.20223   7.07649   0.07224   0.04887   0.06211   0.04183   0.02608   0.04376   1.11950   0.02058  
 34  0.4606   3226.053689  x:  6.93054   2.41562   5.84487   3.07795   2.10040   0.18819   0.62081   0.45987   0.68488   0.21142   7.82318   0.07648   0.03864   0.05951   0.05243   0.02548   0.04407   1.12922   0.01820  
 35  0.8121   3225.727211  x:  7.60736   2.51737   6.38548   3.32150   2.16123   0.25088   0.69397   0.48813   0.71163   0.20466   8.37409   0.07831   0.04435   0.05871   0.04430   0.02709   0.03968   1.14530   0.01707  
 36  0.4344   3225.580256  x:  7.83750   2.52030   6.55200   3.38932   2.15510   0.29360   0.71569   0.50916   0.69284   0.20931   8.49779   0.07537   0.04280   0.06107   0.04932   0.02934   0.04324   1.14319   0.01697  
 37  0.1461   3225.493620  x:  8.12453   2.55955   6.77634   3.49393   2.19347   0.31790   0.73922   0.53258   0.68474   0.21029   8.69750   0.07354   0.04396   0.06217   0.04901   0.02982   0.04320   1.13480   0.01609  
 38  0.3291   3225.347899  x:  8.09474   2.51157   6.75136   3.48755   2.19279   0.33801   0.75721   0.56717   0.65319   0.20288   8.50421   0.06426   0.05302   0.06377   0.04513   0.02914   0.04017   1.12338   0.01638  
 39  0.1037   3225.216367  x:  7.98384   2.47915   6.59000   3.44791   2.22689   0.28994   0.75226   0.60004   0.65024   0.19114   8.26002   0.05284   0.06079   0.06085   0.04901   0.02657   0.04261   1.13632   0.01656  
 40  0.0944   3225.146037  x:  8.00485   2.50681   6.54658   3.46139   2.27367   0.24982   0.74731   0.61354   0.68067   0.19123   8.22368   0.04735   0.06824   0.06011   0.04654   0.02756   0.04285   1.14830   0.01668  
 41  0.0294   3225.106704  x:  8.22845   2.55096   6.69675   3.54948   2.30714   0.26732   0.75512   0.64065   0.67999   0.19996   8.33542   0.04174   0.07153   0.06201   0.04729   0.02933   0.04172   1.13485   0.01625  
 42  0.1437   3225.088351  x:  8.16302   2.58364   6.62434   3.54320   2.29924   0.26666   0.73129   0.63759   0.68692   0.20477   8.30131   0.04058   0.07114   0.06047   0.04833   0.02844   0.04179   1.12764   0.01629  
 43  0.0307   3225.069039  x:  8.15215   2.64486   6.60359   3.57087   2.27608   0.30774   0.72090   0.63498   0.68688   0.20046   8.32195   0.03994   0.07189   0.06078   0.04647   0.02827   0.04163   1.13119   0.01628  
 44  0.0248   3225.060760  x:  8.19971   2.68468   6.61328   3.60539   2.28490   0.31076   0.72254   0.63998   0.69067   0.19485   8.34835   0.03790   0.07418   0.06111   0.04802   0.02836   0.04203   1.13780   0.01619  
 45  0.0331   3225.048537  x:  8.26375   2.74773   6.63010   3.65754   2.29514   0.29706   0.72004   0.62753   0.69472   0.19166   8.42654   0.03975   0.07443   0.06156   0.04774   0.02823   0.04192   1.13151   0.01608  
 46  0.0254   3225.040684  x:  8.34751   2.77297   6.65241   3.70016   2.31549   0.28266   0.72322   0.63218   0.68811   0.19174   8.44287   0.03749   0.07476   0.06165   0.04721   0.02816   0.04189   1.12882   0.01597  
 47  0.0470   3225.034311  x:  8.36812   2.78651   6.64445   3.71781   2.31146   0.28496   0.72377   0.61914   0.68093   0.19678   8.45405   0.03966   0.07177   0.06112   0.04758   0.02834   0.04202   1.13624   0.01598  
 48  0.0103   3225.023786  x:  8.34583   2.78853   6.57009   3.73619   2.31711   0.28605   0.73000   0.61103   0.67716   0.20399   8.33001   0.03781   0.07517   0.06048   0.04732   0.02865   0.04163   1.13610   0.01607  
 49  0.0337   3225.018357  x:  8.29474   2.75611   6.51696   3.72163   2.30041   0.28853   0.73697   0.60047   0.67655   0.20194   8.23888   0.03846   0.07397   0.06089   0.04771   0.02829   0.04202   1.12972   0.01615  
 50  0.0454   3225.016135  x:  8.29368   2.74964   6.49936   3.72273   2.29288   0.28830   0.73638   0.59871   0.68367   0.19945   8.21571   0.03824   0.07345   0.06134   0.04742   0.02827   0.04185   1.13218   0.01620  
 51  0.0131   3225.011949  x:  8.39343   2.73153   6.53227   3.75774   2.28293   0.29074   0.73235   0.60398   0.68410   0.20122   8.22018   0.03904   0.07351   0.06147   0.04728   0.02824   0.04183   1.13336   0.01610  
 52  0.0141   3225.009976  x:  8.34229   2.70951   6.48796   3.73836   2.26899   0.28992   0.72537   0.60394   0.68134   0.19933   8.15789   0.03919   0.07326   0.06121   0.04751   0.02811   0.04197   1.13236   0.01625  
 53  0.0576   3225.009173  x:  8.32567   2.70200   6.47820   3.73509   2.26726   0.28910   0.72167   0.60422   0.68225   0.19761   8.13884   0.03973   0.07281   0.06112   0.04747   0.02847   0.04179   1.13178   0.01626  
 54  0.0104   3225.008607  x:  8.31904   2.71327   6.47286   3.74886   2.27842   0.28526   0.72214   0.60383   0.68237   0.19764   8.12524   0.03972   0.07259   0.06108   0.04745   0.02854   0.04188   1.13227   0.01627  
 55  0.0046   3225.007651  x:  8.33425   2.71473   6.50921   3.77077   2.28743   0.28874   0.72279   0.60940   0.68379   0.19725   8.13949   0.04084   0.07165   0.06125   0.04747   0.02835   0.04190   1.13213   0.01621  
 56  0.0151   3225.007471  x:  8.34074   2.71782   6.51313   3.78017   2.28621   0.28877   0.72447   0.60923   0.68388   0.19752   8.14225   0.04090   0.07170   0.06095   0.04750   0.02835   0.04180   1.13215   0.01619  
 57  0.0027   3225.007110  x:  8.32508   2.71859   6.51582   3.78623   2.28030   0.28922   0.72596   0.61165   0.68485   0.19654   8.14679   0.04078   0.07158   0.06102   0.04751   0.02842   0.04193   1.13176   0.01620  
 58  0.0041   3225.006866  x:  8.30287   2.71688   6.50047   3.78800   2.27485   0.28795   0.72493   0.61089   0.68332   0.19799   8.13342   0.04090   0.07162   0.06115   0.04746   0.02840   0.04189   1.13216   0.01622  
 59  0.0129   3225.006701  x:  8.29870   2.71411   6.49884   3.78892   2.27759   0.28619   0.72515   0.61076   0.68261   0.19765   8.14095   0.04086   0.07162   0.06122   0.04746   0.02838   0.04177   1.13253   0.01622  
 60  0.0012   3225.006362  x:  8.30063   2.70527   6.49516   3.80019   2.28204   0.28715   0.72479   0.61066   0.68321   0.19752   8.15688   0.04068   0.07178   0.06117   0.04748   0.02838   0.04180   1.13216   0.01621  
 61  0.0071   3225.006338  x:  8.30426   2.70643   6.49686   3.80160   2.28142   0.28802   0.72467   0.61064   0.68348   0.19772   8.15682   0.04069   0.07179   0.06114   0.04747   0.02839   0.04187   1.13195   0.01621  
 62  0.0039   3225.006325  x:  8.30205   2.70524   6.49725   3.80160   2.28129   0.28788   0.72456   0.61039   0.68338   0.19768   8.15509   0.04065   0.07182   0.06115   0.04747   0.02839   0.04186   1.13199   0.01621  
 63  0.0004   3225.006311  x:  8.29982   2.70349   6.50105   3.80250   2.28109   0.28777   0.72425   0.60984   0.68333   0.19769   8.15334   0.04056   0.07190   0.06115   0.04747   0.02839   0.04186   1.13206   0.01621  
 64  0.0046   3225.006310  x:  8.30089   2.70385   6.50191   3.80278   2.28113   0.28785   0.72424   0.60987   0.68339   0.19773   8.15408   0.04057   0.07190   0.06114   0.04747   0.02839   0.04187   1.13205   0.01621  