

TREE # 1

  0  0.0000  13081.575199  x:  0.11445   0.41238   0.47598   0.25542   0.54464   0.00000   0.59330   0.01239   0.56183   0.41123   0.36924   0.12968   0.02387   0.04364   0.09179   0.05474   0.06872   2.00000   0.20000   0.20000   0.20000  
  1 99.0000  12157.066229  x:  0.30345   0.50697   0.55753   0.38232   0.61788   0.38340   0.66605   0.31084   0.66816   0.53409   0.46140   0.16245   0.08127   0.18051   0.11402   0.00000   0.01547   1.94123   0.82299   0.19538   0.18684  
  2 4302.7966  12133.417443  x:  0.35493   0.53410   0.58115   0.41713   0.63783   0.48186   0.68611   0.38788   0.69854   0.56847   0.48759   0.17113   0.09608   0.21525   0.11974   0.09476   0.00194   1.92506   0.97877   0.19366   0.18276  
  3 19345.1229  11703.225623  x:  0.89616   1.05509   1.07768   0.82739   0.84810   0.63211   0.92919   0.55450   1.26825   1.08621   0.94248   0.21382   0.09495   0.15461   0.09194   0.09460   0.52300   1.72875   0.50820   0.07737   0.01645  
  4 758.7205  11664.196163  x:  1.04243   1.19244   1.20974   0.93860   0.90497   0.67927   0.99599   0.60177   1.41906   1.22146   1.06457   0.22951   0.10090   0.15306   0.09634   0.09304   0.61986   1.66763   0.36491   0.05106   0.19776  
  5 2466.0355  11594.596745  x:  1.13137   1.25971   1.28087   1.00720   0.94024   0.72457   1.04383   0.62743   1.49526   1.27908   1.13677   0.19077   0.06702   0.23605   0.10671   0.08473   0.38784   1.59324   0.21432   0.09279   0.20013  
  6 375.3018  11481.432429  x:  1.24816   1.39540   1.42881   1.10973   0.99742   0.59031   1.13116   0.51473   1.64954   1.38393   1.27449   0.13426   0.00703   0.20625   0.09082   0.07215   0.00000   1.43439   0.18126   0.07610   0.21487  
  7 594.4147  11475.254271  x:  1.25961   1.40145   1.44476   1.12349   1.00693   0.55651   1.15297   0.47244   1.65976   1.37530   1.29460   0.10679   0.00480   0.26233   0.10956   0.07175   0.00019   1.36770   0.19301   0.11739   0.21679  
  8 117.0292  11474.892274  x:  1.26000   1.40159   1.44527   1.12395   1.00727   0.55538   1.15375   0.47097   1.66005   1.37492   1.29527   0.10671   0.00606   0.26416   0.11025   0.07173   0.00000   1.36535   0.19326   0.11865   0.21674  
  9 681.3800  11468.351905  x:  1.27549   1.38298   1.44866   1.14232   1.02385   0.55517   1.19446   0.42944   1.64935   1.33110   1.31475   0.12864   0.01498   0.30423   0.06561   0.07148   0.00101   1.23503   0.19003   0.11062   0.21597  
 10 118.1576  11461.759444  x:  1.29536   1.35426   1.44847   1.16436   1.04478   0.56662   1.24573   0.38560   1.63178   1.27310   1.33616   0.16595   0.00334   0.32624   0.10660   0.07111   0.00099   1.08599   0.18245   0.06940   0.21074  
 11 246.1335  11460.565878  x:  1.30446   1.34306   1.44799   1.17238   1.05116   0.57237   1.26191   0.37504   1.62755   1.25702   1.34383   0.13991   0.01979   0.32775   0.11253   0.07107   0.00141   1.07837   0.18035   0.04827   0.21037  
 12 48.2243  11455.013123  x:  1.40003   1.24871   1.45368   1.24578   1.10781   0.59882   1.40580   0.28418   1.61554   1.15030   1.41527   0.14078   0.03402   0.28842   0.12533   0.07072   0.00211   1.21317   0.18723   0.10209   0.21147  
 13 32.5317  11452.605240  x:  1.41093   1.19555   1.45916   1.23342   1.10804   0.55359   1.43368   0.28554   1.64330   1.20457   1.40369   0.17455   0.02199   0.36117   0.12546   0.07054   0.00209   1.28394   0.19354   0.05146   0.21056  
 14 16.0806  11450.544677  x:  1.40019   1.14390   1.47814   1.18121   1.11038   0.51506   1.42046   0.35446   1.66662   1.31800   1.34597   0.16152   0.04194   0.32306   0.13661   0.07047   0.00282   1.28524   0.19403   0.08991   0.21042  
 15 15.2756  11447.525513  x:  1.42615   1.26365   1.59858   1.13782   1.14126   0.50941   1.25900   0.35826   1.58639   1.32737   1.29315   0.16894   0.04908   0.31384   0.14229   0.07045   0.00326   1.31179   0.20204   0.09215   0.21002  
 16  8.7288  11431.844616  x:  1.40033   1.45155   1.47273   1.17925   1.23835   0.34853   1.35597   0.52060   1.71472   1.17979   1.41525   0.16891   0.05375   0.17293   0.13639   0.06856   0.00346   1.27138   0.22132   0.10895   0.20990  
 17  3.4722  11429.134322  x:  1.40139   1.38814   1.45094   1.20059   1.29459   0.44093   1.34826   0.36818   1.72127   1.29400   1.42443   0.16630   0.05367   0.14388   0.13383   0.06820   0.00341   1.25508   0.22396   0.11292   0.21012  
 18 14.1324  11426.898208  x:  1.45441   1.29120   1.66486   1.19176   1.23259   0.44181   1.52752   0.32086   1.59278   1.36838   1.38392   0.16727   0.04937   0.14495   0.12865   0.06742   0.00323   1.24594   0.22453   0.10197   0.21028  
 19  5.0949  11420.067907  x:  1.65284   0.98860   1.87757   1.29899   1.25302   0.36087   1.41608   0.24447   1.78648   1.33585   1.46169   0.18199   0.04192   0.19101   0.12037   0.06485   0.00319   1.21109   0.23094   0.05995   0.20953  
 20  3.9765  11417.131998  x:  1.60205   1.14891   1.77221   1.27467   1.41164   0.34978   1.53096   0.18805   1.76328   1.42079   1.48985   0.18904   0.03936   0.22877   0.11830   0.06350   0.00321   1.22610   0.23001   0.03787   0.20940  
 21  7.2728  11415.997719  x:  1.60474   1.25456   1.67945   1.31495   1.26156   0.36470   1.55328   0.14564   1.74336   1.47914   1.54487   0.19029   0.04331   0.23036   0.12013   0.06291   0.00344   1.22663   0.23140   0.03992   0.20912  
 22  6.5129  11408.618766  x:  1.21896   1.45318   1.95523   1.53505   1.46852   0.27030   1.64206   0.20411   1.98226   1.47166   1.82944   0.19898   0.06018   0.22569   0.12062   0.05686   0.00454   1.30562   0.21868   0.07088   0.20485  
 23  1.0414  11402.748555  x:  1.65520   1.53765   1.86502   1.54265   1.74505   0.00000   1.67069   0.28535   1.94480   1.53959   1.88224   0.19827   0.06966   0.21348   0.11536   0.05101   0.00508   1.31790   0.20847   0.08981   0.20306  
 24  8.8167  11401.728818  x:  1.75729   1.60312   1.87849   1.44114   1.74177   0.02495   1.72950   0.22927   2.08677   1.48832   1.76219   0.19534   0.07390   0.20907   0.11470   0.05011   0.00522   1.32275   0.20592   0.09335   0.20219  
 25  5.5012  11391.567919  x:  1.85417   1.60901   2.18031   1.56422   1.84051   0.00000   1.79338   0.14030   2.20402   1.61372   2.08410   0.18426   0.08524   0.17757   0.10595   0.04022   0.00591   1.32420   0.16982   0.08372   0.18429  
 26  0.4965  11391.567919  x:  1.85417   1.60901   2.18031   1.56422   1.84051   0.00000   1.79338   0.14030   2.20402   1.61372   2.08410   0.18426   0.08524   0.17757   0.10595   0.04022   0.00591   1.32420   0.16982   0.08372   0.18429  
 27  4.8627  11384.107562  x:  1.85569   1.60950   2.18063   1.56548   1.84148   0.00530   1.79413   0.14384   2.20462   1.61521   2.08460   0.18203   0.08373   0.18013   0.10721   0.00687   0.01506   1.32273   0.18157   0.08003   0.17350  
 28 289.6508  11383.634417  x:  1.85605   1.60957   2.18066   1.56577   1.84166   0.00659   1.79425   0.14466   2.20470   1.61550   2.08469   0.18153   0.08342   0.18074   0.10742   0.00382   0.01250   1.32255   0.18011   0.07913   0.17072  
 29 201.0174  11378.936483  x:  1.86494   1.61169   2.18185   1.57296   1.84653   0.03781   1.79764   0.16491   2.20725   1.62333   2.08718   0.16965   0.07601   0.19531   0.11316   0.00547   0.00589   1.31651   0.18299   0.05783   0.10547  
 30 165.3285  11377.974223  x:  1.86755   1.61223   2.18213   1.57503   1.84781   0.04680   1.79851   0.17066   2.20789   1.62551   2.08786   0.16745   0.07518   0.19924   0.11493   0.00524   0.01010   1.31493   0.17646   0.05306   0.08870  
 31 497.8602  11375.681409  x:  1.88892   1.61777   2.18532   1.59142   1.85689   0.11190   1.80587   0.21260   2.21399   1.64312   2.09391   0.18723   0.10648   0.21830   0.13334   0.00533   0.00910   1.29610   0.17168   0.06814   0.07257  
 32 69.1457  11372.476484  x:  1.93109   1.62966   2.19224   1.62256   1.87120   0.22805   1.81929   0.28613   2.22633   1.67620   2.10609   0.18291   0.11741   0.22073   0.12965   0.00536   0.01020   1.26413   0.16031   0.04036   0.09545  
 33 111.2137  11370.592824  x:  1.96519   1.64051   2.19873   1.64633   1.87836   0.30733   1.82865   0.33434   2.23677   1.70081   2.11629   0.16250   0.10581   0.21191   0.10820   0.00536   0.01115   1.24456   0.15286   0.06406   0.10295  
 34 153.4679  11369.945776  x:  1.99445   1.65378   2.20726   1.66237   1.87042   0.32985   1.83158   0.34017   2.24729   1.71489   2.12623   0.16400   0.10719   0.17683   0.11650   0.00531   0.01092   1.25181   0.15149   0.06752   0.09832  
 35 30.0753  11366.601923  x:  2.29173   1.79985   2.30309   1.81159   1.75053   0.42587   1.84928   0.29778   2.35966   1.83716   2.23106   0.16469   0.08724   0.19223   0.13721   0.00542   0.01164   1.37685   0.14163   0.07347   0.11117  
 36 31.2834  11365.571779  x:  2.38301   1.84418   2.33275   1.85588   1.71393   0.44886   1.85674   0.28252   2.39434   1.87353   2.26310   0.17903   0.09905   0.19201   0.10767   0.00532   0.01149   1.40478   0.14005   0.06948   0.10658  
 37 140.4159  11364.242744  x:  2.54584   1.91352   2.38704   1.91466   1.66395   0.42381   1.90394   0.24656   2.45767   1.92514   2.31712   0.16048   0.11462   0.19232   0.11047   0.00523   0.01148   1.29787   0.12976   0.06566   0.10139  
 38 20.7974  11363.069388  x:  2.82159   1.92062   2.42535   1.92215   1.79030   0.33524   2.10414   0.31413   2.48466   1.92070   2.37552   0.18938   0.08748   0.19409   0.11000   0.00510   0.01204   1.31086   0.12374   0.06510   0.09970  
 39  5.8928  11362.523189  x:  2.94941   1.91318   2.44521   1.92090   1.87155   0.31843   2.15323   0.30436   2.48985   1.92889   2.40013   0.13620   0.13606   0.19416   0.10984   0.00503   0.01244   1.32822   0.12302   0.06463   0.10064  
 40 12.5399  11361.470779  x:  3.18178   1.88725   2.49727   1.90786   2.04642   0.34313   2.13125   0.21384   2.50461   1.99045   2.44479   0.15873   0.11155   0.19559   0.11059   0.00490   0.01331   1.30536   0.12236   0.06379   0.09901  
 41  9.7163  11360.511523  x:  3.29570   1.88784   2.60353   1.88354   2.06373   0.28960   2.06080   0.31369   2.62252   2.11811   2.48626   0.15202   0.11342   0.19660   0.11148   0.00477   0.01435   1.30912   0.12160   0.06335   0.09861  
 42  4.6704  11359.414885  x:  3.21748   2.04495   2.86848   1.96100   2.03689   0.39047   2.21772   0.28861   2.77314   2.07161   2.64304   0.14883   0.11118   0.19621   0.11266   0.00480   0.01551   1.31938   0.11826   0.06378   0.09950  
 43  3.4236  11358.756765  x:  3.12053   2.13456   2.95510   2.07456   2.15655   0.39593   2.35816   0.24816   2.89991   2.27246   2.81420   0.14882   0.11116   0.19610   0.11318   0.00498   0.01567   1.34103   0.10904   0.06370   0.09899  
 44  4.0061  11358.140511  x:  3.16793   2.24590   2.92151   2.35817   2.21460   0.36122   2.35782   0.30328   2.85215   2.32981   3.05287   0.14821   0.11245   0.19654   0.11501   0.00549   0.01498   1.33279   0.10497   0.06292   0.09710  
 45  2.2704  11356.767108  x:  3.58944   2.45235   2.85325   2.55145   2.26451   0.47592   2.48588   0.30725   3.19832   2.40161   3.03171   0.14868   0.12037   0.19648   0.11880   0.00716   0.01186   1.33546   0.09434   0.06246   0.09478  
 46  1.5048  11356.115515  x:  3.82171   2.51001   2.95352   2.52913   2.15924   0.55761   2.63721   0.29570   3.07580   2.59755   2.98380   0.14898   0.12461   0.19724   0.12109   0.00797   0.01006   1.33969   0.09236   0.06225   0.09384  
 47  2.7341  11355.751551  x:  3.98263   2.44528   3.20692   2.46194   2.21928   0.58530   2.60178   0.33755   3.12864   2.58659   3.14509   0.15032   0.12619   0.19707   0.12044   0.00823   0.00882   1.34249   0.08908   0.06256   0.09442  
 48  1.0328  11355.481954  x:  4.08202   2.31943   3.25209   2.45083   2.18884   0.62701   2.61876   0.33687   3.20019   2.57737   3.25561   0.15119   0.12647   0.19734   0.12008   0.00832   0.00809   1.34367   0.09016   0.06298   0.09533  
 49  2.0667  11354.873599  x:  4.28513   2.65086   3.30764   2.52343   2.36265   0.64689   2.62387   0.39477   3.32598   2.61918   3.22705   0.14988   0.12791   0.19870   0.11677   0.00790   0.00770   1.34223   0.08753   0.06362   0.09791  
 50  0.7400  11353.951607  x:  4.67300   2.83281   3.64183   2.93703   2.59201   0.70585   2.90309   0.41427   3.66497   2.89828   3.48190   0.14551   0.12587   0.20002   0.11416   0.00682   0.00931   1.33758   0.07476   0.06414   0.10082  
 51  0.9820  11353.393372  x:  5.03721   3.10218   3.84018   2.94678   2.73270   0.80531   3.17851   0.43305   3.93221   3.17965   4.05433   0.13998   0.12825   0.19693   0.11624   0.00581   0.01084   1.33395   0.06706   0.06390   0.09953  
 52  0.6086  11352.809777  x:  5.21146   3.08718   4.14560   3.16579   2.84470   0.81305   3.35843   0.43652   4.07290   3.35461   4.20996   0.14429   0.12412   0.19460   0.11903   0.00531   0.01178   1.33690   0.06593   0.06314   0.09626  
 53  0.8061  11352.261072  x:  5.63191   3.23599   4.60611   3.58697   3.08626   0.85019   3.64131   0.46635   4.39067   3.64549   4.42266   0.14971   0.12214   0.19486   0.12015   0.00554   0.01095   1.34137   0.05829   0.06261   0.09421  
 54  1.8016  11351.748105  x:  6.09492   3.59538   4.90027   3.75173   3.30342   0.92202   3.90923   0.50959   4.72441   3.93479   4.82774   0.14848   0.12802   0.19796   0.11863   0.00709   0.00852   1.34761   0.05262   0.06296   0.09543  
 55  0.8680  11351.394402  x:  6.17213   3.74545   4.87874   3.69182   3.33607   0.93275   3.92169   0.52528   4.78070   3.96031   4.90964   0.14638   0.13146   0.20017   0.11660   0.00813   0.00724   1.35114   0.05343   0.06356   0.09762  
 56  0.3832  11350.701034  x:  6.86838   4.27049   5.45511   4.09941   3.75148   1.00208   4.33357   0.59351   5.35467   4.41478   5.48529   0.14157   0.12797   0.19925   0.11421   0.00797   0.01012   1.35188   0.04609   0.06509   0.10216  
 57  0.9153  11349.835232  x:  8.06066   5.07799   6.49861   5.04963   4.49313   1.07040   5.02792   0.69494   6.36919   5.18869   6.32330   0.15065   0.11134   0.18830   0.12208   0.00542   0.01197   1.34742   0.03873   0.06160   0.09203  
 58  0.5720  11349.734462  x:  8.25891   5.20762   6.65498   5.17387   4.59948   1.09133   5.14519   0.71071   6.52381   5.31655   6.47848   0.15100   0.11263   0.18915   0.12200   0.00553   0.01171   1.34935   0.03719   0.06180   0.09253  
 59  2.2506  11349.281259  x:  8.66995   5.43163   6.92996   5.38331   4.76747   1.15114   5.38131   0.73283   6.80616   5.57180   6.81802   0.15015   0.13064   0.20063   0.11847   0.00710   0.00926   1.36450   0.03571   0.06477   0.10046  
 60  0.9536  11349.028937  x:  9.29118   5.77379   7.38773   5.73903   5.04533   1.25422   5.75465   0.76922   7.25538   5.97915   7.35908   0.14141   0.12777   0.20023   0.11296   0.00716   0.00810   1.36402   0.03290   0.06322   0.09878  
 61  0.6759  11348.791815  x:  9.67108   5.93413   7.66887   5.93413   5.18780   1.34119   6.00366   0.78097   7.50905   6.24605   7.75566   0.14076   0.12190   0.19597   0.11380   0.00678   0.00874   1.36101   0.03213   0.06343   0.09773  
 62  0.6433  11348.560499  x: 10.37722   6.31733   8.22391   6.35550   5.52285   1.45193   6.44480   0.82028   8.02820   6.72393   8.39703   0.14541   0.11926   0.19329   0.11718   0.00640   0.00959   1.36171   0.02927   0.06462   0.09814  
 63  2.7602  11348.423265  x: 11.00159   6.62934   8.71457   6.72603   5.80444   1.56400   6.84064   0.85332   8.46565   7.14922   8.96436   0.15264   0.12365   0.19669   0.11907   0.00661   0.00920   1.36744   0.02742   0.06496   0.09876  
 64  0.8965  11348.359798  x: 11.02696   6.63243   8.74240   6.74514   5.81468   1.57715   6.86098   0.85563   8.47539   7.16984   8.98777   0.15368   0.12573   0.19847   0.11908   0.00675   0.00905   1.36925   0.02767   0.06472   0.09892  
 65  0.1042  11348.180766  x: 11.99830   7.14688   9.52668   7.34276   6.27497   1.76971   7.46813   0.92170   9.16282   7.82894   9.84205   0.14660   0.12473   0.19976   0.11556   0.00692   0.00915   1.37059   0.02505   0.06309   0.09829  
 66  1.0984  11347.970229  x: 13.41149   7.97860  10.75240   8.31417   7.03770   2.05721   8.35259   1.05145  10.20328   8.79400  11.01506   0.14401   0.11823   0.19224   0.11815   0.00663   0.00985   1.36528   0.02209   0.06418   0.09839  
 67  0.7697  11347.926808  x: 13.43104   8.01352  10.78485   8.34829   7.06941   2.06169   8.36421   1.06136  10.22866   8.80764  11.01389   0.14576   0.11857   0.19274   0.11814   0.00662   0.00972   1.36591   0.02224   0.06433   0.09845  
 68  0.1867  11347.788077  x: 14.33577   8.59376  11.57183   8.98678   7.58562   2.23243   8.92822   1.15343  10.92137   9.42233  11.74505   0.15362   0.12153   0.19716   0.11752   0.00673   0.00908   1.37196   0.02051   0.06453   0.09877  
 69  2.8746  11347.721685  x: 15.12935   9.16358  12.27377   9.56179   8.07333   2.38385   9.41937   1.24921  11.56107   9.96065  12.37470   0.15244   0.12239   0.19902   0.11681   0.00675   0.00897   1.37406   0.01918   0.06431   0.09875  
 70  1.1498  11347.580486  x: 16.09316  10.04056  13.15520  10.30948   8.77243   2.55540  10.00757   1.40718  12.44097  10.61107  13.10041   0.14497   0.12466   0.20235   0.11540   0.00682   0.00902   1.37677   0.01806   0.06352   0.09845  
 71  1.6692  11347.516723  x: 16.77441  10.57515  13.76318  10.81087   9.21542   2.68219  10.43063   1.49845  13.01946  11.07504  13.64352   0.14508   0.12408   0.20160   0.11582   0.00681   0.00912   1.37632   0.01703   0.06363   0.09834  
 72  4.4980  11347.472517  x: 17.24816  10.97936  14.18466  11.15571   9.53601   2.76675  10.73351   1.56579  13.45212  11.40448  14.04831   0.15272   0.11995   0.19560   0.11848   0.00671   0.00933   1.37119   0.01641   0.06469   0.09831  
 73  0.8893  11347.452038  x: 17.18400  10.94229  14.11787  11.09383   9.49245   2.75360  10.70120   1.55679  13.41559  11.36608  14.02672   0.15510   0.11849   0.19381   0.11897   0.00670   0.00934   1.36943   0.01656   0.06491   0.09843  
 74  0.1859  11347.344559  x: 18.54381  12.07992  15.26331  11.99569  10.35459   3.00323  11.58638   1.73631  14.66802  12.31919  15.27746   0.15367   0.11757   0.19614   0.11640   0.00687   0.00891   1.36984   0.01505   0.06386   0.09909  
 75  1.1303  11347.195053  x: 20.28272  13.51063  16.64270  13.00408  11.37550   3.31291  12.78235   1.93607  16.34492  13.58126  17.12104   0.14521   0.12283   0.20279   0.11487   0.00685   0.00896   1.37508   0.01356   0.06249   0.09974  
 76  1.4643  11347.155034  x: 20.29715  13.51095  16.62942  12.97135  11.35795   3.31277  12.81071   1.92836  16.37859  13.60418  17.20570   0.14429   0.12380   0.20329   0.11508   0.00682   0.00902   1.37579   0.01367   0.06251   0.09960  
 77  0.4361  11347.038549  x: 21.64745  14.56115  17.70530  13.74801  12.11902   3.54186  13.76232   2.06738  17.68516  14.60178  18.68803   0.15093   0.12170   0.19674   0.11869   0.00664   0.00935   1.37117   0.01259   0.06415   0.09831  
 78  2.6788  11346.941223  x: 23.43378  15.76880  19.10807  14.72888  13.01243   3.82401  15.05701   2.20838  19.39106  15.94646  20.73782   0.15729   0.11697   0.19074   0.11851   0.00673   0.00911   1.36494   0.01154   0.06603   0.09718  
 79  1.2043  11346.915438  x: 23.47566  15.73894  19.14785  14.75594  13.00811   3.82133  15.09196   2.20068  19.41564  15.98155  20.78525   0.15556   0.11773   0.19277   0.11796   0.00676   0.00910   1.36642   0.01160   0.06573   0.09763  
 80  0.1854  11346.859067  x: 24.50445  16.39188  19.99347  15.37463  13.53187   3.97160  15.81640   2.28269  20.35943  16.74178  21.87196   0.14922   0.12117   0.19941   0.11662   0.00678   0.00915   1.37127   0.01103   0.06459   0.09889  
 81  3.8396  11346.804265  x: 25.97166  17.18213  21.26908  16.34606  14.25716   4.15241  16.83883   2.38341  21.64598  17.82215  23.31809   0.14701   0.12310   0.19983   0.11732   0.00670   0.00928   1.37307   0.01034   0.06346   0.09915  
 82  1.4024  11346.692263  x: 27.49904  17.64889  22.79407  17.62063  14.97872   4.25598  17.84516   2.45645  22.79743  18.91472  24.46092   0.14643   0.12487   0.19703   0.11946   0.00652   0.00949   1.37532   0.00991   0.06106   0.09912  
 83  2.3334  11346.637515  x: 28.77833  18.24244  23.97026  18.55812  15.61126   4.38708  18.70953   2.53910  23.85664  19.84072  25.58592   0.14838   0.12335   0.19617   0.11934   0.00654   0.00942   1.37416   0.00938   0.06103   0.09914  
 84  6.3733  11346.577001  x: 29.73922  18.57351  24.95005  19.40550  16.10424   4.44587  19.30000   2.60160  24.54730  20.49991  26.18681   0.15579   0.11582   0.19643   0.11651   0.00685   0.00897   1.36814   0.00906   0.06432   0.09911  
 85  1.3275  11346.549747  x: 29.63577  18.45320  24.93520  19.44924  16.08229   4.40180  19.17291   2.60030  24.37179  20.38931  25.87768   0.15675   0.11455   0.19686   0.11600   0.00692   0.00895   1.36724   0.00916   0.06594   0.09876  
 86  0.4836  11346.497864  x: 31.16995  19.02277  26.51640  20.82559  16.91375   4.48197  20.07330   2.71388  25.43485  21.41434  26.73492   0.15270   0.11803   0.19726   0.11773   0.00679   0.00935   1.37152   0.00870   0.06651   0.09798  
 87  1.9835  11346.465257  x: 31.57898  19.16905  27.01843  21.32992  17.21357   4.45844  20.18852   2.77017  25.56573  21.60673  26.60012   0.15138   0.12025   0.19665   0.11823   0.00669   0.00931   1.37390   0.00866   0.06468   0.09775  
 88  0.4430  11346.439991  x: 32.35556  19.58685  27.75611  21.95929  17.66840   4.50769  20.59153   2.84901  26.07598  22.08851  26.99479   0.15440   0.11727   0.19661   0.11732   0.00674   0.00912   1.37157   0.00842   0.06328   0.09877  
 89  0.9154  11346.401939  x: 31.81154  19.70200  27.06544  21.33562  17.48032   4.48860  20.11609   2.86680  25.59622  21.61707  26.51574   0.15838   0.11247   0.19703   0.11616   0.00685   0.00894   1.36708   0.00859   0.06197   0.10097  
 90  0.7127  11346.339176  x: 32.14790  20.51424  27.02036  21.15891  17.79679   4.57633  20.10703   2.98444  25.75164  21.69159  26.73380   0.15173   0.11860   0.19704   0.11834   0.00680   0.00931   1.37117   0.00849   0.06464   0.09966  
 91  0.3294  11346.319005  x: 32.87884  20.91003  27.62049  21.61444  18.16356   4.64979  20.51506   3.04062  26.23804  22.15970  27.26856   0.15298   0.11984   0.19639   0.11660   0.00670   0.00906   1.37197   0.00831   0.06422   0.09651  
 92  0.5240  11346.207516  x: 35.20232  22.42824  29.08282  22.44780  19.17860   4.99761  21.81762   3.19718  27.77937  23.63001  29.48869   0.15501   0.11788   0.19673   0.11690   0.00656   0.00916   1.36708   0.00783   0.06494   0.09794  
 93  0.5979  11346.177664  x: 36.66436  23.25761  30.18983  23.22714  19.87170   5.16958  22.63778   3.30145  28.74991  24.56346  30.67320   0.15459   0.11795   0.19682   0.11712   0.00655   0.00918   1.36695   0.00749   0.06494   0.09831  
 94 10.7749  11346.145414  x: 38.58081  24.28710  31.56647  24.14239  20.70659   5.41740  23.72932   3.41376  29.99008  25.79151  32.33020   0.15090   0.12001   0.19696   0.11769   0.00669   0.00916   1.37045   0.00714   0.06421   0.09893  
 95  4.1020  11346.106810  x: 39.40318  24.64416  32.11287  24.47222  20.99867   5.53885  24.21173   3.43736  30.48313  26.32164  33.10327   0.14690   0.12228   0.19701   0.11828   0.00689   0.00917   1.37531   0.00707   0.06331   0.09949  
 96  1.7834  11346.073719  x: 41.73992  25.86985  33.85184  25.69422  22.06136   5.81327  25.47551   3.58484  31.90473  27.77329  34.90176   0.14959   0.12117   0.19666   0.11782   0.00689   0.00923   1.37329   0.00668   0.06347   0.09890  
 97  3.6139  11346.043715  x: 44.05825  27.06119  35.62526  27.00851  23.16362   6.05975  26.64244   3.74339  33.19766  29.15101  36.42508   0.15569   0.11795   0.19650   0.11693   0.00670   0.00926   1.36647   0.00636   0.06478   0.09774  
 98  2.3210  11346.032914  x: 44.15881  27.10544  35.71717  27.10142  23.22875   6.06350  26.66335   3.75465  33.21492  29.18822  36.39958   0.15496   0.11819   0.19666   0.11705   0.00667   0.00923   1.36679   0.00638   0.06489   0.09792  
 99  0.2808  11346.019330  x: 45.70891  27.91893  36.86293  27.92196  23.94155   6.24920  27.48100   3.85436  34.13174  30.13113  37.53670   0.15008   0.12058   0.19703   0.11776   0.00672   0.00916   1.37133   0.00618   0.06437   0.09884  
100  2.6815  11346.014436  x: 47.03280  28.60457  37.83792  28.62648  24.54792   6.40998  28.18085   3.93649  34.91273  30.93416  38.50607   0.14854   0.12148   0.19696   0.11788   0.00674   0.00916   1.37320   0.00602   0.06408   0.09909  
101  2.5734  11345.998379  x: 49.40656  29.82839  39.55478  29.88358  25.62647   6.71866  29.45935   4.07411  36.34484  32.37469  40.28835   0.14664   0.12291   0.19642   0.11784   0.00682   0.00919   1.37721   0.00579   0.06329   0.09930  
102  2.6256  11345.993710  x: 50.00000  30.13590  39.98592  30.19564  25.89574   6.79381  29.77874   4.10912  36.70259  32.73647  40.73688   0.14695   0.12279   0.19639   0.11781   0.00682   0.00920   1.37692   0.00572   0.06332   0.09923  
103  8.6037  11345.993710  x: 50.00000  30.13590  39.98592  30.19564  25.89574   6.79381  29.77874   4.10912  36.70259  32.73647  40.73688   0.14695   0.12279   0.19639   0.11781   0.00682   0.00920   1.37692   0.00572   0.06332   0.09923  
104 13.3426  11345.993471  x: 50.00000  30.13590  39.98592  30.19564  25.89574   6.79381  29.77874   4.10912  36.70259  32.73647  40.73688   0.14695   0.12279   0.19639   0.11781   0.00682   0.00920   1.37692   0.00572   0.06332   0.09923  
105 140.2905  11345.993071  x: 50.00000  30.13589  39.98592  30.19564  25.89574   6.79381  29.77874   4.10912  36.70260  32.73647  40.73688   0.14700   0.12281   0.19642   0.11779   0.00669   0.00918   1.37689   0.00572   0.06340   0.09921  
106  4.5254  11345.990681  x: 49.99997  30.13589  39.98590  30.19565  25.89576   6.79385  29.77876   4.10916  36.70265  32.73646  40.73687   0.14785   0.12311   0.19684   0.11757   0.00673   0.00927   1.37639   0.00572   0.06465   0.09892  
107  4.5922  11345.990531  x: 49.99997  30.13589  39.98590  30.19565  25.89577   6.79386  29.77877   4.10917  36.70265  32.73646  40.73687   0.14793   0.12312   0.19687   0.11756   0.00675   0.00917   1.37632   0.00572   0.06470   0.09889  
108  3.6535  11345.989191  x: 49.99988  30.13586  39.98585  30.19566  25.89584   6.79399  29.77885   4.10932  36.70283  32.73640  40.73683   0.14949   0.12285   0.19678   0.11723   0.00675   0.00920   1.37470   0.00571   0.06418   0.09827  
109  1.6514  11345.987247  x: 49.99966  30.13578  39.98573  30.19569  25.89602   6.79431  29.77905   4.10967  36.70326  32.73628  40.73674   0.15127   0.12088   0.19686   0.11767   0.00675   0.00920   1.37116   0.00571   0.06412   0.09891  
110  2.2968  11345.986713  x: 49.99958  30.13576  39.98568  30.19570  25.89609   6.79443  29.77912   4.10981  36.70342  32.73623  40.73671   0.15138   0.11997   0.19686   0.11759   0.00675   0.00920   1.37009   0.00571   0.06425   0.09856  
111  2.5652  11345.986625  x: 49.99939  30.13570  39.98558  30.19573  25.89625   6.79470  29.77929   4.11011  36.70378  32.73612  40.73664   0.15113   0.12021   0.19659   0.11741   0.00675   0.00920   1.36968   0.00571   0.06432   0.09864  
112  0.2227  11345.986421  x: 49.99888  30.13553  39.98529  30.19580  25.89666   6.79543  29.77974   4.11093  36.70476  32.73582  40.73643   0.15058   0.12085   0.19656   0.11778   0.00675   0.00920   1.36888   0.00570   0.06431   0.09845  
113  0.6640  11345.986216  x: 49.99822  30.13531  39.98492  30.19589  25.89720   6.79637  29.78032   4.11199  36.70603  32.73543  40.73617   0.15015   0.12122   0.19715   0.11758   0.00675   0.00920   1.36837   0.00570   0.06411   0.09852  
114  0.7828  11345.918756  x: 49.71964  30.04327  39.82682  30.23434  26.12238   7.19147  30.02412   4.55497  37.24031  32.56964  40.62371   0.15344   0.11797   0.19822   0.11847   0.00673   0.00918   1.37409   0.00568   0.06393   0.09821  
115  0.8405  11345.908153  x: 49.63644  30.04749  39.80317  30.25929  26.14725   7.23371  30.04465   4.53499  37.38846  32.51567  40.60197   0.14876   0.12263   0.19602   0.11703   0.00675   0.00921   1.37076   0.00568   0.06451   0.09887  
116  0.1325  11345.883422  x: 49.37118  30.12257  39.77164  30.37382  26.20206   7.30683  30.07459   4.34018  37.87672  32.36551  40.55869   0.15139   0.11996   0.19586   0.11705   0.00677   0.00922   1.36355   0.00564   0.06444   0.09872  
117  0.1973  11345.873972  x: 49.23297  30.21147  39.79191  30.46413  26.22426   7.31432  30.07350   4.25348  38.08413  32.32969  40.56002   0.15163   0.11970   0.19679   0.11742   0.00668   0.00916   1.37145   0.00566   0.06431   0.09857  
118  0.1001  11345.871504  x: 49.11440  30.29851  39.81843  30.55045  26.23937   7.30767  30.06264   4.23323  38.18823  32.32146  40.57005   0.15154   0.11993   0.19729   0.11812   0.00686   0.00926   1.36915   0.00566   0.06413   0.09846  
119  0.0655  11345.861067  x: 48.73381  30.65651  39.96409  30.89354  26.29335   7.24604  30.00566   4.42324  38.20941  32.42955  40.66043   0.15214   0.11921   0.19670   0.11742   0.00671   0.00918   1.36997   0.00564   0.06434   0.09857  
120  0.0864  11345.860021  x: 48.65014  30.71625  39.97746  30.97470  26.32609   7.25947  30.02435   4.37208  38.25722  32.44354  40.68443   0.15212   0.11926   0.19701   0.11784   0.00679   0.00923   1.36934   0.00564   0.06418   0.09854  
121  0.0521  11345.857738  x: 48.58472  30.75991  39.97577  31.09706  26.41264   7.32015  30.12102   4.34853  38.17143  32.53218  40.75360   0.15235   0.11901   0.19676   0.11750   0.00673   0.00919   1.37002   0.00563   0.06432   0.09857  
122  0.0552  11345.857164  x: 48.56448  30.77087  39.97193  31.13675  26.41027   7.30289  30.17309   4.33777  38.23267  32.55284  40.77577   0.15235   0.11904   0.19699   0.11782   0.00680   0.00923   1.36944   0.00563   0.06420   0.09853  
123  0.0191  11345.856354  x: 48.57526  30.78285  39.97353  31.20214  26.41263   7.27196  30.26425   4.34757  38.21790  32.63077  40.83501   0.15245   0.11890   0.19677   0.11751   0.00673   0.00919   1.36999   0.00562   0.06432   0.09857  
124  0.0517  11345.856172  x: 48.58614  30.79272  39.98431  31.20794  26.41626   7.27438  30.26044   4.34037  38.25519  32.62851  40.84182   0.15241   0.11897   0.19692   0.11772   0.00677   0.00922   1.36965   0.00562   0.06424   0.09855  
125  0.0116  11345.854062  x: 48.71486  30.86175  40.06602  31.30678  26.47682   7.29666  30.32597   4.35729  38.34387  32.73030  40.96459   0.15244   0.11892   0.19684   0.11761   0.00675   0.00920   1.36984   0.00560   0.06428   0.09856  
126  0.0353  11345.839980  x: 50.00000  31.56375  40.90148  32.25856  27.08291   7.53324  30.94111   4.50087  39.32735  33.67850  42.15677   0.15265   0.11867   0.19660   0.11727   0.00668   0.00915   1.37045   0.00546   0.06440   0.09859  
127  3.1394  11345.839727  x: 50.00000  31.64138  40.98896  32.36142  27.14719   7.55763  31.00725   4.51527  39.43280  33.77486  42.27918   0.15267   0.11865   0.19659   0.11726   0.00667   0.00915   1.37041   0.00544   0.06441   0.09859  
128  4.3217  11345.837360  x: 50.00000  31.93565  41.23350  32.68775  27.33328   7.62265  31.15804   4.54468  39.73378  33.96867  42.55596   0.15298   0.11835   0.19670   0.11744   0.00672   0.00918   1.36943   0.00541   0.06434   0.09856  
129  0.4313  11345.835812  x: 50.00000  31.80808  41.10164  32.46891  27.22515   7.57590  31.07245   4.51170  39.56724  33.74766  42.31104   0.15271   0.11867   0.19690   0.11770   0.00677   0.00921   1.36974   0.00544   0.06426   0.09855  
130  0.2607  11345.833963  x: 50.00000  31.68778  41.06615  32.22317  27.15352   7.52845  31.07355   4.48658  39.41892  33.58520  42.15223   0.15242   0.11896   0.19694   0.11774   0.00678   0.00922   1.37012   0.00545   0.06424   0.09856  
131  0.2088  11345.830496  x: 50.00000  31.99936  41.52220  32.37832  27.39353   7.56371  31.37354   4.51742  39.65015  33.77746  42.48571   0.15264   0.11868   0.19667   0.11740   0.00671   0.00917   1.37038   0.00542   0.06436   0.09859  
132  0.2477  11345.830197  x: 50.00000  31.98941  41.48589  32.42234  27.38782   7.57112  31.35018   4.51802  39.67897  33.81103  42.50021   0.15265   0.11871   0.19680   0.11756   0.00674   0.00919   1.36991   0.00541   0.06430   0.09856  
133  0.0655  11345.830050  x: 50.00000  32.00337  41.56475  32.39419  27.42187   7.57273  31.38405   4.51405  39.72174  33.84444  42.54009   0.15263   0.11872   0.19683   0.11761   0.00675   0.00920   1.36977   0.00541   0.06428   0.09856  
134  0.0226  11345.830050  x: 50.00000  32.00337  41.56475  32.39419  27.42187   7.57273  31.38405   4.51405  39.72174  33.84444  42.54009   0.15263   0.11872   0.19683   0.11761   0.00675   0.00920   1.36977   0.00541   0.06428   0.09856  
135  0.0692  11345.830002  x: 50.00000  32.01848  41.55085  32.43639  27.42404   7.57347  31.38146   4.51758  39.71889  33.85777  42.54800   0.15269   0.11868   0.19679   0.11756   0.00674   0.00919   1.36992   0.00541   0.06431   0.09856  
136  0.0719  11345.830002  x: 50.00000  32.01722  41.55128  32.43384  27.42407   7.57302  31.38127   4.51732  39.71857  33.85698  42.54640   0.15268   0.11868   0.19679   0.11756   0.00674   0.00920   1.36991   0.00541   0.06431   0.09856  
137  0.0147  11345.830001  x: 50.00000  32.01446  41.55123  32.42953  27.42439   7.57163  31.38040   4.51684  39.71738  33.85549  42.54168   0.15268   0.11868   0.19680   0.11757   0.00674   0.00920   1.36990   0.00541   0.06431   0.09856  
138  0.0378  11345.830001  x: 50.00000  32.01210  41.55052  32.42668  27.42481   7.57020  31.37938   4.51648  39.71609  33.85430  42.53682   0.15268   0.11869   0.19680   0.11757   0.00674   0.00920   1.36989   0.00541   0.06430   0.09856  
139  0.0532  11345.830001  x: 50.00000  32.01037  41.54962  32.42507  27.42518   7.56902  31.37847   4.51625  39.71498  33.85343  42.53275   0.15267   0.11869   0.19680   0.11757   0.00674   0.00920   1.36989   0.00541   0.06430   0.09856  
140  0.0624  11345.830001  x: 50.00000  32.00921  41.54881  32.42425  27.42546   7.56816  31.37777   4.51611  39.71415  33.85286  42.52978   0.15267   0.11869   0.19680   0.11757   0.00674   0.00920   1.36989   0.00541   0.06430   0.09856  
141  0.0661  11345.830001  x: 50.00000  32.00846  41.54821  32.42386  27.42564   7.56759  31.37729   4.51603  39.71359  33.85249  42.52777   0.15267   0.11869   0.19680   0.11757   0.00674   0.00920   1.36989   0.00541   0.06430   0.09856  
142  0.0670  11345.830001  x: 50.00000  32.00800  41.54780  32.42368  27.42576   7.56724  31.37698   4.51599  39.71323  33.85227  42.52649   0.15267   0.11869   0.19680   0.11757   0.00674   0.00920   1.36989   0.00541   0.06430   0.09856  
143  0.0669  11345.830001  x: 50.00000  32.00773  41.54756  32.42360  27.42582   7.56703  31.37679   4.51596  39.71301  33.85214  42.52574   0.15267   0.11869   0.19680   0.11757   0.00674   0.00920   1.36989   0.00541   0.06430   0.09856  
144  0.0666  11345.830001  x: 50.00000  32.00760  41.54743  32.42357  27.42585   7.56693  31.37670   4.51595  39.71290  33.85208  42.52536   0.15267   0.11869   0.19680   0.11757   0.00674   0.00920   1.36989   0.00541   0.06430   0.09856  
145  0.0666  11345.830001  x: 50.00000  32.00753  41.54736  32.42356  27.42586   7.56687  31.37665   4.51594  39.71285  33.85204  42.52516   0.15267   0.11869   0.19680   0.11757   0.00674   0.00920   1.36989   0.00541   0.06430   0.09856  
146  0.0668  11345.830001  x: 50.00000  32.00753  41.54736  32.42356  27.42586   7.56687  31.37665   4.51594  39.71285  33.85204  42.52516   0.15267   0.11869   0.19680   0.11757   0.00674   0.00920   1.36989   0.00541   0.06430   0.09856  
147  0.0672  11345.829995  x: 50.00000  32.00134  41.54170  32.42491  27.42820   7.56275  31.37239   4.51770  39.71074  33.85179  42.50815   0.15267   0.11868   0.19680   0.11757   0.00674   0.00920   1.36989   0.00541   0.06430   0.09856  
148  0.0726  11345.829995  x: 50.00000  32.00134  41.54170  32.42491  27.42820   7.56275  31.37239   4.51770  39.71074  33.85179  42.50815   0.15267   0.11868   0.19680   0.11757   0.00674   0.00920   1.36989   0.00541   0.06430   0.09856  
149  0.0371  11345.829995  x: 50.00000  31.99961  41.54038  32.42567  27.42901   7.56258  31.37192   4.51662  39.71155  33.85241  42.50493   0.15267   0.11868   0.19680   0.11757   0.00674   0.00920   1.36991   0.00541   0.06430   0.09856  
150  0.0206  11345.829995  x: 50.00000  31.99961  41.54038  32.42567  27.42901   7.56258  31.37192   4.51662  39.71155  33.85241  42.50493   0.15267   0.11868   0.19680   0.11757   0.00674   0.00920   1.36991   0.00541   0.06430   0.09856  
151  0.0116  11345.829995  x: 50.00000  31.99961  41.54038  32.42567  27.42901   7.56258  31.37192   4.51662  39.71155  33.85241  42.50493   0.15267   0.11868   0.19680   0.11757   0.00674   0.00920   1.36991   0.00541   0.06430   0.09856  
152  0.2107  11345.829982  x: 50.00000  31.99961  41.54038  32.42567  27.42901   7.56258  31.37192   4.51662  39.71155  33.85241  42.50493   0.15267   0.11868   0.19680   0.11757   0.00674   0.00920   1.36991   0.00541   0.06430   0.09856  
153  1.2860  11345.829982  x: 50.00000  31.99961  41.54038  32.42567  27.42901   7.56258  31.37192   4.51662  39.71155  33.85241  42.50493   0.15267   0.11868   0.19680   0.11757   0.00674   0.00920   1.36991   0.00541   0.06430   0.09856  
154  0.0256  11345.829982  x: 50.00000  31.99961  41.54038  32.42567  27.42901   7.56258  31.37192   4.51662  39.71155  33.85241  42.50493   0.15267   0.11868   0.19680   0.11757   0.00674   0.00920   1.36991   0.00541   0.06430   0.09856  
155  2.4729  11345.829982  x: 50.00000  31.99961  41.54038  32.42567  27.42901   7.56258  31.37192   4.51662  39.71155  33.85241  42.50493   0.15267   0.11868   0.19680   0.11757   0.00674   0.00920   1.36991   0.00541   0.06430   0.09856  
156 18.2388  11345.829982  x: 50.00000  31.99961  41.54038  32.42567  27.42901   7.56258  31.37192   4.51662  39.71155  33.85241  42.50493   0.15267   0.11868   0.19680   0.11757   0.00674   0.00920   1.36991   0.00541   0.06430   0.09856  
157  0.0719  11345.829981  x: 50.00000  31.99961  41.54038  32.42567  27.42901   7.56258  31.37193   4.51662  39.71155  33.85241  42.50493   0.15267   0.11868   0.19680   0.11757   0.00675   0.00920   1.36990   0.00541   0.06430   0.09856  
158  0.0743  11345.829981  x: 50.00000  31.99961  41.54038  32.42567  27.42901   7.56258  31.37193   4.51662  39.71155  33.85241  42.50493   0.15267   0.11868   0.19680   0.11757   0.00674   0.00920   1.36989   0.00541   0.06430   0.09856  
159  0.0346  11345.829981  x: 50.00000  31.99961  41.54038  32.42567  27.42901   7.56258  31.37192   4.51662  39.71155  33.85241  42.50493   0.15267   0.11868   0.19680   0.11757   0.00674   0.00920   1.36989   0.00541   0.06430   0.09856  
160  0.0098  11345.829981  x: 50.00000  31.99961  41.54038  32.42567  27.42901   7.56257  31.37192   4.51661  39.71155  33.85241  42.50492   0.15265   0.11871   0.19681   0.11756   0.00674   0.00920   1.36988   0.00541   0.06430   0.09857  
161  0.0128  11345.829981  x: 50.00000  31.99960  41.54038  32.42567  27.42900   7.56257  31.37192   4.51660  39.71154  33.85241  42.50492   0.15261   0.11874   0.19681   0.11757   0.00674   0.00920   1.36986   0.00541   0.06430   0.09856  
162  0.0334  11345.829980  x: 50.00000  31.99960  41.54038  32.42567  27.42900   7.56257  31.37191   4.51658  39.71153  33.85241  42.50491   0.15260   0.11874   0.19679   0.11757   0.00674   0.00920   1.36985   0.00541   0.06430   0.09857  
163  0.0112  11345.829980  x: 50.00000  31.99959  41.54038  32.42567  27.42899   7.56256  31.37190   4.51654  39.71151  33.85241  42.50488   0.15261   0.11874   0.19678   0.11757   0.00674   0.00920   1.36981   0.00541   0.06432   0.09856  
164  0.0198  11345.829978  x: 50.00000  31.99957  41.54038  32.42568  27.42897   7.56253  31.37186   4.51643  39.71146  33.85241  42.50483   0.15266   0.11872   0.19677   0.11758   0.00674   0.00920   1.36972   0.00541   0.06430   0.09855  
165  0.0826  11345.829977  x: 50.00000  31.99955  41.54038  32.42568  27.42896   7.56252  31.37185   4.51638  39.71144  33.85241  42.50480   0.15267   0.11869   0.19680   0.11757   0.00674   0.00920   1.36968   0.00541   0.06430   0.09856  
166  0.0780  11345.829974  x: 50.00000  31.99999  41.54222  32.42747  27.43072   7.56385  31.37325   4.51830  39.71258  33.85512  42.50251   0.15267   0.11868   0.19680   0.11757   0.00674   0.00919   1.36975   0.00541   0.06430   0.09856  
167  0.0010  11345.829972  x: 50.00000  32.00052  41.54432  32.42956  27.43232   7.56476  31.37455   4.51951  39.71378  33.85776  42.50004   0.15267   0.11868   0.19680   0.11757   0.00674   0.00920   1.36983   0.00541   0.06430   0.09856  
168  0.0032  11345.829970  x: 50.00000  32.00134  41.54748  32.43303  27.43279   7.56337  31.37509   4.51681  39.71490  33.85951  42.49677   0.15268   0.11868   0.19680   0.11757   0.00675   0.00920   1.36986   0.00541   0.06430   0.09856  
169  0.0012  11345.829970  x: 50.00000  32.00159  41.54883  32.43464  27.43304   7.56283  31.37539   4.51592  39.71529  33.86017  42.49525   0.15268   0.11867   0.19680   0.11757   0.00674   0.00920   1.36986   0.00541   0.06430   0.09856  
170  0.0029  11345.829970  x: 50.00000  32.00160  41.54912  32.43507  27.43309   7.56270  31.37547   4.51580  39.71533  33.86025  42.49487   0.15268   0.11867   0.19680   0.11757   0.00674   0.00920   1.36987   0.00541   0.06430   0.09856  
171  0.0019  11345.829969  x: 50.00000  32.00155  41.54947  32.43565  27.43313   7.56254  31.37557   4.51572  39.71531  33.86024  42.49436   0.15268   0.11867   0.19680   0.11757   0.00674   0.00920   1.36987   0.00541   0.06430   0.09856  
172  0.0025  11345.829969  x: 50.00000  32.00142  41.54986  32.43643  27.43316   7.56233  31.37568   4.51569  39.71523  33.86014  42.49371   0.15268   0.11867   0.19680   0.11757   0.00674   0.00920   1.36987   0.00541   0.06430   0.09856  
173  0.0034  11345.829969  x: 50.00000  32.00121  41.55027  32.43735  27.43319   7.56208  31.37580   4.51573  39.71508  33.85992  42.49296   0.15268   0.11867   0.19680   0.11757   0.00674   0.00920   1.36987   0.00541   0.06430   0.09856  
174  0.0042  11345.829969  x: 50.00000  32.00092  41.55063  32.43832  27.43319   7.56184  31.37589   4.51582  39.71486  33.85961  42.49218   0.15268   0.11867   0.19680   0.11757   0.00674   0.00920   1.36986   0.00541   0.06430   0.09856  
175  0.0047  11345.829969  x: 50.00000  32.00060  41.55091  32.43922  27.43318   7.56163  31.37595   4.51595  39.71462  33.85925  42.49147   0.15268   0.11867   0.19680   0.11757   0.00674   0.00920   1.36986   0.00541   0.06430   0.09856  
176  0.0048  11345.829969  x: 50.00000  32.00029  41.55109  32.43995  27.43317   7.56148  31.37597   4.51610  39.71438  33.85892  42.49089   0.15268   0.11867   0.19680   0.11757   0.00674   0.00920   1.36986   0.00541   0.06430   0.09856  
177  0.0045  11345.829969  x: 50.00000  32.00001  41.55119  32.44050  27.43315   7.56137  31.37597   4.51623  39.71418  33.85864  42.49046   0.15269   0.11867   0.19680   0.11757   0.00674   0.00920   1.36986   0.00541   0.06430   0.09856  
178  0.0040  11345.829969  x: 50.00000  31.99980  41.55122  32.44086  27.43313   7.56132  31.37594   4.51633  39.71403  33.85844  42.49017   0.15269   0.11867   0.19680   0.11757   0.00674   0.00920   1.36986   0.00541   0.06430   0.09856  
179  0.0036  11345.829969  x: 50.00000  31.99966  41.55123  32.44107  27.43312   7.56129  31.37592   4.51639  39.71394  33.85831  42.49000   0.15269   0.11867   0.19680   0.11757   0.00674   0.00920   1.36985   0.00541   0.06430   0.09856  
180  0.0032  11345.829969  x: 50.00000  31.99958  41.55122  32.44117  27.43311   7.56128  31.37590   4.51642  39.71389  33.85825  42.48991   0.15269   0.11867   0.19680   0.11757   0.00674   0.00920   1.36985   0.00541   0.06430   0.09856  
181  0.0031  11345.829969  x: 50.00000  31.99958  41.55122  32.44117  27.43311   7.56128  31.37590   4.51642  39.71389  33.85825  42.48991   0.15269   0.11867   0.19680   0.11757   0.00674   0.00920   1.36985   0.00541   0.06430   0.09856  
182  0.0031  11345.829969  x: 50.00000  31.99895  41.55081  32.44152  27.43292   7.56134  31.37558   4.51654  39.71348  33.85762  42.48964   0.15269   0.11866   0.19680   0.11757   0.00674   0.00920   1.36985   0.00541   0.06430   0.09856  
183  0.0052  11345.829969  x: 50.00000  31.99895  41.55081  32.44152  27.43292   7.56134  31.37558   4.51654  39.71348  33.85762  42.48964   0.15269   0.11866   0.19680   0.11757   0.00674   0.00920   1.36985   0.00541   0.06430   0.09856  
184  0.0016  11345.829969  x: 50.00000  31.99895  41.55081  32.44152  27.43292   7.56134  31.37558   4.51654  39.71348  33.85762  42.48964   0.15269   0.11866   0.19680   0.11757   0.00674   0.00920   1.36985   0.00541   0.06430   0.09856  
185  0.0732  11345.829969  x: 50.00000  31.99895  41.55081  32.44152  27.43292   7.56134  31.37558   4.51654  39.71348  33.85762  42.48964   0.15269   0.11866   0.19680   0.11757   0.00674   0.00920   1.36985   0.00541   0.06430   0.09856  
186  0.0173  11345.829969  x: 50.00000  31.99895  41.55081  32.44152  27.43292   7.56134  31.37558   4.51654  39.71348  33.85762  42.48964   0.15269   0.11866   0.19680   0.11757   0.00674   0.00920   1.36985   0.00541   0.06430   0.09856  
check convergence!
