

TREE # 1

  0  0.0000  13165.859577  x:  0.10645   0.37824   0.44253   0.22785   0.50079   0.00000   0.54488   0.03759   0.54086   0.39835   0.33975   0.10764   0.06978   0.03262   0.08972   0.00943   0.05571   2.00000   0.20000   0.20000  
  1 99.0000  12483.522997  x:  0.19030   0.42140   0.47884   0.28489   0.53319   0.16502   0.57715   0.12297   0.58505   0.44862   0.38100   0.12113   0.07795   0.10783   0.10107   0.00000   0.03448   1.97611   0.44935   0.19837  
  2 4297.6262  12289.015853  x:  0.31492   0.49355   0.54069   0.37099   0.58221   0.35620   0.62863   0.23614   0.65908   0.53012   0.44936   0.14029   0.08857   0.19583   0.11474   0.30407   0.00000   1.93911   0.71889   0.19394  
  3 9167.4220  11732.530399  x:  0.79233   0.94428   0.96440   0.74519   0.79882   0.48008   0.89864   0.47242   1.14472   0.99039   0.85553   0.17502   0.06579   0.15640   0.06961   0.24207   0.15205   1.75904   0.24831   0.10505  
  4 905.1520  11626.152386  x:  0.84313   1.04571   1.07403   0.80376   0.84740   0.28411   0.97018   0.42128   1.26480   1.08397   0.95032   0.16864   0.06438   0.07723   0.10769   0.22013   0.00000   1.64747   0.30888   0.06674  
  5 487.9637  11611.513417  x:  0.85068   1.08056   1.11647   0.82165   0.87043   0.17320   1.00239   0.37919   1.30900   1.11300   0.98642   0.16528   0.07055   0.11861   0.13981   0.21606   0.03792   1.58027   0.35014   0.05911  
  6 528.1273  11592.285699  x:  0.85285   1.09790   1.14392   0.83619   0.89978   0.10593   1.03376   0.34062   1.33411   1.12400   1.01217   0.16200   0.07996   0.23374   0.14818   0.20953   0.00000   1.50556   0.34379   0.07068  
  7 414.8892  11581.611738  x:  0.83658   1.07966   1.15081   0.85062   0.97204   0.11137   1.08671   0.28503   1.32748   1.09694   1.02732   0.14062   0.06816   0.24674   0.07696   0.20953   0.00279   1.35935   0.34481   0.04379  
  8 118.9100  11570.433785  x:  0.81271   1.04062   1.15356   0.87373   1.08594   0.15337   1.16694   0.21009   1.30851   1.04732   1.04573   0.16774   0.10687   0.22842   0.10384   0.20856   0.00340   1.13720   0.32518   0.05448  
  9 244.9520  11569.463233  x:  0.81201   1.03149   1.15310   0.87819   1.09982   0.15951   1.17787   0.20578   1.30648   1.03996   1.04824   0.15067   0.08718   0.22894   0.12550   0.20852   0.00201   1.12047   0.32106   0.04759  
 10 57.5098  11569.224858  x:  0.81516   1.01930   1.15407   0.88468   1.11024   0.15514   1.18892   0.20725   1.30823   1.03433   1.05245   0.14953   0.07944   0.22723   0.12481   0.20826   0.00258   1.12524   0.32202   0.06044  
 11 15.3786  11568.049254  x:  0.83344   0.94554   1.15849   0.92102   1.16679   0.12946   1.24854   0.21777   1.31649   1.00103   1.07404   0.17105   0.06798   0.22983   0.12570   0.20651   0.00205   1.16561   0.32372   0.05247  
 12 41.7523  11566.958749  x:  0.85721   0.89924   1.19198   0.94485   1.19812   0.11967   1.24800   0.21669   1.32241   1.00315   1.06644   0.12258   0.11452   0.22685   0.12602   0.20516   0.00238   1.18106   0.32241   0.05331  
 13  8.1608  11557.517346  x:  1.02844   0.70098   1.50085   1.04823   1.32757   0.06497   1.07849   0.18534   1.34392   1.09130   0.93855   0.18037   0.05887   0.22242   0.12462   0.19502   0.00273   1.15300   0.30788   0.05307  
 14 14.3760  11540.889330  x:  1.07532   0.75319   1.62474   1.07578   1.33447   0.00000   1.15758   0.28786   1.34729   1.08347   0.93160   0.17965   0.06195   0.21324   0.12372   0.18366   0.00342   1.11493   0.28803   0.05196  
 15 14.9336  11503.721644  x:  1.15545   1.00569   1.77094   1.23014   1.39908   0.01419   1.35613   0.00000   1.50792   1.17513   1.20677   0.18058   0.06113   0.19106   0.13074   0.15639   0.00509   1.23292   0.24075   0.05710  
 16 56.3177  11492.320017  x:  1.08960   1.00662   1.71333   1.24835   1.47073   0.00000   1.33728   0.01978   1.60560   1.28893   1.31079   0.18074   0.06194   0.18787   0.13101   0.15000   0.00516   1.22841   0.22820   0.05742  
 17 63.0463  11492.320017  x:  1.08960   1.00662   1.71333   1.24835   1.47073   0.00000   1.33728   0.01978   1.60560   1.28893   1.31079   0.18074   0.06194   0.18787   0.13101   0.15000   0.00516   1.22841   0.22820   0.05742  
 18  9.1898  11475.408339  x:  1.09596   1.01185   1.71595   1.25287   1.47418   0.01385   1.34246   0.03768   1.61092   1.29453   1.31506   0.18058   0.06253   0.19011   0.12623   0.10625   0.00000   1.22388   0.25555   0.05756  
 19 376.4595  11453.877904  x:  1.10974   1.02315   1.72158   1.26262   1.48152   0.04360   1.35355   0.07600   1.62236   1.30653   1.32428   0.18017   0.06373   0.19498   0.11621   0.01098   0.01699   1.21447   0.30864   0.05776  
 20 7180.4768  11452.363083  x:  1.11093   1.02407   1.72199   1.26340   1.48195   0.04586   1.35434   0.07878   1.62322   1.30737   1.32505   0.18002   0.06368   0.19535   0.11526   0.00382   0.01659   1.21425   0.30567   0.05766  
 21 494.0131  11423.996717  x:  1.21021   1.10240   1.75784   1.32977   1.52228   0.23979   1.42414   0.32004   1.69786   1.38169   1.38967   0.17067   0.06385   0.22670   0.04164   0.00670   0.01541   1.18229   0.23213   0.05275  
 22 197.4817  11411.007561  x:  1.27611   1.15500   1.78249   1.37205   1.54448   0.35291   1.46651   0.45725   1.74606   1.42779   1.43265   0.17837   0.08069   0.24376   0.10458   0.00765   0.01335   1.16605   0.18950   0.05226  
 23 600.2809  11405.513199  x:  1.36423   1.22985   1.82150   1.41469   1.53500   0.37386   1.48780   0.44574   1.79905   1.46061   1.49177   0.15526   0.06581   0.17374   0.11413   0.00763   0.01305   1.19837   0.18240   0.03206  
 24 70.3278  11401.468198  x:  1.45374   1.30555   1.86129   1.45729   1.52351   0.38849   1.50805   0.42383   1.85233   1.49251   1.55193   0.14548   0.06668   0.12760   0.11529   0.00753   0.01280   1.23228   0.17574   0.07017  
 25 369.2896  11385.067370  x:  1.86957   1.65392   2.04676   1.65052   1.45975   0.41424   1.59538   0.25641   2.09663   1.63204   1.83208   0.17303   0.14408   0.18245   0.08989   0.00701   0.01156   1.39926   0.15576   0.06267  
 26 252.4003  11382.667893  x:  1.92772   1.69765   2.07070   1.67590   1.45417   0.41494   1.61276   0.22868   2.13006   1.65157   1.87062   0.14148   0.11020   0.21694   0.09740   0.00698   0.01131   1.41149   0.15384   0.07073  
 27 128.2842  11381.160914  x:  1.99542   1.69574   2.07590   1.68882   1.48683   0.39817   1.68836   0.17797   2.15994   1.67558   1.90822   0.19126   0.06580   0.21693   0.09648   0.00680   0.01087   1.31954   0.14573   0.07060  
 28 18.4978  11379.751068  x:  2.09279   1.63031   2.05457   1.69013   1.56759   0.36530   1.83173   0.13358   2.17756   1.69919   1.94970   0.13520   0.12159   0.21427   0.09513   0.00666   0.01068   1.28147   0.14143   0.06845  
 29 14.1337  11378.164933  x:  2.21766   1.53259   2.02734   1.68072   1.67143   0.32328   1.98035   0.12557   2.17911   1.71981   1.99268   0.16751   0.09070   0.21646   0.09756   0.00671   0.01094   1.36792   0.14626   0.07036  
 30 18.5786  11373.699930  x:  2.56276   1.46600   2.28921   1.61002   1.87709   0.10428   1.83513   0.22611   2.14076   1.82255   2.04627   0.16037   0.09994   0.21682   0.10306   0.00692   0.01219   1.29263   0.14746   0.06773  
 31  5.5169  11372.317028  x:  2.59000   1.45688   2.36852   1.62642   1.92624   0.22770   1.79771   0.14152   2.15999   1.79731   2.05309   0.15940   0.10229   0.21522   0.10601   0.00699   0.01265   1.27864   0.15068   0.06674  
 32  7.4553  11370.796929  x:  2.46709   1.49545   2.44863   1.67962   1.78410   0.24192   1.90427   0.13945   2.34484   1.76935   2.05946   0.15944   0.10347   0.21275   0.10967   0.00708   0.01331   1.26785   0.15252   0.06541  
 33  6.1562  11369.777824  x:  2.27970   1.64522   2.43890   1.80845   1.85775   0.22126   1.96996   0.12534   2.30185   1.97044   2.18296   0.16067   0.10295   0.21135   0.11298   0.00701   0.01348   1.29072   0.14858   0.06462  
 34  2.9851  11368.568711  x:  2.27413   1.81806   2.40709   1.96667   1.99499   0.17252   2.00066   0.18852   2.30397   1.82081   2.34661   0.15966   0.10368   0.21031   0.11741   0.00693   0.01389   1.29010   0.14445   0.06289  
 35  2.8394  11365.769252  x:  2.52810   1.86813   2.30503   2.09425   2.18021   0.20484   1.88609   0.24904   2.68606   1.92889   2.45946   0.15531   0.10757   0.20456   0.12819   0.00665   0.01457   1.32936   0.13133   0.05841  
 36  3.5967  11361.831097  x:  3.08100   2.01966   2.60637   2.04436   2.03460   0.39142   2.13242   0.31259   2.62462   2.11098   2.39766   0.15178   0.11101   0.19760   0.14120   0.00619   0.01567   1.38369   0.11659   0.05260  
 37  5.6536  11361.399024  x:  3.18133   1.99128   2.53038   2.07174   1.89958   0.43156   2.11774   0.32524   2.56433   2.13915   2.49740   0.14928   0.11325   0.19642   0.14234   0.00618   0.01593   1.36116   0.11797   0.05198  
 38  2.9229  11360.087215  x:  3.32676   2.20314   2.58003   1.70892   1.94425   0.51980   2.21340   0.31460   2.71569   2.17639   2.79452   0.14519   0.11862   0.19754   0.13980   0.00612   0.01576   1.34307   0.11476   0.05683  
 39  0.7921  11356.999232  x:  3.73579   2.07003   3.41838   2.38420   2.23166   0.53578   2.45131   0.29347   3.11912   2.33978   3.12740   0.15168   0.11677   0.19569   0.13075   0.00601   0.01417   1.31692   0.09596   0.07129  
 40  2.1536  11356.339223  x:  3.96331   2.33055   3.28645   2.58897   2.28702   0.52971   2.53712   0.28274   3.17711   2.41761   2.87219   0.15139   0.12013   0.19613   0.12781   0.00609   0.01371   1.30098   0.09433   0.07314  
 41  1.7988  11355.743706  x:  4.18421   2.52014   3.31585   2.63924   2.35175   0.57007   2.64684   0.29565   3.29837   2.54871   3.03527   0.15030   0.12660   0.19388   0.12517   0.00640   0.01280   1.30333   0.08641   0.07226  
 42  0.7171  11354.731399  x:  4.46450   2.69843   3.46613   2.58239   2.40747   0.66171   2.81746   0.32594   3.46418   2.77763   3.49556   0.14844   0.13653   0.18914   0.11495   0.00718   0.00983   1.36235   0.08291   0.06555  
 43  0.4814  11354.424727  x:  4.68462   2.82741   3.60908   2.76091   2.53023   0.68060   2.93531   0.35557   3.61234   2.91637   3.62493   0.14651   0.13146   0.19608   0.11550   0.00675   0.00843   1.33611   0.07664   0.06556  
 44  0.2530  11354.271197  x:  4.71263   2.83322   3.66863   2.83839   2.57629   0.67804   2.95725   0.38014   3.64780   2.94839   3.63247   0.14905   0.12679   0.19951   0.11858   0.00663   0.00836   1.32166   0.07656   0.06472  
 45  0.1277  11354.124551  x:  4.90251   2.94024   3.87562   2.99929   2.70368   0.71213   3.08463   0.43026   3.81560   3.09025   3.78490   0.15674   0.12863   0.19747   0.12171   0.00704   0.00830   1.32713   0.07154   0.06267  
 46  0.2654  11354.072712  x:  4.95077   2.98540   3.95100   3.03467   2.74414   0.73028   3.13363   0.45056   3.88286   3.13919   3.85603   0.15511   0.13225   0.19602   0.12278   0.00699   0.00903   1.33833   0.07085   0.06409  
 47  0.0902  11354.047707  x:  5.05782   3.06753   4.03546   3.09954   2.80232   0.75099   3.20603   0.46542   3.97618   3.21576   3.95886   0.15331   0.13369   0.19598   0.12259   0.00684   0.00914   1.33559   0.06841   0.06539  
 48  0.1933  11354.035350  x:  5.09331   3.10795   4.03956   3.10486   2.81161   0.75688   3.22945   0.45732   4.00360   3.23835   4.00092   0.15234   0.13347   0.19545   0.12121   0.00677   0.00919   1.33017   0.06803   0.06613  
 49  0.0485  11354.028543  x:  5.16327   3.15327   4.08983   3.14597   2.84345   0.76579   3.27277   0.45409   4.05493   3.28261   4.05467   0.15484   0.13268   0.19469   0.12152   0.00692   0.00923   1.33266   0.06692   0.06549  
 50  0.0641  11354.025766  x:  5.16948   3.14776   4.09367   3.15141   2.84361   0.76185   3.27273   0.44504   4.05209   3.28150   4.04842   0.15538   0.13192   0.19529   0.12222   0.00689   0.00924   1.33338   0.06710   0.06511  
 51  0.0102  11354.025119  x:  5.18345   3.15166   4.10542   3.15897   2.85023   0.76198   3.27966   0.44357   4.05993   3.28896   4.05792   0.15464   0.13255   0.19556   0.12249   0.00684   0.00924   1.33254   0.06687   0.06530  
 52  0.0198  11354.024972  x:  5.18137   3.14676   4.10377   3.15345   2.84868   0.76052   3.27724   0.44268   4.05599   3.28688   4.05706   0.15416   0.13328   0.19538   0.12251   0.00686   0.00923   1.33260   0.06694   0.06539  
 53  0.0052  11354.024934  x:  5.18478   3.14752   4.10416   3.15202   2.85035   0.75946   3.27864   0.44284   4.05660   3.28874   4.05890   0.15433   0.13306   0.19531   0.12256   0.00686   0.00923   1.33268   0.06692   0.06541  
 54  0.0016  11354.024928  x:  5.18404   3.14669   4.10360   3.15170   2.85026   0.75882   3.27810   0.44311   4.05587   3.28813   4.05763   0.15432   0.13305   0.19534   0.12256   0.00685   0.00923   1.33261   0.06694   0.06542  
 55  0.0013  11354.024926  x:  5.18485   3.14700   4.10430   3.15236   2.85070   0.75852   3.27858   0.44324   4.05642   3.28848   4.05797   0.15430   0.13309   0.19535   0.12254   0.00686   0.00923   1.33263   0.06693   0.06540  
 56  0.0007  11354.024926  x:  5.18471   3.14694   4.10417   3.15224   2.85055   0.75850   3.27849   0.44322   4.05631   3.28837   4.05800   0.15430   0.13309   0.19535   0.12253   0.00686   0.00923   1.33263   0.06693   0.06540  
 57  0.0002  11354.024926  x:  5.18466   3.14691   4.10416   3.15222   2.85049   0.75847   3.27844   0.44324   4.05627   3.28832   4.05801   0.15430   0.13308   0.19535   0.12253   0.00686   0.00923   1.33263   0.06693   0.06540  
 58  0.0001  11354.024926  x:  5.18466   3.14694   4.10416   3.15223   2.85049   0.75847   3.27845   0.44324   4.05629   3.28832   4.05802   0.15430   0.13308   0.19535   0.12254   0.00686   0.00923   1.33263   0.06693   0.06540  
 59  0.0000  11354.024926  x:  5.18466   3.14696   4.10415   3.15223   2.85050   0.75847   3.27845   0.44324   4.05630   3.28833   4.05801   0.15430   0.13309   0.19535   0.12254   0.00686   0.00923   1.33263   0.06693   0.06540  
 60  0.0000  11354.024926  x:  5.18466   3.14696   4.10416   3.15223   2.85050   0.75847   3.27845   0.44324   4.05630   3.28833   4.05801   0.15430   0.13309   0.19535   0.12254   0.00686   0.00923   1.33263   0.06693   0.06540  