   14
BAM_011750  0.000000  0.763868  1.370375  1.390611  1.464209  0.406292
  0.872984  0.302849  0.770029  0.818472  0.213885  1.447703  1.416278
  1.453854
BAM_011760  0.763868  0.000000  1.193037  1.207944  1.319527  0.865421
  0.233664  0.823055  0.156272  0.129722  0.934915  1.281198  1.280690
  1.317365
BA_1234xxx  1.370375  1.193037  0.000000  0.019191  0.150413  1.339323
  1.143516  1.350041  1.243374  1.320699  1.495497  0.118700  0.092603
  0.188497
BC_1218xxx  1.390611  1.207944  0.019191  0.000000  0.159535  1.359410
  1.143685  1.369606  1.240261  1.320129  1.519486  0.141922  0.100436
  0.198212
BC_1222xxx  1.464209  1.319527  0.150413  0.159535  0.000000  1.312366
  1.269458  1.397653  1.315380  1.428802  1.537066  0.051315  0.182989
  0.065750
NT03BL1343  0.406292  0.865421  1.339323  1.359410  1.312366  0.000000
  0.829413  0.277275  0.809827  0.846946  0.403015  1.354850  1.354055
  1.277790
NT03BL1345  0.872984  0.233664  1.143516  1.143685  1.269458  0.829413
  0.000000  0.830509  0.231167  0.235814  1.053566  1.233650  1.236216
  1.252550
BPUM_1103x  0.302849  0.823055  1.350041  1.369606  1.397653  0.277275
  0.830509  0.000000  0.752711  0.819926  0.298437  1.370407  1.377954
  1.342197
BPUM_1105x  0.770029  0.156272  1.243374  1.240261  1.315380  0.809827
  0.231167  0.752711  0.000000  0.159433  0.935212  1.277596  1.349842
  1.313272
BG10498xxx  0.818472  0.129722  1.320699  1.320129  1.428802  0.846946
  0.235814  0.819926  0.159433  0.000000  0.940961  1.385681  1.377840
  1.384766
BG10499xxx  0.213885  0.934915  1.495497  1.519486  1.537066  0.403015
  1.053566  0.298437  0.935212  0.940961  0.000000  1.541168  1.516757
  1.501876
NT02BT1272  1.447703  1.281198  0.118700  0.141922  0.051315  1.354850
  1.233650  1.370407  1.277596  1.385681  1.541168  0.000000  0.218241
  0.084349
KBAB4_1128  1.416278  1.280690  0.092603  0.100436  0.182989  1.354055
  1.236216  1.377954  1.349842  1.377840  1.516757  0.218241  0.000000
  0.184501
KBAB4_1132  1.453854  1.317365  0.188497  0.198212  0.065750  1.277790
  1.252550  1.342197  1.313272  1.384766  1.501876  0.084349  0.184501
  0.000000
