

TREE # 1

  0  0.0000  11804.927051  x:  0.00000   0.15926   0.16454   0.08844   0.09835   0.10334   0.10081   0.07657   0.13206   0.12005   0.07819   0.06581   0.11227   0.04577   0.04108   0.11352   0.09700   0.02238   0.03734   2.00000   0.20000   0.20000   0.20000  
  1 99.0000   9257.411178  x: 13.16399   0.63573   0.60838   0.74065   0.55207   0.34220   0.51283   0.39728   0.37726   0.25966   0.24913   0.31572   0.75509   0.25823   0.26175   0.14817   0.10114   0.06034   0.07749   1.94948   0.75875   0.15426   0.18294  
  2 49157.0417   9135.338589  x: 13.16591   0.68523   0.65752   0.75864   0.57222   0.37094   0.56167   0.42432   0.42956   0.28444   0.23891   0.30639   0.77279   0.23089   0.24250   0.14613   0.08641   0.00450   0.03494   1.95462   0.57757   0.03056   0.15679  
  3 587.0941   9119.786034  x: 13.16619   0.69534   0.66755   0.76245   0.57632   0.37679   0.57157   0.42979   0.43997   0.28929   0.23691   0.30461   0.77654   0.22618   0.23945   0.14590   0.08481   0.01308   0.03275   1.95544   0.53886   0.01301   0.15130  
  4 3012.4591   8963.457544  x: 13.16873   0.78370   0.75520   0.79615   0.61224   0.42803   0.65799   0.47755   0.53043   0.33127   0.21973   0.28951   0.80964   0.18762   0.21551   0.14298   0.07298   0.02119   0.01374   1.96178   0.19662   0.01803   0.10339  
  5 3159.3299   8956.661158  x: 13.16749   0.79563   0.76698   0.80217   0.61803   0.43561   0.66968   0.48468   0.54194   0.33693   0.21893   0.28947   0.81547   0.18369   0.21337   0.14383   0.07299   0.01571   0.03544   1.96053   0.17432   0.01597   0.09710  
  6 906.6599   8909.509883  x: 13.12880   0.98435   0.95277   0.90928   0.71775   0.56105   0.85451   0.60329   0.71835   0.42679   0.21828   0.30465   0.91807   0.13318   0.18802   0.16978   0.08424   0.02955   0.04163   1.92238   0.16802   0.02824   0.00010  
  7 482.4693   8855.297138  x: 13.06720   1.28543   1.24917   1.08015   0.87678   0.76111   1.14936   0.79243   0.99973   0.57005   0.21719   0.32880   1.08176   0.05275   0.14773   0.21113   0.10222   0.05177   0.05103   1.86158   0.15604   0.04742   0.00244  
  8 5756.7651   8810.016123  x: 13.00310   1.53547   1.49293   1.28275   1.02117   0.92428   1.37549   0.94117   1.17025   0.63497   0.25270   0.40258   1.27238   0.28497   0.38251   0.27100   0.15299   0.04877   0.03825   1.76892   0.10408   0.04164   0.00310  
  9 533.8252   8797.712794  x: 12.98908   1.58374   1.53762   1.38322   1.05875   0.94513   1.39648   0.95447   1.13588   0.58501   0.24587   0.41769   1.36253   0.30411   0.39211   0.20484   0.05439   0.05372   0.03845   1.73054   0.09691   0.04391   0.00320  
 10 118.8397   8789.666297  x: 12.97623   1.63286   1.58192   1.51363   1.09581   0.95362   1.40282   0.95354   1.06330   0.49639   0.21983   0.41425   1.47771   0.29576   0.36821   0.16396   0.09935   0.05196   0.03376   1.69337   0.08326   0.04200   0.00314  
 11 136.0665   8785.998814  x: 12.97093   1.68088   1.62814   1.57135   1.09447   0.93960   1.41451   0.93326   1.04019   0.43703   0.17020   0.35051   1.52640   0.30723   0.36939   0.15720   0.10388   0.05166   0.03506   1.72850   0.08812   0.04193   0.00313  
 12 84.8977   8781.266482  x: 12.96045   1.77993   1.72369   1.67350   1.06721   0.88585   1.43022   0.87178   1.00153   0.32872   0.23927   0.31546   1.60742   0.30947   0.34740   0.21611   0.08964   0.05222   0.03593   1.83891   0.08954   0.04320   0.00309  
 13 68.3591   8779.462875  x: 12.95537   1.82998   1.77159   1.71875   1.03896   0.84428   1.43505   0.83490   1.00054   0.32748   0.25646   0.34199   1.63799   0.31955   0.33957   0.16492   0.10940   0.05212   0.03656   1.90546   0.09320   0.04292   0.00305  
 14 39.5427   8777.577637  x: 12.94774   1.87893   1.81430   1.81359   1.00446   0.78012   1.42072   0.79496   0.98574   0.40401   0.20949   0.40001   1.69842   0.33487   0.31477   0.19449   0.10215   0.05311   0.03717   1.95318   0.09248   0.04408   0.00298  
 15 26.8956   8775.830629  x: 12.93859   1.90985   1.83320   1.92671   0.99983   0.74707   1.41196   0.80794   0.97863   0.51069   0.25594   0.33305   1.75018   0.36289   0.28608   0.18593   0.10576   0.05423   0.03778   1.94608   0.09065   0.04494   0.00286  
 16 14.3063   8759.231297  x: 12.84399   2.22938   1.98636   2.78120   1.24809   0.93573   1.72679   1.34240   1.15200   0.47804   0.24659   0.42355   1.76969   0.58714   0.00000   0.20503   0.11941   0.06833   0.04758   1.84533   0.07421   0.05724   0.00105  
 17 10.2124   8755.654960  x: 12.84292   2.24014   1.98956   2.79933   1.26860   0.95257   1.71142   1.28904   1.14348   0.49207   0.24912   0.42115   1.77267   0.42943   0.00000   0.20511   0.11990   0.06786   0.04713   1.83243   0.07430   0.05662   0.00100  
 18 17.8703   8752.262971  x: 12.84064   2.26224   1.99631   2.83265   1.31069   0.98906   1.68849   1.19440   1.13426   0.51348   0.25297   0.41798   1.77365   0.21338   0.17819   0.20544   0.12063   0.06722   0.04659   1.80733   0.07422   0.05577   0.00093  
 19 76.8742   8751.250285  x: 12.83397   2.32459   2.02193   2.91463   1.41988   1.08878   1.67822   1.04043   1.13950   0.53064   0.25515   0.41993   1.72680   0.24652   0.16309   0.20674   0.12059   0.06704   0.04726   1.74594   0.07259   0.05576   0.00084  
 20  5.1600   8748.249997  x: 12.81816   2.35240   1.86812   3.29866   1.56308   1.17899   1.72171   1.09542   0.95568   0.59078   0.25055   0.43305   1.59931   0.27648   0.16463   0.19824   0.11304   0.06167   0.04757   1.87430   0.07345   0.05200   0.00118  
 21  2.3633   8741.521017  x: 12.79246   2.48438   1.58507   4.19716   1.51017   0.97810   1.66847   1.18982   1.04978   0.47512   0.23995   0.43969   1.34179   0.31616   0.17438   0.18541   0.09328   0.04751   0.04696   1.64150   0.07114   0.04123   0.00192  
 22 14.6472   8740.375246  x: 12.78007   2.58367   1.66327   4.36655   1.53094   1.06765   1.46481   1.28204   1.11650   0.46424   0.23533   0.44510   1.30939   0.31837   0.17755   0.18185   0.09016   0.04697   0.04784   1.69753   0.06965   0.04119   0.00197  
 23  2.7446   8736.879668  x: 12.73979   2.89251   1.99807   4.78584   1.40747   1.20163   1.63545   1.36304   0.99642   0.51321   0.23126   0.44729   1.16590   0.30340   0.19375   0.17326   0.08086   0.04498   0.05060   1.65097   0.06228   0.04096   0.00196  
 24  4.1321   8734.646048  x: 12.70558   2.88442   2.04515   5.15124   1.46495   1.26461   1.85536   1.29554   1.16384   0.50700   0.23085   0.44452   1.23975   0.30120   0.19691   0.16901   0.07746   0.04543   0.05317   1.75396   0.05825   0.04238   0.00198  
 25  8.4079   8723.614055  x: 12.55050   2.81417   3.46381   5.37113   2.20048   0.98995   2.30320   1.44603   1.33241   0.55350   0.23092   0.45405   2.31038   0.25638   0.20850   0.18981   0.09465   0.03260   0.06690   1.93049   0.05630   0.03969   0.00272  
 26  1.7655   8720.918805  x: 12.50064   3.05322   3.48472   5.39806   1.70796   1.63946   2.41873   1.45626   1.41365   0.58708   0.24180   0.45628   3.05832   0.25919   0.19799   0.20162   0.09915   0.02819   0.06957   1.91406   0.05288   0.03851   0.00301  
 27  2.1221   8718.537794  x: 12.44642   3.43580   3.53466   5.34566   1.96785   1.59939   2.50543   1.56768   1.46247   0.62328   0.24709   0.46591   3.55345   0.25404   0.19326   0.20941   0.09887   0.02577   0.07209   1.86053   0.04612   0.03863   0.00329  
 28  2.7300   8714.933769  x: 12.37595   4.62911   2.89520   5.55812   2.44893   1.38846   2.67203   1.71661   1.62403   0.67467   0.26311   0.47612   3.66982   0.26096   0.17604   0.20569   0.08133   0.02866   0.07492   1.74219   0.04396   0.04371   0.00440  
 29  0.7882   8712.199978  x: 12.27124   4.04847   4.15815   5.93138   2.69247   1.56103   2.96004   1.91568   1.85245   0.75199   0.26812   0.49502   4.18495   0.27717   0.17327   0.18726   0.09317   0.02848   0.07523   1.76178   0.03873   0.04693   0.00587  
 30  0.8166   8711.011464  x: 12.25121   3.81114   4.43271   6.08225   2.72529   1.62788   3.03307   1.96443   1.92331   0.77863   0.26394   0.49928   4.16965   0.27042   0.17294   0.19280   0.09167   0.02856   0.07085   1.80208   0.04044   0.04712   0.00686  
 31  0.4161   8709.676007  x: 12.15862   4.40912   4.33455   6.25573   2.96079   1.76828   3.27669   2.14526   2.09329   0.86096   0.25995   0.51369   4.71419   0.25760   0.16551   0.21313   0.08307   0.02746   0.06364   1.81392   0.03685   0.04735   0.00906  
 32  0.5262   8709.022449  x: 12.14050   4.63545   4.16284   6.21082   3.00377   1.78653   3.33034   2.20118   2.14172   0.88598   0.25911   0.51214   4.80927   0.27987   0.16942   0.19260   0.09595   0.03072   0.05546   1.80057   0.03678   0.04755   0.01041  
 33  0.1960   8708.300065  x: 12.14754   4.22703   4.43718   6.17801   2.96472   1.76645   3.29563   2.16279   2.10916   0.87789   0.25902   0.50056   4.71069   0.26356   0.17880   0.18734   0.08161   0.03528   0.04608   1.77471   0.03703   0.04567   0.01228  
 34  0.1745   8706.957529  x: 12.22532   4.07004   4.10907   5.96510   2.66622   1.63344   3.03982   1.93627   1.86060   0.78380   0.26293   0.47604   4.16214   0.24561   0.19455   0.19830   0.09241   0.04400   0.04513   1.81351   0.03947   0.04281   0.01395  
 35  0.2452   8705.786735  x: 12.21624   4.48597   3.59972   5.80125   2.57261   1.61307   2.96053   1.90057   1.77905   0.74187   0.25753   0.49915   4.17073   0.30172   0.17654   0.18424   0.09111   0.04763   0.04701   1.80918   0.04144   0.04036   0.01878  
 36  0.1740   8704.492777  x: 12.13365   3.96508   4.39058   6.12255   2.69140   1.69676   3.05162   1.96360   1.84955   0.75600   0.25714   0.52510   4.29217   0.27675   0.16429   0.18506   0.09574   0.04525   0.05581   1.79589   0.03962   0.03945   0.02568  
 37  0.3024   8703.699793  x: 12.06736   4.51672   3.91893   5.98017   2.78114   1.67473   3.10174   2.03087   1.87856   0.77633   0.26055   0.51402   4.56578   0.29510   0.17028   0.18070   0.09251   0.04533   0.05919   1.81514   0.03866   0.03985   0.03396  
 38  0.2558   8702.943898  x: 12.06335   3.98280   3.93378   5.88942   2.65286   1.57975   2.95270   1.93090   1.79758   0.75594   0.26267   0.47421   4.11531   0.25631   0.19599   0.16920   0.09669   0.04205   0.05975   1.79569   0.04125   0.03830   0.04468  
 39  0.2208   8702.590632  x: 12.03111   3.96163   3.85713   5.70948   2.62516   1.61339   2.96156   1.95628   1.83812   0.77875   0.25769   0.47690   4.18679   0.26552   0.19327   0.17634   0.09760   0.03882   0.06059   1.81461   0.04116   0.04258   0.05080  
 40  0.0923   8702.426009  x: 12.04055   3.95939   3.70814   5.63405   2.52903   1.60291   2.88455   1.89779   1.78418   0.75834   0.25420   0.48937   3.99636   0.26697   0.18517   0.16683   0.09727   0.03594   0.06010   1.81214   0.04187   0.04308   0.05328  
 41  0.1637   8702.380871  x: 12.03789   3.96130   3.76902   5.66786   2.52933   1.61499   2.89330   1.89940   1.78676   0.75508   0.25424   0.49880   3.97385   0.27088   0.17751   0.17114   0.09581   0.03470   0.05877   1.81241   0.04196   0.04348   0.05290  
 42  0.0523   8702.365975  x: 12.03979   3.96072   3.78837   5.63603   2.52012   1.59900   2.88638   1.88621   1.77022   0.74468   0.25691   0.49486   3.95878   0.27270   0.17712   0.17083   0.09600   0.03556   0.05777   1.81865   0.04215   0.04394   0.05284  
 43  0.0267   8702.357933  x: 12.02650   4.00132   3.80435   5.65318   2.54344   1.60243   2.90593   1.89736   1.78109   0.74589   0.25828   0.49141   4.00032   0.27121   0.17770   0.16925   0.09650   0.03496   0.05771   1.81739   0.04192   0.04426   0.05351  
 44  0.0366   8702.350336  x: 12.01786   3.99722   3.80360   5.66677   2.53638   1.60330   2.89864   1.88987   1.77083   0.73863   0.25769   0.48913   4.00010   0.26985   0.17875   0.17090   0.09598   0.03453   0.05810   1.81455   0.04190   0.04413   0.05437  
 45  0.0104   8702.328906  x: 11.99221   3.97321   3.82531   5.72201   2.53801   1.62222   2.89594   1.88926   1.76235   0.73087   0.25322   0.49531   4.03755   0.27204   0.17766   0.16832   0.09643   0.03543   0.05813   1.81707   0.04192   0.04419   0.05546  
 46  0.0145   8702.276106  x: 11.94253   3.98351   3.69074   5.73975   2.55469   1.58718   2.86693   1.88462   1.74462   0.73579   0.25380   0.49463   3.99446   0.26832   0.18019   0.16877   0.09850   0.03607   0.05523   1.81696   0.04227   0.04493   0.05798  
 47  0.0275   8702.061445  x: 11.76868   3.72621   3.82945   5.77545   2.61281   1.46749   2.82509   1.88062   1.72045   0.75424   0.27055   0.48898   4.05712   0.27175   0.17882   0.16711   0.09261   0.03560   0.05605   1.81425   0.04239   0.04565   0.05899  
 48  0.0470   8701.246769  x: 11.14133   4.10129   3.51729   5.81534   2.53170   1.32615   2.76205   1.82651   1.65892   0.79077   0.29481   0.49370   4.34680   0.28318   0.15199   0.17398   0.09620   0.03382   0.06087   1.82518   0.04316   0.04612   0.05025  
 49  0.1391   8698.720232  x:  9.51409   3.26808   3.56562   5.50726   1.85975   1.33431   2.45942   1.56368   1.55218   0.80363   0.24367   0.47116   4.03908   0.28443   0.16345   0.17277   0.10507   0.02913   0.05613   1.80101   0.04826   0.04814   0.04284  
 50  0.3606   8694.520196  x:  7.12370   3.16855   3.08695   4.72350   1.86773   1.16739   2.21180   1.41912   1.45943   0.73459   0.16506   0.43677   3.62405   0.25556   0.19594   0.17295   0.09529   0.03487   0.04863   1.72140   0.05435   0.05136   0.04251  
 51  0.9439   8691.689111  x:  6.02443   2.92625   2.72999   3.89944   1.86365   0.92712   1.93366   1.26596   1.25217   0.62408   0.18410   0.43794   3.11153   0.25216   0.19020   0.17553   0.08602   0.03765   0.04977   1.68654   0.05998   0.05140   0.04259  
 52  2.0753   8689.973612  x:  6.09130   2.97485   2.94265   3.69334   2.08715   0.99577   2.05141   1.36153   1.28792   0.57316   0.21877   0.45310   3.21585   0.25622   0.18070   0.17801   0.08192   0.03875   0.05426   1.67178   0.05983   0.04913   0.04218  
 53  1.2333   8688.702163  x:  5.96114   2.62681   2.75196   3.65436   1.80288   1.13793   1.97063   1.29589   1.19861   0.49601   0.23756   0.45005   2.97628   0.25912   0.18430   0.17602   0.09247   0.03716   0.05947   1.66981   0.06310   0.04362   0.04633  
 54  0.6376   8688.240623  x:  5.64365   2.66059   2.59545   3.56302   1.70844   1.08458   1.98548   1.29513   1.21838   0.51682   0.25441   0.43271   3.08427   0.26507   0.18433   0.17630   0.09691   0.03483   0.06081   1.66523   0.06474   0.04173   0.04318  
 55  0.5044   8687.748587  x:  5.65408   2.51457   2.65853   3.49770   1.65084   0.95640   1.97249   1.25475   1.19309   0.48132   0.25815   0.41031   2.82170   0.26565   0.18993   0.17376   0.09940   0.03360   0.05831   1.65385   0.06780   0.04018   0.04356  
 56  0.2837   8687.127642  x:  5.25846   2.46333   2.39187   3.18875   1.59673   0.89702   1.83947   1.18075   1.10919   0.44540   0.23377   0.42172   2.81759   0.27015   0.18381   0.16973   0.09679   0.03498   0.05479   1.64388   0.07328   0.04129   0.04956  
 57  0.3986   8686.868843  x:  5.16931   2.32796   2.41196   3.27466   1.56185   0.91468   1.78660   1.15905   1.11755   0.47582   0.22573   0.42895   2.68386   0.26560   0.18303   0.17057   0.09563   0.03571   0.05516   1.64678   0.07536   0.04215   0.04914  
 58  0.3849   8686.736310  x:  5.14643   2.34898   2.34973   3.15064   1.47669   0.93010   1.73853   1.11759   1.09811   0.47535   0.22985   0.41933   2.60677   0.26227   0.18411   0.17329   0.09501   0.03623   0.05737   1.64858   0.07748   0.04218   0.04653  
 59  0.2597   8686.695723  x:  5.04012   2.31033   2.36387   3.13726   1.48630   0.90160   1.71910   1.10777   1.08030   0.46805   0.23591   0.41110   2.61274   0.25955   0.18714   0.17411   0.09505   0.03625   0.05842   1.64667   0.07848   0.04223   0.04628  
 60  0.2022   8686.682033  x:  5.05351   2.30926   2.32694   3.12133   1.49659   0.89348   1.71647   1.11163   1.08048   0.46469   0.23787   0.40935   2.58880   0.25825   0.18968   0.17405   0.09513   0.03592   0.05862   1.64511   0.07897   0.04224   0.04644  
 61  0.0836   8686.676115  x:  5.01513   2.28093   2.32701   3.09089   1.48210   0.89629   1.71170   1.10734   1.07870   0.46044   0.23725   0.40982   2.57735   0.25757   0.19075   0.17403   0.09508   0.03551   0.05853   1.64334   0.07944   0.04241   0.04608  
 62  0.1054   8686.673539  x:  5.01930   2.28679   2.32696   3.10146   1.47674   0.89967   1.71341   1.10630   1.07792   0.45923   0.23673   0.41091   2.58025   0.25718   0.19105   0.17406   0.09504   0.03528   0.05842   1.64338   0.07952   0.04255   0.04574  
 63  0.0340   8686.672469  x:  5.01646   2.28400   2.31996   3.10121   1.47685   0.89435   1.71032   1.10427   1.07544   0.46007   0.23628   0.41095   2.57656   0.25579   0.19195   0.17426   0.09496   0.03524   0.05831   1.64325   0.07961   0.04266   0.04533  
 64  0.0127   8686.672202  x:  5.02053   2.28509   2.32347   3.10015   1.47982   0.89562   1.71195   1.10553   1.07631   0.46055   0.23611   0.41069   2.58116   0.25502   0.19250   0.17441   0.09491   0.03522   0.05832   1.64343   0.07953   0.04272   0.04515  
 65  0.0107   8686.672149  x:  5.02045   2.28624   2.32318   3.10290   1.47986   0.89653   1.71227   1.10593   1.07639   0.46029   0.23618   0.41064   2.57947   0.25490   0.19262   0.17445   0.09489   0.03520   0.05836   1.64338   0.07950   0.04273   0.04512  
 66  0.0059   8686.672133  x:  5.02261   2.28591   2.32364   3.10333   1.47979   0.89677   1.71244   1.10626   1.07648   0.46027   0.23627   0.41067   2.58066   0.25494   0.19263   0.17446   0.09488   0.03518   0.05838   1.64340   0.07948   0.04274   0.04512  
 67  0.0043   8686.672132  x:  5.02265   2.28616   2.32372   3.10327   1.47992   0.89666   1.71248   1.10628   1.07654   0.46028   0.23628   0.41070   2.58074   0.25497   0.19259   0.17446   0.09488   0.03518   0.05839   1.64341   0.07948   0.04274   0.04512  
 68  0.0004   8686.672132  x:  5.02265   2.28616   2.32370   3.10326   1.47992   0.89667   1.71248   1.10626   1.07654   0.46028   0.23628   0.41070   2.58075   0.25497   0.19259   0.17446   0.09488   0.03518   0.05839   1.64341   0.07948   0.04274   0.04512  
 69  0.0000   8686.672132  x:  5.02265   2.28615   2.32370   3.10326   1.47992   0.89667   1.71248   1.10626   1.07654   0.46028   0.23628   0.41070   2.58075   0.25498   0.19258   0.17446   0.09488   0.03518   0.05839   1.64341   0.07948   0.04274   0.04512  
 70  0.0000   8686.672132  x:  5.02265   2.28615   2.32369   3.10326   1.47992   0.89667   1.71248   1.10626   1.07654   0.46028   0.23628   0.41070   2.58075   0.25498   0.19258   0.17446   0.09488   0.03518   0.05839   1.64341   0.07948   0.04274   0.04512  
 71  0.0000   8686.672132  x:  5.02265   2.28615   2.32370   3.10326   1.47992   0.89667   1.71248   1.10626   1.07654   0.46028   0.23628   0.41070   2.58075   0.25498   0.19258   0.17446   0.09488   0.03518   0.05839   1.64341   0.07948   0.04274   0.04512  
 72  0.0000   8686.672132  x:  5.02265   2.28615   2.32370   3.10326   1.47992   0.89667   1.71248   1.10626   1.07654   0.46028   0.23628   0.41070   2.58075   0.25498   0.19258   0.17446   0.09488   0.03518   0.05839   1.64341   0.07948   0.04274   0.04512  
 73  0.0000   8686.672132  x:  5.02265   2.28615   2.32370   3.10326   1.47992   0.89667   1.71248   1.10626   1.07654   0.46028   0.23628   0.41070   2.58075   0.25498   0.19258   0.17446   0.09488   0.03518   0.05839   1.64341   0.07948   0.04274   0.04512  