Supplemental results for CODEML (seqf: cds2.phylip  treef: tree.nwk)

Number of codon sites with 0,1,2,3 position differences
   2 vs.    1     54   122    79    33   0.1213 (0.4647 3.8323)
   3 vs.    1     47   126    84    31  -1.0000 (0.4635 -1.0000)
   3 vs.    2    223    65     2     0   0.0246 (0.0098 0.3979)
   4 vs.    1     44    97    94    45   0.2424 (0.6421 2.6492)
   4 vs.    2     39    98    90    54  -1.0000 (0.6935 -1.0000)
   4 vs.    3     35   100    93    53  -1.0000 (0.6933 -1.0000)
   5 vs.    1     49   109    85    36   0.1827 (0.5268 2.8840)
   5 vs.    2     56   108    74    42   0.2195 (0.5160 2.3511)
   5 vs.    3     45   115    81    39  -1.0000 (0.5139 -1.0000)
   5 vs.    4     48    95    91    46  -1.0000 (0.5767 -1.0000)
   6 vs.    1    115   116    38    14   0.1168 (0.1825 1.5621)
   6 vs.    2     58   113    79    33  -1.0000 (0.4339 -1.0000)
   6 vs.    3     55   110    84    34  -1.0000 (0.4470 -1.0000)
   6 vs.    4     43    97    89    46   0.2435 (0.6442 2.6457)
   6 vs.    5     55    92    93    34   0.1206 (0.5185 4.2981)
   7 vs.    1     93   120    61    13   0.0926 (0.2402 2.5946)
   7 vs.    2     58   110    82    37   0.1250 (0.4841 3.8725)
   7 vs.    3     56   106    88    37  -1.0000 (0.4935 -1.0000)
   7 vs.    4     39    96    89    56  -1.0000 (0.6935 -1.0000)
   7 vs.    5     49   103    93    34   0.2590 (0.5558 2.1460)
   7 vs.    6    104   108    58    12  -1.0000 (0.1936 -1.0000)
   8 vs.    1    130   130    22     6   0.0488 (0.0890 1.8243)
   8 vs.    2     53   110    84    41  -1.0000 (0.5007 -1.0000)
   8 vs.    3     55   105    89    39  -1.0000 (0.5029 -1.0000)
   8 vs.    4     51    84    97    48   0.2611 (0.6532 2.5019)
   8 vs.    5     52    97    94    36   0.1949 (0.5474 2.8086)
   8 vs.    6    103   130    39    11   0.0566 (0.1665 2.9436)
   8 vs.    7     85   137    55    10  -1.0000 (0.2061 -1.0000)
   9 vs.    1     52   128    75    33   0.1658 (0.4660 2.8104)
   9 vs.    2    270    20     0     0   0.0319 (0.0030 0.0942)
   9 vs.    3    229    59     2     0   0.0186 (0.0068 0.3641)
   9 vs.    4     39    98    88    56  -1.0000 (0.6903 -1.0000)
   9 vs.    5     54   108    78    40   0.1887 (0.5139 2.7225)
   9 vs.    6     57   113    78    35  -1.0000 (0.4407 -1.0000)
   9 vs.    7     56   110    83    38  -1.0000 (0.4883 -1.0000)
   9 vs.    8     56   106    86    40  -1.0000 (0.5021 -1.0000)
  10 vs.    1     46   127    81    34  -1.0000 (0.4779 -1.0000)
  10 vs.    2    192    90     7     1   0.0703 (0.0403 0.5738)
  10 vs.    3    203    78     8     1   0.0774 (0.0379 0.4899)
  10 vs.    4     36    95   100    50  -1.0000 (0.7002 -1.0000)
  10 vs.    5     54   103    80    43  -1.0000 (0.5088 -1.0000)
  10 vs.    6     52   114    81    36  -1.0000 (0.4435 -1.0000)
  10 vs.    7     58   103    85    41  -1.0000 (0.5045 -1.0000)
  10 vs.    8     51   110    88    39  -1.0000 (0.4968 -1.0000)
  10 vs.    9    197    85     7     1   0.0688 (0.0372 0.5409)


dN/dS for site classes (K=3)

p:   0.93761  0.06236  0.00003
w:   0.03662  1.00000  1.00000

Naive Empirical Bayes (NEB) probabilities for 3 classes& postmean_w
Bam used as reference

   1 *   0.93761 0.06236 0.00003 ( 1)  0.097
   2 V   0.99997 0.00003 0.00000 ( 1)  0.037
   3 S   0.99971 0.00029 0.00000 ( 1)  0.037
   4 K   0.99999 0.00001 0.00000 ( 1)  0.037
   5 Q   0.99905 0.00095 0.00000 ( 1)  0.038
   6 M   0.99983 0.00017 0.00000 ( 1)  0.037
   7 L   1.00000 0.00000 0.00000 ( 1)  0.037
   8 A   1.00000 0.00000 0.00000 ( 1)  0.037
   9 L   1.00000 0.00000 0.00000 ( 1)  0.037
  10 N   1.00000 0.00000 0.00000 ( 1)  0.037
  11 I   1.00000 0.00000 0.00000 ( 1)  0.037
  12 D   1.00000 0.00000 0.00000 ( 1)  0.037
  13 G   1.00000 0.00000 0.00000 ( 1)  0.037
  14 A   0.99998 0.00002 0.00000 ( 1)  0.037
  15 L   0.99999 0.00001 0.00000 ( 1)  0.037
  16 L   1.00000 0.00000 0.00000 ( 1)  0.037
  17 R   0.99975 0.00025 0.00000 ( 1)  0.037
  18 S   0.93886 0.06111 0.00003 ( 1)  0.096
  19 N   1.00000 0.00000 0.00000 ( 1)  0.037
  20 G   1.00000 0.00000 0.00000 ( 1)  0.037
  21 K   0.99999 0.00001 0.00000 ( 1)  0.037
  22 L   0.99975 0.00025 0.00000 ( 1)  0.037
  23 H   0.99998 0.00002 0.00000 ( 1)  0.037
  24 Q   0.95828 0.04170 0.00002 ( 1)  0.077
  25 T   0.99337 0.00662 0.00000 ( 1)  0.043
  26 T   0.99999 0.00001 0.00000 ( 1)  0.037
  27 K   1.00000 0.00000 0.00000 ( 1)  0.037
  28 D   1.00000 0.00000 0.00000 ( 1)  0.037
  29 A   1.00000 0.00000 0.00000 ( 1)  0.037
  30 I   1.00000 0.00000 0.00000 ( 1)  0.037
  31 E   0.99998 0.00002 0.00000 ( 1)  0.037
  32 Y   1.00000 0.00000 0.00000 ( 1)  0.037
  33 V   0.99990 0.00010 0.00000 ( 1)  0.037
  34 K   1.00000 0.00000 0.00000 ( 1)  0.037
  35 K   0.99996 0.00004 0.00000 ( 1)  0.037
  36 K   1.00000 0.00000 0.00000 ( 1)  0.037
  37 G   1.00000 0.00000 0.00000 ( 1)  0.037
  38 I   0.99997 0.00003 0.00000 ( 1)  0.037
  39 Y   1.00000 0.00000 0.00000 ( 1)  0.037
  40 V   1.00000 0.00000 0.00000 ( 1)  0.037
  41 T   1.00000 0.00000 0.00000 ( 1)  0.037
  42 L   1.00000 0.00000 0.00000 ( 1)  0.037
  43 V   0.99983 0.00017 0.00000 ( 1)  0.037
  44 T   1.00000 0.00000 0.00000 ( 1)  0.037
  45 N   0.99818 0.00182 0.00000 ( 1)  0.038
  46 R   1.00000 0.00000 0.00000 ( 1)  0.037
  47 H   1.00000 0.00000 0.00000 ( 1)  0.037
  48 F   1.00000 0.00000 0.00000 ( 1)  0.037
  49 R   0.99989 0.00011 0.00000 ( 1)  0.037
  50 S   0.99990 0.00010 0.00000 ( 1)  0.037
  51 A   1.00000 0.00000 0.00000 ( 1)  0.037
  52 Q   1.00000 0.00000 0.00000 ( 1)  0.037
  53 K   1.00000 0.00000 0.00000 ( 1)  0.037
  54 V   0.99143 0.00856 0.00000 ( 1)  0.045
  55 A   1.00000 0.00000 0.00000 ( 1)  0.037
  56 K   1.00000 0.00000 0.00000 ( 1)  0.037
  57 I   0.87315 0.12679 0.00006 ( 1)  0.159
  58 L   1.00000 0.00000 0.00000 ( 1)  0.037
  59 K   1.00000 0.00000 0.00000 ( 1)  0.037
  60 L   0.99999 0.00001 0.00000 ( 1)  0.037
  61 N   0.99871 0.00129 0.00000 ( 1)  0.038
  62 *   0.93761 0.06236 0.00003 ( 1)  0.097
  63 A   0.99926 0.00074 0.00000 ( 1)  0.037
  64 K   0.99333 0.00667 0.00000 ( 1)  0.043
  65 L   1.00000 0.00000 0.00000 ( 1)  0.037
  66 I   0.99997 0.00003 0.00000 ( 1)  0.037
  67 T   1.00000 0.00000 0.00000 ( 1)  0.037
  68 H   1.00000 0.00000 0.00000 ( 1)  0.037
  69 S   1.00000 0.00000 0.00000 ( 1)  0.037
  70 G   1.00000 0.00000 0.00000 ( 1)  0.037
  71 A   1.00000 0.00000 0.00000 ( 1)  0.037
  72 Y   0.99995 0.00005 0.00000 ( 1)  0.037
  73 I   0.99994 0.00006 0.00000 ( 1)  0.037
  74 S   0.99994 0.00006 0.00000 ( 1)  0.037
  75 E   0.99896 0.00104 0.00000 ( 1)  0.038
  76 K   0.99999 0.00001 0.00000 ( 1)  0.037
  77 I   0.99051 0.00949 0.00000 ( 1)  0.046
  78 D   0.99995 0.00005 0.00000 ( 1)  0.037
  79 E   0.99676 0.00324 0.00000 ( 1)  0.040
  80 P   1.00000 0.00000 0.00000 ( 1)  0.037
  81 F   0.98373 0.01626 0.00001 ( 1)  0.052
  82 F   0.99939 0.00061 0.00000 ( 1)  0.037
  83 E   0.99792 0.00208 0.00000 ( 1)  0.039
  84 K   1.00000 0.00000 0.00000 ( 1)  0.037
  85 K   0.99996 0.00004 0.00000 ( 1)  0.037
  86 I   0.99984 0.00016 0.00000 ( 1)  0.037
  87 S   0.99378 0.00621 0.00000 ( 1)  0.043
  88 E   0.99980 0.00020 0.00000 ( 1)  0.037
  89 D   1.00000 0.00000 0.00000 ( 1)  0.037
  90 H   0.99950 0.00050 0.00000 ( 1)  0.037
  91 T   1.00000 0.00000 0.00000 ( 1)  0.037
  92 F   1.00000 0.00000 0.00000 ( 1)  0.037
  93 N   1.00000 0.00000 0.00000 ( 1)  0.037
  94 I   0.99988 0.00012 0.00000 ( 1)  0.037
  95 V   0.99996 0.00004 0.00000 ( 1)  0.037
  96 Q   1.00000 0.00000 0.00000 ( 1)  0.037
  97 V   0.99930 0.00070 0.00000 ( 1)  0.037
  98 L   1.00000 0.00000 0.00000 ( 1)  0.037
  99 E   1.00000 0.00000 0.00000 ( 1)  0.037
 100 S   0.99998 0.00002 0.00000 ( 1)  0.037
 101 Y   1.00000 0.00000 0.00000 ( 1)  0.037
 102 P   0.99492 0.00507 0.00000 ( 1)  0.042
 103 C   1.00000 0.00000 0.00000 ( 1)  0.037
 104 N   1.00000 0.00000 0.00000 ( 1)  0.037
 105 I   0.99967 0.00033 0.00000 ( 1)  0.037
 106 R   1.00000 0.00000 0.00000 ( 1)  0.037
 107 L   0.99879 0.00121 0.00000 ( 1)  0.038
 108 L   0.99998 0.00002 0.00000 ( 1)  0.037
 109 H   1.00000 0.00000 0.00000 ( 1)  0.037
 110 E   1.00000 0.00000 0.00000 ( 1)  0.037
 111 K   0.99647 0.00353 0.00000 ( 1)  0.040
 112 Y   0.99999 0.00001 0.00000 ( 1)  0.037
 113 S   1.00000 0.00000 0.00000 ( 1)  0.037
 114 I   0.99999 0.00001 0.00000 ( 1)  0.037
 115 G   1.00000 0.00000 0.00000 ( 1)  0.037
 116 N   1.00000 0.00000 0.00000 ( 1)  0.037
 117 K   1.00000 0.00000 0.00000 ( 1)  0.037
 118 K   0.99991 0.00009 0.00000 ( 1)  0.037
 119 K   0.99994 0.00006 0.00000 ( 1)  0.037
 120 V   0.97529 0.02470 0.00001 ( 1)  0.060
 121 N   0.99964 0.00036 0.00000 ( 1)  0.037
 122 S   0.99930 0.00070 0.00000 ( 1)  0.037
 123 N   0.99993 0.00007 0.00000 ( 1)  0.037
 124 L   1.00000 0.00000 0.00000 ( 1)  0.037
 125 V   0.98957 0.01042 0.00000 ( 1)  0.047
 126 G   1.00000 0.00000 0.00000 ( 1)  0.037
 127 K   0.99999 0.00001 0.00000 ( 1)  0.037
 128 T   0.99998 0.00002 0.00000 ( 1)  0.037
 129 M   0.86339 0.13654 0.00006 ( 1)  0.168
 130 I   0.99998 0.00002 0.00000 ( 1)  0.037
 131 H   0.99894 0.00106 0.00000 ( 1)  0.038
 132 *   0.93761 0.06236 0.00003 ( 1)  0.097
 133 P   0.99885 0.00115 0.00000 ( 1)  0.038
 134 S   1.00000 0.00000 0.00000 ( 1)  0.037
 135 D   1.00000 0.00000 0.00000 ( 1)  0.037
 136 P   1.00000 0.00000 0.00000 ( 1)  0.037
 137 I   1.00000 0.00000 0.00000 ( 1)  0.037
 138 F   1.00000 0.00000 0.00000 ( 1)  0.037
 139 Y   1.00000 0.00000 0.00000 ( 1)  0.037
 140 P   1.00000 0.00000 0.00000 ( 1)  0.037
 141 V   0.99999 0.00001 0.00000 ( 1)  0.037
 142 Q   1.00000 0.00000 0.00000 ( 1)  0.037
 143 F   1.00000 0.00000 0.00000 ( 1)  0.037
 144 V   1.00000 0.00000 0.00000 ( 1)  0.037
 145 E   1.00000 0.00000 0.00000 ( 1)  0.037
 146 S   1.00000 0.00000 0.00000 ( 1)  0.037
 147 L   1.00000 0.00000 0.00000 ( 1)  0.037
 148 S   1.00000 0.00000 0.00000 ( 1)  0.037
 149 D   1.00000 0.00000 0.00000 ( 1)  0.037
 150 L   0.98929 0.01071 0.00000 ( 1)  0.047
 151 L   1.00000 0.00000 0.00000 ( 1)  0.037
 152 L   0.99946 0.00054 0.00000 ( 1)  0.037
 153 D   1.00000 0.00000 0.00000 ( 1)  0.037
 154 E   0.99999 0.00001 0.00000 ( 1)  0.037
 155 P   1.00000 0.00000 0.00000 ( 1)  0.037
 156 V   0.99991 0.00009 0.00000 ( 1)  0.037
 157 S   0.91237 0.08759 0.00004 ( 1)  0.121
 158 A   0.99999 0.00001 0.00000 ( 1)  0.037
 159 P   1.00000 0.00000 0.00000 ( 1)  0.037
 160 V   0.99994 0.00006 0.00000 ( 1)  0.037
 161 I   1.00000 0.00000 0.00000 ( 1)  0.037
 162 E   0.99992 0.00008 0.00000 ( 1)  0.037
 163 V   0.99984 0.00016 0.00000 ( 1)  0.037
 164 H   0.87511 0.12484 0.00006 ( 1)  0.157
 165 A   0.79220 0.20770 0.00010 ( 1)  0.237
 166 E   0.00385 0.99568 0.00046 ( 2)  0.996
 167 D   0.08874 0.91084 0.00042 ( 2)  0.915
 168 G   0.92851 0.07146 0.00003 ( 1)  0.105
 169 L   0.10697 0.89262 0.00041 ( 2)  0.897
 170 Q   0.98434 0.01565 0.00001 ( 1)  0.052
 171 A   0.00224 0.99730 0.00046 ( 2)  0.998
 172 D   1.00000 0.00000 0.00000 ( 1)  0.037
 173 *   0.99661 0.00339 0.00000 ( 1)  0.040
 174 I   0.99954 0.00046 0.00000 ( 1)  0.037
 175 T   0.00247 0.99707 0.00046 ( 2)  0.998
 176 D   0.98021 0.01978 0.00001 ( 1)  0.056
 177 T   0.99997 0.00003 0.00000 ( 1)  0.037
 178 I   1.00000 0.00000 0.00000 ( 1)  0.037
 179 M   0.35111 0.64859 0.00030 ( 2)  0.662
 180 K   0.99840 0.00160 0.00000 ( 1)  0.038
 181 A   1.00000 0.00000 0.00000 ( 1)  0.037
 182 F   1.00000 0.00000 0.00000 ( 1)  0.037
 183 P   1.00000 0.00000 0.00000 ( 1)  0.037
 184 A   0.00179 0.99774 0.00046 ( 2)  0.998
 185 V   0.99987 0.00013 0.00000 ( 1)  0.037
 186 D   0.99998 0.00002 0.00000 ( 1)  0.037
 187 V   0.86743 0.13251 0.00006 ( 1)  0.164
 188 I   0.99923 0.00077 0.00000 ( 1)  0.037
 189 R   0.18567 0.81395 0.00038 ( 2)  0.821
 190 V   0.44571 0.55403 0.00026 ( 2)  0.571
 191 N   0.95564 0.04434 0.00002 ( 1)  0.079
 192 G   0.01659 0.98296 0.00046 ( 2)  0.984
 193 E   0.99968 0.00032 0.00000 ( 1)  0.037
 194 K   0.99811 0.00188 0.00000 ( 1)  0.038
 195 L   0.99964 0.00036 0.00000 ( 1)  0.037
 196 N   0.82632 0.17359 0.00008 ( 1)  0.204
 197 I   1.00000 0.00000 0.00000 ( 1)  0.037
 198 V   0.99998 0.00002 0.00000 ( 1)  0.037
 199 P   0.07076 0.92881 0.00043 ( 2)  0.932
 200 K   0.99976 0.00024 0.00000 ( 1)  0.037
 201 G   1.00000 0.00000 0.00000 ( 1)  0.037
 202 V   1.00000 0.00000 0.00000 ( 1)  0.037
 203 S   0.99974 0.00026 0.00000 ( 1)  0.037
 204 K   1.00000 0.00000 0.00000 ( 1)  0.037
 205 E   0.99969 0.00031 0.00000 ( 1)  0.037
 206 S   0.91738 0.08258 0.00004 ( 1)  0.116
 207 G   1.00000 0.00000 0.00000 ( 1)  0.037
 208 L   1.00000 0.00000 0.00000 ( 1)  0.037
 209 S   0.44289 0.55685 0.00026 ( 2)  0.573
 210 M   0.92333 0.07664 0.00004 ( 1)  0.110
 211 V   0.99998 0.00002 0.00000 ( 1)  0.037
 212 A   0.99982 0.00018 0.00000 ( 1)  0.037
 213 A   0.92373 0.07624 0.00004 ( 1)  0.110
 214 E   0.99973 0.00027 0.00000 ( 1)  0.037
 215 L   0.99999 0.00001 0.00000 ( 1)  0.037
 216 G   1.00000 0.00000 0.00000 ( 1)  0.037
 217 L   0.99999 0.00001 0.00000 ( 1)  0.037
 218 S   0.00001 0.99953 0.00046 ( 2)  1.000
 219 M   0.99985 0.00015 0.00000 ( 1)  0.037
 220 E   0.99705 0.00295 0.00000 ( 1)  0.039
 221 E   0.99999 0.00001 0.00000 ( 1)  0.037
 222 V   0.99281 0.00719 0.00000 ( 1)  0.044
 223 V   1.00000 0.00000 0.00000 ( 1)  0.037
 224 A   1.00000 0.00000 0.00000 ( 1)  0.037
 225 I   1.00000 0.00000 0.00000 ( 1)  0.037
 226 G   1.00000 0.00000 0.00000 ( 1)  0.037
 227 H   0.99999 0.00001 0.00000 ( 1)  0.037
 228 Q   0.10161 0.89798 0.00042 ( 2)  0.902
 229 E   0.00000 0.99954 0.00046 ( 2)  1.000
 230 D   1.00000 0.00000 0.00000 ( 1)  0.037
 231 D   1.00000 0.00000 0.00000 ( 1)  0.037
 232 L   0.99953 0.00047 0.00000 ( 1)  0.037
 233 P   0.99996 0.00004 0.00000 ( 1)  0.037
 234 M   1.00000 0.00000 0.00000 ( 1)  0.037
 235 I   0.99996 0.00004 0.00000 ( 1)  0.037
 236 E   0.99999 0.00001 0.00000 ( 1)  0.037
 237 L   0.99861 0.00139 0.00000 ( 1)  0.038
 238 A   0.99999 0.00001 0.00000 ( 1)  0.037
 239 G   1.00000 0.00000 0.00000 ( 1)  0.037
 240 L   1.00000 0.00000 0.00000 ( 1)  0.037
 241 G   1.00000 0.00000 0.00000 ( 1)  0.037
 242 V   1.00000 0.00000 0.00000 ( 1)  0.037
 243 A   1.00000 0.00000 0.00000 ( 1)  0.037
 244 M   1.00000 0.00000 0.00000 ( 1)  0.037
 245 G   1.00000 0.00000 0.00000 ( 1)  0.037
 246 N   1.00000 0.00000 0.00000 ( 1)  0.037
 247 A   0.99996 0.00004 0.00000 ( 1)  0.037
 248 S   0.08131 0.91826 0.00043 ( 2)  0.922
 249 N   0.01382 0.98573 0.00046 ( 2)  0.987
 250 E   0.99984 0.00016 0.00000 ( 1)  0.037
 251 L   0.65074 0.34910 0.00016 ( 1)  0.373
 252 K   1.00000 0.00000 0.00000 ( 1)  0.037
 253 R   0.99954 0.00046 0.00000 ( 1)  0.037
 254 K   0.99990 0.00010 0.00000 ( 1)  0.037
 255 A   1.00000 0.00000 0.00000 ( 1)  0.037
 256 D   0.99999 0.00001 0.00000 ( 1)  0.037
 257 W   1.00000 0.00000 0.00000 ( 1)  0.037
 258 V   1.00000 0.00000 0.00000 ( 1)  0.037
 259 T   1.00000 0.00000 0.00000 ( 1)  0.037
 260 R   1.00000 0.00000 0.00000 ( 1)  0.037
 261 S   0.99998 0.00002 0.00000 ( 1)  0.037
 262 N   0.99995 0.00005 0.00000 ( 1)  0.037
 263 D   0.99992 0.00008 0.00000 ( 1)  0.037
 264 E   1.00000 0.00000 0.00000 ( 1)  0.037
 265 Q   1.00000 0.00000 0.00000 ( 1)  0.037
 266 G   1.00000 0.00000 0.00000 ( 1)  0.037
 267 V   1.00000 0.00000 0.00000 ( 1)  0.037
 268 A   0.99999 0.00001 0.00000 ( 1)  0.037
 269 Y   1.00000 0.00000 0.00000 ( 1)  0.037
 270 M   1.00000 0.00000 0.00000 ( 1)  0.037
 271 I   0.99997 0.00003 0.00000 ( 1)  0.037
 272 K   1.00000 0.00000 0.00000 ( 1)  0.037
 273 E   1.00000 0.00000 0.00000 ( 1)  0.037
 274 Y   0.99996 0.00004 0.00000 ( 1)  0.037
 275 F   1.00000 0.00000 0.00000 ( 1)  0.037
 276 R   1.00000 0.00000 0.00000 ( 1)  0.037
 277 M   1.00000 0.00000 0.00000 ( 1)  0.037
 278 Q   1.00000 0.00000 0.00000 ( 1)  0.037
 279 H   0.99975 0.00025 0.00000 ( 1)  0.037
 280 R   0.99991 0.00009 0.00000 ( 1)  0.037
 281 K   0.99852 0.00148 0.00000 ( 1)  0.038
 282 G   0.99994 0.00006 0.00000 ( 1)  0.037
 283 F   1.00000 0.00000 0.00000 ( 1)  0.037
 284 L   0.99991 0.00009 0.00000 ( 1)  0.037
 285 D   0.95774 0.04224 0.00002 ( 1)  0.077
 286 K   0.99992 0.00008 0.00000 ( 1)  0.037
 287 F   0.99997 0.00003 0.00000 ( 1)  0.037
 288 H   0.99971 0.00029 0.00000 ( 1)  0.037
 289 M   0.99560 0.00440 0.00000 ( 1)  0.041
 290 K   0.99999 0.00001 0.00000 ( 1)  0.037
 291 R   0.98646 0.01354 0.00001 ( 1)  0.050
 292 P   0.06414 0.93542 0.00043 ( 2)  0.938
 293 *   0.97296 0.02703 0.00001 ( 1)  0.063

Positively selected sites

	Prob(w>1)  mean w



lnL = -6252.287536

Bayes Empirical Bayes (BEB) probabilities for 3 classes (class)& postmean_w
Bam used as reference

   1 *   0.93333 0.03333 0.03333 ( 1)  0.168 +-  0.594
   2 V   0.99997 0.00002 0.00000 ( 1)  0.050 +-  0.005
   3 S   0.99988 0.00011 0.00001 ( 1)  0.050 +-  0.011
   4 K   0.99999 0.00001 0.00000 ( 1)  0.050 +-  0.003
   5 Q   0.99951 0.00038 0.00011 ( 1)  0.051 +-  0.026
   6 M   0.99989 0.00009 0.00002 ( 1)  0.050 +-  0.012
   7 L   1.00000 0.00000 0.00000 ( 1)  0.050 +-  0.000
   8 A   1.00000 0.00000 0.00000 ( 1)  0.050 +-  0.000
   9 L   1.00000 0.00000 0.00000 ( 1)  0.050 +-  0.001
  10 N   1.00000 0.00000 0.00000 ( 1)  0.050 +-  0.001
  11 I   1.00000 0.00000 0.00000 ( 1)  0.050 +-  0.000
  12 D   1.00000 0.00000 0.00000 ( 1)  0.050 +-  0.000
  13 G   1.00000 0.00000 0.00000 ( 1)  0.050 +-  0.001
  14 A   0.99999 0.00001 0.00000 ( 1)  0.050 +-  0.004
  15 L   0.99999 0.00001 0.00000 ( 1)  0.050 +-  0.003
  16 L   1.00000 0.00000 0.00000 ( 1)  0.050 +-  0.001
  17 R   0.99991 0.00009 0.00001 ( 1)  0.050 +-  0.010
  18 S   0.98732 0.01141 0.00127 ( 1)  0.063 +-  0.114
  19 N   1.00000 0.00000 0.00000 ( 1)  0.050 +-  0.000
  20 G   1.00000 0.00000 0.00000 ( 1)  0.050 +-  0.001
  21 K   0.99999 0.00001 0.00000 ( 1)  0.050 +-  0.004
  22 L   0.99977 0.00018 0.00005 ( 1)  0.050 +-  0.017
  23 H   0.99999 0.00001 0.00000 ( 1)  0.050 +-  0.003
  24 Q   0.98733 0.01129 0.00138 ( 1)  0.063 +-  0.115
  25 T   0.99797 0.00160 0.00042 ( 1)  0.052 +-  0.051
  26 T   1.00000 0.00000 0.00000 ( 1)  0.050 +-  0.002
  27 K   1.00000 0.00000 0.00000 ( 1)  0.050 +-  0.001
  28 D   1.00000 0.00000 0.00000 ( 1)  0.050 +-  0.002
  29 A   1.00000 0.00000 0.00000 ( 1)  0.050 +-  0.001
  30 I   1.00000 0.00000 0.00000 ( 1)  0.050 +-  0.002
  31 E   0.99998 0.00001 0.00000 ( 1)  0.050 +-  0.005
  32 Y   1.00000 0.00000 0.00000 ( 1)  0.050 +-  0.000
  33 V   0.99992 0.00006 0.00002 ( 1)  0.050 +-  0.010
  34 K   1.00000 0.00000 0.00000 ( 1)  0.050 +-  0.000
  35 K   0.99999 0.00001 0.00000 ( 1)  0.050 +-  0.004
  36 K   1.00000 0.00000 0.00000 ( 1)  0.050 +-  0.000
  37 G   1.00000 0.00000 0.00000 ( 1)  0.050 +-  0.000
  38 I   0.99997 0.00002 0.00001 ( 1)  0.050 +-  0.006
  39 Y   1.00000 0.00000 0.00000 ( 1)  0.050 +-  0.001
  40 V   1.00000 0.00000 0.00000 ( 1)  0.050 +-  0.001
  41 T   1.00000 0.00000 0.00000 ( 1)  0.050 +-  0.001
  42 L   1.00000 0.00000 0.00000 ( 1)  0.050 +-  0.002
  43 V   0.99992 0.00007 0.00001 ( 1)  0.050 +-  0.010
  44 T   1.00000 0.00000 0.00000 ( 1)  0.050 +-  0.000
  45 N   0.99945 0.00044 0.00011 ( 1)  0.051 +-  0.027
  46 R   1.00000 0.00000 0.00000 ( 1)  0.050 +-  0.001
  47 H   1.00000 0.00000 0.00000 ( 1)  0.050 +-  0.001
  48 F   1.00000 0.00000 0.00000 ( 1)  0.050 +-  0.000
  49 R   0.99996 0.00004 0.00000 ( 1)  0.050 +-  0.006
  50 S   0.99996 0.00003 0.00000 ( 1)  0.050 +-  0.006
  51 A   1.00000 0.00000 0.00000 ( 1)  0.050 +-  0.000
  52 Q   1.00000 0.00000 0.00000 ( 1)  0.050 +-  0.001
  53 K   1.00000 0.00000 0.00000 ( 1)  0.050 +-  0.000
  54 V   0.99593 0.00290 0.00117 ( 1)  0.055 +-  0.082
  55 A   1.00000 0.00000 0.00000 ( 1)  0.050 +-  0.000
  56 K   1.00000 0.00000 0.00000 ( 1)  0.050 +-  0.000
  57 I   0.95813 0.03124 0.01063 ( 1)  0.097 +-  0.239
  58 L   1.00000 0.00000 0.00000 ( 1)  0.050 +-  0.001
  59 K   1.00000 0.00000 0.00000 ( 1)  0.050 +-  0.000
  60 L   0.99999 0.00001 0.00000 ( 1)  0.050 +-  0.003
  61 N   0.99905 0.00079 0.00017 ( 1)  0.051 +-  0.034
  62 *   0.93333 0.03333 0.03333 ( 1)  0.168 +-  0.594
  63 A   0.99966 0.00029 0.00006 ( 1)  0.050 +-  0.020
  64 K   0.99818 0.00155 0.00028 ( 1)  0.052 +-  0.046
  65 L   1.00000 0.00000 0.00000 ( 1)  0.050 +-  0.002
  66 I   0.99997 0.00002 0.00001 ( 1)  0.050 +-  0.006
  67 T   1.00000 0.00000 0.00000 ( 1)  0.050 +-  0.001
  68 H   1.00000 0.00000 0.00000 ( 1)  0.050 +-  0.000
  69 S   1.00000 0.00000 0.00000 ( 1)  0.050 +-  0.001
  70 G   1.00000 0.00000 0.00000 ( 1)  0.050 +-  0.000
  71 A   1.00000 0.00000 0.00000 ( 1)  0.050 +-  0.000
  72 Y   0.99997 0.00002 0.00000 ( 1)  0.050 +-  0.006
  73 I   0.99995 0.00004 0.00001 ( 1)  0.050 +-  0.010
  74 S   0.99995 0.00004 0.00001 ( 1)  0.050 +-  0.008
  75 E   0.99955 0.00037 0.00008 ( 1)  0.050 +-  0.023
  76 K   0.99999 0.00001 0.00000 ( 1)  0.050 +-  0.003
  77 I   0.99709 0.00229 0.00062 ( 1)  0.053 +-  0.062
  78 D   0.99997 0.00003 0.00000 ( 1)  0.050 +-  0.006
  79 E   0.99854 0.00114 0.00032 ( 1)  0.052 +-  0.043
  80 P   1.00000 0.00000 0.00000 ( 1)  0.050 +-  0.001
  81 F   0.99476 0.00400 0.00124 ( 1)  0.056 +-  0.090
  82 F   0.99975 0.00022 0.00004 ( 1)  0.050 +-  0.017
  83 E   0.99931 0.00057 0.00012 ( 1)  0.051 +-  0.029
  84 K   1.00000 0.00000 0.00000 ( 1)  0.050 +-  0.001
  85 K   0.99998 0.00002 0.00000 ( 1)  0.050 +-  0.005
  86 I   0.99990 0.00008 0.00002 ( 1)  0.050 +-  0.011
  87 S   0.99833 0.00151 0.00016 ( 1)  0.052 +-  0.042
  88 E   0.99990 0.00008 0.00002 ( 1)  0.050 +-  0.011
  89 D   1.00000 0.00000 0.00000 ( 1)  0.050 +-  0.002
  90 H   0.99974 0.00022 0.00004 ( 1)  0.050 +-  0.017
  91 T   1.00000 0.00000 0.00000 ( 1)  0.050 +-  0.001
  92 F   1.00000 0.00000 0.00000 ( 1)  0.050 +-  0.000
  93 N   1.00000 0.00000 0.00000 ( 1)  0.050 +-  0.001
  94 I   0.99994 0.00005 0.00001 ( 1)  0.050 +-  0.008
  95 V   0.99997 0.00002 0.00001 ( 1)  0.050 +-  0.006
  96 Q   1.00000 0.00000 0.00000 ( 1)  0.050 +-  0.000
  97 V   0.99964 0.00029 0.00007 ( 1)  0.050 +-  0.021
  98 L   1.00000 0.00000 0.00000 ( 1)  0.050 +-  0.001
  99 E   1.00000 0.00000 0.00000 ( 1)  0.050 +-  0.000
 100 S   0.99999 0.00001 0.00000 ( 1)  0.050 +-  0.002
 101 Y   1.00000 0.00000 0.00000 ( 1)  0.050 +-  0.000
 102 P   0.99729 0.00220 0.00051 ( 1)  0.053 +-  0.059
 103 C   1.00000 0.00000 0.00000 ( 1)  0.050 +-  0.000
 104 N   1.00000 0.00000 0.00000 ( 1)  0.050 +-  0.001
 105 I   0.99984 0.00013 0.00003 ( 1)  0.050 +-  0.015
 106 R   1.00000 0.00000 0.00000 ( 1)  0.050 +-  0.000
 107 L   0.99949 0.00044 0.00007 ( 1)  0.051 +-  0.024
 108 L   0.99999 0.00001 0.00000 ( 1)  0.050 +-  0.003
 109 H   1.00000 0.00000 0.00000 ( 1)  0.050 +-  0.000
 110 E   1.00000 0.00000 0.00000 ( 1)  0.050 +-  0.001
 111 K   0.99894 0.00082 0.00024 ( 1)  0.051 +-  0.039
 112 Y   0.99999 0.00001 0.00000 ( 1)  0.050 +-  0.003
 113 S   1.00000 0.00000 0.00000 ( 1)  0.050 +-  0.001
 114 I   1.00000 0.00000 0.00000 ( 1)  0.050 +-  0.002
 115 G   1.00000 0.00000 0.00000 ( 1)  0.050 +-  0.000
 116 N   1.00000 0.00000 0.00000 ( 1)  0.050 +-  0.000
 117 K   1.00000 0.00000 0.00000 ( 1)  0.050 +-  0.001
 118 K   0.99996 0.00003 0.00001 ( 1)  0.050 +-  0.007
 119 K   0.99997 0.00002 0.00000 ( 1)  0.050 +-  0.005
 120 V   0.99315 0.00583 0.00102 ( 1)  0.057 +-  0.088
 121 N   0.99981 0.00016 0.00003 ( 1)  0.050 +-  0.015
 122 S   0.99981 0.00018 0.00001 ( 1)  0.050 +-  0.014
 123 N   0.99996 0.00004 0.00001 ( 1)  0.050 +-  0.007
 124 L   1.00000 0.00000 0.00000 ( 1)  0.050 +-  0.001
 125 V   0.99598 0.00325 0.00077 ( 1)  0.054 +-  0.071
 126 G   1.00000 0.00000 0.00000 ( 1)  0.050 +-  0.001
 127 K   0.99999 0.00001 0.00000 ( 1)  0.050 +-  0.003
 128 T   0.99998 0.00001 0.00000 ( 1)  0.050 +-  0.005
 129 M   0.96137 0.02969 0.00894 ( 1)  0.093 +-  0.234
 130 I   0.99999 0.00001 0.00000 ( 1)  0.050 +-  0.004
 131 H   0.99973 0.00023 0.00004 ( 1)  0.050 +-  0.018
 132 *   0.93333 0.03333 0.03333 ( 1)  0.168 +-  0.594
 133 P   0.99969 0.00030 0.00002 ( 1)  0.050 +-  0.018
 134 S   1.00000 0.00000 0.00000 ( 1)  0.050 +-  0.002
 135 D   1.00000 0.00000 0.00000 ( 1)  0.050 +-  0.000
 136 P   1.00000 0.00000 0.00000 ( 1)  0.050 +-  0.000
 137 I   1.00000 0.00000 0.00000 ( 1)  0.050 +-  0.002
 138 F   1.00000 0.00000 0.00000 ( 1)  0.050 +-  0.000
 139 Y   1.00000 0.00000 0.00000 ( 1)  0.050 +-  0.000
 140 P   1.00000 0.00000 0.00000 ( 1)  0.050 +-  0.000
 141 V   0.99999 0.00001 0.00000 ( 1)  0.050 +-  0.003
 142 Q   1.00000 0.00000 0.00000 ( 1)  0.050 +-  0.001
 143 F   1.00000 0.00000 0.00000 ( 1)  0.050 +-  0.000
 144 V   1.00000 0.00000 0.00000 ( 1)  0.050 +-  0.001
 145 E   1.00000 0.00000 0.00000 ( 1)  0.050 +-  0.002
 146 S   1.00000 0.00000 0.00000 ( 1)  0.050 +-  0.000
 147 L   1.00000 0.00000 0.00000 ( 1)  0.050 +-  0.002
 148 S   1.00000 0.00000 0.00000 ( 1)  0.050 +-  0.001
 149 D   1.00000 0.00000 0.00000 ( 1)  0.050 +-  0.000
 150 L   0.99683 0.00262 0.00055 ( 1)  0.053 +-  0.062
 151 L   1.00000 0.00000 0.00000 ( 1)  0.050 +-  0.002
 152 L   0.99970 0.00022 0.00007 ( 1)  0.050 +-  0.020
 153 D   1.00000 0.00000 0.00000 ( 1)  0.050 +-  0.001
 154 E   1.00000 0.00000 0.00000 ( 1)  0.050 +-  0.002
 155 P   1.00000 0.00000 0.00000 ( 1)  0.050 +-  0.001
 156 V   0.99995 0.00004 0.00001 ( 1)  0.050 +-  0.008
 157 S   0.97112 0.01998 0.00890 ( 1)  0.084 +-  0.221
 158 A   0.99999 0.00001 0.00000 ( 1)  0.050 +-  0.003
 159 P   1.00000 0.00000 0.00000 ( 1)  0.050 +-  0.001
 160 V   0.99996 0.00003 0.00001 ( 1)  0.050 +-  0.007
 161 I   1.00000 0.00000 0.00000 ( 1)  0.050 +-  0.001
 162 E   0.99997 0.00003 0.00000 ( 1)  0.050 +-  0.006
 163 V   0.99987 0.00010 0.00003 ( 1)  0.050 +-  0.014
 164 H   0.97287 0.02217 0.00496 ( 1)  0.079 +-  0.186
 165 A   0.92232 0.05287 0.02482 ( 1)  0.141 +-  0.336
 166 E   0.03196 0.71109 0.25695 ( 2)  1.160 +-  0.512
 167 D   0.29280 0.52513 0.18206 ( 2)  0.851 +-  0.641
 168 G   0.98548 0.01234 0.00218 ( 1)  0.065 +-  0.128
 169 L   0.40220 0.45978 0.13801 ( 2)  0.705 +-  0.600
 170 Q   0.99295 0.00588 0.00117 ( 1)  0.057 +-  0.091
 171 A   0.02031 0.76126 0.21843 ( 2)  1.127 +-  0.414
 172 D   1.00000 0.00000 0.00000 ( 1)  0.050 +-  0.002
 173 *   0.99702 0.00195 0.00103 ( 1)  0.054 +-  0.082
 174 I   0.99982 0.00014 0.00004 ( 1)  0.050 +-  0.015
 175 T   0.01394 0.63716 0.34891 ( 2)  1.392 +-  0.978
 176 D   0.99571 0.00362 0.00067 ( 1)  0.054 +-  0.071
 177 T   0.99999 0.00001 0.00000 ( 1)  0.050 +-  0.004
 178 I   1.00000 0.00000 0.00000 ( 1)  0.050 +-  0.002
 179 M   0.63122 0.26756 0.10122 ( 1)  0.470 +-  0.610
 180 K   0.99929 0.00058 0.00012 ( 1)  0.051 +-  0.029
 181 A   1.00000 0.00000 0.00000 ( 1)  0.050 +-  0.001
 182 F   1.00000 0.00000 0.00000 ( 1)  0.050 +-  0.000
 183 P   1.00000 0.00000 0.00000 ( 1)  0.050 +-  0.001
 184 A   0.01732 0.76277 0.21991 ( 2)  1.176 +-  0.620
 185 V   0.99989 0.00008 0.00003 ( 1)  0.050 +-  0.013
 186 D   0.99999 0.00001 0.00000 ( 1)  0.050 +-  0.004
 187 V   0.95485 0.03435 0.01080 ( 1)  0.100 +-  0.245
 188 I   0.99973 0.00023 0.00005 ( 1)  0.050 +-  0.019
 189 R   0.57644 0.35674 0.06682 ( 1)  0.490 +-  0.536
 190 V   0.80323 0.15366 0.04311 ( 1)  0.264 +-  0.459
 191 N   0.98921 0.00933 0.00146 ( 1)  0.061 +-  0.109
 192 G   0.04174 0.40894 0.54931 ( 3)  1.754 +-  1.381
 193 E   0.99984 0.00012 0.00004 ( 1)  0.050 +-  0.015
 194 K   0.99898 0.00063 0.00039 ( 1)  0.051 +-  0.049
 195 L   0.99986 0.00012 0.00002 ( 1)  0.050 +-  0.012
 196 N   0.95209 0.03890 0.00902 ( 1)  0.101 +-  0.239
 197 I   1.00000 0.00000 0.00000 ( 1)  0.050 +-  0.001
 198 V   0.99997 0.00002 0.00001 ( 1)  0.050 +-  0.009
 199 P   0.35180 0.52812 0.12008 ( 2)  0.747 +-  0.592
 200 K   0.99993 0.00006 0.00001 ( 1)  0.050 +-  0.009
 201 G   1.00000 0.00000 0.00000 ( 1)  0.050 +-  0.002
 202 V   1.00000 0.00000 0.00000 ( 1)  0.050 +-  0.002
 203 S   0.99991 0.00008 0.00000 ( 1)  0.050 +-  0.009
 204 K   1.00000 0.00000 0.00000 ( 1)  0.050 +-  0.000
 205 E   0.99986 0.00010 0.00003 ( 1)  0.050 +-  0.014
 206 S   0.96155 0.02467 0.01378 ( 1)  0.097 +-  0.253
 207 G   1.00000 0.00000 0.00000 ( 1)  0.050 +-  0.001
 208 L   1.00000 0.00000 0.00000 ( 1)  0.050 +-  0.001
 209 S   0.78043 0.17607 0.04350 ( 1)  0.286 +-  0.469
 210 M   0.97109 0.02050 0.00841 ( 1)  0.084 +-  0.213
 211 V   0.99998 0.00002 0.00000 ( 1)  0.050 +-  0.005
 212 A   0.99991 0.00008 0.00001 ( 1)  0.050 +-  0.010
 213 A   0.97565 0.01988 0.00447 ( 1)  0.076 +-  0.172
 214 E   0.99988 0.00010 0.00002 ( 1)  0.050 +-  0.012
 215 L   0.99999 0.00000 0.00000 ( 1)  0.050 +-  0.003
 216 G   1.00000 0.00000 0.00000 ( 1)  0.050 +-  0.001
 217 L   1.00000 0.00000 0.00000 ( 1)  0.050 +-  0.002
 218 S   0.00002 0.16711 0.83286 ( 3)  2.478 +-  1.866
 219 M   0.99993 0.00006 0.00001 ( 1)  0.050 +-  0.009
 220 E   0.99839 0.00117 0.00045 ( 1)  0.052 +-  0.052
 221 E   0.99999 0.00000 0.00000 ( 1)  0.050 +-  0.003
 222 V   0.99768 0.00200 0.00031 ( 1)  0.052 +-  0.051
 223 V   1.00000 0.00000 0.00000 ( 1)  0.050 +-  0.001
 224 A   1.00000 0.00000 0.00000 ( 1)  0.050 +-  0.002
 225 I   1.00000 0.00000 0.00000 ( 1)  0.050 +-  0.000
 226 G   1.00000 0.00000 0.00000 ( 1)  0.050 +-  0.000
 227 H   1.00000 0.00000 0.00000 ( 1)  0.050 +-  0.002
 228 Q   0.42199 0.48884 0.08917 ( 2)  0.653 +-  0.555
 229 E   0.00001 0.33581 0.66418 ( 3)  2.060 +-  1.604
 230 D   1.00000 0.00000 0.00000 ( 1)  0.050 +-  0.001
 231 D   1.00000 0.00000 0.00000 ( 1)  0.050 +-  0.000
 232 L   0.99977 0.00019 0.00004 ( 1)  0.050 +-  0.017
 233 P   0.99998 0.00002 0.00000 ( 1)  0.050 +-  0.005
 234 M   1.00000 0.00000 0.00000 ( 1)  0.050 +-  0.000
 235 I   0.99997 0.00003 0.00000 ( 1)  0.050 +-  0.006
 236 E   0.99999 0.00001 0.00000 ( 1)  0.050 +-  0.003
 237 L   0.99960 0.00035 0.00005 ( 1)  0.050 +-  0.022
 238 A   1.00000 0.00000 0.00000 ( 1)  0.050 +-  0.002
 239 G   1.00000 0.00000 0.00000 ( 1)  0.050 +-  0.000
 240 L   1.00000 0.00000 0.00000 ( 1)  0.050 +-  0.001
 241 G   1.00000 0.00000 0.00000 ( 1)  0.050 +-  0.000
 242 V   1.00000 0.00000 0.00000 ( 1)  0.050 +-  0.001
 243 A   1.00000 0.00000 0.00000 ( 1)  0.050 +-  0.000
 244 M   1.00000 0.00000 0.00000 ( 1)  0.050 +-  0.000
 245 G   1.00000 0.00000 0.00000 ( 1)  0.050 +-  0.000
 246 N   1.00000 0.00000 0.00000 ( 1)  0.050 +-  0.000
 247 A   0.99997 0.00002 0.00001 ( 1)  0.050 +-  0.007
 248 S   0.29787 0.50148 0.20065 ( 2)  0.858 +-  0.642
 249 N   0.10449 0.65336 0.24215 ( 2)  1.094 +-  0.632
 250 E   0.99989 0.00009 0.00002 ( 1)  0.050 +-  0.012
 251 L   0.84237 0.10140 0.05623 ( 1)  0.246 +-  0.518
 252 K   1.00000 0.00000 0.00000 ( 1)  0.050 +-  0.000
 253 R   0.99978 0.00019 0.00003 ( 1)  0.050 +-  0.016
 254 K   0.99996 0.00004 0.00001 ( 1)  0.050 +-  0.007
 255 A   1.00000 0.00000 0.00000 ( 1)  0.050 +-  0.000
 256 D   1.00000 0.00000 0.00000 ( 1)  0.050 +-  0.002
 257 W   1.00000 0.00000 0.00000 ( 1)  0.050 +-  0.000
 258 V   1.00000 0.00000 0.00000 ( 1)  0.050 +-  0.002
 259 T   1.00000 0.00000 0.00000 ( 1)  0.050 +-  0.000
 260 R   1.00000 0.00000 0.00000 ( 1)  0.050 +-  0.000
 261 S   0.99999 0.00001 0.00000 ( 1)  0.050 +-  0.003
 262 N   0.99998 0.00002 0.00000 ( 1)  0.050 +-  0.005
 263 D   0.99994 0.00005 0.00002 ( 1)  0.050 +-  0.009
 264 E   1.00000 0.00000 0.00000 ( 1)  0.050 +-  0.001
 265 Q   1.00000 0.00000 0.00000 ( 1)  0.050 +-  0.002
 266 G   1.00000 0.00000 0.00000 ( 1)  0.050 +-  0.000
 267 V   1.00000 0.00000 0.00000 ( 1)  0.050 +-  0.002
 268 A   0.99999 0.00001 0.00000 ( 1)  0.050 +-  0.003
 269 Y   1.00000 0.00000 0.00000 ( 1)  0.050 +-  0.000
 270 M   1.00000 0.00000 0.00000 ( 1)  0.050 +-  0.000
 271 I   0.99997 0.00002 0.00000 ( 1)  0.050 +-  0.006
 272 K   1.00000 0.00000 0.00000 ( 1)  0.050 +-  0.002
 273 E   1.00000 0.00000 0.00000 ( 1)  0.050 +-  0.000
 274 Y   0.99999 0.00001 0.00000 ( 1)  0.050 +-  0.004
 275 F   1.00000 0.00000 0.00000 ( 1)  0.050 +-  0.000
 276 R   1.00000 0.00000 0.00000 ( 1)  0.050 +-  0.000
 277 M   1.00000 0.00000 0.00000 ( 1)  0.050 +-  0.000
 278 Q   1.00000 0.00000 0.00000 ( 1)  0.050 +-  0.000
 279 H   0.99988 0.00010 0.00002 ( 1)  0.050 +-  0.012
 280 R   0.99995 0.00004 0.00001 ( 1)  0.050 +-  0.008
 281 K   0.99948 0.00043 0.00009 ( 1)  0.051 +-  0.025
 282 G   0.99997 0.00003 0.00001 ( 1)  0.050 +-  0.006
 283 F   1.00000 0.00000 0.00000 ( 1)  0.050 +-  0.000
 284 L   0.99995 0.00004 0.00001 ( 1)  0.050 +-  0.008
 285 D   0.98724 0.01044 0.00232 ( 1)  0.064 +-  0.123
 286 K   0.99996 0.00004 0.00001 ( 1)  0.050 +-  0.007
 287 F   0.99999 0.00001 0.00000 ( 1)  0.050 +-  0.003
 288 H   0.99989 0.00010 0.00001 ( 1)  0.050 +-  0.011
 289 M   0.99824 0.00140 0.00036 ( 1)  0.052 +-  0.048
 290 K   0.99999 0.00001 0.00000 ( 1)  0.050 +-  0.003
 291 R   0.99396 0.00492 0.00113 ( 1)  0.056 +-  0.086
 292 P   0.21694 0.60095 0.18212 ( 2)  0.914 +-  0.568
 293 *   0.97883 0.01478 0.00639 ( 1)  0.075 +-  0.179

Positively selected sites

	Prob(w>1)  mean w

   192 G      0.549         1.754 +- 1.381
   218 S      0.833         2.478 +- 1.866
   229 E      0.664         2.060 +- 1.604

