

TREE # 1

  0  0.0000   7398.618828  x:  0.17789   1.46711   1.59982   0.25524   1.29668   0.29323   1.26757   0.31181   0.75370   0.49015   0.27112   0.35335   1.34428   0.19257   0.03087   0.18379   0.11059   0.00000   0.00000   2.00000   0.20000   0.20000   0.20000  
  1 99.0000   7398.618104  x:  0.17789   1.46711   1.59982   0.25524   1.29668   0.29323   1.26757   0.31181   0.75370   0.49015   0.27112   0.35335   1.34428   0.19257   0.03087   0.18379   0.11059   0.00000   0.00000   2.00000   0.20000   0.20000   0.20000  
  2 506.7326   7361.308305  x:  0.31503   1.48446   1.63445   0.46483   1.32312   0.36083   1.27866   0.35877   0.71420   0.47591   0.26587   0.32007   1.40580   0.17478   0.07113   0.14194   0.18740   0.00000   0.00000   1.92232   0.19986   0.07209   0.20879  
  3 333.9006   7339.244400  x:  0.53089   1.51103   1.69979   0.78517   1.37107   0.46184   1.30166   0.43673   0.64392   0.45396   0.27604   0.27960   1.51792   0.15074   0.11071   0.15061   0.19070   0.00000   0.00000   1.76480   0.17779   0.23028   0.23239  
  4 281.2382   7329.580157  x:  0.58776   1.51859   1.72560   0.86456   1.38781   0.48352   1.31249   0.46001   0.62661   0.45427   0.29343   0.28574   1.55655   0.11528   0.07025   0.15647   0.11121   0.00000   0.00000   1.70895   0.16053   0.23317   0.24602  
  5 218.5448   7326.638968  x:  0.60656   1.52432   1.75926   0.87806   1.40547   0.47816   1.33032   0.47553   0.62733   0.47271   0.32288   0.31945   1.59467   0.16624   0.06394   0.19267   0.09101   0.00000   0.00000   1.65150   0.15040   0.22071   0.26880  
  6 67.3833   7324.227944  x:  0.61649   1.53017   1.79672   0.87577   1.42463   0.46624   1.35067   0.48952   0.63073   0.49317   0.34110   0.34388   1.63480   0.18200   0.02013   0.20691   0.11255   0.00000   0.00000   1.59372   0.14302   0.22044   0.29496  
  7 111.2308   7320.404214  x:  0.62094   1.54413   1.88682   0.84110   1.46997   0.42834   1.39965   0.51469   0.64014   0.53391   0.33146   0.34871   1.72827   0.20844   0.00943   0.14679   0.10993   0.00000   0.00000   1.47975   0.12979   0.22460   0.35866  
  8 80.5616   7317.006256  x:  0.61760   1.56168   1.99926   0.79075   1.52654   0.38033   1.45776   0.53677   0.64220   0.56464   0.29275   0.31964   1.84567   0.17295   0.03903   0.17890   0.11193   0.00000   0.00000   1.37649   0.11769   0.21418   0.43811  
  9 92.6389   7314.714858  x:  0.60196   1.57849   2.13367   0.76903   1.59328   0.34374   1.50337   0.52393   0.58329   0.51232   0.34869   0.33189   1.99068   0.15246   0.05900   0.16911   0.12019   0.00000   0.00000   1.42371   0.11253   0.21447   0.52705  
 10 27.8839   7313.746915  x:  0.59024   1.58334   2.19928   0.77575   1.62430   0.33642   1.51700   0.51020   0.56537   0.49330   0.32889   0.30450   2.06178   0.18368   0.03223   0.17486   0.11560   0.00000   0.00000   1.46759   0.11119   0.21239   0.56876  
 11 35.0262   7313.304522  x:  0.56797   1.57602   2.23973   0.80431   1.63605   0.34776   1.50503   0.48702   0.60000   0.52356   0.31501   0.32392   2.10682   0.18019   0.03410   0.17392   0.11561   0.00000   0.00000   1.50303   0.10853   0.21516   0.59304  
 12 11.3211   7312.974693  x:  0.51248   1.54928   2.27241   0.83458   1.62045   0.35531   1.46141   0.45064   0.59450   0.52048   0.32018   0.31615   2.13493   0.17960   0.03557   0.17360   0.11670   0.00000   0.00000   1.48210   0.11130   0.21261   0.59811  
 13  5.0898   7312.435449  x:  0.45754   1.51152   2.31957   0.85219   1.58405   0.39135   1.40774   0.53295   0.59316   0.50212   0.31228   0.32210   2.14572   0.17891   0.03846   0.17270   0.11920   0.00000   0.00000   1.48398   0.11090   0.20841   0.62076  
 14  3.7702   7310.971165  x:  0.52652   1.49213   2.40113   0.86990   1.48954   0.35686   1.31946   0.57224   0.60294   0.54021   0.35140   0.26793   2.11883   0.17945   0.04359   0.17084   0.12582   0.00000   0.00000   1.51738   0.11186   0.19755   0.67940  
 15  3.9957   7308.771333  x:  0.62801   1.48152   2.47507   0.89608   1.41212   0.33834   1.26679   0.54790   0.55900   0.52371   0.27634   0.32995   2.06125   0.17764   0.05317   0.16638   0.13644   0.00000   0.00000   1.53374   0.11586   0.18040   0.75628  
 16 13.3027   7302.338526  x:  0.74230   1.45767   2.51028   0.98478   1.48513   0.58084   1.42637   0.42882   0.60322   0.46271   0.28320   0.28412   1.86499   0.17616   0.07988   0.15597   0.16787   0.00000   0.00000   1.54258   0.10989   0.12286   0.97848  
 17 12.2619   7299.869885  x:  0.65883   1.49932   2.36201   1.15044   1.56265   0.43726   1.54737   0.48855   0.55564   0.52444   0.27681   0.27517   1.91240   0.17289   0.09043   0.15225   0.17840   0.00000   0.00000   1.58278   0.11099   0.10271   0.96728  
 18  9.3382   7299.256863  x:  0.65925   1.57680   2.31370   1.17205   1.60547   0.39218   1.51414   0.50552   0.63048   0.45686   0.27646   0.27705   1.97684   0.17419   0.09003   0.15160   0.18028   0.00000   0.00000   1.57391   0.10981   0.09745   0.92395  
 19  6.6806   7298.790882  x:  0.66957   1.68238   2.30467   1.13653   1.65698   0.44211   1.45885   0.51866   0.59775   0.49914   0.27884   0.27863   2.06504   0.17317   0.08974   0.15132   0.18076   0.00000   0.00000   1.57464   0.10788   0.09380   0.81528  
 20  3.9913   7297.453331  x:  0.70791   1.77041   2.55090   1.12636   1.59599   0.48417   1.65271   0.54248   0.65288   0.51493   0.29340   0.29581   2.27404   0.16475   0.08414   0.15295   0.17570   0.00000   0.00000   1.58291   0.10215   0.09400   0.27090  
 21  3.3559   7296.590046  x:  0.74100   1.72294   2.73102   1.16359   1.80480   0.41986   1.64742   0.57956   0.67099   0.53229   0.30219   0.30783   2.25286   0.15740   0.08235   0.15434   0.17205   0.00000   0.00000   1.57961   0.09904   0.09731   0.00010  
 22  4.4955   7295.358031  x:  0.73060   1.82748   2.70008   1.28634   1.80335   0.40273   1.67104   0.59114   0.66080   0.54901   0.32110   0.31758   2.30845   0.15169   0.07601   0.15455   0.16846   0.00000   0.00000   1.53293   0.09120   0.10755   0.00010  
 23  0.6227   7295.068945  x:  0.78760   1.71957   2.62437   1.27878   1.81027   0.41000   1.66595   0.59036   0.65933   0.55026   0.32250   0.31945   2.40600   0.15235   0.07367   0.15405   0.16873   0.00000   0.00000   1.52612   0.09142   0.10814   0.00010  
 24  2.4286   7293.812749  x:  0.87024   1.80851   2.70683   1.56254   1.85812   0.43056   1.72284   0.60341   0.64784   0.56548   0.31498   0.31094   2.41396   0.17030   0.05729   0.16301   0.16322   0.00000   0.00000   1.50520   0.08829   0.09827   0.00010  
 25  0.1684   7293.550776  x:  0.90340   1.87010   2.75138   1.61738   1.91326   0.44592   1.77123   0.62303   0.66724   0.57317   0.31119   0.30995   2.48080   0.17222   0.05884   0.15709   0.16278   0.00000   0.00000   1.54230   0.08599   0.10884   0.00010  
 26  0.1628   7293.479170  x:  0.93461   1.87146   2.81670   1.64692   1.93536   0.45799   1.79622   0.63410   0.67517   0.57531   0.31356   0.31141   2.50675   0.16982   0.06304   0.15573   0.16386   0.00000   0.00000   1.54933   0.08358   0.10619   0.00010  
 27  0.1288   7293.449547  x:  0.95185   1.87009   2.84198   1.66512   1.93652   0.46381   1.80499   0.63971   0.67593   0.57477   0.31664   0.31266   2.51576   0.16584   0.06789   0.15624   0.16474   0.00000   0.00000   1.54949   0.08367   0.10519   0.00010  
 28  0.0354   7293.445886  x:  0.95741   1.88009   2.85660   1.67235   1.93988   0.46472   1.81141   0.64356   0.67712   0.57709   0.31598   0.31287   2.52854   0.16558   0.06796   0.15708   0.16464   0.00000   0.00000   1.54557   0.08311   0.10565   0.00010  
 29  0.0207   7293.445720  x:  0.95751   1.88215   2.85728   1.67129   1.94035   0.46424   1.81223   0.64413   0.67711   0.57793   0.31591   0.31282   2.53126   0.16578   0.06797   0.15686   0.16478   0.00000   0.00000   1.54582   0.08309   0.10558   0.00010  
 30  0.0027   7293.445711  x:  0.95761   1.88236   2.85734   1.67098   1.94063   0.46420   1.81237   0.64425   0.67711   0.57803   0.31600   0.31287   2.53172   0.16578   0.06791   0.15692   0.16479   0.00000   0.00000   1.54591   0.08308   0.10556   0.00010  
 31  0.0006   7293.445710  x:  0.95768   1.88239   2.85737   1.67097   1.94075   0.46423   1.81244   0.64426   0.67713   0.57800   0.31600   0.31287   2.53172   0.16579   0.06789   0.15691   0.16479   0.00000   0.00000   1.54589   0.08308   0.10556   0.00010  
 32  0.0001   7293.445710  x:  0.95770   1.88241   2.85737   1.67099   1.94076   0.46423   1.81247   0.64425   0.67713   0.57800   0.31600   0.31287   2.53171   0.16579   0.06789   0.15691   0.16479   0.00000   0.00000   1.54590   0.08308   0.10556   0.00010  
 33  0.0000   7293.445710  x:  0.95770   1.88241   2.85737   1.67099   1.94075   0.46423   1.81247   0.64425   0.67713   0.57800   0.31600   0.31287   2.53170   0.16579   0.06789   0.15691   0.16479   0.00000   0.00000   1.54589   0.08308   0.10556   0.00010  
 34  0.0000   7293.445710  x:  0.95770   1.88241   2.85737   1.67098   1.94075   0.46423   1.81247   0.64425   0.67713   0.57800   0.31600   0.31287   2.53170   0.16579   0.06789   0.15691   0.16479   0.00000   0.00000   1.54589   0.08308   0.10556   0.00010  
 35  0.0000   7293.445710  x:  0.95771   1.88241   2.85737   1.67098   1.94075   0.46423   1.81247   0.64425   0.67713   0.57800   0.31600   0.31287   2.53170   0.16579   0.06789   0.15691   0.16479   0.00000   0.00000   1.54589   0.08308   0.10556   0.00010  
 36  0.0000   7293.445710  x:  0.95771   1.88241   2.85737   1.67098   1.94075   0.46423   1.81247   0.64425   0.67713   0.57800   0.31600   0.31287   2.53170   0.16579   0.06789   0.15691   0.16479   0.00000   0.00000   1.54589   0.08308   0.10556   0.00010  