

TREE # 1

  0  0.0000   4840.086466  x:  0.05220   0.23486   0.14121   0.07413   0.18501   0.04330   0.17561   0.00000   0.14268   0.19298   0.17290   0.06215   0.07092   0.08416   0.05465   0.06454   0.06577   2.00000   0.20000   0.20000  
  1 99.0000   4181.133942  x:  0.43850   0.55055   0.45939   0.47740   0.48242   0.56994   0.47222   2.37625   0.48237   0.42945   0.63946   0.14738   0.10854   0.10411   0.23256   0.01224   0.00000   1.95841   0.55267   0.18991  
  2 4187.9602   4175.671890  x:  0.44174   0.55351   0.46224   0.48079   0.48504   0.57428   0.47466   2.39571   0.48532   0.43151   0.64364   0.14806   0.10872   0.10416   0.23397   0.01278   0.01597   1.95798   0.55473   0.18975  
  3 8989.6414   4052.302106  x:  0.47606   0.71891   0.56673   0.52239   0.56379   0.58451   0.47888   2.40004   0.56136   0.48626   0.80207   0.14042   0.05234   0.05456   0.20146   0.18754   0.00979   1.91947   0.19110   0.15590  
  4 390.1913   3989.500623  x:  0.53311   1.00106   0.73016   0.59140   0.71231   0.59050   0.49731   2.24983   0.69624   0.56623   1.08310   0.15853   0.08950   0.12243   0.19010   0.03563   0.01489   1.81023   0.11191   0.08346  
  5 259.7974   3921.625871  x:  0.59572   1.33504   0.92434   0.66811   0.88376   0.59175   0.51402   2.05993   0.85125   0.66081   1.41177   0.16183   0.08399   0.13704   0.16022   0.00308   0.01579   1.68621   0.15371   0.00010  
  6 1694.0175   3903.937233  x:  0.63738   1.53243   1.03476   0.71767   0.99220   0.59719   0.53216   1.93862   0.94708   0.71212   1.61492   0.17866   0.13958   0.20700   0.16859   0.03286   0.01455   1.59833   0.18156   0.04562  
  7 1311.2506   3897.611928  x:  0.64481   1.55367   1.02348   0.72531   1.01880   0.60448   0.55363   1.91740   0.95309   0.68431   1.67648   0.14877   0.13023   0.14428   0.21157   0.00826   0.01533   1.54863   0.17893   0.10319  
  8 79.9053   3888.552208  x:  0.66487   1.55576   0.92895   0.74476   1.08756   0.63699   0.63947   1.87345   0.95053   0.55474   1.84018   0.05863   0.19286   0.06603   0.35333   0.02197   0.01459   1.37524   0.17201   0.06202  
  9 107.9253   3881.142149  x:  0.67715   1.53027   0.77040   0.74551   1.13806   0.65739   0.72902   1.86377   0.94852   0.37398   2.04271   0.06276   0.18013   0.05323   0.21811   0.01974   0.01485   1.18662   0.16864   0.07263  
 10 54.9743   3880.095320  x:  0.67544   1.52501   0.73361   0.73914   1.14149   0.65391   0.74095   1.86290   0.95782   0.34561   2.08759   0.06064   0.13759   0.08003   0.21972   0.01996   0.01485   1.16328   0.16877   0.07477  
 11 50.9382   3878.274268  x:  0.66412   1.51098   0.63764   0.71110   1.13444   0.62892   0.75563   1.85946   1.00892   0.30587   2.19810   0.15953   0.08143   0.08640   0.25213   0.02340   0.01467   1.14504   0.16939   0.06852  
 12 42.5595   3876.624066  x:  0.64795   1.48892   0.52495   0.66492   1.10583   0.57305   0.75595   1.86313   1.13240   0.32104   2.32806   0.13075   0.09361   0.07871   0.23952   0.02264   0.01471   1.19823   0.16993   0.07084  
 13 17.6336   3875.103715  x:  0.64783   1.51758   0.56093   0.59646   1.06640   0.47797   0.72532   1.88242   1.15271   0.20970   2.45300   0.11768   0.10994   0.07755   0.24059   0.02240   0.01471   1.28891   0.17291   0.07129  
 14  9.0518   3869.803284  x:  0.66339   1.48142   0.77464   0.33090   1.07391   0.30145   0.71031   1.89413   1.18380   0.29457   2.65586   0.15203   0.04923   0.06969   0.23313   0.02491   0.01456   1.18540   0.17103   0.07013  
 15  5.8290   3866.508329  x:  0.69083   1.50425   0.79817   0.32038   1.15926   0.36680   0.71565   1.84765   1.14467   0.33290   2.75453   0.17867   0.00791   0.06647   0.22466   0.02654   0.01445   1.27350   0.16900   0.07020  
 16 11.4173   3859.360908  x:  0.55152   1.79532   0.69224   0.27925   1.27313   0.45854   0.46412   1.81685   0.82219   0.55712   3.09778   0.17622   0.02610   0.07216   0.20700   0.02810   0.01429   1.33628   0.16870   0.06708  
 17 13.9982   3843.711507  x:  0.74532   2.41440   0.70752   1.13633   0.98849   0.37903   0.41172   1.53088   0.98088   0.66266   3.50072   0.18387   0.02061   0.06331   0.16335   0.03482   0.01361   1.27570   0.14420   0.05270  
 18  9.4779   3827.897124  x:  0.47918   3.09138   0.87521   1.36216   1.15119   0.37750   1.13665   1.24458   1.28139   0.66187   3.79743   0.17360   0.06173   0.07037   0.09984   0.04120   0.01291   1.43779   0.11513   0.03427  
 19 25.9007   3819.221889  x:  0.61868   3.15170   0.98124   1.24513   1.76137   0.50266   0.81725   1.10815   1.72970   0.43973   3.87649   0.15320   0.08650   0.06279   0.12102   0.04319   0.01254   1.42395   0.09978   0.02514  
 20  8.9255   3812.478537  x:  1.09561   3.24739   1.00963   1.17675   1.81050   0.38197   1.11808   0.93863   1.50548   0.65615   4.32380   0.13649   0.10871   0.06193   0.18887   0.04390   0.01214   1.51261   0.08483   0.01639  
 21  4.7444   3809.374766  x:  0.94055   3.43802   1.11235   1.07087   1.44964   0.80893   1.15745   0.83127   1.60638   0.62483   4.55783   0.12708   0.11068   0.06165   0.22572   0.04252   0.01203   1.41473   0.08260   0.01853  
 22  4.0259   3802.956486  x:  0.51517   3.70037   1.09094   1.34634   1.79735   0.45577   1.23273   0.75711   1.59718   0.62633   5.02422   0.14086   0.09019   0.08198   0.27537   0.03581   0.01192   1.24803   0.09089   0.04271  
 23  1.9819   3798.680935  x:  1.16550   3.52017   1.30023   0.95676   1.96221   0.62317   1.21985   0.48386   1.45158   0.77474   6.01108   0.11644   0.12270   0.10657   0.24051   0.03132   0.01175   1.23083   0.08461   0.05349  
 24  2.6552   3797.053840  x:  1.32502   3.97858   1.12675   0.84455   2.05402   0.54770   1.27079   0.41722   1.50490   0.73649   6.14063   0.11025   0.11455   0.10405   0.23615   0.02930   0.01166   1.13049   0.07715   0.06098  
 25  1.8804   3796.238965  x:  1.00697   3.95913   1.24110   1.04855   2.11571   0.47275   1.31708   0.36086   1.49230   0.74766   6.52436   0.10556   0.11496   0.09527   0.23148   0.02819   0.01164   1.19067   0.07479   0.06585  
 26  0.6566   3795.685568  x:  1.05821   4.16596   1.14584   0.92966   2.07995   0.44729   1.36147   0.35573   1.48502   0.71777   6.61916   0.10384   0.11224   0.08289   0.22669   0.02834   0.01170   1.23426   0.07865   0.06659  
 27  0.4349   3795.443378  x:  0.96149   4.17666   1.16339   0.90055   2.00917   0.50897   1.34478   0.35421   1.47257   0.70004   6.76412   0.11938   0.10942   0.08643   0.21167   0.03001   0.01179   1.20950   0.07903   0.05984  
 28  0.1554   3795.339655  x:  1.03586   4.18851   1.11236   0.85161   1.99435   0.48743   1.33879   0.37955   1.42634   0.68809   6.81186   0.11431   0.11093   0.08794   0.20686   0.03029   0.01212   1.20667   0.07849   0.05386  
 29  0.0390   3795.187314  x:  1.02415   4.11125   1.13910   0.86869   2.00546   0.48991   1.31196   0.39283   1.41968   0.65361   6.99831   0.10560   0.12001   0.08842   0.22078   0.02955   0.01277   1.21064   0.07888   0.04427  
 30  0.0636   3794.951808  x:  1.15991   4.27781   1.11755   0.76702   2.04322   0.51899   1.32837   0.37952   1.48370   0.65145   7.27864   0.10256   0.13626   0.08114   0.21790   0.02469   0.01411   1.21830   0.07711   0.04233  
 31  0.0576   3794.652086  x:  1.11735   4.29648   1.16302   0.86786   2.08525   0.49431   1.34637   0.44326   1.50666   0.70904   7.45780   0.09224   0.15190   0.08608   0.21520   0.02118   0.01603   1.20094   0.07420   0.03224  
 32  0.0801   3794.376633  x:  1.12367   4.49626   1.21087   0.89846   2.11870   0.55597   1.38609   0.45269   1.61190   0.71594   7.55411   0.06114   0.16217   0.09001   0.21261   0.02446   0.01701   1.21908   0.07189   0.02323  
 33  0.0763   3794.021692  x:  1.30440   4.97713   1.29549   0.89395   2.34474   0.55265   1.49612   0.44925   1.71228   0.73250   8.38825   0.03801   0.19481   0.08685   0.21577   0.02148   0.02055   1.20345   0.06499   0.01533  
 34  0.2285   3793.713742  x:  1.33252   5.16919   1.41090   0.95396   2.44385   0.59064   1.54581   0.50988   1.72077   0.72619   8.72757   0.02895   0.20366   0.08873   0.21679   0.02703   0.02215   1.21187   0.06392   0.01195  
 35  0.1723   3793.556234  x:  1.37836   5.35488   1.49335   1.00212   2.53644   0.63083   1.58636   0.54669   1.76671   0.72758   9.02725   0.01331   0.21578   0.08911   0.21695   0.02800   0.02370   1.21346   0.05959   0.01306  
 36  0.4024   3793.355152  x:  1.36927   5.42515   1.53590   1.02320   2.59143   0.66136   1.56204   0.64893   1.77849   0.68095   9.22793   0.03540   0.20994   0.08522   0.22103   0.02585   0.02434   1.20537   0.05931   0.03576  
 37  0.0538   3793.183111  x:  1.30692   5.44070   1.54043   1.06613   2.60976   0.66248   1.54472   0.68814   1.77686   0.66840   9.13899   0.06589   0.18602   0.08530   0.22073   0.02501   0.02309   1.20068   0.05934   0.06864  
 38  0.1097   3792.914764  x:  1.29872   5.64859   1.57651   1.14204   2.69264   0.66383   1.59997   0.67121   1.82731   0.70576   9.23724   0.06401   0.16986   0.09069   0.21858   0.02691   0.02217   1.21019   0.05599   0.09527  
 39  0.1942   3792.842346  x:  1.31380   5.63891   1.55677   1.13101   2.67810   0.65301   1.60989   0.63139   1.82282   0.72251   9.24182   0.05758   0.16466   0.09058   0.21927   0.02700   0.02133   1.21960   0.05706   0.10066  
 40  0.0489   3792.708114  x:  1.46565   6.01459   1.65220   1.16418   2.82838   0.69919   1.69858   0.63726   1.92228   0.74213  10.18341   0.05490   0.17051   0.08935   0.22344   0.02717   0.02219   1.22391   0.05269   0.12296  
 41  0.2814   3792.654406  x:  1.46840   5.99587   1.65016   1.18999   2.81954   0.70729   1.69371   0.65902   1.95497   0.75050  10.30221   0.05953   0.16578   0.09078   0.22123   0.02716   0.02146   1.22064   0.05307   0.13261  
 42  0.0679   3792.603010  x:  1.51104   6.07394   1.67673   1.23199   2.85838   0.72806   1.71658   0.69506   2.02733   0.76586  10.61110   0.04732   0.17366   0.09208   0.22014   0.02740   0.02160   1.21991   0.05142   0.13613  
 43  0.2690   3792.571653  x:  1.51406   6.11753   1.67362   1.27069   2.88704   0.72876   1.73138   0.72269   2.07155   0.77147  10.74439   0.05295   0.17047   0.09098   0.22174   0.02785   0.02069   1.22235   0.05038   0.14725  
 44  0.0926   3792.524898  x:  1.50672   5.97778   1.59632   1.24492   2.85129   0.70001   1.72110   0.71895   2.06231   0.76667  10.58205   0.05139   0.17420   0.08790   0.22484   0.02841   0.01861   1.22840   0.05186   0.14087  
 45  0.0855   3792.469893  x:  1.53042   5.96638   1.56240   1.19466   2.87850   0.69761   1.73642   0.69639   2.02752   0.76056  10.58300   0.04436   0.18145   0.08933   0.22341   0.02961   0.01663   1.22187   0.05160   0.13716  
 46  0.0302   3792.433346  x:  1.51215   5.99653   1.60252   1.19810   2.90989   0.73592   1.73695   0.70980   2.00759   0.75262  10.68355   0.04669   0.18110   0.09097   0.22004   0.02903   0.01533   1.21739   0.05130   0.15010  
 47  0.0441   3792.412175  x:  1.52868   6.11766   1.65305   1.24046   2.96788   0.76020   1.76478   0.73411   2.05359   0.76038  10.91584   0.03918   0.18623   0.08992   0.22244   0.02805   0.01480   1.22493   0.05010   0.16299  
 48  0.1419   3792.396748  x:  1.52319   6.23077   1.68071   1.26832   3.00166   0.75127   1.78613   0.73769   2.07362   0.76657  10.89612   0.04115   0.18666   0.08942   0.22399   0.02768   0.01435   1.22828   0.04977   0.16982  
 49  0.0499   3792.392095  x:  1.54389   6.29907   1.69462   1.27289   3.02017   0.75167   1.79827   0.74044   2.08693   0.77118  10.95681   0.03906   0.18909   0.09021   0.22255   0.02809   0.01429   1.22517   0.04925   0.17039  
 50  0.0694   3792.390114  x:  1.55022   6.28441   1.68604   1.26482   2.99905   0.74660   1.78764   0.73949   2.08070   0.77010  10.91757   0.03977   0.18874   0.08991   0.22181   0.02845   0.01418   1.22343   0.04956   0.16739  
 51  0.0193   3792.387897  x:  1.55592   6.29061   1.69283   1.26456   2.98573   0.74810   1.77583   0.74258   2.07691   0.76850  10.93082   0.03971   0.18870   0.08939   0.22267   0.02833   0.01405   1.22453   0.04949   0.16715  
 52  0.0093   3792.387293  x:  1.54403   6.26504   1.68815   1.25967   2.97365   0.74188   1.76747   0.73791   2.06739   0.76781  10.88176   0.03981   0.18840   0.08995   0.22263   0.02823   0.01397   1.22442   0.04974   0.16460  
 53  0.0297   3792.387138  x:  1.53797   6.26003   1.68875   1.26030   2.97092   0.73971   1.76581   0.73877   2.06842   0.76792  10.87876   0.04013   0.18841   0.08984   0.22245   0.02822   0.01404   1.22418   0.04977   0.16328  
 54  0.0043   3792.386944  x:  1.53496   6.26318   1.69276   1.25940   2.97391   0.74059   1.76724   0.74015   2.07051   0.76819  10.89494   0.04004   0.18843   0.08966   0.22251   0.02828   0.01391   1.22412   0.04973   0.16292  
 55  0.0048   3792.386480  x:  1.53772   6.26724   1.70205   1.25009   2.97507   0.74200   1.76722   0.73990   2.06998   0.76864  10.90690   0.04073   0.18742   0.08978   0.22283   0.02834   0.01406   1.22398   0.04971   0.15981  
 56  0.0048   3792.385579  x:  1.55396   6.25203   1.69836   1.23008   2.97372   0.73864   1.76593   0.74139   2.07063   0.77034  10.89103   0.04252   0.18596   0.09002   0.22295   0.02839   0.01394   1.22448   0.04976   0.15280  
 57  0.0080   3792.383870  x:  1.55904   6.22997   1.69884   1.21688   2.96861   0.73676   1.76088   0.74419   2.06514   0.76848  10.85136   0.04457   0.18377   0.08938   0.22229   0.02795   0.01407   1.22396   0.04993   0.13894  
 58  0.0101   3792.378432  x:  1.54372   6.21416   1.69509   1.23429   2.96576   0.73263   1.76086   0.74226   2.05858   0.76356  10.80757   0.05238   0.17544   0.08910   0.22164   0.02787   0.01398   1.22150   0.05002   0.11250  
 59  0.0149   3792.374301  x:  1.51676   6.24343   1.69063   1.28900   2.97382   0.73604   1.77122   0.73752   2.06411   0.76133  10.84265   0.05885   0.16895   0.08946   0.22196   0.02813   0.01381   1.22152   0.04981   0.10571  
 60  0.0679   3792.373083  x:  1.51496   6.23250   1.68879   1.28324   2.96663   0.73445   1.76764   0.73612   2.06345   0.76265  10.84162   0.06190   0.16653   0.08967   0.22236   0.02822   0.01385   1.22269   0.04992   0.09824  
 61  0.0211   3792.372268  x:  1.51696   6.23401   1.68787   1.27772   2.96403   0.73545   1.76580   0.73586   2.06491   0.76505  10.85518   0.06210   0.16684   0.08985   0.22272   0.02827   0.01390   1.22404   0.04994   0.10130  
 62  0.0382   3792.371791  x:  1.51391   6.23510   1.68268   1.27819   2.96250   0.73699   1.76303   0.73600   2.06172   0.76587  10.84296   0.06517   0.16388   0.08966   0.22249   0.02812   0.01392   1.22386   0.04999   0.09708  
 63  0.0089   3792.371737  x:  1.51218   6.23638   1.68108   1.27836   2.96335   0.73635   1.76188   0.73636   2.06083   0.76584  10.83794   0.06546   0.16345   0.08965   0.22247   0.02815   0.01391   1.22332   0.05000   0.09728  
 64  0.0045   3792.371728  x:  1.51219   6.23656   1.68100   1.27856   2.96454   0.73596   1.76128   0.73689   2.06108   0.76570  10.83876   0.06550   0.16342   0.08965   0.22253   0.02817   0.01392   1.22339   0.05000   0.09705  
 65  0.0009   3792.371726  x:  1.51245   6.23739   1.68121   1.27887   2.96526   0.73605   1.76125   0.73694   2.06128   0.76579  10.84052   0.06536   0.16356   0.08965   0.22251   0.02817   0.01391   1.22346   0.04999   0.09732  
 66  0.0013   3792.371726  x:  1.51242   6.23767   1.68116   1.27893   2.96532   0.73610   1.76124   0.73684   2.06129   0.76590  10.84083   0.06537   0.16354   0.08965   0.22250   0.02817   0.01391   1.22344   0.04999   0.09725  
 67  0.0003   3792.371726  x:  1.51246   6.23776   1.68116   1.27891   2.96533   0.73616   1.76126   0.73686   2.06133   0.76592  10.84086   0.06534   0.16357   0.08965   0.22251   0.02817   0.01391   1.22344   0.04999   0.09730  
 68  0.0001   3792.371726  x:  1.51244   6.23777   1.68114   1.27892   2.96532   0.73617   1.76125   0.73686   2.06132   0.76591  10.84080   0.06534   0.16357   0.08965   0.22251   0.02817   0.01391   1.22344   0.04999   0.09729  
 69  0.0001   3792.371726  x:  1.51244   6.23781   1.68114   1.27892   2.96532   0.73617   1.76126   0.73687   2.06132   0.76591  10.84083   0.06534   0.16358   0.08965   0.22251   0.02817   0.01391   1.22344   0.04999   0.09729  