

TREE # 1

  0  0.0000   7398.618836  x:  0.17789   1.46711   1.59982   0.25524   1.29668   0.29323   1.26757   0.31181   0.75370   0.49015   0.27112   0.35335   1.34428   0.19257   0.03087   0.18379   0.11059   0.00000   0.00000   2.00000   0.20000   0.20000  
  1 99.0000   7398.618066  x:  0.17789   1.46711   1.59982   0.25524   1.29668   0.29323   1.26757   0.31181   0.75370   0.49015   0.27112   0.35335   1.34428   0.19257   0.03087   0.18379   0.11059   0.00000   0.00000   2.00000   0.20000   0.20000  
  2 522.5602   7348.718807  x:  0.47418   1.50688   1.67646   0.70921   1.35569   0.44195   1.29444   0.41704   0.67262   0.46305   0.26187   0.28342   1.47759   0.15291   0.13993   0.10948   0.29168   0.00000   0.00000   1.83063   0.18710   0.07103  
  3 280.8227   7323.350929  x:  0.60912   1.52713   1.73041   0.90546   1.39266   0.50067   1.31848   0.47228   0.63622   0.46170   0.30065   0.29378   1.55881   0.11118   0.08066   0.16164   0.13822   0.00000   0.00000   1.71753   0.15777   0.02577  
  4 201.0240   7318.182416  x:  0.65089   1.53435   1.75232   0.96461   1.40638   0.51631   1.32887   0.49041   0.62650   0.46479   0.31333   0.30012   1.58883   0.12630   0.08215   0.17765   0.09442   0.00000   0.00000   1.67496   0.14793   0.07719  
  5 259.4497   7314.760149  x:  0.67104   1.54291   1.78880   0.98362   1.42516   0.51232   1.34911   0.50648   0.62888   0.48341   0.33573   0.32701   1.62725   0.16583   0.03120   0.21742   0.11936   0.00000   0.00000   1.61770   0.14062   0.09548  
  6 77.6569   7311.894623  x:  0.67923   1.55693   1.85213   0.97461   1.45552   0.48980   1.38517   0.52493   0.64162   0.51722   0.34345   0.34839   1.68737   0.24391   0.02749   0.20142   0.10855   0.00000   0.00000   1.53755   0.13190   0.07080  
  7 72.0010   7309.839372  x:  0.68006   1.57038   1.91253   0.95714   1.48413   0.46525   1.41850   0.53750   0.65037   0.54028   0.32544   0.34105   1.74363   0.24134   0.00358   0.16537   0.10831   0.00000   0.00000   1.47924   0.12612   0.07838  
  8 71.7687   7306.309410  x:  0.67298   1.60075   2.05355   0.90376   1.55067   0.40387   1.49444   0.55990   0.66347   0.58131   0.29207   0.32496   1.87652   0.19305   0.03423   0.18288   0.11576   0.00000   0.00000   1.36575   0.11231   0.08165  
  9 110.9185   7304.177769  x:  0.65915   1.62587   2.19765   0.88336   1.61873   0.35642   1.54872   0.54557   0.60847   0.53188   0.34829   0.33949   2.01878   0.18031   0.04162   0.16149   0.12254   0.00000   0.00000   1.40585   0.10817   0.08445  
 10 27.6342   7303.053054  x:  0.64820   1.63765   2.28276   0.88394   1.65872   0.33718   1.57358   0.53080   0.58061   0.50233   0.32828   0.30408   2.10374   0.20576   0.02956   0.17612   0.11981   0.00000   0.00000   1.45174   0.10822   0.08182  
 11 46.2948   7302.573814  x:  0.63048   1.63460   2.33145   0.90799   1.68068   0.35136   1.56939   0.51419   0.61852   0.52946   0.31319   0.32209   2.15564   0.20597   0.02860   0.17749   0.11905   0.00000   0.00000   1.50179   0.10524   0.08231  
 12 12.1257   7302.310848  x:  0.57934   1.60802   2.36086   0.93484   1.67492   0.36940   1.52612   0.47631   0.62326   0.52782   0.31948   0.31409   2.18665   0.20453   0.02967   0.17561   0.12024   0.00000   0.00000   1.48496   0.10700   0.08238  
 13  4.4745   7302.082327  x:  0.54513   1.58386   2.38465   0.94607   1.65840   0.38866   1.49247   0.51951   0.61228   0.51328   0.30219   0.33021   2.19725   0.20376   0.03099   0.17307   0.12226   0.00000   0.00000   1.48375   0.10731   0.08293  
 14  3.0575   7301.789729  x:  0.53907   1.56679   2.40863   0.95592   1.63096   0.39049   1.45984   0.56550   0.61835   0.52636   0.32560   0.30018   2.19658   0.20379   0.03197   0.17049   0.12533   0.00000   0.00000   1.49659   0.10678   0.08441  
 15  4.5677   7300.830252  x:  0.61753   1.55627   2.45204   0.99419   1.54925   0.33345   1.39594   0.55196   0.59904   0.54740   0.30179   0.31157   2.16013   0.20068   0.03638   0.16101   0.13452   0.00000   0.00000   1.52069   0.11015   0.08774  
 16  4.0607   7298.998637  x:  0.70333   1.56542   2.44004   1.03317   1.57945   0.45225   1.47880   0.48413   0.63133   0.49309   0.29218   0.29563   2.04082   0.19847   0.04484   0.14175   0.15532   0.00000   0.00000   1.53164   0.10703   0.09536  
 17  4.8938   7298.498266  x:  0.64787   1.57548   2.35861   1.11601   1.62666   0.40598   1.54250   0.48992   0.59289   0.53368   0.28945   0.29256   2.03746   0.19544   0.04822   0.13771   0.16056   0.00000   0.00000   1.54474   0.10733   0.09701  
 18  4.5000   7298.275465  x:  0.63679   1.61375   2.31011   1.15133   1.65600   0.36214   1.53057   0.50477   0.63603   0.49342   0.29027   0.29235   2.06445   0.19559   0.04862   0.13783   0.16246   0.00000   0.00000   1.54034   0.10675   0.09716  
 19  2.9833   7297.820627  x:  0.66216   1.71505   2.25467   1.14651   1.70762   0.39747   1.46119   0.51748   0.60306   0.52360   0.29293   0.29323   2.14846   0.19347   0.05039   0.14101   0.16624   0.00000   0.00000   1.53712   0.10456   0.09678  
 20  1.7078   7296.085273  x:  0.74429   1.70616   2.33874   1.27775   1.57917   0.45595   1.61356   0.53411   0.62146   0.51897   0.31241   0.30575   2.32283   0.17866   0.05890   0.16573   0.17642   0.00000   0.00000   1.53050   0.09883   0.09228  
 21  1.5334   7295.364627  x:  0.79098   1.63808   2.48157   1.35547   1.73737   0.41853   1.59115   0.55578   0.62155   0.52619   0.32103   0.31136   2.23323   0.16998   0.06469   0.17688   0.17982   0.00000   0.00000   1.52554   0.09660   0.09031  
 22  3.7399   7295.120690  x:  0.76015   1.76423   2.57652   1.40799   1.73090   0.42729   1.61484   0.56650   0.62801   0.53311   0.32026   0.31126   2.20848   0.16676   0.06750   0.17579   0.17890   0.00000   0.00000   1.52727   0.09463   0.08925  
 23  0.6056   7294.349893  x:  0.84573   1.78407   2.67635   1.45399   1.81062   0.43959   1.67679   0.60453   0.66029   0.55284   0.30878   0.30526   2.38509   0.15945   0.07567   0.16009   0.17840   0.00000   0.00000   1.54576   0.09299   0.08491  
 24  1.0978   7294.109501  x:  0.88368   1.78902   2.72089   1.52891   1.84021   0.44129   1.70396   0.61254   0.65723   0.55882   0.30938   0.30667   2.43055   0.16542   0.07552   0.15564   0.17441   0.00000   0.00000   1.53070   0.08876   0.08424  
 25  0.1277   7294.021651  x:  0.90090   1.79099   2.72751   1.58436   1.85672   0.44227   1.72181   0.61037   0.65217   0.55962   0.31357   0.31020   2.41376   0.17013   0.07260   0.15865   0.16897   0.00000   0.00000   1.53275   0.08903   0.08673  
 26  0.0503   7294.011360  x:  0.90753   1.79996   2.73203   1.59487   1.86297   0.44562   1.73059   0.61298   0.65649   0.56106   0.31297   0.30910   2.42259   0.16752   0.07137   0.15941   0.16810   0.00000   0.00000   1.53684   0.08847   0.08876  
 27  0.0188   7294.010910  x:  0.90754   1.80183   2.73115   1.59311   1.86198   0.44658   1.73005   0.61357   0.65741   0.56115   0.31292   0.30927   2.42456   0.16798   0.07086   0.15920   0.16828   0.00000   0.00000   1.53644   0.08850   0.08921  
 28  0.0028   7294.010879  x:  0.90780   1.80179   2.73204   1.59322   1.86216   0.44665   1.73005   0.61383   0.65722   0.56127   0.31299   0.30932   2.42488   0.16814   0.07070   0.15928   0.16835   0.00000   0.00000   1.53619   0.08846   0.08921  
 29  0.0007   7294.010867  x:  0.90789   1.80168   2.73247   1.59326   1.86227   0.44660   1.73017   0.61389   0.65714   0.56130   0.31300   0.30930   2.42484   0.16823   0.07057   0.15924   0.16837   0.00000   0.00000   1.53631   0.08847   0.08910  
 30  0.0002   7294.010865  x:  0.90785   1.80175   2.73213   1.59330   1.86222   0.44660   1.73017   0.61381   0.65723   0.56127   0.31298   0.30930   2.42476   0.16831   0.07052   0.15924   0.16837   0.00000   0.00000   1.53630   0.08847   0.08906  
 31  0.0002   7294.010865  x:  0.90783   1.80173   2.73205   1.59328   1.86218   0.44660   1.73012   0.61379   0.65722   0.56126   0.31299   0.30930   2.42471   0.16830   0.07052   0.15924   0.16837   0.00000   0.00000   1.53629   0.08847   0.08906  
 32  0.0001   7294.010865  x:  0.90782   1.80172   2.73204   1.59328   1.86218   0.44660   1.73011   0.61379   0.65722   0.56126   0.31299   0.30930   2.42470   0.16830   0.07051   0.15924   0.16837   0.00000   0.00000   1.53629   0.08847   0.08906  
 33  0.0000   7294.010865  x:  0.90782   1.80172   2.73204   1.59328   1.86218   0.44660   1.73011   0.61379   0.65722   0.56126   0.31299   0.30930   2.42470   0.16830   0.07051   0.15924   0.16837   0.00000   0.00000   1.53629   0.08847   0.08906  
 34  0.0000   7294.010865  x:  0.90782   1.80172   2.73204   1.59328   1.86218   0.44660   1.73011   0.61379   0.65722   0.56126   0.31299   0.30930   2.42470   0.16830   0.07051   0.15924   0.16837   0.00000   0.00000   1.53629   0.08847   0.08906  