

TREE # 1

  0  0.0000   4554.688993  x:  0.07606   0.53963   0.71304   0.28958   0.42729   0.00000   0.56320   0.08625   0.50348   0.33143   0.33812   0.15040   0.03526   0.09753   0.04239   0.05570   0.06397   2.00000   0.20000   0.20000   0.20000  
  1 99.0000   4229.778903  x:  0.23741   0.61316   0.76687   0.39358   0.52482   0.30598   0.65455   0.21162   0.57118   0.39146   0.46254   0.28226   0.16877   0.20866   0.13493   0.00000   0.01407   1.95006   0.78284   0.21708   0.19837  
  2 1467.7945   4210.860247  x:  0.28365   0.63449   0.78251   0.42347   0.55286   0.39288   0.68093   0.24745   0.59073   0.40880   0.49834   0.31980   0.20671   0.24019   0.16107   0.03208   0.00098   1.93573   0.94768   0.22195   0.19778  
  3 30829.5998   4205.553052  x:  0.29935   0.64550   0.79096   0.43465   0.56357   0.41246   0.69262   0.25811   0.59939   0.41675   0.51232   0.32870   0.21482   0.24607   0.16388   0.03647   0.06484   1.93085   0.97570   0.22300   0.19463  
  4 1091.0148   4094.105035  x:  0.65553   1.03260   1.09883   0.72436   0.84725   0.52100   1.05810   0.44621   0.87047   0.66838   0.89339   0.39365   0.22982   0.19613   0.00000   0.03264   0.05503   1.81710   0.65433   0.22164   0.00180  
  5 271.3993   4094.105035  x:  0.65553   1.03260   1.09883   0.72436   0.84725   0.52100   1.05810   0.44621   0.87047   0.66838   0.89339   0.39365   0.22982   0.19613   0.00000   0.03264   0.05503   1.81710   0.65433   0.22164   0.00180  
  6 5193.9781   4046.575851  x:  0.65610   1.03341   1.09963   0.72483   0.84773   0.52099   1.05880   0.44629   0.87087   0.66865   0.89404   0.39475   0.22997   0.19780   0.01818   0.03103   0.05337   1.81646   0.65263   0.22276   0.15776  
  7 6744.8424   4035.832744  x:  0.66422   1.04491   1.11088   0.73098   0.85427   0.52103   1.06886   0.44738   0.87654   0.67243   0.90297   0.39610   0.23096   0.21206   0.07521   0.00389   0.02531   1.80980   0.62817   0.22238   0.15263  
  8 240.2919   4031.183067  x:  0.67596   1.06149   1.12705   0.73981   0.86366   0.52109   1.08337   0.44898   0.88473   0.67790   0.91587   0.39705   0.23089   0.22471   0.12028   0.03574   0.00530   1.80021   0.59322   0.22171   0.14846  
  9 311.2633   4024.104531  x:  0.71824   1.12081   1.18492   0.77161   0.89755   0.52130   1.13542   0.45490   0.91408   0.69771   0.96244   0.39849   0.22767   0.25170   0.20965   0.06710   0.07783   1.76540   0.47004   0.21896   0.14002  
 10 304.5834   4006.208992  x:  0.79330   1.22302   1.28540   0.82864   0.95836   0.52230   1.22696   0.46734   0.96629   0.73340   1.04584   0.39592   0.21368   0.24228   0.17955   0.05686   0.06185   1.69976   0.29231   0.21374   0.14282  
 11 218.2031   3936.833941  x:  1.46375   2.10632   2.16342   1.35388   1.52610   0.56123   2.04498   0.61861   1.44979   1.07028   1.80120   0.39970   0.10552   0.24650   0.12358   0.04055   0.04476   1.04524   0.24023   0.17623   0.14727  
 12 226.6165   3930.866241  x:  1.58607   2.22480   2.30996   1.43145   1.59314   0.49350   2.15847   0.57887   1.47420   1.06625   1.92423   0.55381   0.21790   0.36067   0.07399   0.03442   0.03784   1.28590   0.24757   0.11874   0.15089  
 13 38.5590   3929.366881  x:  1.61572   2.24749   2.34348   1.44771   1.60563   0.46708   2.18224   0.56261   1.47301   1.05766   1.95253   0.55561   0.19504   0.34115   0.07841   0.03427   0.03749   1.35626   0.25174   0.07784   0.15094  
 14 44.4200   3925.448634  x:  1.72429   2.32019   2.46268   1.50254   1.64528   0.35333   2.26347   0.49298   1.45755   1.01404   2.05385   0.56125   0.09130   0.23531   0.10440   0.03466   0.03735   1.60925   0.26651   0.15294   0.14873  
 15 67.5208   3924.280203  x:  1.77442   2.31356   2.50400   1.50415   1.65289   0.24370   2.28573   0.44810   1.42676   0.96792   2.08822   0.54980   0.01655   0.30667   0.08564   0.03195   0.03434   1.60680   0.26524   0.16190   0.15017  
 16 10.0358   3921.924646  x:  1.87830   2.27412   2.58103   1.49359   1.67575   0.00000   2.32580   0.37022   1.36541   0.87760   2.15251   0.61310   0.02502   0.27600   0.08689   0.03090   0.03248   1.52599   0.25743   0.14692   0.14977  
 17 17.7543   3921.924646  x:  1.87830   2.27412   2.58103   1.49359   1.67575   0.00000   2.32580   0.37022   1.36541   0.87760   2.15251   0.61310   0.02502   0.27600   0.08689   0.03090   0.03248   1.52599   0.25743   0.14692   0.14977  
 18  6.1361   3918.004102  x:  1.87872   2.27487   2.58184   1.49344   1.67637   0.00067   2.32636   0.37099   1.36612   0.87843   2.15265   0.61232   0.02494   0.27357   0.08604   0.01012   0.01539   1.52569   0.22543   0.14634   0.14379  
 19 148.3763   3917.121488  x:  1.87933   2.27583   2.58284   1.49360   1.67745   0.00200   2.32728   0.37234   1.36729   0.87966   2.15308   0.61165   0.02511   0.27133   0.08552   0.01515   0.02055   1.52457   0.20512   0.14610   0.13874  
 20 107.4692   3916.066895  x:  1.88826   2.28847   2.59592   1.49942   1.69454   0.02480   2.34158   0.39396   1.38523   0.89751   2.16155   0.60640   0.03068   0.25197   0.08495   0.00973   0.02708   1.50111   0.20153   0.14816   0.09499  
 21 27.9416   3915.641980  x:  1.89375   2.29622   2.60394   1.50293   1.70476   0.03813   2.35026   0.40662   1.39595   0.90813   2.16674   0.60422   0.03507   0.24369   0.08887   0.01736   0.01802   1.48668   0.19866   0.15276   0.08156  
 22 89.3605   3913.246389  x:  1.93445   2.35355   2.66344   1.52860   1.77841   0.13200   2.41379   0.49598   1.47313   0.98433   2.20503   0.59247   0.07070   0.20366   0.13711   0.01225   0.02084   1.38123   0.17141   0.19880   0.08403  
 23 83.5427   3911.837174  x:  1.96971   2.40245   2.71494   1.54820   1.83006   0.18584   2.46369   0.54802   1.52615   1.03531   2.23682   0.54780   0.07877   0.20030   0.10544   0.01435   0.01627   1.32758   0.15637   0.15688   0.11051  
 24 40.7549   3911.140277  x:  2.00260   2.44745   2.76327   1.56297   1.86376   0.20410   2.50378   0.56733   1.55892   1.06477   2.26472   0.53038   0.08993   0.26672   0.09778   0.01334   0.01669   1.31711   0.14765   0.15201   0.10206  
 25 25.3018   3910.639385  x:  2.04017   2.49872   2.81935   1.57578   1.88876   0.19480   2.54322   0.56271   1.58031   1.08140   2.29466   0.52015   0.09387   0.27220   0.06943   0.01313   0.01657   1.33669   0.14423   0.18214   0.10364  
 26 17.4503   3908.002336  x:  2.26345   2.80344   3.15409   1.64649   2.02171   0.10361   2.76981   0.50473   1.68729   1.15855   2.47023   0.42017   0.09837   0.24455   0.10554   0.01171   0.01726   1.48966   0.13166   0.22351   0.09997  
 27 52.2748   3907.191978  x:  2.34306   2.91323   3.27601   1.66575   2.06463   0.06308   2.84639   0.48041   1.71422   1.17336   2.53061   0.45109   0.17116   0.22778   0.10583   0.01172   0.01706   1.52384   0.12730   0.20056   0.10152  
 28 33.1713   3905.545757  x:  2.44353   3.06323   3.45100   1.64822   2.09926   0.00000   2.91943   0.45731   1.68820   1.12473   2.59002   0.49076   0.12731   0.23155   0.10407   0.01234   0.01747   1.42001   0.12464   0.18605   0.09953  
 29  7.4857   3902.241780  x:  2.68532   3.41613   3.90087   1.56457   2.21711   0.17408   3.03279   0.62647   1.63863   1.06563   2.71497   0.65680   0.00000   0.23983   0.10066   0.01629   0.01700   1.56117   0.12774   0.13537   0.11987  
 30  8.1350   3900.128855  x:  2.84414   3.61130   4.19162   1.53253   2.23064   0.18121   3.04409   0.66854   1.68399   1.16692   2.85034   0.43701   0.19224   0.25934   0.09547   0.01594   0.02262   1.59172   0.13557   0.18692   0.11690  
 31  7.0619   3898.300025  x:  2.98820   3.58851   4.27708   1.92566   2.28827   0.14522   3.16348   0.49292   2.01322   1.38593   3.29638   0.55792   0.08491   0.26600   0.09059   0.01775   0.02293   1.55242   0.12749   0.15131   0.12120  
 32  3.7681   3896.676419  x:  3.19097   3.55095   4.36106   2.38296   2.51895   0.19104   3.50050   0.53145   2.01518   1.17314   3.76042   0.48875   0.13296   0.26962   0.08764   0.01671   0.02494   1.52569   0.11123   0.17173   0.11620  
 33  4.8321   3895.411895  x:  3.38779   3.60226   4.51175   2.52636   2.65642   0.00000   3.83943   0.77327   1.96327   1.33105   3.91093   0.51091   0.10723   0.27000   0.08627   0.01633   0.02513   1.51713   0.10120   0.16890   0.11479  
 34  3.4156   3893.777214  x:  3.78937   3.91235   4.98286   2.47141   3.15898   0.03927   4.25661   0.64678   2.18365   1.46041   3.85356   0.51631   0.09422   0.26446   0.08740   0.01475   0.02511   1.46181   0.08590   0.17197   0.10764  
 35  2.8676   3892.949900  x:  3.92610   4.11240   5.19124   2.46191   3.15074   0.00000   4.32788   0.74486   2.34984   1.40422   3.83187   0.51255   0.09731   0.25934   0.08978   0.01391   0.02368   1.46201   0.08501   0.17501   0.10524  
 36  1.4867   3891.529496  x:  4.41768   4.86661   5.96519   2.62919   3.16389   0.17981   4.46282   0.76074   2.13557   1.71252   4.01232   0.49170   0.11653   0.24249   0.09833   0.01167   0.01843   1.42686   0.08047   0.18372   0.09688  
 37  2.8581   3890.662590  x:  4.82243   5.39058   6.63053   2.82960   3.39327   0.12909   4.71633   0.96925   2.42043   1.73771   4.45753   0.48523   0.12605   0.24153   0.09931   0.01311   0.01796   1.47621   0.06964   0.18719   0.09922  
 38  1.5699   3889.775933  x:  5.07735   5.73806   7.15252   2.85014   3.86922   0.00000   5.29954   1.07556   2.72716   1.78166   4.78909   0.48691   0.13076   0.24425   0.09886   0.01536   0.01871   1.56377   0.06774   0.18866   0.10460  
 39  2.8297   3889.228210  x:  5.60341   6.28374   7.95122   3.10844   3.99737   0.09775   5.91160   1.14728   2.97385   1.90205   5.28366   0.46753   0.14572   0.25035   0.09456   0.01468   0.02273   1.52474   0.05828   0.18564   0.10341  
 40  1.2420   3888.606938  x:  6.25668   6.81628   8.85046   3.52758   4.31749   0.13763   6.14247   1.27703   3.15958   2.07577   5.97464   0.47945   0.12875   0.26051   0.09040   0.01335   0.02426   1.45188   0.05408   0.18160   0.10314  
 41  0.8835   3888.369872  x:  6.68577   7.23939   9.45504   3.77531   4.64108   0.13012   6.51604   1.36268   3.31668   2.21267   6.40240   0.49002   0.12153   0.25894   0.09240   0.01341   0.02242   1.46294   0.04872   0.18370   0.10340  
 42  2.0614   3888.139541  x:  7.13930   7.67270  10.03192   4.04345   4.92787   0.18090   7.15009   1.39334   3.48906   2.39111   6.84668   0.49117   0.13074   0.24449   0.09894   0.01424   0.01818   1.53074   0.04610   0.18824   0.10235  
 43  0.7656   3887.979529  x:  7.68762   8.16003  10.70099   4.37159   5.30444   0.20718   7.70041   1.48260   3.71412   2.57962   7.32216   0.46191   0.14844   0.24792   0.09436   0.01373   0.02312   1.50845   0.04222   0.18447   0.10129  
 44  0.5848   3887.918647  x:  7.83634   8.27454  10.84306   4.46932   5.42311   0.20692   7.83506   1.51300   3.77950   2.63830   7.43161   0.46782   0.14201   0.25115   0.09465   0.01400   0.02269   1.50026   0.04205   0.18609   0.10269  
 45  0.3876   3887.839828  x:  8.33443   8.72328  11.45151   4.76711   5.77102   0.21449   8.28932   1.61454   3.98848   2.80536   7.87019   0.47822   0.13308   0.25436   0.09559   0.01433   0.02107   1.49097   0.03867   0.18888   0.10415  
 46  2.0396   3887.794083  x:  8.84407   9.22117  12.07570   5.06775   6.13925   0.21865   8.77179   1.74709   4.22498   2.97227   8.32669   0.47144   0.14289   0.25040   0.09531   0.01377   0.02015   1.49791   0.03608   0.19046   0.10094  
 47  0.7127   3887.770994  x:  8.90401   9.30768  12.15218   5.10153   6.17902   0.21904   8.82889   1.78525   4.27060   2.98890   8.38161   0.46675   0.14853   0.24830   0.09541   0.01366   0.02019   1.50188   0.03621   0.19111   0.09989  
 48  0.2307   3887.743459  x:  9.38966   9.83179  12.77888   5.38539   6.47882   0.24492   9.30637   1.93141   4.51937   3.14617   8.82189   0.45877   0.15425   0.24932   0.09600   0.01418   0.02110   1.49533   0.03383   0.19372   0.10127  
 49  0.7678   3887.734172  x:  9.60602  10.12030  13.10024   5.50587   6.60845   0.26245   9.53895   2.01853   4.64233   3.21908   9.04068   0.45827   0.15314   0.25163   0.09590   0.01399   0.02084   1.49386   0.03305   0.19580   0.10082  
 50  0.2795   3887.731794  x:  9.76228  10.30452  13.32056   5.59462   6.71322   0.27138   9.70328   2.06699   4.71940   3.27296   9.19385   0.45681   0.15452   0.25123   0.09586   0.01393   0.02080   1.49435   0.03233   0.19629   0.10049  
 51  0.6214   3887.729021  x:  9.85674  10.46429  13.51372   5.64102   6.79334   0.28303   9.83576   2.09841   4.75740   3.31543   9.31764   0.45744   0.15510   0.24855   0.09567   0.01393   0.02086   1.49720   0.03194   0.19435   0.10059  
 52  0.1308   3887.726303  x:  9.97215  10.64391  13.74922   5.69731   6.89568   0.29436   9.98480   2.12870   4.79620   3.36586   9.46479   0.46375   0.14910   0.25047   0.09574   0.01405   0.02076   1.49344   0.03139   0.19194   0.10147  
 53  0.1547   3887.725845  x:  9.93525  10.60242  13.71359   5.67132   6.88030   0.29056   9.94685   2.11174   4.77026   3.35173   9.43504   0.46486   0.14784   0.25062   0.09567   0.01398   0.02082   1.49401   0.03157   0.19137   0.10131  
 54  0.0675   3887.725370  x:  9.97305  10.63363  13.77393   5.68499   6.91070   0.28847   9.97673   2.11332   4.78013   3.35657   9.47047   0.46447   0.14793   0.25038   0.09561   0.01391   0.02088   1.49497   0.03144   0.19144   0.10113  
 55  0.0538   3887.724917  x:  9.96540  10.58883  13.74679   5.67084   6.89222   0.28234   9.94400   2.09798   4.77236   3.33565   9.44426   0.46328   0.14911   0.25031   0.09569   0.01401   0.02081   1.49464   0.03155   0.19225   0.10140  
 56  0.0321   3887.724682  x: 10.03198  10.65489  13.83768   5.70005   6.92133   0.28431  10.00498   2.11312   4.80485   3.34759   9.49909   0.46251   0.15015   0.25048   0.09571   0.01398   0.02083   1.49404   0.03135   0.19266   0.10103  
 57  0.0589   3887.724619  x: 10.05554  10.68030  13.86925   5.71286   6.93842   0.28241  10.02808   2.11848   4.81399   3.35661   9.51953   0.46250   0.14977   0.25031   0.09567   0.01398   0.02083   1.49483   0.03128   0.19251   0.10127  
 58  0.0216   3887.724551  x: 10.08516  10.69592  13.89256   5.72954   6.95408   0.27737  10.04752   2.12148   4.82516   3.36518   9.53448   0.46298   0.14945   0.25044   0.09571   0.01397   0.02084   1.49426   0.03121   0.19251   0.10115  
 59  0.0155   3887.724543  x: 10.08103  10.69045  13.88563   5.72824   6.95181   0.27686  10.04395   2.11937   4.82241   3.36519   9.53044   0.46285   0.14964   0.25041   0.09569   0.01398   0.02083   1.49424   0.03122   0.19238   0.10118  
 60  0.0084   3887.724539  x: 10.08238  10.69297  13.88920   5.72978   6.95191   0.27773  10.04725   2.11866   4.82270   3.36686   9.53377   0.46275   0.14981   0.25038   0.09569   0.01398   0.02083   1.49429   0.03121   0.19245   0.10116  
 61  0.0023   3887.724538  x: 10.08160  10.69283  13.88909   5.72948   6.95112   0.27796  10.04664   2.11856   4.82276   3.36662   9.53408   0.46259   0.14987   0.25042   0.09569   0.01398   0.02083   1.49427   0.03122   0.19255   0.10115  
 62  0.0009   3887.724537  x: 10.08258  10.69591  13.89281   5.73059   6.95294   0.27801  10.04811   2.11916   4.82386   3.36762   9.53761   0.46248   0.14994   0.25040   0.09569   0.01398   0.02083   1.49426   0.03121   0.19260   0.10114  
 63  0.0018   3887.724537  x: 10.08224  10.69538  13.89216   5.73035   6.95271   0.27797  10.04774   2.11905   4.82369   3.36745   9.53710   0.46251   0.14993   0.25040   0.09569   0.01398   0.02083   1.49426   0.03121   0.19259   0.10115  
 64  0.0025   3887.724537  x: 10.08196  10.69505  13.89177   5.73017   6.95260   0.27793  10.04751   2.11898   4.82360   3.36733   9.53683   0.46253   0.14992   0.25041   0.09569   0.01398   0.02083   1.49426   0.03121   0.19258   0.10115  
 65  0.0017   3887.724537  x: 10.08174  10.69486  13.89152   5.73003   6.95254   0.27790  10.04738   2.11892   4.82357   3.36726   9.53669   0.46254   0.14992   0.25041   0.09569   0.01398   0.02083   1.49426   0.03121   0.19257   0.10115  
 66  0.0011   3887.724537  x: 10.08152  10.69473  13.89134   5.72991   6.95252   0.27789  10.04732   2.11887   4.82358   3.36720   9.53663   0.46256   0.14991   0.25041   0.09569   0.01398   0.02083   1.49426   0.03121   0.19256   0.10115  
 67  0.0007   3887.724537  x: 10.08130  10.69467  13.89124   5.72979   6.95252   0.27788  10.04732   2.11882   4.82363   3.36716   9.53666   0.46257   0.14990   0.25041   0.09569   0.01398   0.02083   1.49426   0.03121   0.19256   0.10115  
 68  0.0004   3887.724537  x: 10.08109  10.69482  13.89134   5.72972   6.95261   0.27789  10.04751   2.11877   4.82380   3.36718   9.53693   0.46257   0.14990   0.25041   0.09569   0.01398   0.02083   1.49426   0.03121   0.19255   0.10115  
 69  0.0002   3887.724537  x: 10.08122  10.69481  13.89135   5.72978   6.95259   0.27789  10.04747   2.11880   4.82374   3.36719   9.53686   0.46257   0.14990   0.25041   0.09569   0.01398   0.02083   1.49426   0.03121   0.19256   0.10115  
 70  0.0002   3887.724537  x: 10.08147  10.69505  13.89155   5.72993   6.95264   0.27792  10.04758   2.11885   4.82376   3.36726   9.53696   0.46255   0.14991   0.25041   0.09569   0.01398   0.02083   1.49426   0.03121   0.19257   0.10115  
 71  0.0001   3887.724537  x: 10.08147  10.69505  13.89155   5.72993   6.95264   0.27792  10.04758   2.11885   4.82376   3.36726   9.53696   0.46255   0.14991   0.25041   0.09569   0.01398   0.02083   1.49426   0.03121   0.19257   0.10115  
 72  0.0004   3887.724537  x: 10.08147  10.69505  13.89155   5.72993   6.95264   0.27792  10.04758   2.11885   4.82376   3.36726   9.53696   0.46255   0.14991   0.25041   0.09569   0.01398   0.02083   1.49426   0.03121   0.19257   0.10115  
 73  0.0007   3887.724537  x: 10.08147  10.69505  13.89155   5.72993   6.95264   0.27792  10.04758   2.11885   4.82376   3.36726   9.53696   0.46255   0.14991   0.25041   0.09569   0.01398   0.02083   1.49426   0.03121   0.19257   0.10115  
check convergence!
