

TREE # 1

  0  0.0000   3748.230185  x:  0.19545   0.24770   0.29791   0.10096   0.33813   0.14686   0.32620   0.04578   0.21056   0.10233   0.09934   0.06560   0.41016   0.04162   0.09289   0.02485   0.07419   0.00000   0.06591   2.00000   0.20000  
  1 99.0000   3735.308870  x:  0.19719   0.24879   0.29925   0.10275   0.33850   0.14737   0.32649   0.04698   0.21103   0.10285   0.09993   0.06623   0.41129   0.04148   0.09271   0.02566   0.07423   0.04264   0.06590   1.99975   0.19902  
  2 7501.7382   3580.236975  x:  0.40676   0.38096   0.46096   0.31700   0.38259   0.20865   0.36064   0.19052   0.26733   0.16516   0.17069   0.14146   0.54753   0.02449   0.07201   0.11005   0.04362   0.04239   0.01989   1.96973   0.08504  
  3 684.0910   3525.059223  x:  0.52430   0.45748   0.55685   0.43195   0.41089   0.24300   0.38105   0.26172   0.29910   0.19695   0.20715   0.17677   0.63058   0.01956   0.06469   0.13943   0.02997   0.04225   0.02012   1.94735   0.17746  
  4 1668.1897   3504.239726  x:  0.60608   0.51949   0.64907   0.48210   0.44007   0.25677   0.38924   0.25134   0.31024   0.18608   0.20934   0.14710   0.72451   0.06068   0.09914   0.04431   0.07723   0.04076   0.17639   1.90659   0.16638  
  5 314.0272   3497.909938  x:  0.62279   0.53432   0.67806   0.47968   0.45040   0.25510   0.38917   0.22406   0.30989   0.17202   0.20212   0.12008   0.75956   0.04492   0.08868   0.01488   0.06384   0.04099   0.17097   1.88462   0.16382  
  6 169.3677   3484.856935  x:  0.66137   0.57184   0.75787   0.45818   0.47979   0.24591   0.38721   0.13112   0.30681   0.12663   0.17737   0.03467   0.86021   0.01592   0.07483   0.03379   0.04882   0.04104   0.17675   1.81732   0.15835  
  7 450.9810   3478.184436  x:  0.67436   0.58818   0.81501   0.41025   0.50442   0.22943   0.38994   0.05629   0.32131   0.12512   0.18730   0.03814   0.94573   0.05339   0.10565   0.03158   0.05175   0.04139   0.13836   1.74369   0.15547  
  8 153.1093   3467.768877  x:  0.65427   0.58813   0.91526   0.23797   0.56030   0.18217   0.42195   0.05473   0.35128   0.15359   0.20707   0.07150   1.13214   0.01976   0.08569   0.03066   0.11277   0.04120   0.11815   1.54747   0.14779  
  9 134.3298   3463.513003  x:  0.63676   0.57375   0.95096   0.16198   0.58707   0.16335   0.43878   0.10398   0.35307   0.15202   0.20294   0.05426   1.22089   0.04001   0.10438   0.03286   0.08264   0.04146   0.11226   1.43799   0.14381  
 10 159.7386   3461.078511  x:  0.61524   0.52935   0.93909   0.17564   0.60018   0.16016   0.43486   0.09626   0.34142   0.15710   0.21508   0.07736   1.27320   0.03147   0.10353   0.03794   0.04387   0.04151   0.13508   1.33290   0.14034  
 11 50.5250   3458.595136  x:  0.59445   0.46310   0.90879   0.22650   0.61293   0.16300   0.42667   0.10289   0.31941   0.14991   0.21320   0.06992   1.33260   0.03303   0.10791   0.03502   0.06680   0.04145   0.12153   1.18563   0.13981  
 12 86.0257   3458.187889  x:  0.61356   0.46329   0.89181   0.22765   0.60163   0.15357   0.42172   0.10046   0.34434   0.16789   0.19856   0.06143   1.32554   0.03913   0.09908   0.03518   0.06485   0.04145   0.12321   1.15042   0.13924  
 13 11.4133   3457.620512  x:  0.65572   0.48214   0.86678   0.21393   0.58174   0.14720   0.41806   0.10237   0.34980   0.14482   0.22245   0.06128   1.30117   0.04096   0.09355   0.03522   0.06454   0.04143   0.12412   1.10310   0.13897  
 14 10.6765   3456.452632  x:  0.69358   0.52039   0.84950   0.19620   0.57845   0.19361   0.43219   0.09753   0.32150   0.16147   0.20257   0.06953   1.27343   0.01072   0.13480   0.03456   0.06336   0.04146   0.11968   1.06049   0.13694  
 15  6.8995   3438.901867  x:  0.71111   0.69599   0.87797   0.26223   0.59088   0.26926   0.49484   0.10184   0.25298   0.18315   0.17842   0.08921   1.32407   0.11594   0.00000   0.04074   0.05533   0.04149   0.08010   1.05103   0.11938  
 16  4.2128   3411.931810  x:  0.73112   0.89017   0.92924   0.41389   0.57533   0.23168   0.54090   0.13524   0.33102   0.17728   0.22464   0.07048   1.44851   0.08329   0.04709   0.04230   0.04561   0.04159   0.01304   1.09594   0.09377  
 17 69.5739   3406.715301  x:  0.90664   0.67742   1.01512   0.36750   0.67667   0.34919   0.45299   0.14243   0.38502   0.18563   0.27565   0.04201   1.43829   0.08880   0.03099   0.04328   0.04364   0.04151   0.00824   1.15338   0.08691  
 18 18.9504   3399.708717  x:  1.10415   0.44997   1.23343   0.40006   0.62880   0.23600   0.58279   0.13861   0.31034   0.20415   0.25118   0.06106   1.36506   0.07895   0.04030   0.04632   0.03480   0.04129   0.01632   1.17998   0.07902  
 19 11.0865   3394.159081  x:  1.08585   0.51837   1.32593   0.43457   0.68113   0.24338   0.35949   0.18350   0.35423   0.15918   0.20998   0.11041   1.33908   0.06208   0.05131   0.04924   0.03306   0.04106   0.02521   1.16005   0.07348  
 20 11.0328   3392.344841  x:  1.06074   0.57445   1.26376   0.44615   0.73320   0.29170   0.37318   0.17862   0.39666   0.20795   0.30657   0.03924   1.37586   0.05780   0.05074   0.04914   0.03147   0.04096   0.03250   1.17132   0.06935  
 21 12.0829   3390.602366  x:  1.15631   0.60744   1.09692   0.43348   0.75228   0.25963   0.35261   0.18795   0.35805   0.21813   0.29085   0.05425   1.54935   0.05179   0.05592   0.05039   0.03326   0.04085   0.03376   1.25380   0.06950  
 22  7.6529   3388.988123  x:  1.17833   0.61402   1.06746   0.45016   0.74152   0.30283   0.42862   0.18843   0.43756   0.13567   0.24299   0.09905   1.61499   0.04675   0.05577   0.05186   0.03348   0.04073   0.03608   1.27397   0.06771  
 23  4.5570   3374.164995  x:  1.29783   0.69683   1.35451   0.61206   0.37840   0.31519   0.44301   0.24086   0.47047   0.17294   0.31582   0.07627   1.86511   0.00000   0.08050   0.05970   0.04886   0.03972   0.03721   1.29938   0.06831  
 24  6.1713   3374.164995  x:  1.29783   0.69683   1.35451   0.61206   0.37840   0.31519   0.44301   0.24086   0.47047   0.17294   0.31582   0.07627   1.86511   0.00000   0.08050   0.05970   0.04886   0.03972   0.03721   1.29938   0.06831  
 25 15.6725   3372.845540  x:  1.29865   0.69741   1.35517   0.61292   0.37970   0.31565   0.44327   0.24113   0.47032   0.17289   0.31572   0.07591   1.86563   0.00607   0.08221   0.05965   0.04872   0.03803   0.03762   1.29875   0.07638  
 26 271.7009   3371.667486  x:  1.30253   0.70002   1.35820   0.61704   0.38607   0.31770   0.44429   0.24210   0.46918   0.17236   0.31508   0.07382   1.86798   0.02221   0.08798   0.05915   0.04776   0.02975   0.03948   1.29618   0.07037  
 27 131.8150   3369.954651  x:  1.32052   0.71232   1.37256   0.63672   0.41502   0.32699   0.44915   0.24670   0.46448   0.17044   0.31252   0.06495   1.87899   0.01805   0.08627   0.05671   0.04312   0.01386   0.04379   1.28410   0.07049  
 28 72.6902   3360.887853  x:  1.45945   0.80700   1.48342   0.78797   0.63491   0.39648   0.48557   0.28159   0.42941   0.15738   0.29417   0.00000   1.96413   0.01831   0.08609   0.04567   0.02298   0.03198   0.06867   1.19132   0.06173  
 29 385.3151   3360.887853  x:  1.45945   0.80700   1.48342   0.78797   0.63491   0.39648   0.48557   0.28159   0.42941   0.15738   0.29417   0.00000   1.96413   0.01831   0.08609   0.04567   0.02298   0.03198   0.06867   1.19132   0.06173  
 30 485.9619   3359.839242  x:  1.46048   0.80761   1.48427   0.78887   0.63532   0.39622   0.48547   0.28163   0.43024   0.15867   0.29529   0.00318   1.96483   0.01936   0.08646   0.04881   0.03049   0.03091   0.06497   1.19086   0.06802  
 31 187.0004   3357.571840  x:  1.46445   0.80983   1.48749   0.79230   0.63673   0.39492   0.48483   0.28154   0.43338   0.16366   0.29962   0.01554   1.96749   0.02292   0.08753   0.05962   0.05442   0.02669   0.05025   1.18944   0.06148  
 32 290.9991   3356.416670  x:  1.47372   0.81505   1.49504   0.80035   0.64008   0.39212   0.48349   0.28141   0.43892   0.17220   0.30682   0.03421   1.97375   0.02370   0.08481   0.05976   0.04633   0.02634   0.03098   1.18604   0.06207  
 33 72.8978   3354.720844  x:  1.50886   0.83476   1.52371   0.83082   0.65282   0.38165   0.47858   0.28078   0.45541   0.19680   0.32746   0.08488   1.99761   0.02914   0.07830   0.06225   0.04002   0.03599   0.04799   1.17332   0.06076  
 34 78.8026   3353.852664  x:  1.53204   0.84760   1.54268   0.85078   0.66139   0.37511   0.47595   0.28038   0.45935   0.20141   0.33139   0.09160   2.01355   0.03050   0.07608   0.05614   0.03967   0.02038   0.05281   1.16526   0.06018  
 35 74.6832   3348.508164  x:  1.70490   0.94250   1.68422   0.99898   0.72575   0.32760   0.45852   0.27800   0.47133   0.20674   0.33680   0.07680   2.13308   0.03652   0.06783   0.02276   0.05379   0.02867   0.04848   1.10682   0.05353  
 36 153.6348   3336.486678  x:  2.17019   1.19690   2.06506   1.39692   0.89926   0.20065   0.41383   0.27298   0.49841   0.21263   0.34477   0.01720   2.45538   0.05182   0.05282   0.05804   0.04534   0.03156   0.04286   0.95258   0.03805  
 37 1152.0573   3335.823039  x:  2.20724   1.20749   2.09235   1.42146   0.91156   0.19270   0.42402   0.28055   0.49253   0.20702   0.34922   0.02114   2.48230   0.05213   0.08694   0.05669   0.04263   0.03152   0.04275   0.97927   0.03760  
 38 35.7491   3334.374291  x:  2.27176   1.22077   2.13825   1.46023   0.93187   0.17999   0.44683   0.29609   0.47922   0.19508   0.35690   0.03077   2.52976   0.01059   0.10987   0.05776   0.04450   0.03147   0.04359   1.04283   0.03698  
 39 92.7519   3332.853677  x:  2.38357   1.22170   2.21073   1.50904   0.95931   0.16193   0.48848   0.31736   0.45333   0.17337   0.35247   0.04077   2.61359   0.04700   0.06636   0.05931   0.04354   0.03169   0.04340   1.19364   0.03685  
 40 39.8437   3332.203889  x:  2.44408   1.18833   2.24200   1.50750   0.95847   0.16546   0.47309   0.28717   0.48171   0.20791   0.30296   0.03615   2.66340   0.04503   0.06866   0.05986   0.04367   0.03174   0.04295   1.24849   0.03742  
 41 12.1582   3330.981951  x:  2.58839   1.06078   2.30873   1.45704   0.93944   0.20849   0.42435   0.22696   0.47159   0.16982   0.32056   0.04812   2.79182   0.04190   0.07189   0.06081   0.04255   0.03170   0.04316   1.26207   0.03868  
 42 10.6866   3328.100690  x:  2.96076   0.71845   2.48360   1.29391   0.88600   0.32249   0.45393   0.32677   0.47653   0.19143   0.33567   0.03337   3.13277   0.03948   0.07339   0.06094   0.04165   0.03129   0.04274   1.20445   0.03743  
 43 32.8901   3326.192566  x:  3.10112   0.78185   2.60223   1.12974   0.84723   0.17481   0.55912   0.29595   0.49233   0.16591   0.32517   0.04176   3.27806   0.03506   0.07742   0.06258   0.03975   0.03112   0.04272   1.16691   0.03898  
 44  5.8272   3322.745137  x:  3.28246   1.15805   2.81862   0.88324   1.12136   0.31352   0.59375   0.30485   0.50156   0.20918   0.37661   0.00000   3.52087   0.03188   0.07957   0.06571   0.03755   0.03060   0.04111   1.18104   0.03739  
 45  9.6436   3320.918544  x:  3.30758   1.28270   2.83370   1.03327   1.14640   0.30846   0.46690   0.44405   0.52442   0.13511   0.31097   0.04371   3.63300   0.02803   0.08323   0.06836   0.03472   0.03036   0.04174   1.19596   0.03864  
 46  6.4161   3319.177531  x:  3.30629   1.31662   2.80899   1.27070   1.13389   0.32389   0.51219   0.42467   0.55887   0.16040   0.37467   0.00000   3.72305   0.02842   0.08251   0.07026   0.03521   0.03021   0.04015   1.20466   0.03860  
 47  8.2903   3318.488885  x:  3.31197   1.32855   2.81168   1.41500   1.15854   0.37359   0.60371   0.37956   0.51700   0.14892   0.31160   0.04081   3.78731   0.02841   0.08251   0.07076   0.03380   0.02990   0.04146   1.16943   0.03758  
 48  9.2620   3312.183462  x:  3.72148   1.45260   3.77675   1.92185   1.43838   0.25261   0.60050   0.40236   0.57268   0.18843   0.36338   0.03249   4.72766   0.02951   0.08141   0.07106   0.04525   0.02517   0.04366   1.12288   0.02678  
 49  1.7486   3311.824777  x:  3.79805   1.45943   3.81986   1.95864   1.45142   0.21755   0.57186   0.40457   0.48605   0.25053   0.36999   0.02684   4.74786   0.02833   0.08281   0.07156   0.04604   0.02503   0.04358   1.12050   0.02710  
 50  4.8736   3308.955082  x:  5.34834   1.59419   3.97872   2.33159   1.69219   0.13929   0.60371   0.45343   0.59681   0.21939   0.40161   0.01689   4.39693   0.02537   0.08672   0.07342   0.05279   0.02524   0.04295   1.09457   0.02475  
 51  3.2140   3308.137997  x:  5.64189   1.82902   4.20139   2.44202   1.40148   0.33227   0.61331   0.47533   0.59164   0.22714   0.39689   0.02077   4.62007   0.02790   0.08394   0.07327   0.05386   0.02612   0.04232   1.12424   0.02354  
 52  2.1241   3305.033341  x:  6.06809   2.03794   5.06996   2.94849   1.76611   0.23453   0.63285   0.54643   0.69153   0.18832   0.40161   0.02467   6.40995   0.04363   0.06579   0.06833   0.05481   0.03110   0.03935   1.18950   0.02231  
 53  2.2246   3304.153090  x:  6.48355   2.20204   5.28332   3.15361   1.92605   0.20349   0.64813   0.56934   0.69823   0.18940   0.40015   0.02415   7.06242   0.04624   0.06423   0.06672   0.05369   0.03124   0.03907   1.17321   0.01925  
 54  2.3201   3303.197731  x:  7.45361   2.38726   6.20540   3.64325   2.07122   0.29391   0.71997   0.59682   0.68079   0.17934   0.37652   0.02440   7.57941   0.04650   0.07185   0.06175   0.04576   0.02682   0.04248   1.12101   0.01668  
 55  0.7981   3302.913482  x:  7.70090   2.44165   6.27758   3.70319   2.09289   0.31118   0.72957   0.59925   0.66566   0.18152   0.37618   0.02488   7.62607   0.04386   0.07204   0.06039   0.04508   0.02689   0.04314   1.12699   0.01725  
 56  0.3157   3302.604968  x:  8.64099   2.74314   6.71419   4.05334   2.30202   0.31037   0.75510   0.64045   0.67137   0.18700   0.39145   0.02582   8.45698   0.04117   0.06724   0.05801   0.04763   0.02978   0.04272   1.15746   0.01553  
 57  0.8272   3302.496781  x:  9.21574   2.91506   7.06798   4.26751   2.44724   0.31083   0.77331   0.66758   0.68721   0.18521   0.39328   0.02571   8.91539   0.04066   0.07686   0.05883   0.04838   0.02868   0.04197   1.14406   0.01480  
 58  0.3801   3302.463805  x:  9.47148   3.00266   7.30941   4.37773   2.51688   0.31631   0.78669   0.68277   0.69949   0.18383   0.39035   0.02690   9.16076   0.04081   0.07141   0.06105   0.04793   0.02828   0.04197   1.14327   0.01436  
 59  0.2419   3302.459126  x:  9.44916   3.01293   7.33280   4.36839   2.51538   0.31936   0.78854   0.68458   0.70104   0.18405   0.38886   0.02746   9.18014   0.04163   0.07136   0.06180   0.04780   0.02855   0.04207   1.14313   0.01442  
 60  0.0296   3302.455639  x:  9.48700   3.04930   7.39635   4.38313   2.52699   0.32445   0.79379   0.69019   0.70225   0.18453   0.38820   0.02802   9.27138   0.04248   0.07168   0.06212   0.04770   0.02877   0.04219   1.14273   0.01427  
 61  0.0989   3302.452669  x:  9.42030   3.06677   7.37790   4.34321   2.51345   0.32899   0.79694   0.69216   0.69862   0.18521   0.38886   0.02820   9.28601   0.04248   0.07079   0.06172   0.04780   0.02850   0.04220   1.14397   0.01431  
 62  0.0311   3302.451843  x:  9.42896   3.07712   7.37677   4.33305   2.52132   0.32651   0.79903   0.69433   0.69904   0.18457   0.38946   0.02761   9.28567   0.04167   0.07190   0.06137   0.04793   0.02860   0.04195   1.14314   0.01430  
 63  0.0070   3302.451450  x:  9.44256   3.08382   7.38711   4.32957   2.52947   0.32453   0.80061   0.69614   0.70044   0.18446   0.38921   0.02774   9.27917   0.04152   0.07181   0.06154   0.04783   0.02857   0.04214   1.14343   0.01429  
 64  0.0095   3302.451359  x:  9.43124   3.08163   7.37378   4.32090   2.52636   0.32417   0.80019   0.69583   0.69961   0.18484   0.38903   0.02796   9.26027   0.04181   0.07164   0.06151   0.04782   0.02858   0.04214   1.14359   0.01431  
 65  0.0124   3302.451350  x:  9.43368   3.08234   7.37303   4.32085   2.52637   0.32426   0.80015   0.69589   0.69960   0.18479   0.38893   0.02800   9.25931   0.04188   0.07154   0.06154   0.04784   0.02858   0.04210   1.14346   0.01431  
 66  0.0019   3302.451348  x:  9.43644   3.08377   7.37424   4.32134   2.52653   0.32450   0.80021   0.69599   0.69964   0.18471   0.38896   0.02800   9.26183   0.04188   0.07156   0.06153   0.04784   0.02857   0.04211   1.14351   0.01431  
 67  0.0015   3302.451348  x:  9.43599   3.08353   7.37392   4.32117   2.52644   0.32446   0.80017   0.69595   0.69963   0.18472   0.38896   0.02800   9.26121   0.04188   0.07155   0.06153   0.04784   0.02857   0.04211   1.14350   0.01431  
 68  0.0014   3302.451348  x:  9.43559   3.08336   7.37364   4.32097   2.52633   0.32443   0.80012   0.69590   0.69962   0.18472   0.38895   0.02800   9.26063   0.04188   0.07155   0.06153   0.04784   0.02858   0.04211   1.14350   0.01431  
 69  0.0015   3302.451348  x:  9.43526   3.08324   7.37344   4.32074   2.52621   0.32439   0.80007   0.69583   0.69961   0.18473   0.38896   0.02799   9.26017   0.04188   0.07155   0.06153   0.04784   0.02858   0.04211   1.14350   0.01431  
 70  0.0012   3302.451348  x:  9.43504   3.08321   7.37333   4.32052   2.52613   0.32436   0.80002   0.69576   0.69961   0.18473   0.38896   0.02798   9.25989   0.04188   0.07155   0.06153   0.04784   0.02858   0.04211   1.14350   0.01431  
 71  0.0007   3302.451348  x:  9.43495   3.08327   7.37335   4.32035   2.52609   0.32434   0.79998   0.69569   0.69961   0.18473   0.38896   0.02798   9.25985   0.04188   0.07155   0.06153   0.04784   0.02858   0.04211   1.14349   0.01431  
 72  0.0002   3302.451348  x:  9.43516   3.08348   7.37357   4.32029   2.52619   0.32433   0.79997   0.69563   0.69962   0.18473   0.38897   0.02798   9.26031   0.04187   0.07156   0.06153   0.04784   0.02857   0.04211   1.14349   0.01431  
 73  0.0002   3302.451348  x:  9.43513   3.08343   7.37352   4.32033   2.52618   0.32433   0.79998   0.69565   0.69962   0.18473   0.38896   0.02798   9.26023   0.04188   0.07155   0.06153   0.04784   0.02858   0.04211   1.14349   0.01431  
 74  0.0002   3302.451348  x:  9.43512   3.08341   7.37350   4.32035   2.52618   0.32434   0.79998   0.69566   0.69962   0.18473   0.38896   0.02798   9.26020   0.04188   0.07155   0.06153   0.04784   0.02858   0.04211   1.14350   0.01431  
 75  0.0001   3302.451348  x:  9.43511   3.08340   7.37349   4.32035   2.52618   0.32434   0.79998   0.69566   0.69962   0.18473   0.38896   0.02798   9.26019   0.04188   0.07155   0.06153   0.04784   0.02858   0.04211   1.14350   0.01431  