

TREE # 1

  0  0.0000  10344.656282  x:  0.00000   0.53310   0.47567   0.16826   0.28608   0.08118   0.31721   0.14499   0.17891   0.15151   0.11878   0.09936   0.30839   0.13118   0.09495   0.05866   0.05607   0.04515   0.05533   2.00000   0.20000   0.20000  
  1 99.0000   9297.552438  x:  1.84670   0.65411   0.61038   0.45012   0.43181   0.26590   0.43547   0.28804   0.33810   0.24908   0.21084   0.24528   0.50992   0.17339   0.15244   0.16991   0.10729   0.02886   0.04927   1.95210   0.66236   0.19136  
  2 7048.6925   9044.658547  x:  1.89470   0.72157   0.67546   0.55014   0.51622   0.35357   0.54495   0.37573   0.43839   0.29932   0.22878   0.27670   0.59552   0.15713   0.16243   0.14381   0.05701   0.00000   0.09472   1.94509   0.35496   0.16972  
  3 721.7267   8978.886551  x:  1.91628   0.75191   0.70474   0.59510   0.55407   0.39286   0.59404   0.41502   0.48330   0.32180   0.23679   0.29077   0.63400   0.14992   0.16695   0.13239   0.03531   0.00794   0.11483   1.94181   0.21677   0.15992  
  4 58406.4942   8897.089351  x:  1.81311   0.89446   0.84645   0.77960   0.69549   0.52747   0.77846   0.55418   0.63029   0.39119   0.24931   0.33011   0.80313   0.16130   0.20646   0.18961   0.25354   0.00853   0.03459   1.86439   0.16876   0.09259  
  5 527.9012   8859.319719  x:  1.74119   0.97428   0.92596   0.88064   0.77135   0.59799   0.87767   0.62759   0.70738   0.42519   0.25288   0.34819   0.89699   0.15810   0.21793   0.18469   0.27715   0.01421   0.09875   1.81857   0.21733   0.05269  
  6 1059.1740   8844.187943  x:  1.72437   1.01932   0.97393   0.93081   0.78442   0.60067   0.89333   0.62983   0.70164   0.40604   0.23198   0.33599   0.94713   0.15315   0.20529   0.16355   0.23272   0.01604   0.05424   1.76901   0.23019   0.00010  
  7 215.8649   8840.748680  x:  1.71682   1.04241   0.99874   0.95624   0.78932   0.59978   0.89899   0.62865   0.69589   0.39412   0.22088   0.32914   0.97276   0.15190   0.19912   0.15547   0.21327   0.01678   0.03512   1.74194   0.23493   0.01064  
  8 520.4096   8813.461159  x:  1.69367   1.20266   1.17589   1.12653   0.78239   0.54232   0.88441   0.56777   0.59219   0.26533   0.13790   0.27024   1.14934   0.17754   0.16831   0.17922   0.20037   0.01488   0.06630   1.51583   0.20599   0.01466  
  9 356.8096   8802.769799  x:  1.67225   1.28041   1.26642   1.21061   0.76043   0.48663   0.85589   0.51861   0.54538   0.23069   0.23841   0.31959   1.24037   0.20567   0.15731   0.18779   0.17951   0.01440   0.06955   1.38371   0.19364   0.01543  
 10 212.7451   8799.496243  x:  1.66771   1.29955   1.30054   1.24083   0.72950   0.42851   0.81871   0.48680   0.57514   0.32130   0.23451   0.31243   1.28002   0.22411   0.14222   0.18054   0.17738   0.01417   0.07218   1.32660   0.18816   0.01589  
 11 56.7032   8798.748112  x:  1.66217   1.27335   1.31256   1.26112   0.73103   0.39240   0.81447   0.50687   0.57133   0.32675   0.21893   0.33893   1.32118   0.24636   0.12438   0.20382   0.16517   0.01430   0.07048   1.35734   0.18868   0.01565  
 12  9.2230   8797.816212  x:  1.66042   1.23256   1.32649   1.28324   0.74263   0.35645   0.80988   0.52789   0.56253   0.32459   0.21959   0.34373   1.37384   0.26680   0.09544   0.17344   0.17733   0.01420   0.07279   1.39015   0.18783   0.01598  
 13 27.6631   8796.688267  x:  1.65659   1.17462   1.33991   1.29781   0.77384   0.33988   0.80743   0.53818   0.56184   0.32468   0.23921   0.30546   1.43134   0.30753   0.10026   0.17272   0.16847   0.01434   0.07160   1.40639   0.18686   0.01579  
 14 25.1979   8795.206761  x:  1.65275   1.10492   1.35508   1.30193   0.81747   0.33962   0.80748   0.53559   0.56936   0.32625   0.25978   0.27588   1.49040   0.30079   0.06153   0.19384   0.16051   0.01441   0.07209   1.40180   0.18511   0.01582  
 15 39.0022   8790.179656  x:  1.64191   0.90628   1.41104   1.26725   0.94482   0.37402   0.82206   0.48494   0.60766   0.31839   0.22074   0.34007   1.64348   0.30299   0.07534   0.17751   0.14364   0.01463   0.07262   1.32279   0.17481   0.01573  
 16 34.4995   8774.128215  x:  1.63419   0.92575   1.73953   1.06440   0.92418   0.30635   1.03143   0.57045   0.68921   0.30911   0.24119   0.32714   1.87333   0.10623   0.23021   0.17560   0.09196   0.01527   0.07519   1.36532   0.15272   0.01568  
 17 17.2056   8765.432555  x:  1.60945   1.13096   1.80410   1.10304   0.94319   0.50470   0.98220   0.57443   0.64532   0.37648   0.23836   0.34789   1.88400   0.20501   0.15387   0.16720   0.05801   0.01568   0.07685   1.46756   0.13968   0.01567  
 18 23.0587   8761.424843  x:  1.59380   1.22446   1.62909   1.32096   0.91259   0.49035   0.97722   0.58646   0.79191   0.28995   0.23988   0.34422   1.80898   0.22193   0.13922   0.16336   0.04515   0.01600   0.07632   1.45536   0.13610   0.01535  
 19 18.6083   8759.868382  x:  1.58735   1.25079   1.51280   1.45739   0.93882   0.46302   1.02299   0.60012   0.71803   0.33767   0.23942   0.34500   1.76673   0.17291   0.17739   0.16346   0.04138   0.01608   0.07651   1.43721   0.13433   0.01531  
 20 16.0820   8758.718583  x:  1.58481   1.30118   1.50816   1.51040   1.01324   0.42181   1.06943   0.51342   0.72874   0.34191   0.23992   0.34757   1.72360   0.16991   0.17944   0.16186   0.04807   0.01616   0.07727   1.49380   0.13598   0.01542  
 21  3.4408   8755.100737  x:  1.58189   1.40208   1.48389   1.55679   1.13095   0.35566   1.12630   0.63022   0.73980   0.34815   0.23658   0.35425   1.55567   0.25366   0.11464   0.15230   0.06485   0.01666   0.08094   1.43696   0.13134   0.01580  
 22  6.8552   8751.332179  x:  1.55790   1.45548   1.44045   1.68816   1.04315   0.48685   0.99856   0.72037   0.76929   0.34601   0.24109   0.35567   1.60080   0.15907   0.19007   0.14481   0.09120   0.01722   0.08449   1.49049   0.13292   0.01617  
 23  9.1514   8750.101272  x:  1.55336   1.44742   1.39531   1.71604   0.90542   0.56517   1.10570   0.69276   0.76369   0.35466   0.24237   0.35188   1.65536   0.19394   0.16202   0.14154   0.09660   0.01752   0.08462   1.49468   0.13387   0.01598  
 24  9.2812   8744.371444  x:  1.51652   1.64091   1.52156   1.74470   1.07706   0.54089   1.17409   0.74204   0.80728   0.37062   0.23587   0.35829   1.82088   0.21572   0.14417   0.14895   0.08514   0.02063   0.07336   1.54720   0.14235   0.01027  
 25  0.5495   8742.447505  x:  1.49191   1.52481   1.83297   1.96608   1.03086   0.59807   1.22413   0.75183   0.81595   0.38217   0.23539   0.35710   1.71402   0.21571   0.14860   0.15629   0.08551   0.02140   0.07244   1.56172   0.13646   0.00897  
 26  1.4472   8736.691249  x:  1.44534   1.75364   1.93522   2.03112   1.16729   0.59110   1.32412   0.78361   0.86988   0.39304   0.22925   0.36072   2.17013   0.22842   0.14703   0.17807   0.09312   0.02334   0.07216   1.55407   0.11284   0.00596  
 27  2.7874   8733.351134  x:  1.40977   1.96438   1.98044   2.25983   1.31343   0.55432   1.41105   0.83730   0.90461   0.39205   0.22797   0.36566   2.57202   0.21622   0.16628   0.14603   0.09200   0.02689   0.06709   1.51334   0.11010   0.00681  
 28  0.2396   8731.695345  x:  1.39014   2.07980   2.08690   2.52109   1.39572   0.56182   1.47430   0.87964   0.93528   0.39709   0.23320   0.37713   2.79917   0.23278   0.15219   0.17105   0.08921   0.02907   0.07118   1.50920   0.09906   0.01232  
 29  0.2445   8729.900015  x:  1.42808   2.09382   2.17180   2.84939   1.40935   0.58201   1.47892   0.90444   0.93155   0.39479   0.23966   0.38247   2.91942   0.25198   0.12974   0.17852   0.08051   0.03125   0.06566   1.54478   0.10232   0.01807  
 30  0.1217   8727.366119  x:  1.51042   2.12877   2.34643   3.26330   1.45817   0.60670   1.50333   0.94357   0.93345   0.40001   0.24164   0.38482   3.15589   0.26571   0.12334   0.14644   0.08122   0.03379   0.05698   1.56658   0.09157   0.02432  
 31  0.2532   8717.662263  x:  2.28196   2.04365   2.02718   3.80406   1.32001   0.68870   1.34615   1.01267   0.91966   0.40466   0.23204   0.37973   3.27283   0.25052   0.15447   0.20229   0.10930   0.03536   0.05525   1.62326   0.09277   0.06507  
 32  0.1297   8706.744847  x:  2.93006   2.09079   2.11305   3.38920   1.42238   0.70813   1.54955   0.98787   1.01466   0.43857   0.22391   0.40187   3.00285   0.22992   0.15512   0.14046   0.10119   0.03538   0.06077   1.57625   0.07876   0.08604  
 33  0.2308   8701.106665  x:  3.44403   1.97673   1.99565   2.72670   1.36420   0.72080   1.57959   0.92486   1.03473   0.44822   0.22079   0.40213   2.43677   0.21390   0.16450   0.13029   0.09067   0.03245   0.06200   1.58394   0.09004   0.09826  
 34  0.9979   8697.081608  x:  4.10086   2.13704   2.15204   2.97517   1.43924   0.80431   1.65780   1.02352   1.07855   0.46463   0.22883   0.40795   2.55810   0.24709   0.15868   0.19786   0.08124   0.03660   0.04786   1.64891   0.08386   0.12376  
 35  0.4648   8695.179931  x:  4.66470   2.31405   2.40269   3.15884   1.54727   0.88589   1.77298   1.12203   1.12134   0.48319   0.23936   0.41643   2.70497   0.24805   0.16652   0.17214   0.08488   0.04062   0.04639   1.67423   0.07387   0.14511  
 36  0.3528   8694.493480  x:  4.87342   2.37897   2.48063   3.23344   1.56948   0.92269   1.79728   1.16371   1.12433   0.48443   0.24302   0.41747   2.76669   0.24077   0.17164   0.15877   0.09107   0.04217   0.04822   1.68254   0.07477   0.15208  
 37  0.2001   8694.225701  x:  5.16716   2.50455   2.57845   3.34196   1.63081   0.96566   1.85939   1.22141   1.14771   0.49077   0.24078   0.42338   2.88052   0.24295   0.17049   0.16808   0.09423   0.04442   0.04777   1.67528   0.07053   0.16065  
 38  0.1916   8694.086602  x:  5.21610   2.55919   2.59515   3.34344   1.66498   0.96883   1.88938   1.22622   1.15727   0.49130   0.23405   0.42501   2.92080   0.24803   0.16656   0.17087   0.09157   0.04490   0.04572   1.66747   0.07079   0.15573  
 39  0.0306   8693.457551  x:  5.34015   2.82671   2.67659   3.44054   1.85746   0.99072   2.05949   1.24738   1.22691   0.51010   0.21596   0.43379   3.20112   0.26753   0.15814   0.16081   0.08652   0.04670   0.04880   1.66676   0.06474   0.12082  
 40  0.0632   8691.657269  x:  4.81649   2.86090   2.44125   3.26555   1.91286   0.94954   2.10452   1.14221   1.25794   0.52303   0.20946   0.42627   3.24765   0.26928   0.15495   0.16683   0.08598   0.04164   0.06068   1.67891   0.06944   0.02904  
 41  0.1959   8691.153834  x:  4.84361   2.85372   2.42759   3.27507   1.90783   0.96543   2.10542   1.14431   1.26119   0.52791   0.21617   0.42518   3.23965   0.26397   0.15762   0.16913   0.08916   0.04075   0.06201   1.68256   0.06917   0.01209  
 42  0.0831   8689.687524  x:  5.28077   2.68588   2.47921   3.38285   1.76831   1.04955   2.00859   1.21052   1.22738   0.53254   0.25518   0.42214   3.04717   0.23295   0.17545   0.17836   0.10456   0.03967   0.06014   1.69795   0.06800   0.02104  
 43  1.2615   8689.034163  x:  5.61594   2.64898   2.60076   3.47569   1.75494   1.08356   1.99659   1.25440   1.22042   0.53216   0.25467   0.42845   2.99853   0.23891   0.17548   0.16565   0.09850   0.03933   0.05712   1.68066   0.06631   0.01078  
 44  0.2154   8688.812423  x:  5.70712   2.58893   2.64002   3.50883   1.72147   1.07222   1.95663   1.26416   1.20422   0.52261   0.24676   0.43181   2.94585   0.24694   0.17200   0.16461   0.09180   0.03894   0.05750   1.67121   0.06699   0.01760  
 45  0.1170   8688.689417  x:  5.72550   2.53407   2.63433   3.53619   1.68505   1.05421   1.91618   1.26298   1.19196   0.51378   0.23980   0.43281   2.90864   0.24872   0.16972   0.17198   0.08899   0.03768   0.06172   1.67127   0.06780   0.01378  
 46  0.0591   8688.649757  x:  5.70495   2.56407   2.63018   3.53759   1.69502   1.03438   1.92718   1.25675   1.19515   0.50973   0.23619   0.43036   2.93916   0.24495   0.16975   0.17004   0.09083   0.03735   0.06294   1.67895   0.06741   0.01320  
 47  0.0237   8688.617007  x:  5.70825   2.55622   2.61521   3.49409   1.67544   1.00332   1.91533   1.24507   1.18492   0.50169   0.23693   0.42640   2.90118   0.24098   0.17118   0.16862   0.09148   0.03609   0.06234   1.67934   0.06833   0.01411  
 48  0.0247   8688.597354  x:  5.73724   2.59837   2.61801   3.49895   1.69244   0.99019   1.93135   1.24775   1.18524   0.50141   0.23890   0.42751   2.92977   0.24637   0.16953   0.17137   0.09100   0.03564   0.06183   1.67622   0.06788   0.01322  
 49  0.0238   8688.578398  x:  5.73248   2.61520   2.60892   3.51385   1.69614   0.98724   1.93339   1.24966   1.18230   0.50574   0.24370   0.43060   2.94596   0.24835   0.16846   0.16936   0.09195   0.03476   0.06306   1.67831   0.06764   0.01392  
 50  0.0084   8688.544509  x:  5.73794   2.62562   2.59572   3.52498   1.69596   0.99094   1.92986   1.25114   1.18366   0.51248   0.23864   0.43525   2.94387   0.24892   0.16515   0.16987   0.08986   0.03247   0.06478   1.67673   0.06782   0.01279  
 51  0.0050   8688.518356  x:  5.76714   2.64695   2.60314   3.54693   1.70459   1.01402   1.94107   1.26161   1.19497   0.51904   0.23730   0.43399   2.95899   0.24597   0.16742   0.17166   0.09087   0.03128   0.06371   1.67917   0.06718   0.01418  
 52  0.0264   8688.509972  x:  5.78091   2.63751   2.62196   3.56204   1.70326   1.02230   1.94201   1.26688   1.19936   0.51656   0.23903   0.43059   2.95929   0.24544   0.17018   0.17038   0.09140   0.03085   0.06372   1.68176   0.06703   0.01326  
 53  0.0167   8688.506303  x:  5.77021   2.63024   2.63655   3.56243   1.70728   1.02223   1.94672   1.26744   1.20254   0.51237   0.23961   0.42971   2.96244   0.24679   0.16940   0.17077   0.09107   0.03067   0.06430   1.68093   0.06706   0.01367  
 54  0.0090   8688.505072  x:  5.76489   2.62232   2.64236   3.56073   1.70855   1.02184   1.94891   1.26700   1.20238   0.51091   0.23998   0.43048   2.96188   0.24623   0.16879   0.17113   0.09124   0.03052   0.06428   1.68014   0.06701   0.01351  
 55  0.0056   8688.504721  x:  5.76288   2.61791   2.64405   3.55832   1.71037   1.02072   1.95008   1.26622   1.20101   0.51089   0.23934   0.43113   2.96299   0.24608   0.16911   0.17078   0.09123   0.03056   0.06410   1.68013   0.06704   0.01355  
 56  0.0029   8688.504631  x:  5.76457   2.61706   2.64376   3.55789   1.71128   1.02033   1.95048   1.26631   1.20044   0.51124   0.23928   0.43116   2.96458   0.24603   0.16938   0.17094   0.09133   0.03051   0.06419   1.68049   0.06704   0.01354  
 57  0.0016   8688.504608  x:  5.76636   2.61675   2.64408   3.55688   1.71205   1.02020   1.95072   1.26641   1.20033   0.51140   0.23936   0.43097   2.96563   0.24606   0.16928   0.17092   0.09129   0.03053   0.06420   1.68038   0.06702   0.01355  
 58  0.0010   8688.504604  x:  5.76579   2.61656   2.64379   3.55651   1.71203   1.02004   1.95051   1.26632   1.20029   0.51141   0.23941   0.43092   2.96605   0.24607   0.16924   0.17092   0.09129   0.03052   0.06419   1.68037   0.06703   0.01354  
 59  0.0006   8688.504603  x:  5.76549   2.61649   2.64385   3.55626   1.71206   1.02004   1.95040   1.26634   1.20041   0.51138   0.23940   0.43094   2.96669   0.24609   0.16923   0.17093   0.09129   0.03052   0.06419   1.68037   0.06703   0.01354  
 60  0.0003   8688.504602  x:  5.76571   2.61646   2.64392   3.55596   1.71198   1.02005   1.95035   1.26635   1.20045   0.51137   0.23939   0.43096   2.96670   0.24607   0.16925   0.17092   0.09129   0.03052   0.06419   1.68037   0.06703   0.01354  
 61  0.0002   8688.504602  x:  5.76574   2.61647   2.64399   3.55595   1.71196   1.02009   1.95038   1.26636   1.20045   0.51139   0.23939   0.43096   2.96676   0.24607   0.16925   0.17092   0.09129   0.03052   0.06419   1.68038   0.06703   0.01354  
 62  0.0001   8688.504602  x:  5.76572   2.61647   2.64402   3.55597   1.71195   1.02008   1.95039   1.26636   1.20044   0.51140   0.23939   0.43096   2.96678   0.24607   0.16925   0.17092   0.09129   0.03052   0.06419   1.68038   0.06703   0.01354  
 63  0.0000   8688.504602  x:  5.76571   2.61647   2.64402   3.55596   1.71194   1.02008   1.95039   1.26636   1.20044   0.51140   0.23939   0.43096   2.96677   0.24607   0.16925   0.17092   0.09129   0.03052   0.06419   1.68038   0.06703   0.01354  
 64  0.0000   8688.504602  x:  5.76570   2.61646   2.64402   3.55596   1.71194   1.02008   1.95039   1.26636   1.20044   0.51140   0.23939   0.43096   2.96677   0.24607   0.16925   0.17092   0.09129   0.03052   0.06419   1.68038   0.06703   0.01354  
 65  0.0000   8688.504602  x:  5.76570   2.61646   2.64401   3.55596   1.71194   1.02008   1.95039   1.26636   1.20044   0.51140   0.23939   0.43096   2.96677   0.24607   0.16925   0.17092   0.09129   0.03052   0.06419   1.68038   0.06703   0.01354  
 66  0.0000   8688.504602  x:  5.76570   2.61646   2.64401   3.55596   1.71194   1.02008   1.95039   1.26636   1.20044   0.51140   0.23939   0.43096   2.96677   0.24607   0.16925   0.17092   0.09129   0.03052   0.06419   1.68038   0.06703   0.01354  
 67  0.0000   8688.504602  x:  5.76570   2.61646   2.64401   3.55596   1.71194   1.02008   1.95039   1.26636   1.20044   0.51140   0.23939   0.43096   2.96677   0.24607   0.16925   0.17092   0.09129   0.03052   0.06419   1.68038   0.06703   0.01354  