Supplemental results for CODEML (seqf: cds11.phylip  treef: tree.H1c.nwk)

Number of codon sites with 0,1,2,3 position differences
   2 vs.    1     67   121    69    29  -1.0000 (0.3425 -1.0000)
   3 vs.    1     71   114    73    28  -1.0000 (0.3507 -1.0000)
   3 vs.    2    229    54     4     0   0.0163 (0.0061 0.3708)
   4 vs.    1     66   103    87    30  -1.0000 (0.4121 -1.0000)
   4 vs.    2     77   105    76    29   0.2106 (0.4016 1.9073)
   4 vs.    3     76   108    73    30   0.2311 (0.4083 1.7669)
   5 vs.    1     61   113    80    32  -1.0000 (0.4045 -1.0000)
   5 vs.    2     73   110    74    30   0.1674 (0.3990 2.3839)
   5 vs.    3     71   113    72    31   0.1564 (0.4011 2.5639)
   5 vs.    4     86   114    56    35   0.0907 (0.3311 3.6509)
   6 vs.    1    121   125    37     8   0.0838 (0.1467 1.7496)
   6 vs.    2     62   126    75    24  -1.0000 (0.3538 -1.0000)
   6 vs.    3     63   119    82    23  -1.0000 (0.3544 -1.0000)
   6 vs.    4     56   120    80    32  -1.0000 (0.4290 -1.0000)
   6 vs.    5     65   108    84    31  -1.0000 (0.4092 -1.0000)
   7 vs.    1    142   124    22     2   0.0204 (0.0513 2.5098)
   7 vs.    2     67   129    66    23  -1.0000 (0.3237 -1.0000)
   7 vs.    3     80   118    62    25   0.1095 (0.3251 2.9697)
   7 vs.    4     57   119    76    33  -1.0000 (0.4147 -1.0000)
   7 vs.    5     64   105    83    33  -1.0000 (0.4072 -1.0000)
   7 vs.    6    108   142    32     8   0.0412 (0.1385 3.3581)
   8 vs.    1    112   126    43    10  -1.0000 (0.1400 -1.0000)
   8 vs.    2     64   132    71    20  -1.0000 (0.3390 -1.0000)
   8 vs.    3     67   126    74    20  -1.0000 (0.3415 -1.0000)
   8 vs.    4     57   123    70    39  -1.0000 (0.4479 -1.0000)
   8 vs.    5     71   104    77    37  -1.0000 (0.4231 -1.0000)
   8 vs.    6    100   128    52    13  -1.0000 (0.1919 -1.0000)
   8 vs.    7    105   134    42     9  -1.0000 (0.1408 -1.0000)
   9 vs.    1    143   123    22     2   0.0180 (0.0479 2.6617)
   9 vs.    2     70   125    68    22  -1.0000 (0.3249 -1.0000)
   9 vs.    3     75   120    67    23  -1.0000 (0.3270 -1.0000)
   9 vs.    4     66   113    75    31   0.1374 (0.4180 3.0429)
   9 vs.    5     70   102    79    34  -1.0000 (0.4096 -1.0000)
   9 vs.    6    105   151    25     9   0.0472 (0.1371 2.9011)
   9 vs.    7    196    89     5     0   0.0321 (0.0210 0.6554)
   9 vs.    8    115   129    40     6   0.0477 (0.1346 2.8238)
  10 vs.    1     66   123    68    29  -1.0000 (0.3425 -1.0000)
  10 vs.    2    285     2     0     0   0.0000 (0.0000 0.0101)
  10 vs.    3    228    55     4     0   0.0160 (0.0061 0.3791)
  10 vs.    4     76   106    76    29   0.2035 (0.4016 1.9735)
  10 vs.    5     72   111    74    30   0.1586 (0.3990 2.5152)
  10 vs.    6     61   127    75    24  -1.0000 (0.3538 -1.0000)
  10 vs.    7     67   130    65    23  -1.0000 (0.3237 -1.0000)
  10 vs.    8     64   131    72    20  -1.0000 (0.3390 -1.0000)
  10 vs.    9     70   126    67    22  -1.0000 (0.3249 -1.0000)
  11 vs.    1     67   125    71    23  -1.0000 (0.3376 -1.0000)
  11 vs.    2    203    82     2     0   0.0316 (0.0168 0.5299)
  11 vs.    3    212    73     2     0   0.0377 (0.0168 0.4438)
  11 vs.    4     78   105    69    35   0.1822 (0.4030 2.2118)
  11 vs.    5     76   107    72    32   0.1480 (0.3929 2.6545)
  11 vs.    6     64   118    84    21  -1.0000 (0.3526 -1.0000)
  11 vs.    7     73   128    62    22  -1.0000 (0.3132 -1.0000)
  11 vs.    8     68   129    73    17  -1.0000 (0.3261 -1.0000)
  11 vs.    9     73   119    74    19  -1.0000 (0.3143 -1.0000)
  11 vs.   10    204    81     2     0   0.0322 (0.0168 0.5197)

