

TREE # 1

  0  0.0000   6769.036844  x:  0.00000   0.45860   0.39084   0.17332   0.29343   0.06582   0.32414   0.09587   0.25728   0.22190   0.12710   0.06327   0.25572   0.10748   0.04631   0.03896   0.09740   0.05522   0.04904   2.00000   0.20000   0.20000  
  1 99.0000   6349.317868  x:  0.78437   0.52093   0.47120   0.29220   0.34440   0.14980   0.36950   0.14870   0.28192   0.23613   0.17514   0.13436   0.35248   0.12888   0.08385   0.11585   0.12463   0.00206   0.00000   1.98724   0.16659   0.19082  
  2 3956.5482   6344.238466  x:  0.79945   0.52368   0.47449   0.29666   0.34679   0.15301   0.37191   0.15099   0.28322   0.23683   0.17680   0.13654   0.35634   0.12942   0.08489   0.11728   0.12544   0.00810   0.02252   1.98648   0.16359   0.19003  
  3 2895.1242   6328.333347  x:  0.79533   0.53189   0.48369   0.30790   0.35423   0.16121   0.38009   0.15766   0.28764   0.23908   0.18046   0.14047   0.36671   0.13013   0.08660   0.11623   0.12668   0.00000   0.02536   1.98375   0.15167   0.18678  
  4 595.0747   6240.895231  x:  0.72108   0.68372   0.65263   0.50188   0.48268   0.29251   0.52215   0.26667   0.36492   0.27971   0.23842   0.19872   0.54802   0.14332   0.11678   0.09534   0.15124   0.00000   0.05681   1.92668   0.22322   0.12524  
  5 1456.5423   6205.358575  x:  0.71098   0.82221   0.79981   0.56368   0.49713   0.22538   0.55415   0.19955   0.35770   0.25709   0.16280   0.09580   0.62545   0.08736   0.06068   0.15457   0.12174   0.00000   0.00698   1.85010   0.22030   0.00010  
  6 181.3888   6205.358575  x:  0.71098   0.82221   0.79981   0.56368   0.49713   0.22538   0.55415   0.19955   0.35770   0.25709   0.16280   0.09580   0.62545   0.08736   0.06068   0.15457   0.12174   0.00000   0.00698   1.85010   0.22030   0.00010  
  7 176.8697   6141.107823  x:  0.71234   0.82713   0.80555   0.57038   0.50141   0.22994   0.55925   0.20345   0.36038   0.25808   0.17645   0.11662   0.63174   0.10172   0.07578   0.15318   0.12534   0.00000   0.00803   1.84809   0.11707   0.00624  
  8 878.1794   6125.288852  x:  0.72386   0.84813   0.82897   0.59686   0.51969   0.24827   0.57953   0.22152   0.37284   0.26526   0.20820   0.15783   0.65681   0.12716   0.10575   0.14860   0.13465   0.00000   0.00062   1.83470   0.11738   0.00010  
  9 289.2000   6125.288852  x:  0.72386   0.84813   0.82897   0.59686   0.51969   0.24827   0.57953   0.22152   0.37284   0.26526   0.20820   0.15783   0.65681   0.12716   0.10575   0.14860   0.13465   0.00000   0.00062   1.83470   0.11738   0.00010  
 10 23576.8384   6122.435641  x:  0.72391   0.84822   0.82907   0.59697   0.51977   0.24834   0.57962   0.22158   0.37288   0.26528   0.20825   0.15789   0.65691   0.12718   0.10577   0.14858   0.13466   0.00216   0.00532   1.83464   0.11737   0.00016  
 11 3240.4535   6121.504357  x:  0.72457   0.84938   0.83036   0.59838   0.52069   0.24921   0.58065   0.22241   0.37345   0.26555   0.20895   0.15867   0.65825   0.12741   0.10608   0.14837   0.13481   0.00000   0.00640   1.83388   0.11726   0.00085  
 12 215.5810   6120.066478  x:  0.72615   0.85217   0.83348   0.60175   0.52290   0.25127   0.58311   0.22436   0.37478   0.26618   0.21051   0.16040   0.66146   0.12788   0.10685   0.14778   0.13498   0.00000   0.00886   1.83207   0.11665   0.00010  
 13 2443.4975   6120.066478  x:  0.72615   0.85217   0.83348   0.60175   0.52290   0.25127   0.58311   0.22436   0.37478   0.26618   0.21051   0.16040   0.66146   0.12788   0.10685   0.14778   0.13498   0.00000   0.00886   1.83207   0.11665   0.00010  
 14 443.2349   6116.988443  x:  0.73054   0.85991   0.84213   0.61107   0.52900   0.25699   0.58995   0.22977   0.37849   0.26793   0.21486   0.16520   0.67033   0.12932   0.10881   0.14630   0.13591   0.00000   0.00238   1.82702   0.11637   0.00495  
 15 181.6512   6078.730467  x:  0.85227   1.07409   1.08149   0.86901   0.69777   0.41475   0.77876   0.37876   0.48068   0.31597   0.33381   0.29659   0.91584   0.16724   0.16204   0.10588   0.16056   0.04293   0.00304   1.68724   0.10225   0.12023  
 16 2273.6446   6073.307204  x:  0.86290   1.09274   1.10229   0.89112   0.71174   0.42743   0.79451   0.39053   0.48863   0.31919   0.34164   0.30515   0.93694   0.16833   0.16476   0.10257   0.16216   0.04105   0.00474   1.67530   0.08381   0.12665  
 17 1565.2455   6059.608449  x:  0.87884   1.11893   1.13109   0.91928   0.72628   0.43764   0.81158   0.39875   0.49326   0.31736   0.33364   0.29539   0.96438   0.15404   0.15521   0.09922   0.16158   0.00000   0.02299   1.65931   0.08252   0.10839  
 18 319.8533   6046.954806  x:  0.90484   1.16048   1.17662   0.96230   0.74609   0.44885   0.83571   0.40687   0.49780   0.31198   0.31588   0.27390   1.00675   0.14145   0.15414   0.10827   0.15885   0.00000   0.00244   1.63558   0.08037   0.06150  
 19 238.7997   6036.822638  x:  0.93408   1.20608   1.22667   1.00838   0.76522   0.45705   0.86005   0.41223   0.50177   0.30552   0.29844   0.25241   1.05255   0.15016   0.17998   0.13866   0.15419   0.00000   0.00276   1.61160   0.07807   0.00010  
 20 544.2204   6032.503266  x:  0.96861   1.25481   1.28013   1.04998   0.77119   0.44344   0.87278   0.39553   0.49271   0.28658   0.25405   0.19946   1.09587   0.15752   0.21150   0.18926   0.13622   0.00000   0.00450   1.59171   0.07647   0.02164  
 21 142.6266   6030.361360  x:  0.99837   1.28938   1.31840   1.06964   0.75624   0.40217   0.86598   0.35628   0.48172   0.27305   0.26292   0.20824   1.11954   0.15064   0.22876   0.18210   0.09091   0.00000   0.00450   1.58996   0.07646   0.02219  
 22 52.2570   6027.525598  x:  1.05408   1.35012   1.38593   1.09869   0.72167   0.31341   0.84770   0.27717   0.46491   0.25489   0.28602   0.23330   1.15718   0.12840   0.25104   0.17961   0.12071   0.00000   0.00475   1.59385   0.07599   0.02417  
 23 86.4069   6026.840903  x:  1.08192   1.36794   1.40778   1.09526   0.71399   0.27326   0.84458   0.28349   0.49292   0.29301   0.27559   0.22242   1.16104   0.11925   0.27247   0.16064   0.12486   0.00000   0.00491   1.61446   0.07531   0.02430  
 24 16.2547   6026.281514  x:  1.11435   1.38096   1.42561   1.08274   0.72271   0.24720   0.84720   0.30896   0.50120   0.30539   0.28602   0.22438   1.15922   0.08549   0.27841   0.18452   0.11967   0.00000   0.00492   1.64599   0.07513   0.02468  
 25 14.2227   6025.040863  x:  1.19372   1.40465   1.46063   1.04835   0.77006   0.22441   0.86031   0.35740   0.47388   0.27023   0.29257   0.20778   1.15497   0.04827   0.32069   0.15964   0.12954   0.00000   0.00534   1.72075   0.07441   0.02446  
 26 18.6231   6022.743377  x:  1.31518   1.42180   1.49021   1.00962   0.85743   0.27582   0.87406   0.28838   0.49827   0.27134   0.23130   0.24545   1.17698   0.01680   0.32429   0.15960   0.13156   0.00000   0.00590   1.78147   0.07325   0.02207  
 27 10.2009   6018.709087  x:  1.46577   1.43676   1.51329   1.00055   0.89311   0.32424   0.89129   0.22089   0.51968   0.29606   0.30558   0.14946   1.24950   0.04127   0.25753   0.15997   0.13433   0.00000   0.00669   1.76771   0.07098   0.01512  
 28 15.8847   6011.301758  x:  1.64067   1.46852   1.54670   1.05033   0.80567   0.29625   0.91834   0.30252   0.48454   0.27879   0.23935   0.16636   1.38363   0.11493   0.12070   0.15499   0.14185   0.00000   0.00810   1.63201   0.06742   0.00249  
 29 25.2136   6009.283268  x:  1.58394   1.48713   1.55425   1.10568   0.79246   0.30308   0.91129   0.30738   0.49442   0.26797   0.23731   0.15913   1.38588   0.01478   0.19883   0.14317   0.14852   0.00000   0.00866   1.53754   0.06639   0.00282  
 30 13.5836   6007.522778  x:  1.34747   1.63304   1.64161   1.21875   0.86344   0.26586   0.90694   0.29655   0.50147   0.26282   0.23277   0.15110   1.32614   0.03383   0.16614   0.14071   0.14974   0.00000   0.00897   1.60823   0.06749   0.00142  
 31  7.3346   6005.332624  x:  1.25344   1.77525   1.69864   1.20245   0.91138   0.23218   1.00799   0.28639   0.42390   0.32588   0.22752   0.16278   1.33554   0.03442   0.16596   0.12767   0.15470   0.00000   0.00913   1.54171   0.06544   0.00800  
 32  2.1643   6002.404045  x:  1.21321   1.86755   1.76298   1.26266   0.89790   0.23762   0.95796   0.32584   0.58348   0.19271   0.23150   0.16686   1.40563   0.04303   0.16209   0.11209   0.16121   0.00000   0.00929   1.53670   0.06353   0.01525  
 33  8.7343   6000.431459  x:  1.24128   1.81030   1.82164   1.48005   0.85754   0.30726   0.86375   0.35406   0.52305   0.24076   0.22524   0.17427   1.48957   0.02162   0.18838   0.10361   0.16549   0.00000   0.00943   1.64021   0.06268   0.01933  
 34  7.8715   5997.237799  x:  1.34683   1.63527   1.99484   1.76668   0.86215   0.24735   1.09888   0.32574   0.55776   0.20932   0.22256   0.18045   1.42213   0.02914   0.20932   0.10696   0.16221   0.00000   0.00932   1.65873   0.05992   0.01925  
 35  5.7088   5993.774781  x:  1.48348   1.69509   2.21201   1.83097   0.99937   0.23732   1.00064   0.36952   0.53398   0.24467   0.22872   0.19608   1.36759   0.07268   0.21141   0.11621   0.15932   0.00000   0.00908   1.48798   0.05483   0.01631  
 36  7.0108   5988.357693  x:  1.47045   2.13518   2.26412   1.63792   0.85156   0.38225   1.17786   0.39776   0.51763   0.27024   0.23629   0.21118   1.88352   0.02667   0.31150   0.12905   0.15585   0.00000   0.00900   1.55397   0.05088   0.01333  
 37  6.7898   5987.031248  x:  1.50156   2.16188   2.11473   1.70689   1.04058   0.23311   1.18898   0.40155   0.52516   0.26791   0.23811   0.21704   2.08641   0.02190   0.31856   0.13015   0.15464   0.00000   0.00899   1.54266   0.05080   0.01390  
 38  3.7516   5982.573116  x:  1.91340   2.39212   2.28483   1.96929   1.01921   0.34677   1.29765   0.42403   0.56572   0.27806   0.27808   0.22675   2.00317   0.01189   0.29291   0.12388   0.15922   0.00000   0.00898   1.53673   0.05151   0.01730  
 39  1.4526   5979.883906  x:  1.99062   2.35555   2.54636   2.00504   1.09296   0.34062   1.34720   0.43767   0.58693   0.28299   0.29101   0.22642   2.16186   0.00000   0.28315   0.12169   0.16154   0.00000   0.00863   1.54495   0.04780   0.01854  
 40  1.5269   5978.516129  x:  2.21746   2.60026   2.54757   2.21123   1.13914   0.36183   1.42936   0.45411   0.61499   0.28179   0.29556   0.22184   2.18937   0.00000   0.28889   0.12148   0.16268   0.00000   0.00780   1.56517   0.04228   0.02067  
 41  2.2782   5976.121841  x:  2.36917   2.65178   3.22103   2.31458   1.31509   0.35139   1.55062   0.50527   0.64881   0.28517   0.27492   0.19929   2.67176   0.00000   0.29926   0.12471   0.16208   0.00000   0.00505   1.58893   0.03708   0.02288  
 42  1.4585   5974.792437  x:  2.44689   2.79001   3.32414   2.41769   1.36842   0.35372   1.60206   0.52108   0.65189   0.28501   0.26145   0.19628   2.73209   0.00000   0.24552   0.11852   0.16199   0.00000   0.00615   1.60908   0.03726   0.02130  
 43  0.3808   5974.554071  x:  2.48054   2.84999   3.36910   2.46240   1.39160   0.35478   1.62447   0.52795   0.65325   0.28494   0.25568   0.19502   2.75860   0.03730   0.22246   0.11584   0.16194   0.00000   0.00663   1.61781   0.03732   0.02062  
 44 40.4684   5973.588136  x:  2.64987   3.15109   3.66811   2.69421   1.52391   0.37709   1.78342   0.56876   0.67947   0.28659   0.27800   0.21577   3.02588   0.03714   0.22677   0.11661   0.16129   0.00000   0.00941   1.64173   0.03321   0.01797  
 45  0.4351   5972.797340  x:  2.70185   3.38757   3.89231   2.86209   1.61865   0.39227   1.89215   0.60501   0.69958   0.27894   0.28550   0.21726   3.23431   0.00437   0.26282   0.13650   0.15727   0.00000   0.00865   1.65490   0.03278   0.01381  
 46  0.2887   5972.602732  x:  2.74083   3.45298   3.94032   2.91112   1.64020   0.39808   1.92344   0.61446   0.70496   0.27865   0.28390   0.21553   3.27950   0.00000   0.26815   0.13418   0.15825   0.00000   0.00842   1.65286   0.03215   0.01297  
 47  0.5114   5972.602732  x:  2.74083   3.45298   3.94032   2.91112   1.64020   0.39808   1.92344   0.61446   0.70496   0.27865   0.28390   0.21553   3.27950   0.00000   0.26815   0.13418   0.15825   0.00000   0.00842   1.65286   0.03215   0.01297  
 48  0.6136   5972.587149  x:  2.74083   3.45298   3.94032   2.91112   1.64020   0.39808   1.92344   0.61447   0.70496   0.27865   0.28389   0.21552   3.27950   0.00000   0.26816   0.13415   0.15825   0.00000   0.00834   1.65286   0.03187   0.01291  
 49 103.4735   5972.557049  x:  2.74084   3.45299   3.94031   2.91115   1.64020   0.39812   1.92346   0.61452   0.70499   0.27865   0.28364   0.21529   3.27950   0.00003   0.26830   0.13361   0.15829   0.00000   0.00711   1.65282   0.03190   0.01208  
 50 39.3551   5972.519695  x:  2.74088   3.45301   3.94027   2.91127   1.64021   0.39827   1.92353   0.61474   0.70512   0.27864   0.28270   0.21440   3.27952   0.00013   0.26883   0.13161   0.15847   0.00000   0.00751   1.65265   0.03190   0.00955  
 51 29.0449   5972.436092  x:  2.74119   3.45318   3.94002   2.91204   1.64026   0.39927   1.92400   0.61615   0.70593   0.27860   0.27691   0.20899   3.27965   0.00059   0.27213   0.12067   0.15982   0.00000   0.00754   1.65156   0.03189   0.01117  
 52 19.0983   5972.428794  x:  2.74130   3.45324   3.93993   2.91233   1.64027   0.39963   1.92417   0.61666   0.70623   0.27859   0.27601   0.20834   3.27970   0.00000   0.27264   0.12101   0.16081   0.00000   0.00754   1.65117   0.03189   0.01115  
 53  4.9774   5972.413856  x:  2.74293   3.45416   3.93861   2.91641   1.64043   0.40461   1.92657   0.62355   0.71021   0.27829   0.27305   0.20904   3.28040   0.00000   0.27835   0.12255   0.15844   0.00000   0.00754   1.64616   0.03182   0.01109  
 54  3.0694   5972.377158  x:  2.74899   3.45763   3.93402   2.93130   1.64089   0.42184   1.93526   0.64708   0.72274   0.27576   0.27115   0.21557   3.28308   0.00000   0.27610   0.11992   0.16122   0.00000   0.00754   1.63013   0.03161   0.01121  
 55  5.4152   5972.366880  x:  2.75160   3.45923   3.93250   2.93720   1.64089   0.42726   1.93862   0.65404   0.72512   0.27306   0.27075   0.21221   3.28430   0.00000   0.27282   0.12077   0.15887   0.00000   0.00754   1.62690   0.03156   0.01118  
 56  4.7238   5972.353397  x:  2.75726   3.46292   3.93010   2.94901   1.64040   0.43496   1.94507   0.66277   0.72577   0.26600   0.27778   0.20757   3.28705   0.00000   0.27470   0.12069   0.15990   0.00000   0.00754   1.62693   0.03149   0.01118  
 57  3.2765   5972.319104  x:  2.78314   3.48109   3.92338   2.99846   1.63586   0.45152   1.97049   0.67468   0.72993   0.25714   0.27276   0.21322   3.29996   0.00000   0.27416   0.12214   0.15992   0.00000   0.00753   1.65033   0.03133   0.01111  
 58  2.1285   5972.291044  x:  2.81161   3.50297   3.91990   3.04947   1.63183   0.45965   1.99527   0.67434   0.74091   0.27152   0.27835   0.20866   3.31439   0.00000   0.27410   0.12298   0.16013   0.00000   0.00753   1.65855   0.03108   0.01107  
 59  3.5668   5972.237948  x:  2.87413   3.55617   3.92269   3.15358   1.62917   0.46215   2.04252   0.65789   0.72979   0.27261   0.27531   0.21088   3.34716   0.00000   0.27451   0.12259   0.16083   0.00000   0.00753   1.63882   0.03059   0.01110  
 60  3.6969   5972.205190  x:  2.92404   3.61673   3.96152   3.21340   1.66286   0.44920   2.05293   0.67914   0.73487   0.27289   0.27321   0.20806   3.37705   0.00000   0.27647   0.11792   0.16206   0.00000   0.00755   1.64818   0.03033   0.01148  
 61  1.1264   5972.160003  x:  2.99319   3.71533   4.05045   3.27717   1.73451   0.43630   2.06434   0.70167   0.74436   0.27103   0.27468   0.21023   3.42819   0.00000   0.27574   0.12150   0.16238   0.00000   0.00753   1.64755   0.02952   0.01124  
 62  2.0368   5972.131436  x:  3.02784   3.77711   4.14716   3.29279   1.76765   0.47439   2.12268   0.69700   0.74998   0.27206   0.27395   0.20962   3.48690   0.00000   0.27660   0.12042   0.16332   0.00000   0.00753   1.65317   0.02900   0.01136  
 63  0.9698   5972.114904  x:  3.04639   3.80543   4.21434   3.29959   1.75471   0.46467   2.16491   0.71692   0.75200   0.27277   0.27419   0.20977   3.53749   0.00000   0.27668   0.12087   0.16363   0.00000   0.00753   1.65383   0.02871   0.01135  
 64  1.0330   5972.109689  x:  3.05299   3.80056   4.23427   3.31089   1.75494   0.46522   2.16290   0.71395   0.76377   0.26515   0.27442   0.20966   3.56785   0.00000   0.27671   0.12098   0.16367   0.00000   0.00753   1.65306   0.02866   0.01135  
 65  0.2897   5972.103916  x:  3.06029   3.79009   4.25378   3.32623   1.76313   0.47139   2.15948   0.71995   0.75476   0.27233   0.27440   0.21018   3.60282   0.00000   0.27667   0.12137   0.16366   0.00000   0.00753   1.65342   0.02861   0.01134  
 66  0.5000   5972.099703  x:  3.06963   3.79393   4.26162   3.33589   1.78193   0.46380   2.18105   0.72339   0.75806   0.27074   0.27475   0.21069   3.60262   0.00000   0.27660   0.12178   0.16340   0.00000   0.00753   1.65298   0.02859   0.01132  
 67  0.0963   5972.097987  x:  3.07963   3.81426   4.26929   3.34196   1.77560   0.47034   2.17887   0.72513   0.75812   0.27115   0.27498   0.21090   3.59895   0.00000   0.27656   0.12198   0.16327   0.00000   0.00753   1.65290   0.02859   0.01131  
 68  0.1008   5972.097425  x:  3.08913   3.83350   4.27514   3.35659   1.78296   0.47171   2.18807   0.72902   0.75991   0.27106   0.27510   0.21098   3.61499   0.00000   0.27669   0.12182   0.16321   0.00000   0.00753   1.65307   0.02846   0.01131  
 69  0.0407   5972.097355  x:  3.09398   3.83294   4.28062   3.36115   1.78372   0.47239   2.18980   0.72978   0.76025   0.27105   0.27511   0.21097   3.61460   0.00000   0.27672   0.12176   0.16322   0.00000   0.00753   1.65311   0.02844   0.01132  
 70  0.0209   5972.097351  x:  3.09347   3.83304   4.28118   3.36173   1.78359   0.47250   2.19013   0.72987   0.76030   0.27104   0.27508   0.21094   3.61504   0.00000   0.27673   0.12174   0.16324   0.00000   0.00753   1.65315   0.02844   0.01132  
 71  0.0014   5972.097350  x:  3.09388   3.83301   4.28111   3.36151   1.78357   0.47255   2.19022   0.72990   0.76032   0.27103   0.27507   0.21093   3.61529   0.00000   0.27673   0.12174   0.16324   0.00000   0.00753   1.65316   0.02844   0.01132  
 72  0.0015   5972.097350  x:  3.09392   3.83309   4.28122   3.36157   1.78359   0.47258   2.19031   0.72992   0.76033   0.27103   0.27508   0.21094   3.61539   0.00000   0.27673   0.12174   0.16325   0.00000   0.00753   1.65317   0.02844   0.01132  