   10
BAM_019590  0.000000  2.662154  2.650321  3.320975  0.924845  0.441707
  0.462232  2.404952  2.471605  2.445855
BA_2935xxx  2.662154  0.000000  0.226871  2.508458  2.475028  2.795238
  2.373451  2.460986  3.100542  2.452764
BC_2920xxx  2.650321  0.226871  0.000000  2.555741  2.532615  2.701870
  2.402544  2.543743  3.065147  2.433465
NT03BC0337  3.320975  2.508458  2.555741  0.000000  3.744362  3.377807
  3.226345  3.666482  3.397625  3.371968
NT03BL2432  0.924845  2.475028  2.532615  3.744362  0.000000  0.884470
  0.849212  2.388617  2.731705  3.267456
Bmo2955xxx  0.441707  2.795238  2.701870  3.377807  0.884470  0.000000
  0.201156  2.672244  2.808902  2.550018
BG11197xxx  0.462232  2.373451  2.402544  3.226345  0.849212  0.201156
  0.000000  2.410188  2.658922  2.522324
BG10027xxx  2.404952  2.460986  2.543743  3.666482  2.388617  2.672244
  2.410188  0.000000  2.216283  2.941559
NT02BT2067  2.471605  3.100542  3.065147  3.397625  2.731705  2.808902
  2.658922  2.216283  0.000000  3.816776
KBAB4_0497  2.445855  2.452764  2.433465  3.371968  3.267456  2.550018
  2.522324  2.941559  3.816776  0.000000
