    9
BAM_011740  0.000000  1.849728  1.770336  0.723015  0.652379  0.942779
  0.715715  1.838003  1.848785
BA_1233xxx  1.849728  0.000000  0.201867  1.886375  1.724059  1.689200
  1.657848  0.021877  0.158423
BC_1217xxx  1.770336  0.201867  0.000000  2.026352  1.693817  1.683591
  1.674226  0.195542  0.221545
NT03BL1342  0.723015  1.886375  2.026352  0.000000  0.704042  0.752533
  0.605422  1.910206  1.785355
Bmo2053xxx  0.652379  1.724059  1.693817  0.704042  0.000000  0.794236
  0.226436  1.704345  1.745301
BPUM_1102x  0.942779  1.689200  1.683591  0.752533  0.794236  0.000000
  0.836459  1.699590  1.721237
BG13153xxx  0.715715  1.657848  1.674226  0.605422  0.226436  0.836459
  0.000000  1.668369  1.596865
NT02BT1267  1.838003  0.021877  0.195542  1.910206  1.704345  1.699590
  1.668369  0.000000  0.174336
KBAB4_1127  1.848785  0.158423  0.221545  1.785355  1.745301  1.721237
  1.596865  0.174336  0.000000
