

TREE # 1

  0  0.0000  11170.105749  x:  0.00000   0.25367   0.30818   0.11768   0.22251   0.04361   0.17645   0.08143   0.16997   0.12500   0.12918   0.07625   0.12752   0.11164   0.03314   0.05989   0.07695   0.03498   0.06572   2.00000   0.20000   0.20000  
  1 99.0000   9318.119191  x:  5.14620   0.51936   0.51726   0.51744   0.41322   0.36401   0.39659   0.32842   0.33369   0.23841   0.20628   0.24879   0.59886   0.19025   0.22102   0.15642   0.09834   0.03146   0.05266   1.95553   0.64575   0.18869  
  2 21382.8448   8981.564744  x:  5.15282   0.66097   0.65415   0.60610   0.50534   0.44531   0.55790   0.42750   0.47312   0.31297   0.23305   0.28717   0.67950   0.12955   0.17717   0.17070   0.02622   0.00730   0.05999   1.95889   0.19754   0.12942  
  3 725.6133   8967.497255  x:  5.14849   0.68274   0.67534   0.62234   0.52025   0.45807   0.58116   0.44241   0.49215   0.32304   0.23634   0.29300   0.69392   0.12760   0.17664   0.17467   0.04126   0.04527   0.06337   1.95464   0.16761   0.11841  
  4 1068.4090   8858.443854  x:  5.06039   0.91582   0.90316   0.80276   0.68302   0.59534   0.82706   0.60215   0.69122   0.42909   0.27027   0.35536   0.85289   0.11914   0.18222   0.20115   0.13569   0.04832   0.04681   1.89242   0.21140   0.00010  
  5 834.5410   8842.076863  x:  5.03082   0.99391   0.97948   0.86383   0.73748   0.64117   0.90895   0.65532   0.75710   0.46388   0.28099   0.37578   0.90665   0.11769   0.18539   0.20966   0.16810   0.04924   0.04152   1.87088   0.22532   0.01703  
  6 5039.3404   8817.902765  x:  5.00706   1.05687   1.04147   0.97493   0.77557   0.66395   0.92813   0.66555   0.73150   0.41986   0.22495   0.34545   0.99975   0.22360   0.28276   0.20631   0.23177   0.00760   0.07189   1.78910   0.18535   0.01559  
  7 218.5420   8797.585695  x:  4.97837   1.13146   1.11566   1.14430   0.81616   0.68115   0.92505   0.66118   0.66314   0.33379   0.16144   0.31079   1.13931   0.27392   0.31912   0.15519   0.12128   0.04176   0.04558   1.65015   0.18408   0.01537  
  8 226.5834   8779.299297  x:  4.95218   1.18331   1.16936   1.36576   0.83639   0.67221   0.85907   0.62467   0.54775   0.23115   0.24503   0.35784   1.31494   0.23858   0.25537   0.17336   0.12899   0.03125   0.03387   1.44198   0.16048   0.01574  
  9 179.1974   8777.408147  x:  4.94877   1.18802   1.17453   1.39654   0.83757   0.66945   0.84848   0.61974   0.53823   0.22699   0.25113   0.35988   1.33876   0.23098   0.24336   0.17576   0.12477   0.02996   0.05867   1.41425   0.16053   0.01592  
 10 281.9945   8771.218020  x:  4.94041   1.17429   1.16508   1.52122   0.82135   0.63877   0.78168   0.59569   0.55675   0.30676   0.21524   0.31935   1.42854   0.20485   0.19159   0.19639   0.13763   0.02327   0.05770   1.31449   0.15168   0.01633  
 11 100.3390   8769.310152  x:  4.93348   1.15011   1.14520   1.58597   0.80520   0.61681   0.75747   0.59444   0.58199   0.34930   0.24505   0.34172   1.46823   0.23323   0.20547   0.19326   0.11773   0.02742   0.05665   1.30143   0.14895   0.01617  
 12 49.4523   8766.701075  x:  4.92268   1.07611   1.08698   1.74268   0.77528   0.57939   0.77957   0.64097   0.60538   0.33012   0.22924   0.36259   1.54390   0.24046   0.17420   0.17224   0.12693   0.02494   0.05840   1.38864   0.14765   0.01625  
 13 27.1636   8766.172981  x:  4.91983   1.06263   1.07833   1.77681   0.77123   0.57557   0.78814   0.64904   0.60640   0.32469   0.23065   0.35540   1.55274   0.24557   0.17116   0.20391   0.11838   0.02666   0.05797   1.40883   0.14914   0.01646  
 14 31.4547   8764.604477  x:  4.91793   1.05198   1.09124   1.86165   0.77709   0.59757   0.81559   0.64119   0.59098   0.33827   0.28013   0.28845   1.50796   0.25664   0.15995   0.19321   0.11698   0.02691   0.05810   1.43767   0.14791   0.01646  
 15 10.0097   8751.962666  x:  4.90614   1.04844   1.28894   2.47454   0.79685   0.77103   0.95738   0.52198   0.52242   0.43714   0.23809   0.36846   0.96282   0.31976   0.08829   0.20502   0.09117   0.02581   0.06039   1.50970   0.13004   0.01694  
 16 28.9314   8744.192581  x:  4.90422   1.08748   1.41665   2.79230   0.72704   0.76172   0.96980   0.59953   0.69575   0.32683   0.25014   0.34361   0.62043   0.27117   0.13371   0.20935   0.07926   0.02504   0.06134   1.44917   0.11859   0.01704  
 17 49.2781   8741.309063  x:  4.89493   1.20505   1.47027   2.80682   0.73083   0.68110   0.92605   0.67525   0.63612   0.37504   0.25020   0.34616   0.65742   0.16014   0.23990   0.21082   0.07808   0.02537   0.06169   1.51992   0.11763   0.01707  
 18 12.1829   8728.484849  x:  4.84757   1.60923   1.26628   2.23208   1.18922   0.51056   0.99996   0.65826   0.76934   0.34897   0.25508   0.35987   1.48203   0.18376   0.19291   0.21851   0.06111   0.02425   0.06338   1.58269   0.10255   0.01731  
 19 11.8659   8724.548459  x:  4.83482   1.71366   1.29776   2.04140   0.98129   0.48836   1.18210   0.69868   0.73823   0.38521   0.25883   0.36206   1.73720   0.24899   0.12545   0.21860   0.05800   0.02418   0.06319   1.53746   0.10036   0.01720  
 20 16.8991   8720.577820  x:  4.80492   1.73177   1.39594   1.93368   0.77105   0.78743   1.17932   0.63938   0.81456   0.36357   0.25930   0.36846   2.00777   0.18582   0.17409   0.21882   0.06171   0.02414   0.06351   1.60306   0.10234   0.01697  
 21 13.4173   8717.526508  x:  4.78583   1.59718   1.48319   1.89927   0.82478   0.93801   1.16235   0.84836   0.78106   0.39780   0.25529   0.38182   2.07448   0.18501   0.17429   0.21843   0.05840   0.02312   0.06352   1.55742   0.09682   0.01672  
 22  8.4729   8709.185014  x:  4.76283   1.41333   1.98921   1.99016   1.06832   0.78606   1.18511   0.93710   0.86640   0.40059   0.26023   0.39492   2.10751   0.23567   0.09936   0.21592   0.07301   0.02299   0.06330   1.65634   0.10584   0.01617  
 23 12.3288   8707.645787  x:  4.75796   1.35997   1.97300   2.03644   1.12941   0.74882   1.31955   0.89200   0.87552   0.41023   0.25695   0.40178   2.09650   0.14331   0.19177   0.21362   0.07696   0.02281   0.06306   1.60807   0.10542   0.01592  
 24 10.8673   8704.924600  x:  4.73571   1.88731   1.54229   2.31858   1.14058   0.81324   1.37044   0.94464   0.89717   0.42696   0.25271   0.40713   1.91430   0.18474   0.16447   0.20932   0.08402   0.02279   0.06255   1.62251   0.10517   0.01571  
 25  3.3529   8698.160361  x:  4.65965   1.92331   2.03081   2.65868   1.27327   0.82684   1.53748   0.97232   1.01266   0.45342   0.23222   0.40864   2.13291   0.24985   0.17966   0.19477   0.10012   0.02411   0.06081   1.69469   0.08777   0.01604  
 26  0.8612   8695.111803  x:  4.60496   2.09116   2.19110   2.93125   1.36399   0.85024   1.65455   1.03117   1.08389   0.45743   0.22329   0.40475   2.25320   0.23581   0.17981   0.19489   0.06249   0.03430   0.05745   1.67993   0.08339   0.01818  
 27  0.3842   8693.244547  x:  4.54690   2.28124   2.33124   3.07128   1.46510   0.87924   1.77015   1.11598   1.14285   0.46219   0.23256   0.40614   2.50563   0.21849   0.16043   0.20076   0.08909   0.03390   0.05800   1.63899   0.07698   0.02045  
 28  0.3244   8692.653254  x:  4.52852   2.31685   2.40142   3.05189   1.50556   0.88507   1.78545   1.14684   1.14670   0.46420   0.23663   0.40763   2.64521   0.22968   0.16585   0.19750   0.08856   0.03515   0.05788   1.63072   0.07832   0.02206  
 29  0.1635   8692.160899  x:  4.49081   2.40549   2.51402   3.14979   1.58041   0.91390   1.82222   1.18371   1.15609   0.47526   0.23968   0.41471   2.83950   0.24532   0.17114   0.18989   0.08356   0.03638   0.05785   1.62983   0.07377   0.02491  
 30  0.2005   8691.734849  x:  4.48172   2.47052   2.47843   3.25089   1.62058   0.91702   1.78205   1.17306   1.10620   0.48014   0.23964   0.42276   2.90202   0.23409   0.16490   0.19156   0.08264   0.03344   0.05892   1.63985   0.07465   0.02957  
 31  0.0525   8691.551949  x:  4.49624   2.41143   2.45589   3.25007   1.61116   0.89510   1.75998   1.13628   1.07763   0.47843   0.23434   0.41888   2.86549   0.24046   0.16837   0.18799   0.08676   0.03123   0.05898   1.63928   0.07470   0.03187  
 32  0.0405   8691.383502  x:  4.52491   2.32221   2.41941   3.18673   1.56591   0.86221   1.75828   1.10269   1.07716   0.46279   0.23716   0.40623   2.77405   0.23727   0.16746   0.18628   0.08493   0.03304   0.05814   1.62113   0.07664   0.03508  
 33  0.0404   8691.225284  x:  4.51897   2.39209   2.43826   3.20684   1.57465   0.89371   1.78337   1.14055   1.10544   0.46413   0.24207   0.41341   2.82400   0.24232   0.16250   0.18391   0.08523   0.03559   0.05802   1.64051   0.07521   0.04087  
 34  0.0325   8691.188051  x:  4.53335   2.36106   2.41451   3.17901   1.55639   0.89364   1.76963   1.13447   1.09920   0.46650   0.23710   0.41509   2.77456   0.24125   0.16557   0.18182   0.08793   0.03447   0.05790   1.64548   0.07609   0.04281  
 35  0.0418   8691.173566  x:  4.53416   2.36721   2.43019   3.17960   1.56181   0.90352   1.77253   1.14702   1.10482   0.47321   0.23570   0.41738   2.77652   0.23728   0.16822   0.18213   0.08654   0.03373   0.05793   1.64196   0.07572   0.04370  
 36  0.0099   8691.165514  x:  4.53933   2.36327   2.43766   3.17140   1.56413   0.89620   1.76991   1.14135   1.10774   0.47484   0.23815   0.41369   2.76761   0.23891   0.16781   0.18183   0.08625   0.03281   0.05844   1.64141   0.07572   0.04320  
 37  0.0050   8691.145290  x:  4.55115   2.41182   2.43374   3.17860   1.57577   0.89281   1.77353   1.13857   1.11862   0.47470   0.24008   0.41352   2.77865   0.24147   0.16293   0.18424   0.08671   0.03272   0.05886   1.64895   0.07569   0.04359  
 38  0.0069   8691.011458  x:  4.62650   2.46144   2.44633   3.19477   1.59312   0.89469   1.79002   1.12288   1.13198   0.47735   0.23263   0.42018   2.79130   0.24371   0.16462   0.17727   0.08702   0.03340   0.05783   1.64487   0.07470   0.04595  
 39  0.0124   8690.705210  x:  4.95534   2.55418   2.52579   3.25948   1.63669   0.92188   1.82924   1.08834   1.15632   0.48837   0.21986   0.43641   2.82049   0.24462   0.17106   0.17509   0.08754   0.03517   0.05558   1.63030   0.07179   0.04846  
 40  0.1115   8690.021641  x:  5.43403   2.53942   2.65460   3.38019   1.64054   1.03665   1.84443   1.18462   1.15093   0.51079   0.24650   0.43233   2.83836   0.23582   0.17336   0.18285   0.08948   0.03584   0.05828   1.66211   0.07021   0.04143  
 41  0.1157   8689.866187  x:  5.61725   2.58670   2.68599   3.47342   1.66945   1.06013   1.89543   1.22770   1.17073   0.51686   0.24048   0.43077   2.87968   0.23875   0.17520   0.18191   0.08894   0.03564   0.05786   1.66938   0.06747   0.04266  
 42  0.1344   8689.765425  x:  5.71410   2.58988   2.63695   3.50952   1.67477   1.03884   1.92455   1.24989   1.17719   0.50925   0.23543   0.42409   2.88168   0.24180   0.17361   0.17980   0.08821   0.03451   0.05772   1.67828   0.06804   0.04366  
 43  0.0746   8689.734918  x:  5.75909   2.63159   2.64417   3.55496   1.70888   1.02482   1.95413   1.26702   1.19214   0.50747   0.24093   0.42760   2.95410   0.24475   0.16987   0.18070   0.08824   0.03377   0.05835   1.68145   0.06706   0.04306  
 44  0.0613   8689.730621  x:  5.75375   2.61836   2.64383   3.54482   1.70950   1.01930   1.95399   1.26484   1.19556   0.50821   0.23949   0.43137   2.95951   0.24381   0.17165   0.18080   0.08832   0.03373   0.05813   1.67924   0.06718   0.04339  
 45  0.0116   8689.729130  x:  5.76153   2.60965   2.64626   3.54720   1.71006   1.01835   1.95156   1.26485   1.19875   0.50986   0.23921   0.43132   2.96293   0.24379   0.17158   0.18058   0.08830   0.03382   0.05817   1.68020   0.06710   0.04309  
 46  0.0054   8689.728710  x:  5.75641   2.61039   2.64162   3.54859   1.70969   1.01764   1.94785   1.26398   1.19890   0.51043   0.23931   0.43076   2.96372   0.24402   0.17100   0.18078   0.08830   0.03387   0.05818   1.68043   0.06718   0.04315  
 47  0.0043   8689.728650  x:  5.75803   2.61258   2.64129   3.55079   1.71032   1.01832   1.94795   1.26468   1.19911   0.51084   0.23933   0.43077   2.96546   0.24410   0.17113   0.18070   0.08832   0.03388   0.05816   1.68000   0.06713   0.04322  
 48  0.0028   8689.728648  x:  5.75856   2.61255   2.64137   3.55091   1.71013   1.01842   1.94796   1.26479   1.19912   0.51088   0.23938   0.43074   2.96529   0.24405   0.17120   0.18069   0.08834   0.03389   0.05816   1.67995   0.06713   0.04320  
 49  0.0004   8689.728647  x:  5.75867   2.61274   2.64138   3.55109   1.70997   1.01841   1.94796   1.26483   1.19916   0.51089   0.23936   0.43076   2.96520   0.24401   0.17122   0.18070   0.08834   0.03388   0.05816   1.67998   0.06713   0.04320  
 50  0.0001   8689.728647  x:  5.75852   2.61269   2.64140   3.55109   1.70992   1.01838   1.94793   1.26482   1.19914   0.51089   0.23937   0.43076   2.96522   0.24402   0.17122   0.18070   0.08834   0.03388   0.05816   1.67997   0.06713   0.04320  
 51  0.0001   8689.728647  x:  5.75852   2.61267   2.64140   3.55108   1.70990   1.01838   1.94792   1.26483   1.19913   0.51088   0.23937   0.43076   2.96522   0.24402   0.17122   0.18070   0.08834   0.03388   0.05816   1.67997   0.06713   0.04320  
 52  0.0000   8689.728647  x:  5.75853   2.61267   2.64140   3.55108   1.70990   1.01838   1.94791   1.26483   1.19913   0.51088   0.23937   0.43076   2.96522   0.24402   0.17122   0.18070   0.08834   0.03388   0.05816   1.67997   0.06713   0.04320  
 53  0.0000   8689.728647  x:  5.75853   2.61267   2.64140   3.55107   1.70990   1.01838   1.94791   1.26483   1.19913   0.51088   0.23937   0.43076   2.96522   0.24402   0.17122   0.18070   0.08834   0.03388   0.05816   1.67997   0.06713   0.04320  