

TREE # 1

  0  0.0000   9010.451561  x:  0.00000   0.28181   0.35432   0.10616   0.30761   0.08098   0.17680   0.08193   0.13891   0.09309   0.13781   0.10468   0.22873   0.09910   0.05823   0.08692   0.09220   0.09749   0.03159   2.00000   0.20000   0.20000   0.20000  
  1 99.0000   8242.503847  x:  3.28322   0.66979   0.73270   0.65412   0.53127   0.39203   0.58896   0.62900   0.53214   0.38293   0.29454   0.32138   0.62613   0.17868   0.17662   0.23866   0.12485   0.04444   0.01676   1.94473   0.10874   0.01292   0.14167  
  2 5156.8948   8212.194739  x:  3.29110   0.67280   0.73710   0.65644   0.53261   0.39255   0.59125   0.63003   0.53237   0.38230   0.29344   0.32018   0.62823   0.17761   0.17590   0.23673   0.12418   0.05160   0.02340   1.94357   0.07344   0.01248   0.13792  
  3 1415.5181   8188.728043  x:  3.28671   0.71925   0.81203   0.68292   0.55592   0.39476   0.62410   0.63217   0.52515   0.36347   0.27015   0.29208   0.65858   0.15249   0.15611   0.19273   0.10887   0.14673   0.09261   1.91535   0.08351   0.02345   0.06717  
  4 382.8955   8178.330181  x:  3.28167   0.73490   0.83772   0.69188   0.56394   0.39512   0.63533   0.63249   0.52247   0.35673   0.26267   0.28276   0.66907   0.14387   0.14948   0.18160   0.10347   0.15521   0.09169   1.90502   0.08347   0.00671   0.04078  
  5 710.7720   8165.050042  x:  3.27528   0.75553   0.87165   0.70391   0.57459   0.39557   0.65029   0.63302   0.51909   0.34792   0.25328   0.27087   0.68311   0.13321   0.14155   0.16942   0.09694   0.15724   0.08125   1.89105   0.08159   0.00893   0.00557  
  6 1696.8858   8127.160482  x:  3.23014   0.88380   1.08383   0.77933   0.64109   0.39734   0.74388   0.63575   0.49826   0.29281   0.19840   0.19995   0.77139   0.07299   0.09897   0.11850   0.06308   0.17086   0.02103   1.80141   0.07049   0.01716   0.02930  
  7 611.7344   8074.433916  x:  3.10007   1.14320   1.52222   0.93776   0.77684   0.39088   0.93769   0.63798   0.46485   0.18678   0.15914   0.12589   0.95828   0.08769   0.15363   0.21051   0.19268   0.13435   0.03143   1.60044   0.05393   0.01685   0.03322  
  8 620.4506   8047.987875  x:  3.00738   1.28436   1.76922   1.02819   0.84793   0.37396   1.04397   0.63686   0.47481   0.16167   0.26718   0.24137   1.06472   0.09041   0.17654   0.22597   0.17635   0.11621   0.04093   1.47696   0.04217   0.01764   0.03566  
  9 479.9138   8042.238273  x:  2.99059   1.30545   1.82723   1.04863   0.84245   0.32884   1.05643   0.62237   0.51273   0.19752   0.25321   0.23278   1.08473   0.10425   0.19445   0.26030   0.09761   0.07568   0.08424   1.43542   0.04138   0.01787   0.03399  
 10 89.5801   8039.838638  x:  2.98862   1.30476   1.86342   1.06190   0.81775   0.25860   1.05237   0.60031   0.54300   0.22317   0.24905   0.23319   1.09246   0.10087   0.19787   0.31107   0.07753   0.11088   0.05851   1.40027   0.04129   0.01696   0.02979  
 11 55.3615   8037.717131  x:  3.00335   1.28838   1.90364   1.07793   0.77666   0.14813   1.03865   0.56840   0.55065   0.21630   0.25292   0.23860   1.09505   0.07655   0.18579   0.30460   0.09671   0.09818   0.06814   1.36066   0.04266   0.01738   0.03054  
 12 42.2815   8037.112465  x:  3.00744   1.27495   1.91857   1.08671   0.76867   0.11303   1.03486   0.56279   0.54929   0.21099   0.25210   0.23756   1.09602   0.09559   0.20287   0.28454   0.09723   0.10109   0.06192   1.34777   0.04287   0.01718   0.03165  
 13 34.0402   8032.433536  x:  2.97604   0.84266   2.10084   1.28482   0.96378   0.00000   1.04040   0.71102   0.51826   0.22336   0.25651   0.23420   1.10415   0.11305   0.17197   0.28742   0.09400   0.10120   0.06158   1.24147   0.04257   0.01662   0.02907  
 14 10.6040   8027.661917  x:  2.94508   0.66698   2.32130   1.39727   0.97061   0.08103   1.04193   0.64241   0.60978   0.25327   0.24224   0.25431   1.07604   0.08511   0.21143   0.25875   0.12527   0.09630   0.05169   1.33197   0.04395   0.01676   0.03040  
 15 14.9575   8024.740613  x:  2.94149   0.62741   2.41415   1.44295   0.95652   0.10928   1.04651   0.61900   0.58124   0.19323   0.26965   0.24963   1.05490   0.08396   0.22600   0.29661   0.08567   0.09747   0.05055   1.39134   0.04728   0.01643   0.02708  
 16 33.5868   8013.906731  x:  2.82822   0.93791   2.48209   1.53089   0.88393   0.10112   1.13890   0.88371   0.47760   0.37690   0.33801   0.21680   1.02242   0.16590   0.14400   0.28855   0.11200   0.08684   0.03439   1.43442   0.04919   0.01618   0.02485  
 17 14.2956   8008.323126  x:  2.77326   1.09486   2.36325   1.56775   0.90100   0.10262   1.21328   0.97517   0.54182   0.30161   0.21559   0.33144   1.11053   0.12828   0.19132   0.29235   0.10740   0.08579   0.02867   1.34978   0.04958   0.01545   0.02195  
 18 25.6224   8004.553716  x:  2.72432   1.19675   2.21122   1.60561   0.95095   0.09072   1.29711   1.00124   0.68990   0.22624   0.29557   0.25789   1.26080   0.06693   0.25714   0.27439   0.11090   0.08603   0.02396   1.28940   0.04838   0.01492   0.02045  
 19 32.0988   8003.047900  x:  2.70061   1.22677   2.14985   1.64816   1.00278   0.03229   1.35715   0.94828   0.70414   0.23033   0.28508   0.26785   1.45228   0.11015   0.20441   0.27556   0.11407   0.08344   0.02438   1.39344   0.04820   0.01496   0.01956  
 20 11.2087   8001.691207  x:  2.70295   1.21691   2.14090   1.62897   1.00164   0.06901   1.36290   0.84992   0.58990   0.30900   0.28821   0.26535   1.62322   0.08462   0.23263   0.27292   0.10852   0.08309   0.02419   1.34173   0.04787   0.01445   0.01760  
 21  5.5254   7994.613157  x:  2.65224   1.25035   2.49967   1.38043   0.95005   0.13866   1.20616   0.95246   0.67004   0.23114   0.29519   0.25637   1.98647   0.16295   0.12705   0.27124   0.09704   0.06796   0.03016   1.26052   0.04465   0.01244   0.00693  
 22  3.7216   7991.572176  x:  2.62422   1.29120   2.63676   1.31621   1.01598   0.07032   1.26170   1.00773   0.66159   0.24556   0.28610   0.26408   2.01549   0.07464   0.22078   0.26971   0.08713   0.06348   0.03028   1.33259   0.04364   0.01169   0.00303  
 23 13.6844   7988.175485  x:  2.61056   1.36473   2.70809   1.38625   1.15489   0.04286   1.48716   0.83997   0.67970   0.24325   0.28498   0.26629   1.81670   0.13318   0.14852   0.25797   0.09037   0.05641   0.03422   1.26124   0.04246   0.01094   0.00187  
 24  6.3203   7980.434255  x:  2.51652   1.53647   2.89332   1.73737   1.22926   0.00000   1.60215   0.80547   0.68226   0.24152   0.27542   0.27004   1.69178   0.08013   0.19270   0.22580   0.08800   0.04447   0.04413   1.27710   0.03826   0.00999   0.00594  
 25  7.0603   7978.431549  x:  2.45007   1.51838   2.94750   1.91777   1.03177   0.03527   1.81448   0.89199   0.68142   0.22628   0.26900   0.26897   1.71293   0.07234   0.19232   0.22255   0.08426   0.05218   0.04383   1.27704   0.03597   0.00981   0.00539  
 26  3.4589   7972.269738  x:  2.38907   1.65818   3.18227   1.91791   1.19721   0.00000   1.79686   0.90177   0.68861   0.22515   0.26761   0.27329   1.76262   0.06416   0.19901   0.21703   0.08880   0.07387   0.03315   1.28089   0.03437   0.01018   0.00650  
 27  2.5463   7972.269738  x:  2.38907   1.65818   3.18227   1.91791   1.19721   0.00000   1.79686   0.90177   0.68861   0.22515   0.26761   0.27329   1.76262   0.06416   0.19901   0.21703   0.08880   0.07387   0.03315   1.28089   0.03437   0.01018   0.00650  
 28  1.5639   7970.961489  x:  2.38903   1.65820   3.18230   1.91792   1.19722   0.00002   1.79687   0.90179   0.68860   0.22514   0.26757   0.27324   1.76264   0.06416   0.19901   0.21705   0.08882   0.07397   0.03318   1.28087   0.03711   0.01077   0.00703  
 29 944.8134   7970.486317  x:  2.38872   1.65833   3.18247   1.91794   1.19728   0.00009   1.79688   0.90186   0.68846   0.22507   0.26728   0.27287   1.76270   0.06417   0.19898   0.21716   0.08898   0.07471   0.03336   1.28086   0.03684   0.01429   0.01031  
 30 228.8882   7970.359528  x:  2.38713   1.65897   3.18335   1.91802   1.19758   0.00047   1.79694   0.90225   0.68773   0.22469   0.26583   0.27098   1.76301   0.06399   0.19856   0.21751   0.08958   0.07802   0.03398   1.28084   0.03684   0.01263   0.01239  
 31 49.1388   7970.019834  x:  2.38036   1.66170   3.18711   1.91839   1.19884   0.00206   1.79722   0.90387   0.68464   0.22309   0.25983   0.26313   1.76434   0.06338   0.19698   0.21856   0.09220   0.08995   0.03513   1.28077   0.03686   0.01380   0.01037  
 32 104.1250   7969.649260  x:  2.36753   1.66684   3.19422   1.91906   1.20120   0.00491   1.79772   0.90690   0.67911   0.22044   0.25091   0.25084   1.76685   0.06289   0.19461   0.21976   0.09498   0.09268   0.02522   1.28058   0.03687   0.01371   0.01057  
 33 58.2592   7969.027539  x:  2.33228   1.68088   3.21363   1.92086   1.20749   0.01200   1.79901   0.91502   0.66529   0.21478   0.23677   0.22817   1.77367   0.06453   0.19121   0.22061   0.09957   0.08216   0.03310   1.28010   0.03687   0.01363   0.01073  
 34 59.3246   7966.041318  x:  2.09519   1.77401   3.34294   1.93219   1.24741   0.05017   1.80660   0.96704   0.59149   0.19805   0.26201   0.21078   1.81882   0.07899   0.17502   0.20685   0.06511   0.08370   0.03468   1.27807   0.03649   0.01410   0.01072  
 35 55.4931   7962.665689  x:  1.78248   1.89607   3.51270   1.94677   1.29807   0.09326   1.81606   1.03324   0.51290   0.19330   0.30316   0.21403   1.87811   0.10530   0.16736   0.21484   0.09913   0.08536   0.03108   1.27551   0.03591   0.01339   0.01085  
 36 340.7433   7958.226340  x:  1.36268   2.05737   3.73809   1.96516   1.35626   0.11860   1.82688   1.11021   0.52015   0.27874   0.28774   0.23706   1.95734   0.07908   0.12810   0.22793   0.10428   0.08205   0.03326   1.26821   0.03490   0.01433   0.01052  
 37 143.2497   7955.912257  x:  1.12088   2.15041   3.86819   1.97577   1.38585   0.12033   1.83308   1.14990   0.54233   0.32894   0.26369   0.24486   2.00361   0.10549   0.16120   0.22401   0.09464   0.08485   0.03169   1.26389   0.03439   0.01361   0.01061  
 38 254.9822   7954.104628  x:  0.93974   2.23008   3.97831   1.98628   1.38053   0.02623   1.84056   1.14753   0.59023   0.26386   0.26270   0.24609   2.04793   0.05067   0.20476   0.18921   0.10573   0.08505   0.03131   1.26519   0.03458   0.01334   0.01157  
 39 30.7645   7953.586126  x:  0.89884   2.24955   4.00531   1.98911   1.37770   0.00000   1.84293   1.14480   0.60243   0.24413   0.26381   0.24551   2.05917   0.04088   0.21479   0.20732   0.09990   0.08457   0.03173   1.26646   0.03466   0.01356   0.01108  
 40 64.3499   7953.402945  x:  0.88853   2.27198   4.03815   1.99564   1.36290   0.00000   1.85281   1.12426   0.63114   0.22213   0.26638   0.24326   2.07634   0.06862   0.18689   0.20763   0.10040   0.08462   0.03167   1.27557   0.03464   0.01357   0.01108  
 41  6.5029   7953.085222  x:  0.96167   2.34441   4.14927   2.02252   1.31229   0.00000   1.90571   1.04469   0.63334   0.22411   0.25738   0.25448   2.13759   0.05990   0.19679   0.20530   0.10102   0.08459   0.03161   1.27432   0.03389   0.01354   0.01117  
 42  3.8890   7953.049651  x:  0.97279   2.35272   4.16651   2.02897   1.31062   0.00000   1.91554   1.04304   0.63836   0.22990   0.26801   0.24377   2.14618   0.05759   0.19943   0.20549   0.10123   0.08466   0.03154   1.27611   0.03375   0.01353   0.01117  
 43  4.4376   7952.705989  x:  1.12796   2.43260   4.42042   2.16107   1.38336   0.00000   2.08011   1.17625   0.65802   0.22831   0.26157   0.24904   2.26005   0.05935   0.20166   0.21607   0.09663   0.08443   0.03162   1.29653   0.03173   0.01368   0.01097  
 44  3.2408   7952.672583  x:  1.13879   2.43885   4.44517   2.17611   1.39215   0.00000   2.09554   1.18274   0.65935   0.22855   0.26274   0.24783   2.27108   0.06216   0.19928   0.21754   0.09616   0.08452   0.03164   1.27250   0.03143   0.01365   0.01091  
 45  3.7885   7952.652400  x:  1.13232   2.43885   4.46559   2.19711   1.40892   0.00000   2.10462   1.16165   0.64960   0.23637   0.26213   0.24696   2.27871   0.06407   0.19750   0.21908   0.09512   0.08449   0.03168   1.27504   0.03146   0.01367   0.01086  
 46  0.7445   7952.620478  x:  1.12874   2.43202   4.49459   2.24505   1.43134   0.00000   2.10944   1.15148   0.66690   0.22696   0.26175   0.24796   2.28006   0.05794   0.20296   0.21836   0.09514   0.08444   0.03163   1.27499   0.03129   0.01366   0.01087  
 47  0.4333   7952.571864  x:  1.10873   2.44941   4.55299   2.28844   1.38936   0.00000   2.11330   1.16632   0.66880   0.23042   0.25965   0.24798   2.28699   0.05459   0.20544   0.21939   0.09358   0.08438   0.03163   1.27519   0.03132   0.01366   0.01080  
 48  0.7048   7952.536024  x:  1.10081   2.50391   4.59341   2.24325   1.40780   0.00000   2.14686   1.17130   0.67934   0.22727   0.25819   0.24847   2.30765   0.05176   0.20756   0.22023   0.09246   0.08431   0.03162   1.27395   0.03119   0.01365   0.01075  
 49  0.5436   7952.529845  x:  1.10213   2.52195   4.59845   2.24707   1.41456   0.00000   2.13949   1.17691   0.68057   0.22793   0.25815   0.24854   2.34294   0.05158   0.20762   0.22036   0.09228   0.08429   0.03163   1.27383   0.03104   0.01365   0.01075  
 50  0.2940   7952.523974  x:  1.09978   2.54329   4.62344   2.26904   1.41726   0.00000   2.17200   1.18563   0.68100   0.22987   0.25839   0.24904   2.36007   0.05183   0.20700   0.22007   0.09238   0.08425   0.03167   1.27418   0.03073   0.01365   0.01076  
 51  0.1367   7952.520134  x:  1.10612   2.56034   4.66409   2.27898   1.42639   0.00000   2.17105   1.19201   0.68124   0.23115   0.25878   0.24913   2.35922   0.05275   0.20589   0.21986   0.09248   0.08423   0.03170   1.27411   0.03054   0.01365   0.01076  
 52  0.2380   7952.519030  x:  1.10697   2.55217   4.68058   2.27698   1.42773   0.00000   2.17491   1.19458   0.68150   0.23097   0.25900   0.24920   2.36720   0.05283   0.20566   0.21956   0.09264   0.08423   0.03171   1.27419   0.03051   0.01365   0.01077  
 53  0.0949   7952.517224  x:  1.11048   2.56510   4.69352   2.28875   1.43317   0.00000   2.18482   1.20097   0.68177   0.23011   0.25974   0.24919   2.37390   0.05330   0.20489   0.21884   0.09312   0.08425   0.03171   1.27406   0.03044   0.01364   0.01078  
 54  0.0333   7952.517120  x:  1.11264   2.56779   4.69897   2.29101   1.43451   0.00000   2.18778   1.20248   0.68187   0.23002   0.25953   0.24909   2.37682   0.05297   0.20538   0.21883   0.09305   0.08428   0.03168   1.27409   0.03040   0.01364   0.01078  
 55  0.0068   7952.517118  x:  1.11272   2.56775   4.69903   2.29096   1.43446   0.00000   2.18777   1.20240   0.68182   0.23003   0.25955   0.24909   2.37679   0.05301   0.20538   0.21885   0.09304   0.08427   0.03169   1.27409   0.03040   0.01364   0.01078  
 56  0.0002   7952.517118  x:  1.11272   2.56779   4.69910   2.29100   1.43445   0.00000   2.18781   1.20240   0.68182   0.23002   0.25955   0.24909   2.37681   0.05301   0.20538   0.21885   0.09304   0.08427   0.03169   1.27409   0.03040   0.01364   0.01078  