

TREE # 1

  0  0.0000   8281.172038  x:  0.14568   1.91919   1.49776   0.27021   1.45050   0.46307   1.40862   0.73198   0.77906   0.46781   1.02476   0.23301   0.00000   0.05215   0.06886   0.01011   0.00634   2.00000   0.20000   0.20000   0.20000  
  1 99.0000   8267.576343  x:  0.15771   1.92081   1.50087   0.28098   1.45012   0.46415   1.40796   0.73172   0.77858   0.46767   1.02912   0.23392   0.00810   0.05312   0.06860   0.00000   0.02057   1.99586   0.22201   0.19677   0.19937  
  2 651.8546   8259.735934  x:  0.17943   1.92369   1.50648   0.30051   1.44932   0.46600   1.40664   0.73112   0.77759   0.46732   1.03701   0.23536   0.02186   0.05477   0.06839   0.01169   0.03952   1.98840   0.25753   0.19078   0.19818  
  3 2262.5861   8234.512555  x:  0.24263   1.93113   1.52274   0.35874   1.44407   0.46903   1.39978   0.72627   0.77181   0.46373   1.06034   0.23431   0.04596   0.05693   0.06727   0.00873   0.00434   1.96681   0.27389   0.16986   0.19372  
  4 476.5145   8156.350483  x:  0.56228   1.96647   1.60515   0.65618   1.40924   0.47770   1.35705   0.69365   0.73550   0.43994   1.18032   0.21260   0.12769   0.06291   0.06189   0.00902   0.02628   1.85555   0.17097   0.05315   0.16993  
  5 1085.3432   8135.312766  x:  0.67605   1.98054   1.64574   0.76700   1.38118   0.47123   1.33101   0.67387   0.71979   0.43757   1.23836   0.15526   0.03105   0.05640   0.06443   0.00864   0.03060   1.78123   0.16644   0.13643   0.15823  
  6 274.9093   8129.265768  x:  0.67886   1.98292   1.66835   0.78011   1.34660   0.45164   1.30757   0.65722   0.71379   0.45087   1.26824   0.21386   0.00000   0.04714   0.08565   0.00830   0.03144   1.71389   0.16624   0.14272   0.14740  
  7 87.2870   8129.265768  x:  0.67886   1.98292   1.66835   0.78011   1.34660   0.45164   1.30757   0.65722   0.71379   0.45087   1.26824   0.21386   0.00000   0.04714   0.08565   0.00830   0.03144   1.71389   0.16624   0.14272   0.14740  
  8 210.8715   8121.869044  x:  0.68153   1.98345   1.66950   0.78257   1.34621   0.45193   1.30740   0.65735   0.71396   0.45143   1.26975   0.21596   0.00596   0.04874   0.08370   0.00000   0.02388   1.71163   0.18274   0.14098   0.14693  
  9 522.6306   8118.456629  x:  0.68505   1.98411   1.67098   0.78582   1.34560   0.45224   1.30710   0.65745   0.71411   0.45212   1.27171   0.21859   0.01338   0.05077   0.08131   0.00582   0.01501   1.70870   0.20066   0.13861   0.14630  
 10 1151.2048   8116.171720  x:  0.69386   1.98512   1.67427   0.79394   1.34272   0.45176   1.30511   0.65643   0.71346   0.45302   1.27623   0.22290   0.02621   0.05430   0.07527   0.00584   0.00640   1.70215   0.19498   0.13153   0.14483  
 11 175.8604   8109.144955  x:  0.74108   1.99082   1.69211   0.83745   1.32780   0.44967   1.29491   0.65147   0.71037   0.45816   1.30055   0.24307   0.08988   0.07137   0.04551   0.00578   0.01764   1.66669   0.18265   0.09400   0.13739  
 12 664.4666   8101.889834  x:  0.80614   1.99891   1.71737   0.89696   1.30756   0.44684   1.28140   0.64540   0.70674   0.46567   1.33343   0.23203   0.11051   0.07062   0.07400   0.00537   0.01873   1.61686   0.17603   0.04884   0.13374  
 13 230.2042   8070.172587  x:  1.20331   2.04854   1.87365   1.25944   1.18280   0.42938   1.19953   0.61024   0.68528   0.51212   1.53327   0.13560   0.16726   0.01971   0.10371   0.00453   0.01929   1.30722   0.14386   0.10503   0.10865  
 14 389.6644   8064.082666  x:  1.30402   2.06109   1.91416   1.35093   1.15084   0.42540   1.17945   0.60281   0.68013   0.52373   1.58327   0.10361   0.16015   0.06140   0.10491   0.00433   0.01886   1.23121   0.13693   0.11851   0.09985  
 15 799.7985   8060.547324  x:  1.35185   2.06690   1.93521   1.39342   1.13535   0.42498   1.17177   0.60295   0.67835   0.52856   1.60543   0.08770   0.12754   0.06211   0.07082   0.00466   0.01595   1.20374   0.13770   0.10029   0.09529  
 16 201.1743   8055.025869  x:  1.47757   2.08167   2.00427   1.49760   1.09561   0.43732   1.16805   0.63256   0.68045   0.53744   1.65167   0.23467   0.01284   0.06856   0.05029   0.00451   0.01295   1.19747   0.13705   0.09023   0.12384  
 17 70.7278   8052.677999  x:  1.57569   2.09380   2.08864   1.56956   1.07637   0.49161   1.20451   0.70924   0.69457   0.53700   1.66989   0.23626   0.00720   0.06810   0.05347   0.00422   0.01273   1.33214   0.13267   0.09511   0.08107  
 18 25.4107   8052.133468  x:  1.60442   2.09869   2.12275   1.58843   1.07391   0.51113   1.22070   0.73186   0.70052   0.53500   1.67131   0.22479   0.01254   0.07019   0.05008   0.00426   0.01260   1.37019   0.13085   0.09560   0.12110  
 19 32.2554   8051.146423  x:  1.63526   2.12937   2.33335   1.56992   1.12134   0.55522   1.31309   0.72159   0.73342   0.50670   1.59907   0.22531   0.01487   0.06971   0.05030   0.00403   0.01253   1.33633   0.12419   0.09468   0.11655  
 20  6.3645   8050.416281  x:  1.64130   2.13979   2.49182   1.56952   1.11784   0.49963   1.30485   0.67684   0.72452   0.55702   1.56578   0.22162   0.02061   0.06951   0.05233   0.00398   0.01272   1.37006   0.12612   0.09572   0.11911  
 21  7.2417   8049.785245  x:  1.62957   2.12635   2.57609   1.59496   1.13621   0.48020   1.28014   0.70299   0.66917   0.52339   1.57601   0.21937   0.02526   0.06915   0.05502   0.00392   0.01296   1.37589   0.12816   0.09670   0.12026  
 22  5.9329   8047.902272  x:  1.57650   2.05545   2.74784   1.69843   1.22467   0.48726   1.21809   0.85725   0.71689   0.57009   1.65492   0.21479   0.03865   0.06761   0.06204   0.00343   0.01354   1.34467   0.12358   0.09761   0.12160  
 23 11.1876   8045.834256  x:  1.63192   2.05936   2.75706   1.81131   1.26898   0.53282   1.30498   0.75142   0.81922   0.50121   1.80696   0.21362   0.04719   0.06695   0.06987   0.00300   0.01409   1.39286   0.12487   0.10099   0.12539  
 24  6.2585   8044.266489  x:  1.75246   2.17383   2.69067   1.82865   1.28857   0.58479   1.48287   0.75020   0.73221   0.59982   1.89008   0.21306   0.05462   0.06589   0.07508   0.00256   0.01443   1.38717   0.12071   0.10189   0.12629  
 25  9.1884   8043.100209  x:  1.92988   2.43438   2.62883   1.76882   1.27318   0.52623   1.47777   0.84116   0.78568   0.56443   1.88476   0.20552   0.06737   0.06458   0.07906   0.00229   0.01478   1.37903   0.11833   0.10204   0.12722  
 26  6.5526   8042.581941  x:  2.00617   2.56540   2.62077   1.78122   1.36296   0.58597   1.39906   0.82407   0.77984   0.58084   1.88070   0.20597   0.06829   0.06436   0.07907   0.00215   0.01469   1.39289   0.11545   0.10170   0.12765  
 27  5.3916   8040.652676  x:  2.02806   2.80785   2.74970   2.12466   1.47031   0.51276   1.49599   0.84829   0.79595   0.59423   1.96048   0.19983   0.07817   0.06163   0.07612   0.00180   0.01421   1.39951   0.10159   0.09577   0.12493  
 28  1.8112   8038.559160  x:  2.21156   2.74622   2.91594   2.32574   1.19975   0.71924   1.45515   0.84477   0.79560   0.59932   1.87695   0.18814   0.09685   0.05682   0.07537   0.00183   0.01420   1.35227   0.09873   0.08754   0.11853  
 29  3.7247   8037.239790  x:  2.60102   2.44888   2.99726   2.33450   1.33438   0.63359   1.47960   0.86177   0.80544   0.59705   1.84988   0.17699   0.10824   0.05482   0.07230   0.00193   0.01385   1.34767   0.09647   0.08265   0.11618  
 30  4.1919   8035.602816  x:  2.71288   2.70403   3.36192   2.45460   1.42091   0.64213   1.55052   0.90278   0.83127   0.61897   2.30672   0.17244   0.09571   0.05562   0.06263   0.00266   0.01243   1.36006   0.09001   0.07659   0.11306  
 31  0.4990   8035.280755  x:  2.76292   2.75007   3.36056   2.64204   1.45799   0.62549   1.58235   0.91210   0.83987   0.62110   2.17076   0.17101   0.09449   0.05648   0.06264   0.00284   0.01223   1.36368   0.09090   0.07800   0.11466  
 32  1.3520   8034.399926  x:  3.02022   2.95790   3.57232   2.89934   1.56195   0.67124   1.69085   0.97264   0.88144   0.64394   2.27009   0.17466   0.08878   0.05931   0.06968   0.00307   0.01221   1.37008   0.08068   0.08706   0.11989  
 33  0.7110   8033.894998  x:  3.36204   3.04146   3.83130   3.01625   1.61949   0.77276   1.79836   1.04222   0.93194   0.66683   2.44722   0.18373   0.08756   0.06092   0.07194   0.00308   0.01366   1.38172   0.07658   0.09244   0.12112  
 34  0.2331   8033.719322  x:  3.51403   3.17423   3.98823   3.15867   1.69122   0.80628   1.87173   1.08625   0.96127   0.68322   2.52234   0.18100   0.09054   0.06019   0.06912   0.00308   0.01374   1.38910   0.07175   0.08989   0.11985  
 35  0.4325   8033.606920  x:  3.55667   3.26041   4.06554   3.22578   1.73824   0.81586   1.91410   1.10983   0.97772   0.69286   2.54792   0.17669   0.09286   0.05858   0.06584   0.00297   0.01337   1.39613   0.07095   0.08534   0.11848  
 36  0.1338   8033.548530  x:  3.67494   3.40122   4.22741   3.33501   1.81056   0.84422   1.99031   1.15094   1.00869   0.71003   2.65668   0.17790   0.09050   0.05859   0.06842   0.00290   0.01306   1.40226   0.06765   0.08668   0.12025  
 37  0.1688   8033.538293  x:  3.68181   3.41953   4.25060   3.34650   1.82097   0.84625   2.00060   1.15528   1.01321   0.71316   2.67465   0.17787   0.09124   0.05866   0.06883   0.00292   0.01307   1.40193   0.06763   0.08713   0.12009  
 38  0.0393   8033.534427  x:  3.71982   3.45776   4.30313   3.38701   1.84335   0.85475   2.02274   1.16720   1.02274   0.71941   2.70666   0.17678   0.09312   0.05867   0.06833   0.00296   0.01314   1.40278   0.06665   0.08697   0.11951  
 39  0.0741   8033.534041  x:  3.72211   3.45604   4.30642   3.39327   1.84411   0.85456   2.02189   1.16702   1.02308   0.72027   2.70951   0.17603   0.09359   0.05881   0.06827   0.00297   0.01313   1.40293   0.06665   0.08705   0.11962  
 40  0.0043   8033.533985  x:  3.72317   3.45546   4.30633   3.39549   1.84402   0.85462   2.02128   1.16705   1.02312   0.72041   2.70995   0.17604   0.09360   0.05881   0.06831   0.00297   0.01313   1.40295   0.06662   0.08701   0.11969  
 41  0.0017   8033.533980  x:  3.72237   3.45495   4.30502   3.39513   1.84366   0.85444   2.02076   1.16693   1.02298   0.72032   2.70960   0.17612   0.09357   0.05880   0.06832   0.00296   0.01313   1.40292   0.06664   0.08699   0.11967  
 42  0.0012   8033.533978  x:  3.72271   3.45568   4.30531   3.39564   1.84398   0.85453   2.02102   1.16718   1.02311   0.72038   2.71024   0.17613   0.09356   0.05880   0.06831   0.00296   0.01313   1.40295   0.06663   0.08700   0.11965  
 43  0.0006   8033.533978  x:  3.72260   3.45555   4.30508   3.39551   1.84390   0.85451   2.02096   1.16715   1.02308   0.72036   2.71013   0.17613   0.09356   0.05880   0.06831   0.00296   0.01313   1.40294   0.06663   0.08700   0.11966  
 44  0.0003   8033.533978  x:  3.72260   3.45554   4.30504   3.39550   1.84389   0.85451   2.02095   1.16715   1.02307   0.72036   2.71012   0.17613   0.09356   0.05880   0.06831   0.00296   0.01313   1.40294   0.06663   0.08700   0.11966  
 45  0.0001   8033.533978  x:  3.72260   3.45554   4.30503   3.39549   1.84388   0.85452   2.02095   1.16715   1.02307   0.72036   2.71012   0.17613   0.09356   0.05880   0.06831   0.00296   0.01313   1.40294   0.06663   0.08700   0.11966  
 46  0.0001   8033.533978  x:  3.72260   3.45554   4.30502   3.39549   1.84388   0.85452   2.02095   1.16715   1.02307   0.72036   2.71012   0.17613   0.09356   0.05880   0.06831   0.00296   0.01313   1.40294   0.06664   0.08700   0.11966  
 47  0.0000   8033.533978  x:  3.72260   3.45554   4.30501   3.39549   1.84388   0.85452   2.02095   1.16715   1.02307   0.72036   2.71012   0.17613   0.09356   0.05880   0.06831   0.00296   0.01313   1.40294   0.06664   0.08700   0.11966  
 48  0.0000   8033.533978  x:  3.72261   3.45554   4.30501   3.39549   1.84388   0.85452   2.02095   1.16715   1.02307   0.72036   2.71012   0.17613   0.09356   0.05880   0.06831   0.00296   0.01313   1.40294   0.06664   0.08700   0.11966  
 49  0.0000   8033.533978  x:  3.72261   3.45554   4.30501   3.39549   1.84388   0.85452   2.02096   1.16715   1.02307   0.72036   2.71012   0.17613   0.09356   0.05880   0.06831   0.00296   0.01313   1.40294   0.06664   0.08700   0.11966  
 50  0.0000   8033.533978  x:  3.72261   3.45554   4.30501   3.39549   1.84388   0.85452   2.02096   1.16715   1.02307   0.72036   2.71012   0.17613   0.09356   0.05880   0.06831   0.00296   0.01313   1.40294   0.06664   0.08700   0.11966  
 51  0.0000   8033.533978  x:  3.72261   3.45554   4.30501   3.39549   1.84388   0.85452   2.02096   1.16715   1.02307   0.72036   2.71012   0.17613   0.09356   0.05880   0.06831   0.00296   0.01313   1.40294   0.06664   0.08700   0.11966  
 52  0.0000   8033.533978  x:  3.72261   3.45554   4.30501   3.39549   1.84388   0.85452   2.02096   1.16715   1.02307   0.72036   2.71012   0.17613   0.09356   0.05880   0.06831   0.00296   0.01313   1.40294   0.06664   0.08700   0.11966  
check convergence!
