

TREE # 1

  0  0.0000   6687.279704  x:  0.08493   0.75551   0.89827   0.19706   0.62256   0.16162   0.49878   0.11710   0.37662   0.38505   0.69743   0.10985   0.09998   0.07317   0.08667   0.08755   0.00000   2.00000   0.20000   0.20000  
  1 99.0000   6665.822399  x:  0.11400   0.76584   0.91121   0.22169   0.62892   0.16917   0.50311   0.13707   0.38245   0.38990   0.70975   0.12055   0.10817   0.08488   0.09925   0.08376   0.13660   1.99441   0.22146   0.19734  
  2 1702.5465   6557.985973  x:  0.31240   0.84463   1.01227   0.40016   0.67714   0.22220   0.53381   0.27690   0.42580   0.42531   0.80511   0.19338   0.15696   0.13570   0.13413   0.00826   0.10998   1.95106   0.26724   0.17311  
  3 581.6880   6480.447928  x:  0.75412   1.03607   1.26603   0.80654   0.79069   0.33361   0.59849   0.58049   0.52457   0.50328   1.03654   0.33233   0.23091   0.21238   0.19596   0.28818   0.06023   1.84321   0.16520   0.09794  
  4 1485.4539   6472.914917  x:  0.77122   1.04744   1.28321   0.82320   0.79588   0.33557   0.59960   0.58868   0.52769   0.50439   1.04870   0.32828   0.22241   0.20088   0.18688   0.28084   0.06368   1.83559   0.13434   0.08606  
  5 391.3177   6445.819995  x:  0.82239   1.10229   1.37081   0.87956   0.81864   0.33451   0.60047   0.60033   0.53775   0.50285   1.10339   0.27652   0.15031   0.10683   0.11581   0.28405   0.06838   1.79327   0.13617   0.01649  
  6 403.4409   6438.663548  x:  0.84153   1.13310   1.42256   0.90391   0.83018   0.32914   0.59860   0.59716   0.54098   0.49871   1.13318   0.24726   0.11155   0.06724   0.09121   0.28377   0.07051   1.76699   0.13556   0.05557  
  7 336.0507   6430.200763  x:  0.84277   1.18104   1.51008   0.91976   0.84471   0.30819   0.58970   0.56444   0.53955   0.48371   1.17605   0.19552   0.05012   0.09063   0.11707   0.28053   0.06934   1.72054   0.13404   0.06355  
  8 192.6450   6404.466307  x:  0.75823   1.41698   1.96715   0.92970   0.90897   0.16795   0.53366   0.32373   0.51807   0.39142   1.38104   0.13713   0.15840   0.11205   0.12631   0.26974   0.07208   1.46992   0.12538   0.06466  
  9 183.3796   6393.537939  x:  0.52453   1.52850   2.27644   0.82234   0.98678   0.12918   0.62299   0.38138   0.57685   0.50204   1.49464   0.26200   0.10948   0.09804   0.14733   0.25735   0.07711   1.33246   0.11510   0.06309  
 10 70.2571   6392.017924  x:  0.47096   1.54197   2.34162   0.80592   1.00593   0.16444   0.64021   0.41989   0.55971   0.48901   1.51930   0.24328   0.11949   0.12846   0.11295   0.25672   0.07879   1.35263   0.11368   0.06629  
 11 34.0696   6391.048680  x:  0.43065   1.54917   2.39589   0.79696   1.01635   0.19529   0.64852   0.45263   0.54174   0.47146   1.53998   0.22018   0.13717   0.11058   0.13871   0.25506   0.07848   1.38981   0.11273   0.06556  
 12 40.6007   6390.438815  x:  0.41617   1.54570   2.46093   0.80245   0.98957   0.17981   0.62401   0.45321   0.55835   0.47962   1.56222   0.23168   0.13205   0.11218   0.13643   0.25405   0.07854   1.48077   0.11425   0.06586  
 13 10.7256   6389.643364  x:  0.45008   1.47162   2.55547   0.79456   0.95206   0.23191   0.66086   0.40951   0.54643   0.46791   1.55805   0.26261   0.11280   0.10803   0.13612   0.25312   0.07713   1.48982   0.11472   0.06475  
 14  2.8374   6388.031278  x:  0.49841   1.33851   2.70844   0.77656   0.88953   0.22947   0.68260   0.42362   0.57006   0.50675   1.53723   0.20408   0.14030   0.10877   0.13398   0.25087   0.07364   1.45857   0.11447   0.06445  
 15 12.6538   6385.048026  x:  0.52097   1.21621   2.88375   0.79539   0.91968   0.15938   0.59956   0.50381   0.52008   0.43958   1.51623   0.23107   0.11756   0.10175   0.12800   0.24652   0.06777   1.40771   0.11754   0.06025  
 16 12.0755   6378.140378  x:  0.49772   1.19912   3.13857   0.90291   1.19209   0.20710   0.47125   0.45550   0.62165   0.45803   1.51730   0.20566   0.11259   0.08743   0.12215   0.22818   0.05566   1.40037   0.11574   0.05425  
 17 15.2938   6366.277941  x:  0.50282   1.47987   3.44196   1.05257   1.39698   0.04292   0.70927   0.40455   0.57129   0.46243   1.60314   0.14597   0.11405   0.07177   0.10384   0.19958   0.03417   1.48878   0.11387   0.04539  
 18 27.2714   6358.516017  x:  0.47103   1.87959   3.55953   1.03675   1.11232   0.18985   0.61244   0.46437   0.59026   0.44281   1.78761   0.15066   0.09350   0.05650   0.09674   0.17992   0.01966   1.40425   0.11191   0.03853  
 19 20.6558   6348.219825  x:  0.49734   1.82849   3.63378   0.96917   1.17633   0.16405   0.62875   0.44537   0.58180   0.46350   2.47685   0.14341   0.10126   0.08628   0.10037   0.14388   0.00236   1.39033   0.10037   0.04500  
 20  1.7642   6345.720909  x:  0.48049   1.90131   3.70611   1.01126   1.15602   0.16641   0.65295   0.46052   0.64610   0.40617   2.36438   0.14947   0.10165   0.09085   0.10265   0.13958   0.00000   1.38866   0.09801   0.04681  
 21  6.2485   6345.720909  x:  0.48049   1.90131   3.70611   1.01126   1.15602   0.16641   0.65295   0.46052   0.64610   0.40617   2.36438   0.14947   0.10165   0.09085   0.10265   0.13958   0.00000   1.38866   0.09801   0.04681  
 22 14.9157   6341.291907  x:  0.48127   1.90149   3.70620   1.01188   1.15609   0.16669   0.65324   0.46143   0.64616   0.40670   2.36430   0.15221   0.10439   0.09346   0.10630   0.13521   0.02134   1.38889   0.09152   0.04854  
 23 615.5170   6337.588424  x:  0.48544   1.90273   3.70691   1.01522   1.15677   0.16858   0.65500   0.46622   0.64681   0.40952   2.36426   0.16423   0.11651   0.10295   0.11630   0.11014   0.02677   1.38912   0.10383   0.05648  
 24 233.3076   6329.157375  x:  0.49513   1.90539   3.70837   1.02292   1.15807   0.17260   0.65888   0.47730   0.64800   0.41601   2.36383   0.19119   0.14325   0.12277   0.13673   0.05020   0.02298   1.39037   0.09509   0.07326  
 25 840.6625   6325.664149  x:  0.56659   1.92617   3.72044   1.08017   1.16843   0.20210   0.68632   0.55363   0.65666   0.45871   2.36232   0.23424   0.17990   0.09181   0.11746   0.06008   0.02359   1.39833   0.09051   0.07167  
 26 49.8242   6320.973961  x:  0.68432   1.96141   3.74225   1.17502   1.18460   0.24567   0.72616   0.66519   0.66727   0.51505   2.36096   0.23353   0.16523   0.10704   0.13379   0.05772   0.02231   1.41122   0.08566   0.03028  
 27 122.8431   6317.147795  x:  0.82562   2.00494   3.77106   1.28958   1.20283   0.29120   0.76749   0.78338   0.67547   0.56667   2.36077   0.20807   0.12098   0.12071   0.14343   0.05786   0.02110   1.42512   0.07871   0.07706  
 28 210.9486   6316.619656  x:  0.84852   2.01318   3.77824   1.30881   1.20477   0.29324   0.76919   0.79082   0.67335   0.56289   2.36200   0.19958   0.11619   0.11382   0.13313   0.04625   0.02326   1.42692   0.07924   0.07645  
 29 56.8945   6313.105505  x:  1.06387   2.09830   3.86244   1.49392   1.21742   0.27982   0.75435   0.78793   0.63520   0.45436   2.38205   0.16562   0.16186   0.14017   0.10469   0.04892   0.02392   1.43993   0.07423   0.07662  
 30 57.4721   6312.033377  x:  1.13532   2.12801   3.89649   1.55715   1.22135   0.26853   0.74537   0.77498   0.63388   0.42363   2.39022   0.15788   0.16989   0.11196   0.13595   0.04908   0.02230   1.44379   0.07282   0.07597  
 31 75.8118   6310.659595  x:  1.23583   2.17749   3.98348   1.65769   1.22832   0.21750   0.71746   0.69757   0.71545   0.44872   2.40928   0.19386   0.14293   0.11260   0.13257   0.04910   0.02250   1.44877   0.07075   0.07308  
 32 23.8599   6309.803999  x:  1.21887   2.20606   4.23273   1.71774   1.31793   0.23753   0.81059   0.63310   0.69234   0.48685   2.43524   0.18663   0.14989   0.11159   0.13298   0.04884   0.02251   1.48007   0.06786   0.07408  
 33  6.0191   6308.629308  x:  1.15229   2.23791   4.66288   1.78170   1.36855   0.16326   0.80328   0.72238   0.66800   0.47707   2.47706   0.21540   0.12255   0.11200   0.13269   0.04954   0.02283   1.49341   0.06596   0.07335  
 34 11.7555   6308.051777  x:  1.12190   2.25053   4.87565   1.80790   1.37459   0.17953   0.76766   0.76388   0.71218   0.48052   2.49912   0.17214   0.15844   0.11286   0.13274   0.04920   0.02292   1.48036   0.06363   0.07639  
 35 18.6534   6307.638631  x:  1.12233   2.25319   5.00939   1.82066   1.34165   0.26009   0.74660   0.77017   0.73135   0.45207   2.51124   0.19532   0.13869   0.11253   0.13202   0.04966   0.02324   1.47792   0.06294   0.07538  
 36  7.5830   6306.684645  x:  1.18422   2.25342   5.22904   1.82856   1.17508   0.29362   0.77688   0.76001   0.71218   0.48387   2.52377   0.18052   0.15134   0.11228   0.13293   0.05178   0.02382   1.50955   0.06460   0.07731  
 37  6.1926   6305.432724  x:  1.29825   2.26907   5.40269   1.82431   1.20690   0.28110   0.84075   0.76686   0.72463   0.47945   2.58115   0.17823   0.15414   0.11200   0.13293   0.05396   0.02498   1.35561   0.06216   0.07674  
 38  4.7695   6303.221577  x:  1.48742   2.31304   5.63481   1.82824   1.45555   0.25189   0.83939   0.81105   0.80589   0.44350   2.73682   0.16012   0.17263   0.11164   0.13337   0.05915   0.02679   1.43544   0.06354   0.07994  
 39  9.4564   6302.032763  x:  1.44217   2.52531   5.70328   2.01001   1.50581   0.28578   0.78678   0.82922   0.73204   0.52978   3.16815   0.15493   0.17906   0.11160   0.13467   0.06061   0.02751   1.42470   0.06012   0.08196  
 40  4.5988   6301.173904  x:  1.38527   2.73415   5.76024   2.13038   1.48882   0.27634   0.91608   0.88468   0.82247   0.47119   3.49720   0.15026   0.18518   0.11277   0.13411   0.06087   0.02795   1.45060   0.05633   0.08428  
 41  9.9608   6300.291055  x:  1.47261   3.24333   6.00952   2.11276   1.53876   0.30685   0.93392   0.93483   0.82453   0.50023   3.49430   0.15249   0.19190   0.11432   0.13514   0.05935   0.02787   1.45804   0.05215   0.08816  
 42  1.7366   6298.936016  x:  1.48944   3.34133   6.47017   2.71024   1.63097   0.31276   1.00242   1.01147   0.86906   0.51056   3.29939   0.15103   0.21450   0.11763   0.13680   0.05594   0.02745   1.42976   0.04909   0.09495  
 43  1.8124   6298.233592  x:  1.78433   3.17175   6.84898   2.74381   1.69189   0.32033   1.03682   1.06902   0.88537   0.52590   3.54911   0.14794   0.22378   0.11852   0.13734   0.05349   0.02690   1.44451   0.04561   0.09967  
 44  2.1258   6297.461478  x:  2.07091   3.06892   7.11250   2.70885   1.72884   0.33118   1.05778   1.12489   0.89470   0.53546   3.62960   0.13796   0.22172   0.11588   0.13611   0.05256   0.02547   1.46930   0.04666   0.10606  
 45  0.4123   6296.994609  x:  2.23440   3.41103   7.59211   2.92427   1.81727   0.35928   1.12868   1.22928   0.93993   0.54091   3.87696   0.11499   0.22495   0.11527   0.13505   0.05667   0.02366   1.45838   0.04230   0.11774  
 46  0.5303   6296.796203  x:  2.32871   3.59576   7.88501   3.04569   1.87343   0.37680   1.17453   1.29443   0.96119   0.54469   4.07440   0.13199   0.22052   0.11735   0.13453   0.05612   0.02168   1.45005   0.04035   0.12423  
 47  0.3522   6296.722074  x:  2.35338   3.64586   8.02114   3.10784   1.90587   0.38128   1.19241   1.32027   0.96728   0.55118   4.18008   0.12072   0.23048   0.11846   0.13451   0.05593   0.02072   1.45096   0.04016   0.12998  
 48  0.1460   6296.700026  x:  2.38108   3.70677   8.16622   3.16732   1.93778   0.38642   1.21102   1.34329   0.97637   0.55696   4.26894   0.11487   0.23563   0.11804   0.13472   0.05611   0.02049   1.45165   0.03922   0.13459  
 49  0.2122   6296.679410  x:  2.37624   3.76611   8.32428   3.21598   1.97713   0.38982   1.22907   1.35651   0.98359   0.56586   4.35936   0.11496   0.23681   0.11648   0.13523   0.05663   0.02112   1.45355   0.03857   0.14188  
 50  0.0864   6296.668002  x:  2.36254   3.75671   8.34160   3.19760   1.98047   0.38778   1.22893   1.34985   0.98448   0.56647   4.34594   0.11080   0.23940   0.11857   0.13508   0.05598   0.02176   1.45258   0.03876   0.14656  
 51  0.0156   6296.654554  x:  2.38220   3.76217   8.38792   3.18071   1.98147   0.38802   1.23434   1.35184   0.99099   0.56233   4.33086   0.10743   0.24165   0.11834   0.13530   0.05543   0.02197   1.44978   0.03850   0.15690  
 52  0.0140   6296.630746  x:  2.38972   3.74058   8.35876   3.17326   1.96908   0.38669   1.23178   1.35002   0.98924   0.55753   4.32114   0.09707   0.25162   0.11671   0.13519   0.05677   0.02124   1.45260   0.03881   0.17806  
 53  0.0113   6296.614163  x:  2.37936   3.75643   8.34343   3.19895   1.97007   0.38802   1.23045   1.35197   0.98449   0.56179   4.35323   0.09227   0.25788   0.11944   0.13422   0.05638   0.02096   1.45182   0.03859   0.20047  
 54  0.0193   6296.609667  x:  2.37714   3.76224   8.35067   3.20119   1.97381   0.38791   1.23057   1.35189   0.98497   0.56316   4.35923   0.08658   0.26140   0.11874   0.13439   0.05612   0.02120   1.45128   0.03855   0.21370  
 55  0.0158   6296.607688  x:  2.37406   3.75775   8.33014   3.19480   1.97201   0.38734   1.22769   1.34925   0.98422   0.56313   4.35022   0.08671   0.26048   0.11804   0.13462   0.05604   0.02138   1.45123   0.03865   0.21904  
 56  0.0301   6296.606120  x:  2.39012   3.77327   8.35609   3.20904   1.98105   0.38861   1.23143   1.35701   0.98762   0.56403   4.37241   0.08266   0.26432   0.11861   0.13464   0.05622   0.02133   1.45181   0.03845   0.23550  
 57  0.0205   6296.605851  x:  2.39521   3.77551   8.36517   3.21095   1.98289   0.38888   1.23296   1.35913   0.98884   0.56391   4.37466   0.08270   0.26470   0.11860   0.13460   0.05615   0.02135   1.45152   0.03842   0.23817  
 58  0.0088   6296.605813  x:  2.39670   3.77697   8.37019   3.21245   1.98359   0.38905   1.23381   1.36003   0.98921   0.56404   4.37627   0.08205   0.26527   0.11855   0.13458   0.05614   0.02137   1.45138   0.03840   0.24057  
 59  0.0056   6296.605802  x:  2.39644   3.77735   8.37246   3.21339   1.98316   0.38921   1.23438   1.36037   0.98904   0.56418   4.37657   0.08197   0.26530   0.11856   0.13457   0.05616   0.02138   1.45139   0.03839   0.24118  
 60  0.0013   6296.605801  x:  2.39610   3.77706   8.37186   3.21308   1.98292   0.38918   1.23430   1.36028   0.98894   0.56416   4.37632   0.08198   0.26531   0.11857   0.13458   0.05615   0.02137   1.45142   0.03840   0.24114  
 61  0.0007   6296.605801  x:  2.39595   3.77705   8.37188   3.21292   1.98291   0.38916   1.23427   1.36031   0.98893   0.56413   4.37640   0.08197   0.26532   0.11856   0.13458   0.05615   0.02137   1.45142   0.03840   0.24120  
 62  0.0001   6296.605801  x:  2.39596   3.77707   8.37196   3.21292   1.98296   0.38915   1.23426   1.36033   0.98894   0.56413   4.37643   0.08196   0.26532   0.11857   0.13458   0.05615   0.02137   1.45142   0.03840   0.24123  
 63  0.0001   6296.605801  x:  2.39595   3.77707   8.37195   3.21293   1.98296   0.38915   1.23426   1.36033   0.98894   0.56413   4.37642   0.08196   0.26532   0.11857   0.13458   0.05615   0.02137   1.45142   0.03840   0.24123  
 64  0.0000   6296.605801  x:  2.39595   3.77707   8.37195   3.21293   1.98296   0.38915   1.23426   1.36033   0.98894   0.56413   4.37642   0.08196   0.26532   0.11857   0.13458   0.05615   0.02137   1.45142   0.03840   0.24123  
 65  0.0000   6296.605801  x:  2.39595   3.77707   8.37195   3.21293   1.98296   0.38915   1.23426   1.36033   0.98894   0.56413   4.37642   0.08196   0.26532   0.11857   0.13458   0.05615   0.02137   1.45142   0.03840   0.24123  
 66  0.0000   6296.605801  x:  2.39595   3.77707   8.37195   3.21293   1.98296   0.38915   1.23426   1.36033   0.98894   0.56413   4.37642   0.08196   0.26532   0.11857   0.13458   0.05615   0.02137   1.45142   0.03840   0.24123  
 67  0.0046   6296.605801  x:  2.39595   3.77707   8.37195   3.21293   1.98296   0.38915   1.23426   1.36033   0.98894   0.56413   4.37642   0.08196   0.26532   0.11857   0.13458   0.05615   0.02137   1.45142   0.03840   0.24123  
 68  0.0027   6296.605801  x:  2.39595   3.77707   8.37195   3.21293   1.98296   0.38915   1.23426   1.36033   0.98894   0.56413   4.37642   0.08196   0.26532   0.11857   0.13458   0.05615   0.02137   1.45142   0.03840   0.24123  
 69  0.0005   6296.605801  x:  2.39595   3.77707   8.37195   3.21293   1.98296   0.38915   1.23426   1.36033   0.98894   0.56413   4.37642   0.08196   0.26532   0.11857   0.13458   0.05615   0.02137   1.45142   0.03840   0.24123  
check convergence!
