

TREE # 1

  0  0.0000   8819.316409  x:  0.00000   0.22369   0.25237   0.05648   0.24493   0.09701   0.14343   0.10507   0.14939   0.15446   0.17621   0.09046   0.07900   0.09082   0.03740   0.07172   0.06997   2.00000   0.20000   0.20000   0.20000  
  1 99.0000   8108.427441  x:  4.60799   0.62704   0.69302   0.74543   0.49590   0.34166   0.50421   0.45022   0.42581   0.37063   0.60139   0.15762   0.13498   0.22093   0.21969   0.06305   0.00000   1.95750   0.22256   0.15905   0.05950  
  2 9415.2069   7874.302016  x:  4.63758   0.63572   0.70582   0.74956   0.49849   0.34145   0.51087   0.45089   0.42839   0.37190   0.60401   0.14931   0.13278   0.21779   0.21213   0.08498   0.05160   1.95642   0.07329   0.15200   0.01387  
  3 1810.6784   7871.314716  x:  4.63637   0.63875   0.71055   0.75082   0.50027   0.34210   0.51363   0.45187   0.42965   0.37281   0.60559   0.14614   0.13255   0.21717   0.20923   0.08450   0.04980   1.95466   0.07312   0.15000   0.00565  
  4 400.2670   7847.158783  x:  4.61572   0.69174   0.79340   0.77263   0.53108   0.35309   0.56182   0.46855   0.45155   0.38860   0.63294   0.09137   0.12913   0.20753   0.15962   0.08045   0.02681   1.92395   0.05394   0.11566   0.00811  
  5 576.0737   7810.545785  x:  4.58531   0.77381   0.92228   0.80440   0.57662   0.36718   0.63537   0.49143   0.48376   0.41099   0.67313   0.00978   0.12597   0.19150   0.08220   0.10436   0.06335   1.87766   0.05750   0.06134   0.01029  
  6 2103.3240   7776.833587  x:  4.53184   0.89442   1.11461   0.85326   0.64286   0.38414   0.74304   0.52386   0.52810   0.43943   0.73543   0.06972   0.19692   0.18527   0.02024   0.11642   0.10715   1.80379   0.05461   0.00592   0.01095  
  7 624.6797   7740.101960  x:  4.40690   1.15399   1.53485   0.96211   0.78247   0.40987   0.97251   0.58989   0.61454   0.48868   0.87416   0.08692   0.28777   0.23092   0.14671   0.13199   0.20382   1.63496   0.04603   0.10373   0.00849  
  8 670.8123   7732.983398  x:  4.40022   1.18099   1.59545   0.98430   0.78190   0.37534   0.98627   0.58195   0.59001   0.44992   0.90014   0.10060   0.25203   0.21038   0.14137   0.04903   0.24429   1.59473   0.04643   0.12191   0.00914  
  9 97.8344   7725.860307  x:  4.39473   1.20831   1.69734   1.03834   0.75782   0.26578   0.98294   0.55195   0.51178   0.33576   0.96016   0.14518   0.15215   0.20732   0.14889   0.08076   0.23204   1.49704   0.04717   0.11120   0.00898  
 10 81.6075   7722.470130  x:  4.38887   1.19490   1.73827   1.07297   0.73820   0.18197   0.95764   0.53041   0.52165   0.33479   0.99494   0.15169   0.11379   0.24565   0.19575   0.06487   0.23993   1.43020   0.04725   0.03624   0.00871  
 11 51.6589   7721.398907  x:  4.38484   1.17413   1.75289   1.09312   0.74089   0.15102   0.94148   0.52745   0.54694   0.36218   1.01294   0.16858   0.07429   0.22340   0.20905   0.06867   0.24064   1.39411   0.04724   0.02552   0.00883  
 12 38.6396   7721.023340  x:  4.38322   1.15179   1.75900   1.10825   0.74884   0.13657   0.92900   0.52774   0.55632   0.37257   1.02519   0.17084   0.07050   0.23371   0.19591   0.06988   0.24177   1.37202   0.04683   0.03823   0.00867  
 13 22.3206   7719.722556  x:  4.37384   1.03463   1.78177   1.17365   0.83023   0.14356   0.89391   0.55062   0.54333   0.36516   1.07216   0.16304   0.08366   0.22558   0.19835   0.06886   0.24889   1.30390   0.04501   0.03420   0.00837  
 14 21.6119   7716.649544  x:  4.36305   0.77560   1.98899   1.23492   0.94718   0.08888   0.94552   0.53096   0.54344   0.37450   1.03850   0.17712   0.04942   0.25308   0.19275   0.06800   0.23936   1.42896   0.04689   0.03072   0.00829  
 15  8.5860   7715.265910  x:  4.36350   0.69706   2.07566   1.25412   0.94052   0.04779   0.94462   0.52453   0.54839   0.37413   1.01732   0.15688   0.10030   0.21192   0.19507   0.07377   0.22769   1.45388   0.04769   0.04022   0.00852  
 16 23.8748   7706.134069  x:  4.33754   0.48579   2.50791   1.30721   0.70037   0.28198   0.83527   0.66681   0.57809   0.37298   0.83826   0.14451   0.12562   0.20878   0.18331   0.08166   0.18684   1.37376   0.05094   0.04733   0.00852  
 17 14.3034   7679.984502  x:  4.22413   0.75697   2.50768   1.51942   0.82754   0.44340   1.13139   0.34308   0.51819   0.51829   1.03062   0.10397   0.20397   0.17782   0.15012   0.10406   0.08653   1.23463   0.05523   0.06932   0.00801  
 18  8.0847   7662.015661  x:  4.06299   1.10326   2.36689   1.78447   0.93462   0.25027   1.32029   0.88423   0.61081   0.47030   1.40259   0.08716   0.22639   0.17847   0.12432   0.11165   0.03268   1.43763   0.05473   0.07633   0.00763  
 19 37.2712   7656.571749  x:  4.04199   1.14633   2.49395   1.71198   0.99209   0.28833   1.22740   0.79521   0.87857   0.25314   1.57357   0.08288   0.22902   0.18412   0.11576   0.10927   0.01798   1.47733   0.05263   0.07613   0.00779  
 20  2.8398   7642.862786  x:  4.00820   1.16194   2.74024   1.56190   0.97491   0.23908   1.26702   0.84847   0.76441   0.34870   1.82777   0.07370   0.23468   0.21290   0.09911   0.10021   0.00000   1.43507   0.04685   0.06994   0.00791  
 21  9.2624   7630.165390  x:  3.91896   1.11172   2.89024   1.75940   0.74443   0.24405   1.57626   0.89018   0.79186   0.33323   2.14354   0.06770   0.23039   0.24009   0.08452   0.08015   0.01614   1.40355   0.03716   0.06271   0.00766  
 22 14.2966   7620.986050  x:  3.88804   1.42023   3.05565   1.86395   1.15249   0.00000   1.41354   1.02185   0.77564   0.31062   1.73943   0.07358   0.21033   0.28073   0.08086   0.06038   0.02283   1.24221   0.03311   0.04824   0.00799  
 23 11.0666   7620.246622  x:  3.87353   1.47929   3.10948   1.91667   1.16906   0.02091   1.30356   0.99793   0.72968   0.35671   1.79898   0.07310   0.21138   0.27803   0.08163   0.06122   0.02403   1.31610   0.03295   0.04877   0.00817  
 24  4.3713   7609.180828  x:  3.79580   1.58678   3.59275   1.38240   1.36078   0.05190   1.48750   1.13864   0.66289   0.41804   2.31167   0.06366   0.20747   0.21354   0.09686   0.10923   0.02711   1.18266   0.03126   0.05434   0.01205  
 25  1.0706   7603.178631  x:  3.61355   1.78139   3.74838   2.35771   1.32067   0.11558   1.78755   1.13588   0.67711   0.42436   1.91154   0.05298   0.20764   0.17958   0.09637   0.13019   0.02173   1.19221   0.02871   0.06081   0.01315  
 26  4.1885   7591.249262  x:  3.31103   2.15517   4.57964   2.73581   1.54139   0.10449   2.09567   1.26648   0.69334   0.46458   2.31400   0.03152   0.21893   0.22341   0.10467   0.09164   0.03804   1.27069   0.03000   0.05543   0.01233  
 27  0.9591   7582.910264  x:  3.05286   2.47391   5.27163   2.85998   1.71991   0.07459   2.44012   1.43825   0.78256   0.44715   2.91937   0.01086   0.22960   0.23393   0.10575   0.07149   0.04435   1.28526   0.02336   0.05422   0.01134  
 28  2.1436   7580.368495  x:  2.86684   2.73213   5.78201   3.06106   1.89082   0.00000   2.66495   1.57217   0.83530   0.42382   3.13142   0.04530   0.16982   0.23484   0.10491   0.07934   0.04542   1.26393   0.02112   0.05269   0.01021  
 29  0.7944   7580.368495  x:  2.86684   2.73213   5.78201   3.06106   1.89082   0.00000   2.66495   1.57217   0.83530   0.42382   3.13142   0.04530   0.16982   0.23484   0.10491   0.07934   0.04542   1.26393   0.02112   0.05269   0.01021  
 30  0.8638   7579.479075  x:  2.86684   2.73213   5.78202   3.06106   1.89082   0.00000   2.66495   1.57218   0.83530   0.42382   3.13142   0.04532   0.16985   0.23482   0.10490   0.07933   0.04537   1.26392   0.02247   0.05269   0.01021  
 31 1353.5390   7578.778318  x:  2.86482   2.73270   5.78245   3.06075   1.89095   0.00000   2.66529   1.57236   0.83497   0.42340   3.13113   0.05129   0.17957   0.23088   0.10145   0.07886   0.03028   1.26322   0.02246   0.05204   0.01085  
 32 65.9288   7578.733518  x:  2.86449   2.73280   5.78252   3.06070   1.89097   0.00000   2.66535   1.57239   0.83492   0.42333   3.13109   0.05180   0.18077   0.23032   0.10104   0.07939   0.02983   1.26312   0.02246   0.05181   0.00976  
 33 69.7817   7578.403952  x:  2.86012   2.73403   5.78345   3.06002   1.89126   0.00000   2.66609   1.57278   0.83422   0.42245   3.13047   0.05709   0.19546   0.22328   0.09627   0.08865   0.03148   1.26171   0.02246   0.04868   0.01025  
 34 80.1747   7578.189304  x:  2.84939   2.73707   5.78573   3.05837   1.89196   0.00000   2.66790   1.57374   0.83264   0.42041   3.12896   0.04706   0.20888   0.21470   0.09233   0.08324   0.03352   1.25835   0.02245   0.03793   0.01072  
 35 21.7467   7577.979951  x:  2.82145   2.74488   5.79158   3.05419   1.89374   0.00000   2.67250   1.57626   0.82906   0.41582   3.12502   0.03137   0.22450   0.21773   0.10302   0.08718   0.03093   1.25068   0.02243   0.04063   0.01077  
 36 15.5989   7577.611961  x:  2.76623   2.76021   5.80307   3.04602   1.89720   0.00000   2.68144   1.58122   0.82286   0.40784   3.11726   0.01521   0.24394   0.22059   0.10011   0.08212   0.03368   1.23678   0.02242   0.06229   0.01047  
 37 39.6424   7577.075847  x:  2.63752   2.79567   5.82964   3.02708   1.90502   0.00000   2.70181   1.59253   0.81139   0.39298   3.09927   0.02521   0.24801   0.21926   0.10993   0.07209   0.03913   1.20992   0.02239   0.06457   0.01010  
 38 31.4353   7574.898448  x:  2.13766   2.93313   5.93250   2.95347   1.93504   0.00000   2.78022   1.63602   0.77157   0.34112   3.02946   0.02738   0.22357   0.20457   0.10320   0.08344   0.03305   1.11375   0.02232   0.06216   0.01028  
 39 279.6475   7573.507726  x:  1.77853   3.03095   6.00416   2.90005   1.95339   0.00000   2.83072   1.66350   0.78754   0.35909   2.98001   0.03122   0.23167   0.24964   0.08188   0.08408   0.03383   1.12385   0.02246   0.04205   0.01045  
 40 73.5763   7571.941088  x:  1.37753   3.14030   6.08270   2.84022   1.97046   0.00000   2.88193   1.69062   0.82453   0.40220   2.92574   0.02629   0.23012   0.21918   0.09653   0.08315   0.03327   1.18220   0.02277   0.05466   0.01064  
 41 109.0596   7571.846320  x:  1.35351   3.15364   6.08752   2.83560   1.96171   0.00000   2.87391   1.68312   0.80900   0.38007   2.92523   0.02630   0.23029   0.21995   0.09594   0.08306   0.03326   1.20951   0.02294   0.05449   0.01070  
 42  4.9050   7571.582949  x:  1.30548   3.25309   6.09356   2.80919   1.83258   0.00000   2.72785   1.56576   0.81638   0.37996   2.95081   0.02626   0.23059   0.21982   0.09569   0.08317   0.03311   1.20454   0.02327   0.05573   0.01067  
 43  2.2230   7571.529810  x:  1.30851   3.25437   6.05940   2.78997   1.83060   0.00000   2.68012   1.56088   0.77762   0.41104   2.94112   0.02614   0.23073   0.21951   0.09557   0.08327   0.03298   1.20812   0.02341   0.05666   0.01067  
 44  0.9913   7571.254434  x:  1.34964   3.17752   5.77702   2.66205   1.85171   0.00000   2.43748   1.56214   0.81258   0.39128   2.84376   0.02533   0.23171   0.21751   0.09469   0.08398   0.03204   1.22879   0.02429   0.06315   0.01065  
 45  1.7741   7570.914222  x:  1.34409   2.90027   5.34465   2.49719   1.69611   0.00000   2.38257   1.38102   0.79811   0.40725   2.73325   0.02395   0.23370   0.21604   0.09371   0.08485   0.03099   1.25375   0.02585   0.07243   0.01058  
 46  2.1621   7570.837341  x:  1.28801   2.79493   5.21828   2.51256   1.61565   0.00000   2.31301   1.39163   0.79007   0.40782   2.66802   0.02295   0.23522   0.21678   0.09383   0.08494   0.03098   1.25347   0.02640   0.07489   0.01058  
 47  1.1702   7570.747633  x:  1.21583   2.70718   5.07838   2.49859   1.62725   0.00000   2.23718   1.30525   0.78109   0.40423   2.54736   0.02163   0.23707   0.21822   0.09430   0.08494   0.03122   1.24846   0.02713   0.07868   0.01056  
 48  1.1296   7570.614220  x:  1.17053   2.68067   4.92064   2.34517   1.57126   0.00000   2.21614   1.30207   0.77022   0.39805   2.40749   0.01973   0.23898   0.21991   0.09537   0.08484   0.03178   1.24166   0.02807   0.08550   0.01052  
 49  0.8589   7570.504807  x:  1.11714   2.63753   4.83044   2.28867   1.58604   0.00000   2.19944   1.30388   0.76540   0.39044   2.48213   0.01797   0.24034   0.22113   0.09610   0.08472   0.03224   1.23335   0.02860   0.09151   0.01051  
 50  0.6068   7570.421911  x:  1.15018   2.61152   4.86056   2.34400   1.56814   0.00000   2.19614   1.28361   0.76017   0.39067   2.43008   0.01691   0.24008   0.22044   0.09612   0.08470   0.03232   1.23211   0.02904   0.09774   0.01053  
 51  0.2298   7570.366290  x:  1.13185   2.50620   4.76112   2.23994   1.52007   0.00000   2.07791   1.22843   0.75183   0.38876   2.37523   0.01647   0.23969   0.21964   0.09535   0.08471   0.03212   1.23173   0.03000   0.10510   0.01054  
 52  0.4718   7570.340559  x:  1.11456   2.50752   4.61805   2.21863   1.49273   0.00000   2.03271   1.19896   0.74708   0.38983   2.34098   0.01638   0.23950   0.21900   0.09481   0.08475   0.03192   1.23317   0.03053   0.10985   0.01056  
 53  0.5944   7570.326543  x:  1.08959   2.48063   4.57300   2.18922   1.49328   0.00000   2.01443   1.19751   0.74616   0.39180   2.30896   0.01651   0.24008   0.21849   0.09462   0.08480   0.03166   1.23768   0.03098   0.11564   0.01055  
 54  0.0710   7570.323152  x:  1.08436   2.46659   4.54970   2.17885   1.48271   0.00000   2.00839   1.18695   0.74379   0.39104   2.30069   0.01545   0.24165   0.21877   0.09521   0.08472   0.03179   1.23862   0.03119   0.12019   0.01053  
 55  0.0374   7570.323053  x:  1.08436   2.46636   4.54933   2.17868   1.48244   0.00133   2.00812   1.18670   0.74370   0.39097   2.30061   0.01544   0.24166   0.21880   0.09522   0.08472   0.03179   1.23859   0.03120   0.12044   0.01053  
 56  0.0225   7570.321252  x:  1.08575   2.46519   4.54763   2.17758   1.47952   0.00026   2.00375   1.18423   0.74255   0.38972   2.30110   0.01564   0.24135   0.21934   0.09516   0.08471   0.03192   1.23769   0.03127   0.12435   0.01052  
 57  0.0390   7570.315531  x:  1.08261   2.44162   4.51624   2.16906   1.47528   0.00038   1.98211   1.17906   0.74114   0.38894   2.28189   0.01374   0.24211   0.21913   0.09476   0.08466   0.03190   1.23602   0.03147   0.14208   0.01053  
 58  0.0172   7570.299711  x:  1.08402   2.47353   4.56160   2.18380   1.48244   0.00041   2.01747   1.18397   0.74543   0.39308   2.30454   0.01111   0.24426   0.21836   0.09469   0.08490   0.03158   1.23601   0.03114   0.18802   0.01050  
 59  0.0283   7570.290298  x:  1.09319   2.48395   4.58309   2.19409   1.49088   0.00000   2.02990   1.19465   0.74664   0.39283   2.31686   0.01146   0.24478   0.21871   0.09509   0.08500   0.03161   1.23717   0.03090   0.20466   0.01046  
 60  0.0527   7570.284254  x:  1.09823   2.49168   4.59537   2.19964   1.49631   0.00000   2.02729   1.20380   0.74625   0.39086   2.32350   0.01001   0.24701   0.21934   0.09542   0.08492   0.03178   1.23805   0.03081   0.24146   0.01041  
 61  0.0539   7570.273898  x:  1.08679   2.48079   4.59014   2.19955   1.48311   0.00000   2.01691   1.19172   0.74379   0.38803   2.31662   0.00850   0.24812   0.21988   0.09462   0.08454   0.03204   1.23841   0.03099   0.34506   0.01040  
 62  0.0344   7570.273742  x:  1.08684   2.48071   4.58993   2.19943   1.48310   0.00170   2.01686   1.19165   0.74379   0.38804   2.31656   0.00848   0.24813   0.21988   0.09462   0.08454   0.03204   1.23840   0.03099   0.34681   0.01040  
 63  0.1308   7570.267771  x:  1.09863   2.48200   4.57677   2.18958   1.49101   0.00000   2.01941   1.19465   0.74579   0.39111   2.31712   0.00835   0.24788   0.21930   0.09504   0.08476   0.03183   1.23741   0.03099   0.39536   0.01041  
 64  0.0774   7570.266086  x:  1.09787   2.48173   4.57510   2.18965   1.49161   0.00000   2.02072   1.19571   0.74592   0.39184   2.31590   0.00769   0.24849   0.21911   0.09519   0.08486   0.03174   1.23722   0.03097   0.43716   0.01040  
 65  0.0757   7570.262524  x:  1.08415   2.48472   4.58052   2.19585   1.48883   0.00000   2.02039   1.19783   0.74499   0.39220   2.31074   0.00721   0.24910   0.21872   0.09541   0.08505   0.03158   1.23686   0.03094   0.53696   0.01039  
 66  0.0762   7570.258603  x:  1.09570   2.48223   4.58535   2.19590   1.49163   0.00000   2.02504   1.19688   0.74557   0.38979   2.31936   0.00661   0.24985   0.21939   0.09494   0.08478   0.03186   1.23821   0.03093   0.67043   0.01037  
 67  0.0639   7570.257179  x:  1.09722   2.48284   4.58574   2.19507   1.49104   0.00000   2.02339   1.19629   0.74560   0.38998   2.32013   0.00681   0.24964   0.21954   0.09494   0.08473   0.03190   1.23811   0.03094   0.71293   0.01038  
 68  0.0488   7570.254623  x:  1.09500   2.48605   4.58479   2.19391   1.48989   0.00000   2.01966   1.19653   0.74556   0.39144   2.31818   0.00625   0.25004   0.21941   0.09517   0.08481   0.03181   1.23734   0.03094   0.88320   0.01038  
 69  0.1476   7570.253310  x:  1.09298   2.48228   4.57927   2.19373   1.48931   0.00000   2.02087   1.19580   0.74524   0.39150   2.31497   0.00590   0.25027   0.21919   0.09520   0.08487   0.03173   1.23733   0.03096   1.05341   0.01037  
 70  0.1771   7570.251047  x:  1.08873   2.48324   4.57991   2.19533   1.49208   0.00000   2.02491   1.19791   0.74554   0.39058   2.31391   0.00583   0.25039   0.21871   0.09517   0.08497   0.03164   1.23759   0.03093   1.46979   0.01036  
 71  0.1258   7570.249578  x:  1.09069   2.48525   4.58387   2.19528   1.49183   0.00000   2.02358   1.19811   0.74572   0.39060   2.31653   0.00545   0.25086   0.21897   0.09514   0.08490   0.03172   1.23765   0.03093   1.76493   0.01036  
 72  0.3877   7570.248831  x:  1.09540   2.48187   4.58221   2.19380   1.48823   0.00000   2.02000   1.19536   0.74522   0.39139   2.31734   0.00543   0.25089   0.21954   0.09512   0.08480   0.03184   1.23758   0.03096   1.96285   0.01036  
 73  0.1410   7570.247861  x:  1.09539   2.48845   4.58675   2.19609   1.49339   0.00000   2.02393   1.19802   0.74578   0.39060   2.31928   0.00520   0.25089   0.21920   0.09510   0.08482   0.03175   1.23753   0.03091   2.60110   0.01036  
 74  0.1770   7570.247098  x:  1.09271   2.48444   4.58255   2.19467   1.49142   0.00000   2.02323   1.19738   0.74575   0.39068   2.31689   0.00528   0.25089   0.21908   0.09514   0.08487   0.03174   1.23758   0.03093   3.03020   0.01036  
 75  0.2682   7570.246509  x:  1.09204   2.48013   4.57936   2.19340   1.48834   0.00000   2.02112   1.19584   0.74536   0.39115   2.31528   0.00508   0.25123   0.21924   0.09516   0.08487   0.03178   1.23763   0.03096   3.85441   0.01035  
 76  0.7342   7570.245987  x:  1.09541   2.48757   4.58762   2.19607   1.49139   0.00000   2.02174   1.19719   0.74529   0.39122   2.31909   0.00498   0.25133   0.21943   0.09511   0.08481   0.03180   1.23755   0.03093   5.14715   0.01036  
 77  0.5884   7570.245500  x:  1.09407   2.48241   4.58109   2.19432   1.49023   0.00000   2.02292   1.19652   0.74567   0.39068   2.31688   0.00503   0.25110   0.21922   0.09511   0.08485   0.03177   1.23763   0.03094   6.35153   0.01035  
 78  0.4427   7570.245231  x:  1.09319   2.48203   4.58080   2.19402   1.48986   0.00000   2.02240   1.19648   0.74560   0.39084   2.31645   0.00491   0.25127   0.21920   0.09513   0.08486   0.03177   1.23762   0.03095   7.83187   0.01035  
 79  1.2643   7570.244979  x:  1.09410   2.48747   4.58865   2.19661   1.49137   0.00000   2.02257   1.19790   0.74542   0.39143   2.31915   0.00486   0.25150   0.21932   0.09515   0.08484   0.03179   1.23748   0.03091  10.50544   0.01036  
 80  1.2708   7570.244692  x:  1.09452   2.48288   4.58154   2.19439   1.49018   0.00000   2.02281   1.19637   0.74559   0.39063   2.31698   0.00489   0.25126   0.21929   0.09511   0.08485   0.03177   1.23766   0.03094  13.97351   0.01035  
 81  1.0575   7570.244546  x:  1.09414   2.48411   4.58404   2.19543   1.49066   0.00000   2.02322   1.19724   0.74567   0.39093   2.31799   0.00481   0.25138   0.21925   0.09513   0.08485   0.03178   1.23759   0.03093  17.99878   0.01035  
 82  2.4491   7570.244425  x:  1.09324   2.48609   4.58645   2.19547   1.49093   0.00000   2.02175   1.19740   0.74537   0.39143   2.31816   0.00483   0.25152   0.21928   0.09516   0.08484   0.03178   1.23749   0.03093  24.37190   0.01036  
 83  2.6140   7570.244299  x:  1.09451   2.48420   4.58378   2.19541   1.49048   0.00000   2.02315   1.19697   0.74558   0.39087   2.31765   0.00479   0.25140   0.21929   0.09512   0.08485   0.03177   1.23760   0.03093  33.20912   0.01035  
 84  3.7835   7570.244208  x:  1.09362   2.48450   4.58470   2.19526   1.49091   0.00000   2.02263   1.19741   0.74569   0.39107   2.31846   0.00482   0.25140   0.21923   0.09514   0.08485   0.03179   1.23757   0.03093  49.84979   0.01035  
 85  4.1233   7570.244152  x:  1.09390   2.48472   4.58445   2.19506   1.49064   0.00000   2.02249   1.19698   0.74547   0.39107   2.31762   0.00478   0.25147   0.21928   0.09514   0.08485   0.03178   1.23756   0.03093  65.80767   0.01035  
 86  9.6148   7570.244115  x:  1.09474   2.48445   4.58430   2.19620   1.49047   0.00000   2.02353   1.19738   0.74567   0.39089   2.31810   0.00479   0.25139   0.21929   0.09511   0.08484   0.03178   1.23762   0.03093  94.57619   0.01035  
 87  7.9525   7570.244083  x:  1.09370   2.48446   4.58419   2.19457   1.49079   0.00000   2.02226   1.19676   0.74552   0.39101   2.31772   0.00478   0.25146   0.21927   0.09514   0.08485   0.03178   1.23755   0.03093  125.63925   0.01035  
 88 13.7114   7570.244063  x:  1.09421   2.48488   4.58489   2.19602   1.49054   0.00000   2.02310   1.19760   0.74553   0.39111   2.31803   0.00477   0.25147   0.21927   0.09513   0.08485   0.03177   1.23759   0.03093  178.98097   0.01035  
 89 17.4484   7570.244043  x:  1.09412   2.48432   4.58393   2.19495   1.49069   0.00000   2.02262   1.19666   0.74561   0.39089   2.31765   0.00478   0.25143   0.21929   0.09512   0.08484   0.03178   1.23757   0.03093  273.64064   0.01035  
 90 31.5411   7570.244033  x:  1.09394   2.48465   4.58458   2.19526   1.49068   0.00000   2.02271   1.19729   0.74552   0.39107   2.31805   0.00477   0.25147   0.21927   0.09513   0.08485   0.03178   1.23757   0.03093  377.76384   0.01035  
 91 45.6138   7570.244022  x:  1.09426   2.48471   4.58453   2.19586   1.49059   0.00000   2.02298   1.19715   0.74557   0.39102   2.31759   0.00478   0.25146   0.21929   0.09513   0.08485   0.03177   1.23757   0.03093  716.09405   0.01035  
 92 74.5900   7570.244018  x:  1.09404   2.48455   4.58435   2.19518   1.49065   0.00000   2.02272   1.19711   0.74556   0.39100   2.31798   0.00477   0.25145   0.21927   0.09513   0.08485   0.03178   1.23758   0.03093  862.15004   0.01035  
 93 96.2678   7570.244016  x:  1.09404   2.48459   4.58445   2.19538   1.49068   0.00000   2.02275   1.19711   0.74554   0.39103   2.31779   0.00477   0.25146   0.21928   0.09513   0.08485   0.03178   1.23757   0.03093  999.00000   0.01035  
 94 57.4398   7570.244016  x:  1.09406   2.48459   4.58442   2.19533   1.49066   0.00000   2.02276   1.19712   0.74555   0.39102   2.31786   0.00477   0.25146   0.21928   0.09513   0.08485   0.03178   1.23757   0.03093  999.00000   0.01035  
 95  0.0001   7570.244016  x:  1.09405   2.48454   4.58429   2.19524   1.49061   0.00000   2.02271   1.19710   0.74556   0.39100   2.31788   0.00477   0.25145   0.21928   0.09513   0.08485   0.03178   1.23758   0.03093  999.00000   0.01035  
 96  0.0021   7570.244016  x:  1.09386   2.48407   4.58341   2.19483   1.49039   0.00000   2.02230   1.19684   0.74551   0.39098   2.31752   0.00477   0.25145   0.21928   0.09513   0.08485   0.03178   1.23759   0.03094  999.00000   0.01035  
 97  0.0002   7570.244015  x:  1.09379   2.48395   4.58318   2.19474   1.49033   0.00000   2.02217   1.19677   0.74549   0.39099   2.31734   0.00477   0.25145   0.21928   0.09513   0.08485   0.03178   1.23759   0.03094  999.00000   0.01035  
 98  0.0005   7570.244015  x:  1.09378   2.48393   4.58316   2.19474   1.49032   0.00000   2.02215   1.19676   0.74548   0.39100   2.31731   0.00477   0.25145   0.21928   0.09513   0.08485   0.03178   1.23759   0.03094  999.00000   0.01035  