

TREE # 1

  0  0.0000   9635.667080  x:  0.00000   0.62665   0.62610   0.22491   0.34689   0.08070   0.36461   0.19320   0.30673   0.16623   0.34165   0.09711   0.03959   0.07352   0.03551   0.04382   0.07060   2.00000   0.20000   0.20000  
  1 99.0000   8815.617417  x:  1.24898   0.72434   0.72255   0.43553   0.45934   0.24483   0.46368   0.29977   0.40264   0.29533   0.52293   0.20255   0.20637   0.16675   0.14480   0.02299   0.05174   1.95232   0.66842   0.18472  
  2 4906.4485   8524.062250  x:  1.38711   0.81686   0.80911   0.63154   0.60483   0.41269   0.64489   0.45307   0.56435   0.47264   0.69461   0.12839   0.15956   0.16653   0.00000   0.06489   0.08503   1.92733   0.21601   0.10279  
  3 671.1131   8518.418856  x:  1.39156   0.82110   0.81309   0.64037   0.61138   0.42016   0.65312   0.45998   0.57164   0.48053   0.70236   0.12531   0.15757   0.16677   0.00551   0.06638   0.08624   1.92603   0.19607   0.09895  
  4 4323.5449   8469.969541  x:  1.27090   0.91356   0.90293   0.79816   0.72460   0.53413   0.80321   0.57674   0.69316   0.59555   0.84702   0.12738   0.15794   0.19559   0.01053   0.00000   0.03926   1.86164   0.24080   0.00243  
  5 491.4410   8469.780252  x:  1.27054   0.91383   0.90319   0.79862   0.72492   0.53446   0.80365   0.57708   0.69352   0.59588   0.84744   0.12740   0.15795   0.19567   0.01055   0.00002   0.03912   1.86145   0.24097   0.00216  
  6 11412.1898   8452.146033  x:  1.22026   0.95140   0.93977   0.86202   0.77001   0.57949   0.86356   0.62339   0.74164   0.64098   0.90572   0.13017   0.15973   0.20809   0.01257   0.00025   0.02443   1.83467   0.26298   0.01439  
  7 3887.5678   8439.003011  x:  1.18239   0.98093   0.96886   0.90849   0.80017   0.60795   0.90426   0.65317   0.77212   0.66729   0.94917   0.14218   0.16987   0.22088   0.01391   0.00024   0.07128   1.81128   0.28107   0.01658  
  8 1307.6152   8415.711809  x:  1.11866   1.08716   1.07857   1.02702   0.82358   0.60067   0.94697   0.65234   0.76195   0.61514   1.07180   0.31049   0.31794   0.30509   0.00725   0.00024   0.06066   1.69897   0.22789   0.01511  
  9 223.5085   8381.934708  x:  1.08703   1.33025   1.34004   1.26158   0.80620   0.48224   0.95827   0.56170   0.65299   0.38310   1.33097   0.27185   0.20793   0.36900   0.00579   0.00024   0.06103   1.38860   0.19576   0.01511  
 10 150.1622   8377.580964  x:  1.08478   1.37184   1.39421   1.29520   0.77987   0.41193   0.93000   0.52538   0.67932   0.42287   1.37932   0.29587   0.20276   0.27124   0.00704   0.00025   0.06085   1.33301   0.19243   0.01524  
 11 56.2512   8376.767841  x:  1.08408   1.37957   1.41591   1.29792   0.77331   0.37156   0.90854   0.51599   0.69345   0.46068   1.39612   0.30244   0.18579   0.30100   0.00656   0.00025   0.06093   1.33935   0.19082   0.01524  
 12 20.2022   8374.946354  x:  1.08282   1.37799   1.49320   1.29054   0.85345   0.31189   0.87844   0.55949   0.64846   0.47246   1.46351   0.35395   0.13216   0.28225   0.00673   0.00025   0.06180   1.43632   0.18909   0.01561  
 13 10.1107   8369.574290  x:  1.08821   1.27058   1.59439   1.16548   1.03844   0.29427   0.91072   0.55787   0.76568   0.43910   1.57935   0.41060   0.06662   0.28064   0.00564   0.00026   0.06227   1.36229   0.16644   0.01595  
 14  8.2890   8360.247595  x:  1.05124   1.22007   1.64326   1.23958   0.98681   0.33210   1.09037   0.56295   0.67481   0.55601   1.83428   0.20965   0.23596   0.26318   0.00579   0.00026   0.06323   1.38295   0.14582   0.01597  
 15 12.2932   8353.733252  x:  1.00330   1.38171   1.62305   1.50914   0.91852   0.47472   1.02889   0.56561   0.86130   0.48112   1.92383   0.17717   0.23911   0.24691   0.00674   0.00024   0.06240   1.54192   0.14119   0.01498  
 16 17.2464   8348.658029  x:  0.96958   1.53873   1.56752   1.70705   0.95104   0.52439   1.04020   0.71516   0.81807   0.57249   1.87954   0.27658   0.11803   0.24853   0.00714   0.00021   0.05861   1.45596   0.13199   0.01288  
 17 15.3683   8345.704914  x:  0.94383   1.58521   1.60994   1.80448   1.12487   0.41628   1.18750   0.66089   0.85116   0.58993   1.91499   0.24195   0.13633   0.24898   0.00838   0.00017   0.05535   1.49433   0.13790   0.01081  
 18 10.0301   8345.133779  x:  0.93538   1.52213   1.64325   1.79686   1.10419   0.41211   1.14794   0.73831   0.87352   0.57445   2.00559   0.21822   0.15768   0.24971   0.00878   0.00016   0.05522   1.48043   0.13931   0.01052  
 19  3.3201   8344.311259  x:  0.92615   1.45704   1.67666   1.79529   1.07310   0.49839   1.13952   0.68223   0.84820   0.60290   2.11592   0.25573   0.11625   0.24968   0.00931   0.00016   0.05676   1.48568   0.14142   0.01081  
 20  3.3319   8339.802785  x:  0.94072   1.54349   1.71599   1.79182   0.92468   0.46150   1.36496   0.73775   0.90142   0.56456   2.21419   0.32088   0.04395   0.23739   0.01143   0.00023   0.07101   1.53223   0.13891   0.01498  
 21  2.0270   8329.591459  x:  0.93265   1.86046   1.79535   1.91449   1.15273   0.51632   1.27060   0.74628   0.87440   0.64984   2.27034   0.13247   0.20687   0.21856   0.01678   0.00038   0.10496   1.46650   0.12915   0.02494  
 22  9.7421   8327.671121  x:  0.93027   1.65095   1.71216   2.22556   1.22589   0.41914   1.26988   0.73667   0.87584   0.63211   2.25155   0.15115   0.19494   0.21812   0.01762   0.00041   0.11131   1.43387   0.12764   0.02699  
 23  6.9946   8322.946142  x:  0.91672   1.68735   2.19199   2.35318   1.20910   0.52550   1.37486   0.77942   0.93174   0.65218   2.28249   0.23217   0.18614   0.23881   0.02075   0.00048   0.11958   1.47687   0.11456   0.03061  
 24  0.6871   8320.362374  x:  0.91091   1.87656   1.93804   2.32591   1.30612   0.48022   1.40149   0.78141   0.96102   0.64440   2.66894   0.30698   0.14929   0.25035   0.02272   0.00052   0.12412   1.48993   0.11039   0.03276  
 25  5.6921   8309.059910  x:  1.00932   2.05014   2.41205   3.02641   1.34679   0.53715   1.51285   0.88257   1.02820   0.63613   3.25699   0.36529   0.00000   0.19449   0.04297   0.00083   0.14023   1.50977   0.10233   0.04971  
 26  0.2501   8309.059910  x:  1.00932   2.05014   2.41205   3.02641   1.34679   0.53715   1.51285   0.88257   1.02820   0.63613   3.25699   0.36529   0.00000   0.19449   0.04297   0.00083   0.14023   1.50977   0.10233   0.04971  
 27  0.5117   8301.380307  x:  1.00983   2.05014   2.41200   3.02642   1.34681   0.53716   1.51283   0.88256   1.02819   0.63618   3.25700   0.36551   0.00031   0.19475   0.04547   0.02716   0.13870   1.50986   0.09935   0.04913  
 28 2023.7025   8298.941820  x:  1.01354   2.05021   2.41175   3.02656   1.34708   0.53736   1.51276   0.88262   1.02826   0.63664   3.25712   0.36692   0.00449   0.19538   0.05725   0.02649   0.12507   1.51010   0.09122   0.04570  
 29 229.0349   8291.059810  x:  1.02952   2.05076   2.41092   3.02731   1.34853   0.53853   1.51279   0.88325   1.02889   0.63899   3.25783   0.37259   0.02183   0.19755   0.10257   0.02660   0.06878   1.51018   0.09821   0.03210  
 30 892.1973   8289.894440  x:  1.04796   2.05136   2.40996   3.02817   1.35020   0.53995   1.51288   0.88400   1.02961   0.64165   3.25854   0.37002   0.02933   0.19351   0.09213   0.02732   0.04968   1.51029   0.09720   0.04255  
 31 79.2916   8285.584283  x:  1.19944   2.05632   2.40217   3.03518   1.36400   0.55182   1.51377   0.89035   1.03567   0.66343   3.26423   0.35144   0.09138   0.16262   0.07348   0.02871   0.04558   1.51213   0.09395   0.02183  
 32 79.8943   8276.892937  x:  1.63786   2.07068   2.37971   3.05525   1.40411   0.58670   1.51699   0.90931   1.05331   0.72585   3.28020   0.28804   0.25442   0.11304   0.08925   0.03020   0.07202   1.51735   0.08903   0.06198  
 33 601.4318   8259.851604  x:  2.46152   2.09848   2.33946   3.09156   1.48119   0.65720   1.52998   0.95073   1.08793   0.83686   3.30665   0.05416   0.40052   0.23975   0.07895   0.03153   0.07902   1.53341   0.07928   0.05357  
 34 357.3200   8257.224105  x:  2.58577   2.10283   2.33473   3.09478   1.49179   0.66952   1.53751   0.96059   1.09214   0.84252   3.30692   0.01404   0.35687   0.20625   0.09260   0.03102   0.07435   1.54347   0.07875   0.05254  
 35 95.4605   8248.232125  x:  3.18265   2.12381   2.31887   3.09751   1.53525   0.73589   1.60151   1.02503   1.10725   0.81242   3.28920   0.23257   0.08289   0.18399   0.10678   0.02777   0.06437   1.63162   0.07548   0.04733  
 36 72.1460   8247.134437  x:  3.25873   2.15670   2.35188   3.04876   1.50267   0.75844   1.70931   1.08259   1.14081   0.67844   3.17660   0.22167   0.10299   0.18660   0.10538   0.02802   0.06497   1.66457   0.07575   0.04799  
 37  8.0832   8246.017561  x:  3.34102   2.20675   2.40965   2.95534   1.43127   0.78881   1.81283   1.12323   1.23775   0.74227   2.94995   0.23247   0.09857   0.18557   0.10551   0.02811   0.06412   1.62565   0.07355   0.04738  
 38  8.7167   8244.612414  x:  3.46686   2.24774   2.46764   2.84859   1.36044   0.83971   1.78204   1.03396   1.14124   0.78945   2.62183   0.23411   0.10645   0.18945   0.10403   0.02827   0.06321   1.70226   0.07840   0.04705  
 39  8.1877   8243.814705  x:  3.55090   2.23349   2.46295   2.83052   1.35241   0.88376   1.72095   1.00446   1.09140   0.74852   2.48160   0.24226   0.10244   0.19128   0.10363   0.02840   0.06235   1.58708   0.07821   0.04542  
 40  7.7183   8242.237814  x:  3.70149   2.06369   2.31154   2.90340   1.34573   0.90724   1.56362   1.07486   1.21566   0.71094   2.36352   0.24778   0.11374   0.19645   0.10108   0.02881   0.06077   1.59902   0.08174   0.04414  
 41  4.5519   8240.668056  x:  3.86367   2.00734   2.23448   3.06793   1.31673   0.84485   1.71686   1.17266   1.09899   0.78956   2.49032   0.25395   0.12847   0.20145   0.09793   0.02940   0.05928   1.58253   0.08128   0.04296  
 42  3.9992   8237.775734  x:  4.20151   2.32821   2.46262   3.41304   1.50656   0.86036   1.90005   0.96017   1.25876   0.82447   2.97164   0.27531   0.14842   0.20772   0.09190   0.03054   0.05618   1.60810   0.07454   0.04151  
 43  6.4057   8236.273641  x:  4.35155   2.56654   2.67406   3.54483   1.74052   1.02631   1.88324   1.14422   1.25690   0.89559   3.20677   0.28414   0.16750   0.20742   0.08833   0.03130   0.05494   1.65972   0.06748   0.04177  
 44  9.7848   8235.890697  x:  4.44711   2.64479   2.77738   3.54900   1.69478   0.93971   1.81482   1.22684   1.26427   0.88930   3.27592   0.28765   0.16455   0.20703   0.08758   0.03143   0.05480   1.65852   0.06707   0.04148  
 45  2.8058   8232.899443  x:  5.53064   2.52939   3.12795   3.33185   1.85630   1.06329   2.13124   1.33463   1.41269   0.93424   3.65760   0.31471   0.13465   0.17635   0.08084   0.03316   0.05616   1.69804   0.06004   0.04059  
 46  1.2818   8231.875728  x:  5.91627   2.98159   2.85723   3.81684   1.80200   1.17038   2.20738   1.41127   1.46809   0.95744   3.53685   0.32811   0.11345   0.16492   0.08366   0.03363   0.05713   1.72610   0.05740   0.04080  
 47  1.7875   8231.359544  x:  6.13297   2.98776   2.90039   3.97635   2.01212   1.02362   2.24426   1.44440   1.47937   0.97854   3.42070   0.32333   0.11109   0.16666   0.08868   0.03393   0.05842   1.72570   0.05777   0.04145  
 48  0.7197   8230.749063  x:  6.52287   2.88411   3.21651   4.30784   1.86989   1.26172   2.27010   1.48421   1.51904   1.02206   3.52470   0.30754   0.12394   0.17412   0.09546   0.03464   0.06025   1.73248   0.05574   0.04312  
 49  1.3406   8230.439366  x:  6.83739   2.99069   3.35193   4.48330   2.01696   1.25759   2.34344   1.53598   1.56898   1.06599   3.64835   0.30172   0.13380   0.17796   0.09676   0.03534   0.06007   1.73019   0.05200   0.04432  
 50  1.0008   8230.146904  x:  7.19720   3.26206   3.26200   4.36545   2.09909   1.32141   2.39503   1.58729   1.62260   1.10927   3.92326   0.28746   0.14906   0.18140   0.09575   0.03634   0.05869   1.72098   0.05031   0.04595  
 51  1.0361   8229.950484  x:  7.56144   3.34571   3.47283   4.66450   2.21949   1.34171   2.50501   1.63843   1.69901   1.16375   4.02827   0.27393   0.16120   0.17174   0.09200   0.03744   0.05548   1.74704   0.04812   0.04763  
 52  0.3347   8229.863582  x:  7.67463   3.42652   3.55363   4.77755   2.26209   1.36497   2.56953   1.65789   1.74763   1.19168   4.12921   0.27256   0.16531   0.17353   0.09471   0.03738   0.05761   1.74993   0.04756   0.04582  
 53  0.1188   8229.819340  x:  7.86096   3.52789   3.65216   4.90598   2.32416   1.40278   2.64253   1.69627   1.80070   1.22520   4.26024   0.27450   0.16669   0.17445   0.09625   0.03751   0.05817   1.75135   0.04574   0.04517  
 54  0.3839   8229.787983  x:  7.94218   3.60930   3.72319   4.99093   2.37221   1.43071   2.70637   1.72921   1.84594   1.25000   4.37662   0.28715   0.15833   0.17394   0.09403   0.03718   0.05654   1.74989   0.04477   0.04514  
 55  0.1051   8229.780593  x:  7.93396   3.60936   3.72806   4.99217   2.38000   1.43141   2.71041   1.73873   1.84774   1.25153   4.38711   0.29277   0.15285   0.17349   0.09513   0.03666   0.05760   1.75232   0.04482   0.04597  
 56  0.0105   8229.778058  x:  7.98145   3.62440   3.74728   5.02036   2.39656   1.43700   2.72211   1.75096   1.85599   1.25876   4.40923   0.29379   0.15232   0.17345   0.09515   0.03640   0.05773   1.75360   0.04448   0.04649  
 57  0.0414   8229.774742  x:  7.98540   3.60927   3.73497   5.01282   2.39163   1.43222   2.70965   1.75074   1.84744   1.25615   4.38979   0.29217   0.15373   0.17361   0.09451   0.03577   0.05754   1.75242   0.04465   0.04680  
 58  0.0117   8229.772115  x:  8.00712   3.61774   3.73974   5.02181   2.39015   1.43741   2.71414   1.75118   1.85123   1.25786   4.39696   0.29017   0.15576   0.17347   0.09507   0.03513   0.05801   1.75252   0.04456   0.04606  
 59  0.0119   8229.771758  x:  7.99431   3.61953   3.73944   5.01711   2.38942   1.43677   2.71602   1.74824   1.85227   1.25679   4.39730   0.29035   0.15534   0.17382   0.09472   0.03501   0.05805   1.75326   0.04458   0.04599  
 60  0.0073   8229.771693  x:  7.98574   3.61623   3.73719   5.01137   2.38795   1.43534   2.71392   1.74606   1.85065   1.25546   4.39301   0.28995   0.15551   0.17368   0.09480   0.03497   0.05806   1.75288   0.04462   0.04609  
 61  0.0079   8229.771692  x:  7.98468   3.61589   3.73702   5.01108   2.38768   1.43532   2.71364   1.74580   1.85046   1.25541   4.39256   0.28993   0.15558   0.17370   0.09481   0.03498   0.05806   1.75280   0.04462   0.04609  
 62  0.0010   8229.771691  x:  7.98456   3.61588   3.73704   5.01118   2.38765   1.43537   2.71362   1.74579   1.85046   1.25547   4.39252   0.28995   0.15558   0.17369   0.09481   0.03497   0.05806   1.75282   0.04462   0.04609  
 63  0.0001   8229.771691  x:  7.98454   3.61588   3.73699   5.01115   2.38763   1.43536   2.71360   1.74578   1.85045   1.25549   4.39247   0.28995   0.15557   0.17370   0.09481   0.03497   0.05806   1.75282   0.04462   0.04609  
 64  0.0001   8229.771691  x:  7.98453   3.61588   3.73698   5.01114   2.38763   1.43535   2.71359   1.74578   1.85045   1.25550   4.39247   0.28995   0.15557   0.17370   0.09481   0.03497   0.05806   1.75282   0.04462   0.04609  
 65  0.0000   8229.771691  x:  7.98457   3.61588   3.73703   5.01115   2.38766   1.43535   2.71361   1.74579   1.85048   1.25552   4.39252   0.28995   0.15557   0.17370   0.09481   0.03497   0.05806   1.75281   0.04462   0.04609  
 66  0.0000   8229.771691  x:  7.98457   3.61588   3.73703   5.01115   2.38766   1.43535   2.71361   1.74579   1.85048   1.25552   4.39252   0.28995   0.15557   0.17370   0.09481   0.03497   0.05806   1.75281   0.04462   0.04609  