

TREE # 1

  0  0.0000  17897.902022  x:  0.00000   0.21871   0.31214   0.11881   0.13312   0.06218   0.20513   0.05327   0.11971   0.11985   0.20967   0.12695   0.05436   0.10857   0.11112   0.03788   0.05931   2.00000   0.20000   0.20000   0.20000  
  1 99.0000  14131.533861  x:  4.18560   0.96521   1.04394   0.99260   0.75979   0.69717   0.64215   0.92361   0.82696   0.73111   1.00403   0.35801   0.31630   0.21009   0.21580   0.22248   0.32511   1.84155   2.22538   0.16716   0.14604  
  2 12622.3889  14066.883774  x:  4.19033   0.99340   1.07558   1.00376   0.76502   0.69845   0.65524   0.92480   0.83291   0.73526   1.01528   0.34745   0.30243   0.19288   0.19871   0.17569   0.28956   1.84282   2.20558   0.14783   0.05388  
  3 732.2551  13982.136015  x:  4.19189   1.10107   1.19707   1.04439   0.78279   0.70053   0.70535   0.92559   0.85355   0.74908   1.05650   0.34229   0.28392   0.13632   0.17231   0.02483   0.17909   1.83945   2.11633   0.08045   0.09048  
  4 617.4619  13934.399974  x:  4.18247   1.22186   1.33454   1.09151   0.80154   0.69959   0.76275   0.92282   0.87570   0.76303   1.10462   0.33809   0.26457   0.13618   0.18449   0.07040   0.11320   1.83368   1.99473   0.01234   0.09795  
  5 561.8346  13845.658850  x:  4.15697   1.57972   1.74303   1.23526   0.85729   0.69463   0.93416   0.91310   0.94201   0.80416   1.25144   0.32500   0.20551   0.18570   0.21773   0.13054   0.02824   1.81483   1.61478   0.11149   0.10842  
  6 1441.6450  13571.600867  x:  4.06576   2.76064   3.09252   1.71102   1.03796   0.67288   1.49822   0.87613   1.15796   0.93654   1.73760   0.27330   0.00000   0.28811   0.28804   0.20930   0.24669   1.75781   0.32590   0.22263   0.12566  
  7 4848.5860  13560.250930  x:  4.06662   2.79598   3.13519   1.73200   1.04416   0.66902   1.51523   0.87419   1.16554   0.94130   1.75946   0.31751   0.04147   0.28096   0.27971   0.21385   0.25335   1.75213   0.26333   0.22764   0.11851  
  8 453.5988  13547.786047  x:  3.97435   2.87749   3.24287   1.78790   1.05799   0.64614   1.55996   0.85629   1.18190   0.95311   1.82138   0.39760   0.11141   0.22320   0.24184   0.24098   0.27432   1.70917   0.31215   0.25024   0.10678  
  9 174.2973  13543.864476  x:  3.96374   2.87390   3.25471   1.82484   1.06373   0.62632   1.56116   0.85115   1.18808   0.95945   1.86250   0.39977   0.10859   0.14035   0.23267   0.26580   0.27937   1.67843   0.30253   0.26934   0.10680  
 10 83.2039  13536.825083  x:  3.90767   2.79188   3.25845   2.01693   1.09048   0.51076   1.53796   0.82859   1.21184   0.98940   2.07886   0.42204   0.10808   0.08955   0.37733   0.24453   0.28325   1.51108   0.28856   0.27037   0.08886  
 11 57.1389  13529.210003  x:  3.85061   2.64632   3.24812   2.28602   1.13745   0.34979   1.50154   0.81784   1.23634   1.02191   2.38239   0.42172   0.06944   0.15915   0.26619   0.24189   0.27686   1.36292   0.25887   0.25470   0.09879  
 12 72.8521  13522.153711  x:  3.74095   2.42630   3.26948   2.62637   1.26696   0.20058   1.50737   0.88224   1.24251   1.02726   2.76797   0.43647   0.05158   0.17042   0.26043   0.23567   0.27386   1.63481   0.26084   0.24950   0.10465  
 13 40.8842  13519.794788  x:  3.66996   2.26796   3.33136   2.67768   1.42123   0.30924   1.58539   1.01699   1.23364   1.01819   2.84101   0.44460   0.04380   0.17185   0.25573   0.23071   0.27482   1.61107   0.24206   0.24657   0.10297  
 14 12.6374  13503.223240  x:  3.61962   1.16680   4.48862   2.53108   1.35594   0.09008   1.72572   1.30461   1.51896   1.12240   2.81488   0.46519   0.05073   0.15506   0.26362   0.18682   0.27492   1.56765   0.21786   0.23034   0.07973  
 15  9.4143  13490.987916  x:  3.68663   0.54863   5.33990   2.55959   1.39876   0.14322   1.59796   1.13092   1.27705   0.83686   2.82067   0.45328   0.08108   0.14405   0.27114   0.15265   0.27188   1.51988   0.23183   0.21814   0.06222  
 16 37.9973  13487.084122  x:  3.66172   0.47586   5.49466   2.64213   1.44643   0.28507   1.45371   0.97865   1.22567   1.07337   2.77045   0.43790   0.10149   0.14387   0.26677   0.13951   0.27182   1.53791   0.22659   0.21282   0.05775  
 17 14.4612  13472.904915  x:  3.57283   1.15280   5.02815   3.29043   1.13255   0.35105   1.68825   1.07216   1.15719   1.13558   2.34119   0.33644   0.21111   0.14428   0.24625   0.07982   0.26631   1.51593   0.22039   0.18533   0.04501  
 18  6.8095  13467.865152  x:  3.52881   1.38761   4.89727   3.44085   1.28239   0.36736   1.56765   0.98271   1.49783   0.97021   2.19371   0.32495   0.21838   0.15073   0.22619   0.05873   0.26324   1.52606   0.21585   0.17321   0.04666  
 19 11.0251  13459.435585  x:  3.53525   1.65243   4.86615   3.46894   1.51534   0.11514   1.49314   1.03035   1.27075   1.06210   2.05993   0.44279   0.09375   0.16025   0.18886   0.03116   0.25701   1.52994   0.22137   0.15513   0.05688  
 20  5.5217  13457.171466  x:  3.53681   1.62618   4.85094   3.47950   1.37191   0.25346   1.68654   0.86730   1.27876   1.08212   2.14617   0.36555   0.15877   0.16487   0.17516   0.02842   0.25416   1.54924   0.21890   0.15048   0.06339  
 21  4.3465  13452.977681  x:  3.46150   1.77857   4.90696   3.48628   1.00772   0.54209   1.50511   1.03076   1.29049   1.05013   2.33649   0.38794   0.13863   0.15534   0.17168   0.04055   0.25489   1.57665   0.21937   0.15433   0.07209  
 22  4.7622  13447.027431  x:  3.45813   2.08305   4.82804   3.29693   1.34632   0.31802   1.70753   0.84321   1.26801   1.09812   2.32590   0.55401   0.00000   0.12596   0.21128   0.05921   0.25579   1.60951   0.22414   0.16057   0.07776  
 23  2.9444  13445.559052  x:  3.43288   2.15453   4.87846   3.25755   1.44340   0.23522   1.68160   0.89809   1.24626   1.11567   2.34082   0.34952   0.19616   0.12297   0.21967   0.05992   0.25574   1.60409   0.22077   0.15949   0.08062  
 24  4.8481  13438.379651  x:  3.23980   2.19423   5.36494   3.34223   1.28979   0.40170   1.69769   1.08390   1.36650   1.10034   2.51442   0.43104   0.12946   0.12384   0.28428   0.02943   0.24255   1.63494   0.20614   0.12781   0.08849  
 25  1.2549  13423.583128  x:  2.84233   2.41908   6.44124   3.51951   1.63150   0.20434   1.89417   1.25757   1.52748   1.14910   2.80183   0.47321   0.06805   0.13263   0.19469   0.03760   0.21050   1.62042   0.15713   0.07448   0.10587  
 26  1.0855  13414.435717  x:  2.65065   2.54487   7.09528   3.22053   1.76670   0.14479   1.95158   1.26699   1.58437   1.17088   3.25872   0.47325   0.04669   0.17021   0.13803   0.04144   0.18175   1.64485   0.16461   0.03122   0.11649  
 27  2.6106  13407.882256  x:  2.51349   2.64124   7.41468   3.79083   1.65730   0.31348   1.95896   1.13694   1.52197   1.22901   3.04468   0.37522   0.11262   0.22210   0.17488   0.05839   0.16922   1.63224   0.16881   0.03069   0.11800  
 28  0.5794  13404.546993  x:  2.24813   3.29403   7.58772   3.44154   1.62991   0.42988   2.02210   1.08445   1.56586   1.32453   3.96399   0.37385   0.10917   0.24149   0.15124   0.06537   0.16265   1.59957   0.14554   0.03065   0.11316  
 29  0.7142  13401.053155  x:  1.86745   3.72456   8.19861   4.10509   1.65090   0.44001   2.14433   1.14339   1.65303   1.41580   3.98480   0.41155   0.10826   0.23010   0.12922   0.07103   0.16514   1.57846   0.13966   0.04990   0.09999  
 30  0.8088  13398.009495  x:  1.42489   4.19009   8.97976   4.73000   1.73461   0.43331   2.29512   1.26030   1.77191   1.50182   4.08746   0.43355   0.10606   0.22828   0.14173   0.06391   0.15356   1.57925   0.12184   0.03504   0.09441  
 31  1.6895  13396.892359  x:  1.29280   4.43110   9.20944   4.55674   1.79384   0.41608   2.32752   1.28561   1.80756   1.51571   4.41278   0.43986   0.10854   0.21563   0.16887   0.05742   0.15523   1.59376   0.12410   0.03683   0.08984  
 32  0.7264  13395.981415  x:  0.94987   4.92460   9.80322   4.65882   1.94545   0.41145   2.43517   1.38067   1.89199   1.56610   4.75543   0.38896   0.13971   0.21350   0.17180   0.05768   0.15954   1.59771   0.11257   0.04027   0.08735  
 33  0.5372  13395.471329  x:  0.80822   5.06638  10.20101   4.82348   2.03124   0.40085   2.47606   1.42409   1.91255   1.56839   4.68818   0.36744   0.13607   0.21474   0.16493   0.05907   0.16093   1.60332   0.11296   0.03676   0.09162  
 34  0.4964  13395.221646  x:  0.65035   5.37274  10.49983   4.78652   2.05689   0.44426   2.52429   1.42728   1.93966   1.59662   4.89269   0.41843   0.08700   0.20860   0.16825   0.05885   0.16606   1.59901   0.10931   0.03985   0.09343  
 35  0.3008  13395.131999  x:  0.55744   5.54271  10.69857   4.87911   2.03446   0.47122   2.54925   1.41027   1.95478   1.62422   4.91981   0.40160   0.10862   0.21155   0.16619   0.05665   0.16528   1.59501   0.10801   0.03765   0.09477  
 36  0.1404  13395.120468  x:  0.53859   5.59045  10.73372   4.88652   2.03259   0.46878   2.55612   1.41050   1.96055   1.63146   4.93229   0.39872   0.11022   0.21362   0.16492   0.05710   0.16544   1.59865   0.10789   0.03880   0.09485  
 37  0.0427  13395.115956  x:  0.52259   5.62655  10.77032   4.88605   2.03576   0.46215   2.56119   1.41800   1.96756   1.63503   4.94627   0.40382   0.10535   0.21428   0.16479   0.05708   0.16480   1.60170   0.10752   0.03838   0.09485  
 38  0.0276  13395.111371  x:  0.53843   5.61881  10.77131   4.86705   2.03247   0.45380   2.55286   1.42173   1.96576   1.63007   4.92523   0.40531   0.10484   0.21359   0.16531   0.05706   0.16452   1.60207   0.10810   0.03849   0.09484  
 39  0.0140  13395.104000  x:  0.54268   5.63081  10.82691   4.85998   2.03368   0.45304   2.54561   1.42731   1.96399   1.62540   4.89866   0.39881   0.11036   0.21275   0.16531   0.05726   0.16467   1.59886   0.10776   0.03881   0.09486  
 40  0.0224  13395.092119  x:  0.56590   5.61341  10.88435   4.85444   2.02115   0.47185   2.54160   1.41156   1.95449   1.62414   4.86378   0.40625   0.10330   0.21415   0.16461   0.05715   0.16468   1.60141   0.10808   0.03840   0.09453  
 41  0.0163  13395.071325  x:  0.58647   5.60382  10.95181   4.83154   2.03641   0.46992   2.56733   1.40906   1.96159   1.63202   4.88070   0.39623   0.11480   0.21355   0.16688   0.05712   0.16575   1.61292   0.10787   0.03859   0.09397  
 42  0.0143  13394.954333  x:  0.61613   5.69050  11.19440   4.92817   2.09099   0.45965   2.65913   1.42476   2.00060   1.66809   4.91547   0.40514   0.10696   0.21298   0.16381   0.05755   0.16688   1.60669   0.10486   0.03788   0.09449  
 43  0.0380  13394.725074  x:  0.79807   5.97334  11.83062   5.22393   2.24509   0.45020   2.89668   1.48366   2.12437   1.78171   5.13511   0.42084   0.09204   0.21355   0.16091   0.05733   0.16775   1.59105   0.09538   0.03742   0.09458  
 44  0.3532  13394.339512  x:  1.23247   6.11648  12.21181   5.55673   2.37167   0.47550   3.02114   1.56589   2.23829   1.87917   5.45219   0.42181   0.08732   0.21494   0.16502   0.05617   0.16455   1.60822   0.09133   0.03870   0.09467  
 45  0.2288  13394.060687  x:  1.37588   6.50722  12.89418   5.89885   2.51224   0.51383   3.18479   1.65536   2.37005   1.99291   5.83634   0.42237   0.08465   0.21515   0.16663   0.05557   0.16371   1.62192   0.08263   0.03920   0.09508  
 46  1.6787  13393.860362  x:  1.37740   6.90248  13.58456   6.21674   2.58929   0.60167   3.19072   1.75973   2.46063   2.06081   6.23930   0.42054   0.08630   0.21159   0.16580   0.05679   0.16322   1.65206   0.07832   0.03968   0.09680  
 47  0.4449  13393.826379  x:  1.34104   6.86093  13.54811   6.19783   2.56986   0.60508   3.15577   1.75688   2.44453   2.04625   6.21664   0.42169   0.08631   0.21162   0.16533   0.05711   0.16355   1.65059   0.07964   0.03950   0.09662  
 48  0.1530  13393.701345  x:  1.47343   7.12116  14.42952   6.66707   2.72559   0.62892   3.33245   1.86944   2.58094   2.16960   6.62126   0.44093   0.07270   0.21531   0.16374   0.05742   0.16549   1.63492   0.07319   0.03848   0.09481  
 49  0.3893  13393.610148  x:  1.47786   7.52145  15.53347   7.07058   2.89494   0.62515   3.53575   2.00293   2.74354   2.30291   7.07246   0.42087   0.09020   0.21765   0.16640   0.05692   0.16836   1.65204   0.06889   0.03795   0.09502  
 50  0.3368  13393.584795  x:  1.51660   7.69817  15.93616   7.24577   2.96239   0.63688   3.61456   2.05311   2.80956   2.35793   7.26214   0.42356   0.08732   0.21749   0.16624   0.05686   0.16850   1.65517   0.06642   0.03798   0.09522  
 51  1.1944  13393.516781  x:  1.59336   8.01313  16.41673   7.44824   3.04622   0.66762   3.73356   2.10818   2.90772   2.43603   7.52680   0.44971   0.06011   0.21264   0.16341   0.05677   0.16547   1.65376   0.06370   0.03905   0.09659  
 52  0.3483  13393.463074  x:  1.65462   8.18670  16.67330   7.55247   3.10289   0.70151   3.83213   2.11914   2.96669   2.48964   7.66485   0.44005   0.06884   0.21189   0.16471   0.05680   0.16359   1.65840   0.06291   0.03968   0.09646  
 53  0.1588  13393.402177  x:  1.75894   8.61115  17.57358   7.93855   3.26654   0.75002   4.04855   2.21299   3.12508   2.62655   8.09348   0.43262   0.07564   0.21217   0.16601   0.05686   0.16302   1.66646   0.05859   0.03994   0.09630  
 54  2.0079  13393.367251  x:  1.82145   8.96395  18.27996   8.25570   3.40514   0.80185   4.21873   2.29158   3.24976   2.73442   8.43367   0.43372   0.07539   0.21335   0.16612   0.05729   0.16384   1.66799   0.05556   0.03961   0.09599  
 55  0.7239  13393.304153  x:  1.82091   9.21066  18.68416   8.46583   3.50642   0.85640   4.31739   2.34830   3.32307   2.79798   8.63580   0.43950   0.07225   0.21629   0.16542   0.05806   0.16668   1.66367   0.05439   0.03841   0.09535  
 56  0.5898  13393.262345  x:  1.87257   9.70185  19.45459   8.81867   3.66616   0.91411   4.49793   2.45635   3.47267   2.91901   9.03289   0.44461   0.06734   0.21541   0.16478   0.05782   0.16624   1.66859   0.05134   0.03850   0.09575  
 57  1.0675  13393.213578  x:  1.89711  10.25280  20.07235   9.11405   3.81037   0.95226   4.64007   2.58109   3.61531   3.02312   9.38625   0.44670   0.06376   0.21212   0.16411   0.05651   0.16366   1.67771   0.04935   0.03955   0.09684  
 58  0.5703  13393.169781  x:  1.94932  10.73989  20.90493   9.51354   4.00146   0.97624   4.83926   2.72605   3.77567   3.15381   9.78626   0.43729   0.07454   0.21685   0.16550   0.05705   0.16549   1.67500   0.04688   0.03908   0.09566  
 59  0.4095  13393.159906  x:  1.96426  10.79891  20.99519   9.55610   4.02385   0.96949   4.86186   2.74878   3.79549   3.16895   9.83363   0.43982   0.07216   0.21658   0.16531   0.05716   0.16541   1.67394   0.04682   0.03900   0.09568  
 60  0.1789  13393.128030  x:  2.05564  11.36491  21.90293   9.97377   4.22097   0.99968   5.08159   2.89981   3.97637   3.31467  10.30046   0.44945   0.06310   0.21533   0.16448   0.05734   0.16500   1.67497   0.04421   0.03883   0.09595  
 61  2.0825  13393.110161  x:  2.15544  11.80127  22.68817  10.32474   4.37721   1.02284   5.27127   3.01505   4.12477   3.44004  10.69679   0.45260   0.05973   0.21424   0.16427   0.05735   0.16493   1.67866   0.04228   0.03889   0.09617  
 62  1.0027  13393.047824  x:  2.44704  12.36012  24.11633  10.91668   4.59460   1.04880   5.61349   3.15689   4.36118   3.66453  11.39703   0.45605   0.05367   0.20952   0.16413   0.05704   0.16478   1.69263   0.04005   0.03946   0.09716  
 63  0.8868  13393.027330  x:  2.54469  12.67526  24.80057  11.22662   4.71400   1.07316   5.77260   3.23854   4.47913   3.77117  11.72988   0.45533   0.05448   0.21060   0.16438   0.05704   0.16516   1.69301   0.03860   0.03937   0.09698  
 64  1.9709  13392.997336  x:  2.59282  12.73355  25.14249  11.40344   4.74757   1.10027   5.83451   3.25026   4.51873   3.81798  11.87331   0.44945   0.06177   0.21618   0.16525   0.05712   0.16614   1.68456   0.03812   0.03888   0.09596  
 65  0.4270  13392.976589  x:  2.72470  13.18053  26.16907  11.88400   4.89624   1.16951   6.03340   3.34887   4.68376   3.96497  12.38051   0.45544   0.05587   0.21511   0.16477   0.05700   0.16541   1.68620   0.03644   0.03908   0.09640  
 66  0.5412  13392.961380  x:  2.72746  13.27314  26.41004  12.01157   4.91523   1.21157   6.04888   3.35880   4.71468   3.98774  12.49861   0.45829   0.05295   0.21388   0.16444   0.05696   0.16473   1.68753   0.03634   0.03928   0.09675  
 67  0.3909  13392.948594  x:  2.80288  13.69132  27.36751  12.46507   5.06736   1.27825   6.22126   3.46092   4.87000   4.11378  12.94868   0.45493   0.05578   0.21410   0.16496   0.05709   0.16506   1.69092   0.03493   0.03930   0.09658  
 68  0.7744  13392.931645  x:  2.76671  14.01426  27.99617  12.77234   5.20622   1.31485   6.32715   3.55879   4.98884   4.18030  13.20679   0.44707   0.06313   0.21515   0.16590   0.05734   0.16620   1.69138   0.03422   0.03907   0.09588  
 69  0.2832  13392.920096  x:  2.80194  14.33303  28.62118  13.06506   5.32724   1.34445   6.45552   3.64253   5.10591   4.26359  13.49503   0.44934   0.06097   0.21473   0.16570   0.05729   0.16599   1.69111   0.03331   0.03911   0.09597  
 70  1.1265  13392.902603  x:  2.83807  14.83026  29.46163  13.44606   5.52284   1.36118   6.66077   3.77730   5.28888   4.38031  13.87579   0.45828   0.05284   0.21357   0.16463   0.05702   0.16489   1.68845   0.03211   0.03929   0.09652  
 71  1.2519  13392.895826  x:  2.83057  14.79534  29.31777  13.36364   5.51789   1.33617   6.65999   3.77071   5.27920   4.36660  13.80367   0.45981   0.05167   0.21369   0.16433   0.05694   0.16457   1.68771   0.03234   0.03933   0.09669  
 72  0.2278  13392.883570  x:  2.91884  15.26655  30.29030  13.77509   5.72440   1.35974   6.91126   3.89270   5.47352   4.50801  14.23501   0.45421   0.05740   0.21564   0.16477   0.05705   0.16486   1.69033   0.03114   0.03932   0.09653  
 73  0.7468  13392.870035  x:  3.11288  15.65170  31.31819  14.16471   5.89716   1.41806   7.18820   3.96025   5.65431   4.67041  14.72676   0.45333   0.05768   0.21498   0.16499   0.05728   0.16538   1.69332   0.03017   0.03918   0.09642  
 74  0.3085  13392.866123  x:  3.16445  15.88933  31.82355  14.38347   5.99019   1.44566   7.30372   4.01502   5.74762   4.74271  14.96497   0.45457   0.05645   0.21471   0.16491   0.05725   0.16529   1.69322   0.02959   0.03920   0.09646  
 75  1.6852  13392.860446  x:  3.19538  16.16993  32.34551  14.62673   6.07528   1.49366   7.39435   4.07636   5.83907   4.81422  15.23070   0.45948   0.05174   0.21390   0.16459   0.05700   0.16477   1.69025   0.02902   0.03936   0.09659  
 76  0.4910  13392.856066  x:  3.16477  16.24048  32.38393  14.66270   6.07253   1.51462   7.36659   4.09434   5.84054   4.81654  15.27207   0.46013   0.05118   0.21405   0.16457   0.05690   0.16459   1.68928   0.02905   0.03942   0.09661  
 77  0.0779  13392.848563  x:  3.24813  16.82517  33.48377  15.13969   6.27344   1.58235   7.59360   4.23740   6.04161   4.97783  15.81739   0.45712   0.05412   0.21503   0.16483   0.05700   0.16485   1.69180   0.02795   0.03936   0.09653  
 78  1.0721  13392.840579  x:  3.37535  17.49390  34.65349  15.62163   6.49912   1.63001   7.86251   4.41256   6.26423   5.16923  16.42393   0.45502   0.05631   0.21562   0.16485   0.05728   0.16542   1.69566   0.02689   0.03912   0.09649  
 79  0.6607  13392.837831  x:  3.38434  17.47182  34.57525  15.58176   6.48755   1.61709   7.85439   4.41165   6.25217   5.16579  16.39727   0.45552   0.05583   0.21546   0.16481   0.05729   0.16548   1.69562   0.02700   0.03909   0.09649  
 80  0.2187  13392.833887  x:  3.49055  17.84743  35.24627  15.87192   6.60675   1.64724   8.01446   4.50472   6.37703   5.28315  16.75846   0.46071   0.05071   0.21442   0.16461   0.05705   0.16512   1.69259   0.02636   0.03923   0.09654  
 81  0.6700  13392.832551  x:  3.57442  18.13511  35.78515  16.12523   6.69399   1.67748   8.13330   4.57746   6.46909   5.37891  17.04663   0.45898   0.05215   0.21482   0.16492   0.05707   0.16520   1.69324   0.02592   0.03926   0.09643  
 82  0.2705  13392.832144  x:  3.56550  18.09985  35.72955  16.12169   6.68324   1.67688   8.11984   4.56918   6.45710   5.37024  17.01156   0.45921   0.05205   0.21475   0.16479   0.05711   0.16519   1.69372   0.02599   0.03923   0.09650  
 83  0.0448  13392.831139  x:  3.60039  18.29479  36.11176  16.34475   6.75574   1.69975   8.20736   4.62013   6.52534   5.43204  17.18413   0.46047   0.05111   0.21455   0.16449   0.05717   0.16519   1.69458   0.02566   0.03916   0.09665  
 84  0.2747  13392.830362  x:  3.61209  18.36310  36.27867  16.47928   6.79537   1.70452   8.25661   4.64164   6.55622   5.45912  17.23164   0.45908   0.05226   0.21484   0.16476   0.05707   0.16521   1.69370   0.02553   0.03924   0.09651  
 85  0.1057  13392.830296  x:  3.61602  18.37178  36.29728  16.47925   6.80098   1.70131   8.26439   4.64410   6.56069   5.46129  17.23743   0.45916   0.05204   0.21458   0.16479   0.05709   0.16514   1.69370   0.02551   0.03925   0.09652  
 86  0.0123  13392.830153  x:  3.61384  18.41886  36.41400  16.52256   6.82103   1.70233   8.28480   4.65531   6.57725   5.47065  17.27332   0.45880   0.05250   0.21476   0.16483   0.05716   0.16515   1.69359   0.02545   0.03925   0.09649  
 87  0.0178  13392.830035  x:  3.62955  18.52176  36.62592  16.60828   6.85562   1.71125   8.32593   4.67932   6.61103   5.49821  17.36861   0.45921   0.05209   0.21472   0.16479   0.05713   0.16513   1.69378   0.02530   0.03925   0.09651  
 88  0.1686  13392.830019  x:  3.62644  18.50587  36.59795  16.59121   6.84968   1.70997   8.31871   4.67463   6.60549   5.49291  17.35571   0.45936   0.05193   0.21468   0.16477   0.05711   0.16513   1.69382   0.02533   0.03925   0.09652  
 89  0.0538  13392.830009  x:  3.62889  18.50852  36.60882  16.59485   6.85159   1.71059   8.32151   4.67469   6.60714   5.49393  17.36245   0.45939   0.05187   0.21467   0.16477   0.05708   0.16516   1.69388   0.02532   0.03925   0.09653  
 90  0.0063  13392.829972  x:  3.64265  18.55016  36.68111  16.63268   6.87033   1.71420   8.34281   4.68588   6.62386   5.50636  17.41054   0.45946   0.05185   0.21472   0.16476   0.05711   0.16516   1.69389   0.02525   0.03925   0.09653  
 91  0.0138  13392.829970  x:  3.64022  18.54227  36.66573  16.62449   6.86713   1.71355   8.33857   4.68377   6.62086   5.50357  17.40281   0.45947   0.05182   0.21471   0.16476   0.05710   0.16515   1.69389   0.02527   0.03925   0.09653  
 92  0.0341  13392.829969  x:  3.63926  18.53999  36.66019  16.62149   6.86626   1.71335   8.33698   4.68320   6.61997   5.50241  17.40088   0.45949   0.05180   0.21470   0.16476   0.05710   0.16515   1.69389   0.02527   0.03925   0.09653  
 93  0.0130  13392.829969  x:  3.63898  18.53939  36.65838  16.62061   6.86606   1.71328   8.33648   4.68309   6.61975   5.50203  17.40045   0.45949   0.05179   0.21470   0.16476   0.05709   0.16515   1.69389   0.02527   0.03925   0.09653  
 94  0.0061  13392.829969  x:  3.63885  18.53907  36.65734  16.62016   6.86597   1.71322   8.33620   4.68304   6.61963   5.50180  17.40024   0.45950   0.05179   0.21469   0.16476   0.05709   0.16515   1.69389   0.02527   0.03925   0.09653  
 95  0.0044  13392.829969  x:  3.63878  18.53885  36.65667  16.61989   6.86590   1.71317   8.33602   4.68302   6.61956   5.50165  17.40009   0.45950   0.05178   0.21469   0.16476   0.05709   0.16515   1.69389   0.02527   0.03925   0.09653  
 96  0.0041  13392.829969  x:  3.63875  18.53871  36.65630  16.61976   6.86586   1.71314   8.33592   4.68300   6.61952   5.50157  17.40000   0.45950   0.05178   0.21469   0.16476   0.05709   0.16514   1.69389   0.02527   0.03925   0.09653  
 97  0.0048  13392.829969  x:  3.63874  18.53868  36.65621  16.61973   6.86585   1.71313   8.33590   4.68300   6.61951   5.50155  17.39997   0.45950   0.05178   0.21469   0.16476   0.05709   0.16514   1.69389   0.02527   0.03925   0.09653  
 98  0.0061  13392.829969  x:  3.63872  18.53852  36.65583  16.61960   6.86580   1.71310   8.33581   4.68298   6.61946   5.50147  17.39986   0.45950   0.05178   0.21469   0.16476   0.05709   0.16514   1.69389   0.02527   0.03925   0.09653  
 99  0.0072  13392.829969  x:  3.63872  18.53848  36.65574  16.61957   6.86578   1.71309   8.33579   4.68297   6.61945   5.50145  17.39983   0.45950   0.05178   0.21469   0.16476   0.05709   0.16514   1.69389   0.02527   0.03925   0.09653  
100  0.0082  13392.829969  x:  3.63872  18.53846  36.65569  16.61956   6.86578   1.71308   8.33577   4.68297   6.61944   5.50144  17.39981   0.45950   0.05178   0.21469   0.16476   0.05709   0.16514   1.69389   0.02527   0.03925   0.09653  
101  0.0095  13392.829969  x:  3.63871  18.53840  36.65556  16.61952   6.86576   1.71307   8.33574   4.68296   6.61943   5.50142  17.39976   0.45950   0.05178   0.21469   0.16476   0.05709   0.16514   1.69389   0.02527   0.03925   0.09653  
102  0.0100  13392.829969  x:  3.63871  18.53838  36.65553  16.61951   6.86575   1.71307   8.33574   4.68296   6.61942   5.50141  17.39975   0.45950   0.05178   0.21469   0.16476   0.05709   0.16514   1.69389   0.02527   0.03925   0.09653  
103  0.0108  13392.829969  x:  3.63871  18.53838  36.65553  16.61951   6.86575   1.71307   8.33574   4.68296   6.61942   5.50141  17.39975   0.45950   0.05178   0.21469   0.16476   0.05709   0.16514   1.69389   0.02527   0.03925   0.09653  
104  0.0112  13392.829969  x:  3.63871  18.53838  36.65553  16.61951   6.86575   1.71307   8.33574   4.68296   6.61942   5.50141  17.39975   0.45950   0.05178   0.21469   0.16476   0.05709   0.16514   1.69389   0.02527   0.03925   0.09653  
105  0.1082  13392.829969  x:  3.63871  18.53838  36.65553  16.61951   6.86575   1.71307   8.33574   4.68296   6.61942   5.50141  17.39975   0.45950   0.05178   0.21469   0.16476   0.05709   0.16515   1.69389   0.02527   0.03925   0.09653  
106  0.0069  13392.829969  x:  3.63871  18.53838  36.65553  16.61951   6.86575   1.71307   8.33574   4.68296   6.61942   5.50141  17.39975   0.45950   0.05178   0.21469   0.16476   0.05709   0.16515   1.69389   0.02527   0.03925   0.09653  
107  0.0052  13392.829969  x:  3.63871  18.53838  36.65553  16.61951   6.86575   1.71307   8.33574   4.68296   6.61942   5.50141  17.39975   0.45950   0.05178   0.21469   0.16476   0.05709   0.16515   1.69389   0.02527   0.03925   0.09653  
108  0.0038  13392.829969  x:  3.63872  18.53839  36.65553  16.61951   6.86574   1.71305   8.33574   4.68296   6.61942   5.50139  17.39975   0.45950   0.05178   0.21469   0.16477   0.05709   0.16515   1.69389   0.02527   0.03925   0.09653  
109  0.0057  13392.829969  x:  3.63873  18.53839  36.65553  16.61952   6.86573   1.71304   8.33574   4.68296   6.61942   5.50135  17.39975   0.45950   0.05178   0.21468   0.16477   0.05709   0.16515   1.69390   0.02527   0.03925   0.09653  
110  0.0980  13392.829969  x:  3.63875  18.53842  36.65553  16.61954   6.86567   1.71298   8.33575   4.68296   6.61942   5.50124  17.39976   0.45950   0.05178   0.21468   0.16477   0.05709   0.16515   1.69391   0.02527   0.03925   0.09653  
111  0.0727  13392.829968  x:  3.63881  18.53846  36.65552  16.61960   6.86555   1.71284   8.33576   4.68295   6.61942   5.50099  17.39979   0.45950   0.05179   0.21469   0.16476   0.05709   0.16515   1.69395   0.02527   0.03925   0.09653  
112  0.1442  13392.829968  x:  3.63883  18.53848  36.65552  16.61962   6.86550   1.71279   8.33576   4.68295   6.61942   5.50088  17.39980   0.45949   0.05177   0.21470   0.16476   0.05709   0.16515   1.69393   0.02527   0.03925   0.09653  
113  0.0213  13392.829968  x:  3.63887  18.53852  36.65551  16.61966   6.86542   1.71269   8.33577   4.68295   6.61942   5.50070  17.39981   0.45950   0.05178   0.21469   0.16476   0.05709   0.16515   1.69387   0.02527   0.03925   0.09653  
114  0.0573  13392.829968  x:  3.63888  18.53852  36.65551  16.61967   6.86541   1.71269   8.33577   4.68295   6.61943   5.50069  17.39981   0.45952   0.05176   0.21469   0.16476   0.05709   0.16515   1.69387   0.02527   0.03925   0.09653  
115  0.0007  13392.829968  x:  3.63896  18.53859  36.65543  16.61979   6.86537   1.71269   8.33568   4.68302   6.61947   5.50063  17.39979   0.45951   0.05177   0.21469   0.16476   0.05709   0.16515   1.69389   0.02527   0.03925   0.09653  
116  0.0006  13392.829968  x:  3.63913  18.53873  36.65525  16.62004   6.86531   1.71271   8.33565   4.68306   6.61948   5.50060  17.39972   0.45952   0.05176   0.21469   0.16476   0.05709   0.16515   1.69390   0.02527   0.03925   0.09653  
117  0.0004  13392.829968  x:  3.63956  18.53905  36.65464  16.62079   6.86528   1.71277   8.33571   4.68314   6.61961   5.50065  17.39951   0.45952   0.05176   0.21469   0.16476   0.05709   0.16515   1.69391   0.02527   0.03925   0.09653  
118  0.0004  13392.829968  x:  3.63938  18.53890  36.65482  16.62053   6.86541   1.71275   8.33576   4.68308   6.61948   5.50065  17.39960   0.45951   0.05177   0.21469   0.16476   0.05709   0.16515   1.69390   0.02527   0.03925   0.09653  
119  0.0003  13392.829968  x:  3.63940  18.53891  36.65475  16.62059   6.86538   1.71268   8.33577   4.68307   6.61956   5.50072  17.39960   0.45951   0.05177   0.21469   0.16476   0.05709   0.16515   1.69390   0.02527   0.03925   0.09653  
120  0.0001  13392.829968  x:  3.63950  18.53899  36.65456  16.62079   6.86543   1.71274   8.33578   4.68311   6.61957   5.50067  17.39955   0.45951   0.05177   0.21469   0.16476   0.05709   0.16515   1.69390   0.02527   0.03925   0.09653  
121  0.0002  13392.829968  x:  3.63950  18.53898  36.65457  16.62078   6.86543   1.71274   8.33578   4.68311   6.61957   5.50067  17.39956   0.45951   0.05177   0.21469   0.16476   0.05709   0.16515   1.69390   0.02527   0.03925   0.09653  
122  0.0002  13392.829968  x:  3.63949  18.53898  36.65457  16.62077   6.86543   1.71274   8.33578   4.68311   6.61956   5.50067  17.39956   0.45951   0.05177   0.21469   0.16476   0.05709   0.16515   1.69390   0.02527   0.03925   0.09653  