   10
BAM_035170  0.000000  0.948113  0.897739  0.749053  1.111825  0.585967
  0.495475  0.164449  0.948113  0.942470
BA_5641xxx  0.948113  0.000000  0.058773  0.942552  1.070915  0.880835
  1.009226  0.847035  0.000010  0.120217
BC_5391xxx  0.897739  0.058773  0.000000  0.987486  1.023446  0.919237
  1.014214  0.891128  0.058773  0.105043
NT03BC4431  0.749053  0.942552  0.987486  0.000000  0.863993  0.777484
  1.054997  0.760549  0.942552  0.982864
BH3827xxxx  1.111825  1.070915  1.023446  0.863993  0.000000  0.970818
  1.150755  1.062277  1.070915  1.087111
NT03BL4247  0.585967  0.880835  0.919237  0.777484  0.970818  0.000000
  0.617484  0.581757  0.880835  0.920741
BPUM_3438x  0.495475  1.009226  1.014214  1.054997  1.150755  0.617484
  0.000000  0.573654  1.009226  0.992822
BG10608xxx  0.164449  0.847035  0.891128  0.760549  1.062277  0.581757
  0.573654  0.000000  0.847035  0.939330
NT02BT5378  0.948113  0.000010  0.058773  0.942552  1.070915  0.880835
  1.009226  0.847035  0.000000  0.120217
KBAB4_5184  0.942470  0.120217  0.105043  0.982864  1.087111  0.920741
  0.992822  0.939330  0.120217  0.000000
