    9
BAM_036530  0.000000  3.700063  1.256437  1.300505  3.275836  3.666985
  0.714006  1.272510  1.244731
BAM_036540  3.700063  0.000000  3.173068  3.162312  3.419670  3.821555
  3.243055  3.117082  3.165847
BA_3589xxx  1.256437  3.173068  0.000000  0.119992  2.886779  3.621122
  1.164927  0.019008  0.058025
BC_3534xxx  1.300505  3.162312  0.119992  0.000000  3.221052  3.780138
  1.148230  0.111219  0.078851
NT03BC0453  3.275836  3.419670  2.886779  3.221052  0.000000  2.667958
  4.081385  2.937406  3.016180
NT03BL3317  3.666985  3.821555  3.621122  3.780138  2.667958  0.000000
  4.076112  3.677593  3.671826
BG11881xxx  0.714006  3.243055  1.164927  1.148230  4.081385  4.076112
  0.000000  1.182011  1.153144
NT02BT3522  1.272510  3.117082  0.019008  0.111219  2.937406  3.677593
  1.182011  0.000000  0.048901
KBAB4_3237  1.244731  3.165847  0.058025  0.078851  3.016180  3.671826
  1.153144  0.048901  0.000000
