

TREE # 1

  0  0.0000   2113.862128  x:  1.00913   1.30094   0.97731   0.32516   1.15025   0.43352   0.99079   0.29098   0.58250   0.68077   1.32124   0.26337   0.00132   0.26019   0.12102   0.00000   0.00189   2.00000   0.20000   0.20000   0.20000  
  1 99.0000   2113.861917  x:  1.00913   1.30094   0.97731   0.32516   1.15025   0.43352   0.99079   0.29098   0.58250   0.68077   1.32124   0.26337   0.00132   0.26019   0.12102   0.00000   0.00189   2.00000   0.20000   0.20000   0.20000  
  2 149.6089   2113.609801  x:  1.00948   1.30120   0.97775   0.32566   1.14996   0.43339   0.99087   0.29095   0.58252   0.68058   1.32146   0.26319   0.00147   0.25978   0.12150   0.00000   0.00000   1.99988   0.19992   0.19971   0.19928  
  3 466.4489   2113.061583  x:  1.01185   1.30301   0.98083   0.32889   1.14788   0.43250   0.99153   0.29081   0.58278   0.67922   1.32299   0.26131   0.00000   0.25742   0.12195   0.00000   0.00000   1.99895   0.20067   0.19782   0.19401  
  4 323.6582   2104.890662  x:  1.06462   1.34348   1.04948   0.38998   1.09325   0.40581   1.00870   0.28502   0.59024   0.64760   1.35845   0.23811   0.03143   0.23514   0.07440   0.00000   0.00000   1.97370   0.19954   0.16911   0.04898  
  5 243.4395   2098.071227  x:  1.17729   1.43378   1.20088   0.46871   0.93186   0.32378   1.06249   0.26484   0.61968   0.57543   1.43700   0.20842   0.03537   0.40973   0.08165   0.00000   0.00000   1.89023   0.20081   0.16350   0.01514  
  6 45.9089   2091.808366  x:  1.33220   1.55638   1.40717   0.59212   0.72243   0.21891   1.13146   0.24014   0.65600   0.47840   1.54438   0.16709   0.06399   0.57204   0.04958   0.00000   0.00000   1.78468   0.19679   0.14075   0.04375  
  7 557.1298   2089.651654  x:  1.40283   1.60984   1.50437   0.59851   0.59895   0.21621   1.18516   0.27406   0.68772   0.48103   1.59757   0.30603   0.03121   0.56843   0.04627   0.00000   0.00000   1.74002   0.19529   0.19244   0.04388  
  8 26.6117   2087.314000  x:  1.49198   1.66600   1.62221   0.46482   0.43810   0.35276   1.29543   0.38706   0.73236   0.58811   1.68502   0.31072   0.03810   0.57275   0.04942   0.00000   0.00000   1.71501   0.18058   0.09398   0.04683  
  9 13.1675   2084.956907  x:  1.62341   1.71474   1.73997   0.27816   0.32156   0.53249   1.41975   0.24889   0.64419   0.53572   1.92356   0.22923   0.04580   0.49391   0.07635   0.00000   0.00000   1.76856   0.16527   0.20820   0.04660  
 10  7.4955   2081.871603  x:  1.79580   1.71324   1.76560   0.34923   0.42866   0.61618   1.47162   0.28019   0.76547   0.62155   2.31314   0.12566   0.05692   0.45190   0.10458   0.00000   0.00000   1.81018   0.13059   0.37407   0.04866  
 11  7.0954   2079.531070  x:  1.87584   1.69726   1.74122   0.30238   0.41032   0.56760   1.46710   0.29875   0.79264   0.63084   2.49013   0.04560   0.07429   0.38010   0.13386   0.00000   0.00000   1.85379   0.13455   0.44677   0.04852  
 12  9.4564   2073.038180  x:  2.21192   1.64821   1.65846   0.21601   0.52646   0.44718   1.38712   0.19827   0.71184   0.51421   3.18842   0.12633   0.06811   0.24415   0.20817   0.00000   0.00000   2.07736   0.16163   0.21798   0.05265  
 13 20.5787   2071.566118  x:  2.26909   1.70575   1.73678   0.23985   0.58398   0.44494   1.33431   0.32647   0.57812   0.44037   3.13652   0.11848   0.07209   0.21756   0.21969   0.00000   0.00000   2.01871   0.15560   0.22977   0.05372  
 14  5.6069   2068.513905  x:  2.34321   1.87025   1.97700   0.31385   0.61430   0.39100   1.19918   0.24803   0.59201   0.51259   2.78947   0.10768   0.08113   0.12704   0.24469   0.00000   0.00000   1.86606   0.14155   0.22284   0.05414  
 15  8.3601   2064.802011  x:  2.38755   2.01153   2.30603   0.78373   0.45309   0.66238   1.29438   0.21582   0.66799   0.49151   2.14127   0.07563   0.12305   0.17012   0.25958   0.00000   0.00000   2.15390   0.13637   0.30340   0.05939  
 16  7.9934   2063.454831  x:  2.26387   1.99752   2.34869   0.91456   0.39144   0.55173   1.62943   0.26056   0.70151   0.45481   2.08965   0.07725   0.13051   0.14321   0.26816   0.00000   0.00000   2.05810   0.12655   0.26487   0.05782  
 17  3.0416   2061.632292  x:  2.19597   2.11226   2.60214   1.01051   0.44291   0.55813   1.76877   0.25818   0.62391   0.63204   2.27206   0.06400   0.15165   0.16977   0.27107   0.00000   0.00000   1.83837   0.12168   0.30281   0.05856  
 18  3.0518   2059.773606  x:  2.20720   2.26998   2.91063   0.94145   0.48363   0.53098   1.66730   0.40551   0.88776   0.48898   2.52664   0.06936   0.16883   0.17788   0.27600   0.00000   0.00000   1.74519   0.11630   0.30205   0.05868  
 19  5.3438   2059.150333  x:  2.32497   2.32285   2.99407   0.94282   0.43605   0.39194   1.60948   0.48307   0.86533   0.55973   2.61918   0.07846   0.16821   0.18721   0.27494   0.00000   0.00000   1.87130   0.11668   0.29756   0.05805  
 20  3.3798   2057.211405  x:  3.71004   2.43644   3.10233   0.99211   0.55234   0.46077   1.93180   0.53446   0.94499   0.59292   2.82066   0.05115   0.21286   0.15116   0.26984   0.00000   0.00000   1.92086   0.09515   0.42489   0.05684  
 21  1.7210   2056.637924  x:  3.78745   2.44664   3.20132   1.15665   0.36394   0.57962   1.86417   0.53792   0.93404   0.58849   3.03450   0.04406   0.22968   0.14506   0.26756   0.00000   0.00000   1.85259   0.09021   0.43687   0.05492  
 22  1.1040   2055.700679  x:  3.72700   2.68816   3.92293   1.29020   0.46652   0.57305   2.07196   0.54625   0.98310   0.57061   3.39705   0.03609   0.26071   0.13823   0.26940   0.00000   0.00000   2.05266   0.08076   0.48146   0.05469  
 23  1.6407   2055.125025  x:  3.79216   2.73260   4.18415   1.37636   0.45963   0.54733   2.12918   0.53170   0.98057   0.55769   3.50420   0.04966   0.26210   0.14408   0.26930   0.00000   0.00000   2.07854   0.08576   0.45976   0.05288  
 24  0.6805   2054.755184  x:  4.03509   2.87954   4.40013   1.45161   0.49868   0.47814   2.21156   0.52952   0.99285   0.55403   3.53890   0.06204   0.25933   0.16940   0.27008   0.00000   0.00000   1.97553   0.07809   0.45068   0.05030  
 25  0.6958   2053.985517  x:  4.72468   3.42406   5.00197   1.78447   0.52244   0.58741   2.53060   0.58858   1.07191   0.64139   3.84558   0.03514   0.27419   0.16068   0.25980   0.00000   0.00000   1.94843   0.06429   0.65606   0.04546  
 26  0.5759   2053.308515  x:  5.19229   3.69969   5.62160   2.03047   0.56833   0.66731   2.79288   0.65836   1.15924   0.71508   4.12561   0.05830   0.23187   0.14472   0.25355   0.00000   0.00000   2.00144   0.06144   0.81936   0.04604  
 27  0.4226   2052.978034  x:  5.61924   3.98982   6.15043   2.23287   0.61481   0.70695   3.03329   0.71587   1.24165   0.75913   4.39733   0.05960   0.21562   0.15040   0.25076   0.00000   0.00000   2.01750   0.05299   0.95647   0.04617  
 28  1.3367   2052.666847  x:  5.99254   4.19281   6.67900   2.43240   0.65857   0.73725   3.24727   0.77714   1.32970   0.79806   4.62721   0.04096   0.19368   0.17186   0.24848   0.00000   0.00000   2.02837   0.04920   1.13298   0.04789  
 29  1.0237   2052.588572  x:  6.00923   4.19307   6.73949   2.44312   0.65040   0.73264   3.26962   0.78961   1.35232   0.79462   4.70142   0.04431   0.18594   0.17231   0.24789   0.00000   0.00000   2.03466   0.05037   1.14407   0.04969  
 30  0.0946   2052.504174  x:  6.34534   4.41068   7.17660   2.59900   0.65608   0.75643   3.47398   0.84547   1.44224   0.82183   5.03572   0.04807   0.17543   0.16745   0.24331   0.00000   0.00000   2.04826   0.04636   1.24233   0.05197  
 31  0.5910   2052.408680  x:  6.66442   4.60501   7.59536   2.73445   0.63764   0.76176   3.67586   0.89789   1.54126   0.84283   5.45063   0.03906   0.19371   0.16095   0.23551   0.00000   0.00000   2.05075   0.04375   1.31459   0.05469  
 32  0.3365   2052.363359  x:  6.83399   4.75328   7.77951   2.78520   0.66217   0.75248   3.79312   0.91667   1.58797   0.87685   5.63995   0.04408   0.19753   0.17020   0.23433   0.00000   0.00000   2.03967   0.04268   1.33980   0.05554  
 33  0.1603   2052.320465  x:  7.19220   5.02859   8.17419   2.92726   0.70632   0.77470   4.01982   0.96313   1.67483   0.94219   5.95249   0.04248   0.19664   0.17209   0.23325   0.00000   0.00000   2.04380   0.03947   1.44294   0.05637  
 34  0.5537   2052.221686  x:  7.77041   5.52782   8.70872   3.13121   0.82252   0.83124   4.40542   1.03096   1.81705   1.10415   6.42364   0.03461   0.19882   0.16621   0.23960   0.00000   0.00000   2.06123   0.03622   1.62927   0.05573  
 35  0.6145   2052.174834  x:  8.03324   5.73586   8.95979   3.22323   0.85566   0.86344   4.56782   1.06059   1.88968   1.17425   6.67303   0.04225   0.20013   0.16250   0.24179   0.00000   0.00000   2.06306   0.03508   1.68869   0.05438  
 36  0.3325   2052.161232  x:  8.29113   5.91819   9.24705   3.32851   0.87753   0.88864   4.72229   1.09423   1.95955   1.22451   6.91222   0.04223   0.20095   0.16352   0.24165   0.00000   0.00000   2.06458   0.03345   1.76062   0.05417  
 37  0.9081   2052.112051  x:  8.92350   6.30658   9.98724   3.60964   0.90423   0.97665   5.06913   1.18014   2.14648   1.34829   7.50078   0.03819   0.20253   0.17169   0.24214   0.00000   0.00000   2.06711   0.03073   1.95287   0.05191  
 38  0.7821   2052.096149  x:  8.96456   6.30219  10.06468   3.64305   0.88614   0.99489   5.07516   1.18983   2.16841   1.34976   7.54951   0.03839   0.20101   0.17021   0.24255   0.00000   0.00000   2.07263   0.03101   1.96920   0.05162  
 39  0.1228   2052.079058  x:  9.39334   6.56672  10.58491   3.84158   0.89431   1.05687   5.30676   1.25242   2.30176   1.42580   7.96088   0.03978   0.19910   0.16574   0.24401   0.00000   0.00000   2.08750   0.02925   2.09505   0.05140  
 40  0.8336   2052.070884  x:  9.76632   6.79188  11.06474   4.02396   0.89810   1.10215   5.48782   1.30386   2.42224   1.48255   8.29341   0.03922   0.19977   0.16831   0.24578   0.00000   0.00000   2.09249   0.02810   2.19910   0.05236  
 41  0.2439   2052.064048  x:  9.90697   6.94151  11.18009   4.07405   0.94272   1.09799   5.55127   1.30757   2.44770   1.51631   8.31993   0.03826   0.20230   0.16530   0.24524   0.00000   0.00000   2.09399   0.02783   2.23012   0.05276  
 42  0.0564   2052.061769  x: 10.08780   7.07675  11.37966   4.15245   0.96239   1.11341   5.64344   1.32676   2.49555   1.55131   8.44944   0.03821   0.20236   0.16532   0.24500   0.00000   0.00000   2.09714   0.02719   2.27943   0.05277  
 43  0.6170   2052.060014  x: 10.17637   7.14672  11.48187   4.19677   0.97227   1.11659   5.67571   1.33209   2.51408   1.56398   8.48363   0.03901   0.20058   0.16759   0.24339   0.00000   0.00000   2.09913   0.02700   2.30140   0.05286  
 44  0.1083   2052.059355  x: 10.21761   7.16907  11.53642   4.22474   0.96816   1.12029   5.68474   1.33356   2.52049   1.56618   8.50111   0.03852   0.20092   0.16664   0.24225   0.00000   0.00000   2.10060   0.02693   2.31069   0.05281  
 45  0.0324   2052.058898  x: 10.20268   7.15273  11.52549   4.23029   0.96002   1.11859   5.66655   1.32604   2.50770   1.55967   8.47622   0.03892   0.20110   0.16693   0.24281   0.00000   0.00000   2.09912   0.02698   2.30137   0.05267  
 46  0.0114   2052.058774  x: 10.17386   7.13556  11.48851   4.21977   0.96016   1.11488   5.65018   1.31997   2.49540   1.55511   8.44390   0.03872   0.20102   0.16682   0.24335   0.00000   0.00000   2.09936   0.02708   2.29266   0.05269  
 47  0.0399   2052.058753  x: 10.18819   7.14422  11.50350   4.22674   0.96200   1.11652   5.65676   1.32103   2.49841   1.55779   8.45358   0.03871   0.20089   0.16677   0.24334   0.00000   0.00000   2.10026   0.02703   2.29661   0.05276  
 48  0.0125   2052.058716  x: 10.18115   7.13014  11.49276   4.22531   0.96095   1.11727   5.65089   1.31922   2.49474   1.55595   8.44994   0.03874   0.20089   0.16680   0.24314   0.00000   0.00000   2.10030   0.02707   2.29410   0.05284  
 49  0.0055   2052.058694  x: 10.19006   7.13105  11.49844   4.22987   0.96211   1.11885   5.65439   1.31960   2.49608   1.55785   8.45818   0.03868   0.20109   0.16682   0.24309   0.00000   0.00000   2.09972   0.02704   2.29604   0.05280  
 50  0.0073   2052.058677  x: 10.19931   7.13857  11.50420   4.23553   0.96378   1.11927   5.65837   1.32060   2.49831   1.55969   8.46459   0.03875   0.20090   0.16678   0.24321   0.00000   0.00000   2.10001   0.02702   2.29836   0.05272  
 51  0.0040   2052.058659  x: 10.20753   7.14482  11.51000   4.24263   0.96397   1.11917   5.66224   1.32213   2.50112   1.56037   8.47548   0.03869   0.20102   0.16688   0.24331   0.00000   0.00000   2.10038   0.02700   2.29996   0.05275  
 52  0.0049   2052.058649  x: 10.19954   7.14443  11.49762   4.24047   0.96463   1.11681   5.65921   1.32158   2.49921   1.55898   8.46915   0.03872   0.20098   0.16677   0.24323   0.00000   0.00000   2.10021   0.02702   2.29749   0.05277  
 53  0.0064   2052.058646  x: 10.19412   7.14136  11.49136   4.23951   0.96417   1.11625   5.65683   1.32119   2.49796   1.55799   8.46560   0.03872   0.20095   0.16683   0.24316   0.00000   0.00000   2.09992   0.02703   2.29608   0.05276  
 54  0.0050   2052.058640  x: 10.18393   7.13759  11.48494   4.24057   0.96323   1.11674   5.65368   1.32102   2.49713   1.55697   8.45810   0.03872   0.20092   0.16685   0.24315   0.00000   0.00000   2.09994   0.02704   2.29423   0.05275  
 55  0.0019   2052.058637  x: 10.18645   7.14123  11.48898   4.24298   0.96391   1.11690   5.65535   1.32139   2.49830   1.55774   8.45869   0.03872   0.20100   0.16680   0.24319   0.00000   0.00000   2.10001   0.02703   2.29482   0.05277  
 56  0.0042   2052.058636  x: 10.18529   7.13889  11.48767   4.24264   0.96371   1.11657   5.65465   1.32119   2.49788   1.55749   8.45759   0.03871   0.20097   0.16683   0.24317   0.00000   0.00000   2.09976   0.02704   2.29411   0.05277  
 57  0.0006   2052.058633  x: 10.18692   7.13655  11.49069   4.24368   0.96405   1.11581   5.65588   1.32124   2.49861   1.55815   8.45692   0.03872   0.20097   0.16680   0.24320   0.00000   0.00000   2.09983   0.02703   2.29270   0.05277  
 58  0.0009   2052.058631  x: 10.18607   7.13602  11.48849   4.24267   0.96391   1.11569   5.65566   1.32091   2.49830   1.55812   8.45630   0.03873   0.20101   0.16681   0.24318   0.00000   0.00000   2.10033   0.02704   2.29138   0.05276  
 59  0.0009   2052.058618  x: 10.18563   7.13498  11.48331   4.24250   0.96318   1.11573   5.65546   1.31965   2.49846   1.55839   8.45397   0.03874   0.20100   0.16686   0.24311   0.00000   0.00000   2.10018   0.02704   2.28490   0.05276  
 60  0.0011   2052.058606  x: 10.18826   7.13841  11.47914   4.24339   0.96218   1.11689   5.65681   1.31815   2.50021   1.55936   8.45345   0.03875   0.20094   0.16684   0.24313   0.00000   0.00000   2.09990   0.02704   2.27499   0.05278  
 61  0.0083   2052.058585  x: 10.19021   7.14368  11.48580   4.24332   0.96303   1.11799   5.65737   1.31892   2.50203   1.55924   8.45795   0.03878   0.20085   0.16667   0.24334   0.00000   0.00000   2.10008   0.02703   2.27097   0.05280  
 62  0.0014   2052.058446  x: 10.17000   7.13137  11.47327   4.23298   0.96475   1.11611   5.64284   1.31336   2.50289   1.55390   8.44862   0.03897   0.20062   0.16658   0.24345   0.00000   0.00000   2.09997   0.02708   2.19164   0.05280  
 63  0.0108   2052.058365  x: 10.14615   7.10897  11.44981   4.22278   0.96528   1.11190   5.62640   1.30645   2.50064   1.54895   8.43165   0.03917   0.20053   0.16682   0.24316   0.00000   0.00000   2.09953   0.02714   2.10606   0.05275  
 64  0.0632   2052.058037  x: 10.14343   7.10077  11.44054   4.22263   0.96408   1.10932   5.62005   1.30526   2.49894   1.55168   8.42726   0.03954   0.20031   0.16713   0.24273   0.00000   0.00000   2.09927   0.02716   2.00285   0.05273  
 65  0.0130   2052.056866  x: 10.11661   7.07475  11.40298   4.21201   0.96027   1.10209   5.58821   1.29986   2.49344   1.55700   8.40783   0.04081   0.19931   0.16762   0.24197   0.00000   0.00000   2.09852   0.02724   1.59074   0.05276  
 66  0.7312   2052.056175  x: 10.09557   7.05614  11.37543   4.20323   0.95761   1.09696   5.56368   1.29577   2.48969   1.56061   8.39363   0.04187   0.19842   0.16792   0.24149   0.00000   0.00000   2.09800   0.02731   1.27261   0.05279  
 67  9.6960   2052.055527  x: 10.12290   7.07424  11.39953   4.21483   0.95597   1.09796   5.56760   1.30385   2.49114   1.57355   8.41602   0.04299   0.19741   0.16805   0.24119   0.00000   0.00000   2.09824   0.02724   1.06676   0.05289  
 68  0.3436   2052.054445  x: 10.18949   7.12870  11.47001   4.24296   0.95470   1.10610   5.60149   1.32546   2.49392   1.59215   8.46860   0.04383   0.19650   0.16776   0.24140   0.00000   0.00000   2.09931   0.02705   1.07319   0.05307  
 69  0.1823   2052.052519  x: 10.18181   7.13189  11.46645   4.23792   0.95331   1.10598   5.59011   1.32784   2.49174   1.59616   8.46855   0.04607   0.19423   0.16740   0.24163   0.00000   0.00000   2.09941   0.02706   0.81173   0.05327  
 70  0.2307   2052.050135  x: 10.16621   7.13433  11.46375   4.22729   0.95594   1.10772   5.58186   1.32433   2.49556   1.59054   8.46498   0.04844   0.19166   0.16664   0.24239   0.00000   0.00000   2.09971   0.02709   0.64940   0.05348  
 71  0.2677   2052.044209  x: 10.10167   7.12537  11.44007   4.18904   0.96705   1.11316   5.56574   1.30444   2.50847   1.55701   8.43550   0.05205   0.18732   0.16442   0.24496   0.00000   0.00000   2.10040   0.02721   0.60631   0.05382  
 72  0.1575   2052.041587  x: 10.10209   7.13333  11.44682   4.18883   0.96652   1.11521   5.57136   1.30842   2.50594   1.55419   8.43733   0.05512   0.18431   0.16408   0.24516   0.00000   0.00000   2.10052   0.02720   0.48255   0.05407  
 73  0.1895   2052.035562  x: 10.16419   7.16419  11.49417   4.22371   0.95989   1.11901   5.62228   1.33292   2.49192   1.56324   8.46488   0.06106   0.17920   0.16486   0.24381   0.00000   0.00000   2.10045   0.02707   0.37409   0.05444  
 74  0.1216   2052.031662  x: 10.20920   7.17572  11.51972   4.24993   0.95569   1.11920   5.65619   1.34604   2.48375   1.57118   8.48058   0.06291   0.17799   0.16587   0.24245   0.00000   0.00000   2.10021   0.02698   0.39798   0.05447  
 75  0.2126   2052.026419  x: 10.27020   7.18210  11.55831   4.27659   0.96966   1.12177   5.71860   1.33696   2.50343   1.56270   8.49238   0.07011   0.17146   0.16582   0.24176   0.00000   0.00000   2.10071   0.02684   0.31270   0.05472  
 76  0.0964   2052.025066  x: 10.27139   7.17354  11.55601   4.27511   0.97658   1.12216   5.73222   1.32648   2.51200   1.55229   8.48338   0.07289   0.16885   0.16547   0.24200   0.00000   0.00000   2.10088   0.02684   0.30832   0.05480  
 77  0.0232   2052.024509  x: 10.28006   7.17856  11.56459   4.27916   0.97761   1.12383   5.74632   1.32823   2.51128   1.54902   8.48499   0.07583   0.16615   0.16530   0.24200   0.00000   0.00000   2.10097   0.02682   0.28171   0.05498  
 78  0.0462   2052.023350  x: 10.30908   7.22094  11.61078   4.29186   0.97320   1.13072   5.76395   1.34844   2.50496   1.55817   8.51931   0.08029   0.16206   0.16480   0.24224   0.00000   0.00000   2.10151   0.02673   0.26110   0.05545  
 79  0.0325   2052.021457  x: 10.30252   7.22390  11.61727   4.28507   0.98202   1.12826   5.74005   1.33447   2.52869   1.56446   8.53292   0.08406   0.15828   0.16392   0.24263   0.00000   0.00000   2.10185   0.02672   0.25264   0.05577  
 80  0.0088   2052.020570  x: 10.28266   7.21138  11.59806   4.27685   0.98200   1.12524   5.72664   1.32973   2.52690   1.56306   8.52045   0.08751   0.15513   0.16379   0.24244   0.00000   0.00000   2.10148   0.02676   0.23036   0.05599  
 81  0.0822   2052.019676  x: 10.16771   7.13424  11.47390   4.23176   0.96852   1.11021   5.65113   1.31836   2.49253   1.55488   8.43886   0.08906   0.15413   0.16460   0.24149   0.00000   0.00000   2.09921   0.02708   0.22574   0.05596  
 82  0.1854   2052.019658  x: 10.17569   7.13691  11.47957   4.23476   0.96870   1.11049   5.65345   1.31897   2.49472   1.55676   8.44375   0.08852   0.15462   0.16466   0.24146   0.00000   0.00000   2.09935   0.02706   0.22874   0.05590  
 83  0.0148   2052.019651  x: 10.18371   7.13973  11.48507   4.23723   0.96913   1.11082   5.65519   1.31951   2.49716   1.55838   8.44829   0.08854   0.15459   0.16466   0.24145   0.00000   0.00000   2.09949   0.02704   0.22811   0.05589  
 84  0.0072   2052.019644  x: 10.17734   7.13330  11.47419   4.23247   0.96845   1.11032   5.64915   1.31901   2.49461   1.55595   8.43945   0.08823   0.15488   0.16466   0.24150   0.00000   0.00000   2.09935   0.02707   0.22904   0.05588  
 85  0.0057   2052.019640  x: 10.17967   7.13011  11.46991   4.23125   0.96803   1.11016   5.64700   1.31933   2.49427   1.55536   8.43575   0.08833   0.15480   0.16465   0.24149   0.00000   0.00000   2.09938   0.02708   0.22882   0.05589  
 86  0.0026   2052.019639  x: 10.18140   7.13093  11.47146   4.23192   0.96828   1.11027   5.64815   1.31941   2.49466   1.55539   8.43677   0.08852   0.15464   0.16465   0.24148   0.00000   0.00000   2.09938   0.02707   0.22827   0.05590  