

TREE # 1

  0  0.0000   6522.316652  x:  0.00000   0.24221   0.21573   0.20125   0.15079   0.07740   0.16443   0.04704   0.15510   0.10602   0.13013   0.08454   0.06021   0.05682   0.03552   0.06921   0.00276   2.00000   0.20000   0.20000   0.20000  
  1 99.0000   5856.246545  x:  2.01389   0.45252   0.41689   0.35383   0.26955   0.17454   0.32217   0.26202   0.25883   0.20785   0.36803   0.12487   0.10602   0.12815   0.12535   0.06429   0.39954   1.98663   0.38781   0.16137   0.17985  
  2 7816.3250   5707.352709  x:  2.02021   0.56138   0.49285   0.41431   0.32266   0.20947   0.40145   0.28540   0.30869   0.24771   0.41946   0.12812   0.10074   0.12093   0.09324   0.00000   0.32039   1.98848   0.23013   0.08744   0.12022  
  3 618.0300   5656.084627  x:  2.02013   0.64016   0.54669   0.46014   0.35948   0.23202   0.45588   0.30235   0.34175   0.27310   0.45784   0.13081   0.09856   0.12385   0.08363   0.06030   0.25783   1.98718   0.14128   0.02337   0.07099  
  4 1937.6713   5635.750302  x:  2.01484   0.67008   0.56682   0.47822   0.37325   0.24002   0.47582   0.30886   0.35360   0.28186   0.47267   0.13321   0.09921   0.12566   0.07999   0.06679   0.23113   1.98538   0.15198   0.00397   0.05008  
  5 1085.6585   5593.336889  x:  2.00364   0.73744   0.61212   0.51894   0.40406   0.25775   0.52050   0.32343   0.38003   0.30131   0.50607   0.13896   0.10108   0.13018   0.07255   0.08489   0.17094   1.98128   0.16977   0.01009   0.00264  
  6 3503.6496   5552.393921  x:  1.97753   0.89546   0.71705   0.61534   0.47293   0.29439   0.62125   0.35603   0.43711   0.34153   0.58465   0.15579   0.10942   0.14227   0.06750   0.12432   0.02564   1.96964   0.21041   0.02340   0.06234  
  7 1336.4867   5543.273052  x:  1.94950   0.99164   0.76231   0.67989   0.46872   0.25151   0.63074   0.34879   0.40808   0.29598   0.63004   0.18911   0.14852   0.17127   0.17298   0.11405   0.05308   1.94993   0.20657   0.02303   0.06121  
  8 133.2546   5538.433735  x:  1.95749   1.04130   0.77315   0.71706   0.44308   0.19587   0.60962   0.33671   0.36928   0.24752   0.65266   0.19065   0.15502   0.15382   0.18042   0.11089   0.01901   1.93029   0.20281   0.02227   0.05816  
  9 107.5101   5536.031382  x:  1.95124   1.08970   0.78174   0.75255   0.42715   0.15428   0.59774   0.33117   0.35367   0.22650   0.67249   0.18188   0.14928   0.12738   0.15331   0.11509   0.04189   1.91001   0.20497   0.02297   0.06040  
 10 112.3020   5534.883965  x:  1.95053   1.12122   0.75351   0.78258   0.41148   0.12253   0.56754   0.33283   0.36756   0.25272   0.67774   0.17221   0.14668   0.15272   0.14472   0.11314   0.04195   1.87260   0.20267   0.02278   0.06043  
 11 30.0213   5532.788983  x:  1.94921   1.19560   0.62747   0.85991   0.43555   0.16149   0.52099   0.35667   0.35959   0.24651   0.67155   0.15961   0.15598   0.15677   0.13687   0.11016   0.04358   1.74513   0.19577   0.02235   0.05967  
 12 28.4406   5531.871817  x:  1.95253   1.23657   0.56228   0.87298   0.42057   0.14955   0.56126   0.35769   0.37302   0.25475   0.63608   0.16240   0.16483   0.12989   0.15008   0.11017   0.04087   1.69241   0.19462   0.02223   0.05870  
 13 19.9036   5531.197769  x:  1.95604   1.27804   0.53002   0.87412   0.41234   0.14967   0.59866   0.34260   0.36885   0.23821   0.59607   0.15571   0.15714   0.15757   0.13764   0.10987   0.04285   1.67144   0.19427   0.02219   0.05915  
 14 18.6512   5529.370072  x:  1.96450   1.38755   0.51882   0.87894   0.41125   0.18115   0.57053   0.28227   0.37622   0.25337   0.49786   0.17853   0.15865   0.14828   0.13233   0.11254   0.04228   1.69865   0.19514   0.02205   0.05887  
 15 10.4644   5526.116003  x:  1.95917   1.48613   0.50816   0.92100   0.40544   0.19311   0.55808   0.35041   0.36414   0.26566   0.42007   0.14566   0.10771   0.13787   0.15699   0.11064   0.04012   1.78286   0.19416   0.02251   0.05801  
 16 16.4962   5519.773871  x:  1.94142   1.60805   0.47310   1.03346   0.39214   0.18868   0.57244   0.48531   0.35518   0.26993   0.35243   0.20492   0.16891   0.15573   0.09863   0.11449   0.04197   1.95346   0.18280   0.02088   0.05645  
 17 47.0189   5493.956468  x:  1.89108   1.77724   0.41133   1.46499   0.47977   0.20116   0.74469   0.33109   0.52221   0.24378   0.58309   0.07015   0.19763   0.14977   0.06943   0.11111   0.03521   2.33318   0.14611   0.01872   0.04804  
 18 32.0754   5478.158861  x:  1.84858   1.83217   0.68563   1.45673   0.50235   0.22492   0.83459   0.34576   0.38716   0.38043   0.70269   0.13321   0.13079   0.15221   0.03451   0.10943   0.03434   2.12738   0.11478   0.01615   0.04090  
 19 29.5887   5474.882414  x:  1.83708   1.85888   0.78668   1.38451   0.51701   0.21316   0.80592   0.40425   0.51617   0.28916   0.71012   0.13796   0.12999   0.15244   0.03089   0.10846   0.03262   2.03677   0.10667   0.01542   0.03884  
 20 26.7005   5471.087499  x:  1.82114   2.01044   0.76440   1.12525   0.67877   0.12796   0.79748   0.43891   0.48878   0.31379   0.84599   0.06487   0.21051   0.14522   0.04263   0.10877   0.03003   2.04430   0.10652   0.01515   0.03699  
 21  5.0893   5467.301642  x:  1.80239   2.13418   0.72531   0.96258   0.63933   0.15850   0.80445   0.45407   0.50974   0.30831   1.03436   0.18620   0.09317   0.14173   0.06422   0.10870   0.02850   2.06417   0.10712   0.01492   0.03462  
 22 14.3328   5461.586832  x:  1.78041   2.14086   0.90621   1.04865   0.42095   0.31058   0.84792   0.45616   0.51892   0.32951   1.03431   0.07923   0.19073   0.12968   0.09548   0.10586   0.02484   1.99944   0.10656   0.01456   0.03084  
 23  8.4060   5455.049539  x:  1.77006   1.97727   1.15963   1.38392   0.59404   0.21433   0.91646   0.41736   0.54135   0.32913   0.79915   0.16362   0.10646   0.11686   0.13804   0.10247   0.02132   1.88518   0.10462   0.01387   0.02540  
 24 15.3716   5448.003211  x:  1.71411   2.25561   1.27203   1.26419   0.65747   0.19553   0.97360   0.44292   0.56321   0.32888   0.98009   0.16382   0.10711   0.12366   0.11240   0.10464   0.02997   1.90839   0.11960   0.01457   0.02105  
 25  0.6157   5438.278322  x:  1.62906   2.70782   1.37751   1.41363   0.71062   0.19644   1.09407   0.45425   0.53879   0.36957   1.16392   0.14444   0.13307   0.12766   0.12325   0.08003   0.03771   2.00478   0.10025   0.01343   0.00361  
 26  0.5865   5433.611964  x:  1.56364   3.08941   1.43515   1.55724   0.74368   0.18871   1.17276   0.46811   0.52484   0.38016   1.29258   0.12529   0.15268   0.13791   0.11417   0.05572   0.04813   2.08971   0.08600   0.01720   0.01614  
 27  0.6336   5430.181303  x:  1.50257   3.43250   1.58263   1.70908   0.76925   0.16581   1.23374   0.48785   0.56010   0.34269   1.34639   0.13010   0.14618   0.12803   0.09703   0.03512   0.04758   2.08732   0.08933   0.01971   0.01750  
 28  0.3299   5429.347896  x:  1.45927   3.63768   1.71596   1.85112   0.77998   0.17088   1.27528   0.50944   0.58530   0.33379   1.35201   0.13483   0.13427   0.13184   0.09597   0.03006   0.05245   2.01844   0.08076   0.01998   0.01478  
 29  0.2033   5428.899411  x:  1.44120   3.71138   1.80551   1.93782   0.77519   0.18184   1.28375   0.52434   0.60093   0.33180   1.32038   0.14264   0.12668   0.13544   0.09279   0.04128   0.05328   1.99600   0.08029   0.01968   0.01318  
 30  0.1226   5428.686583  x:  1.41311   3.86360   1.89335   2.02651   0.77901   0.18795   1.30165   0.53959   0.59833   0.34033   1.34387   0.14087   0.13621   0.12808   0.09412   0.04163   0.04745   2.04916   0.07875   0.01955   0.01208  
 31  0.1119   5428.648173  x:  1.40689   3.90132   1.92117   2.02837   0.78229   0.18868   1.29904   0.54254   0.59354   0.34539   1.35871   0.13676   0.13350   0.13338   0.09552   0.04153   0.04672   2.05135   0.07830   0.01932   0.01251  
 32  0.0296   5428.617992  x:  1.40288   3.93534   1.94732   2.01305   0.78653   0.18782   1.28839   0.54538   0.58955   0.34860   1.37694   0.13691   0.13615   0.13044   0.09607   0.04208   0.04811   2.04641   0.07787   0.01889   0.01335  
 33  0.0245   5428.610857  x:  1.40494   3.93874   1.95154   2.00610   0.78649   0.18592   1.28121   0.54387   0.59304   0.34443   1.37749   0.13917   0.13588   0.13158   0.09535   0.04167   0.04764   2.04842   0.07813   0.01866   0.01354  
 34  0.0065   5428.606918  x:  1.40797   3.93733   1.95307   2.00586   0.78482   0.18609   1.27656   0.54102   0.59533   0.34265   1.37313   0.13982   0.13374   0.13105   0.09550   0.04166   0.04767   2.04771   0.07797   0.01851   0.01337  
 35  0.0046   5428.600991  x:  1.41706   3.92273   1.94585   2.00445   0.78036   0.18828   1.26946   0.53532   0.59183   0.34612   1.35882   0.13929   0.13443   0.13122   0.09531   0.04174   0.04808   2.04823   0.07844   0.01841   0.01312  
 36  0.0064   5428.593324  x:  1.42190   3.95116   1.95519   2.01402   0.78194   0.18861   1.26941   0.53774   0.58857   0.34948   1.35610   0.13885   0.13655   0.13204   0.09476   0.04086   0.04803   2.04888   0.07793   0.01859   0.01295  
 37  0.0070   5428.566716  x:  1.45151   3.99052   1.95312   2.01124   0.78606   0.18610   1.26767   0.54408   0.58916   0.34771   1.34789   0.13834   0.13208   0.12969   0.09512   0.04032   0.04806   2.04990   0.07791   0.01954   0.01322  
 38  0.0091   5428.534509  x:  1.49080   4.00429   1.94230   2.00889   0.78660   0.18877   1.27386   0.55012   0.59543   0.34510   1.33907   0.14052   0.13347   0.13167   0.09636   0.04233   0.04826   2.05488   0.07734   0.02010   0.01313  
 39  0.0161   5428.470253  x:  1.55892   4.09269   1.96136   2.03631   0.78204   0.20362   1.30818   0.55065   0.59970   0.35074   1.37969   0.13308   0.14096   0.12919   0.09758   0.04300   0.04570   2.07591   0.07596   0.01946   0.01301  
 40  0.0201   5428.436529  x:  1.59699   4.11101   1.96680   2.05760   0.78803   0.20246   1.32534   0.55006   0.60431   0.34932   1.38887   0.13494   0.13880   0.13183   0.09521   0.04142   0.04849   2.05748   0.07494   0.01885   0.01305  
 41  0.0265   5428.424246  x:  1.61612   4.10728   1.97170   2.08772   0.79810   0.19591   1.33058   0.55722   0.60290   0.34974   1.38535   0.13786   0.13622   0.13087   0.09604   0.04145   0.04795   2.06324   0.07474   0.01862   0.01322  
 42  0.0144   5428.422001  x:  1.61764   4.10225   1.97311   2.09058   0.79793   0.19639   1.32455   0.55988   0.60198   0.35027   1.38601   0.13661   0.13731   0.13140   0.09551   0.04172   0.04793   2.06299   0.07458   0.01855   0.01331  
 43  0.0043   5428.421141  x:  1.61834   4.09247   1.96943   2.08994   0.79622   0.19751   1.32141   0.56021   0.60233   0.34984   1.38737   0.13570   0.13812   0.13132   0.09527   0.04165   0.04788   2.06211   0.07475   0.01861   0.01336  
 44  0.0060   5428.420791  x:  1.62018   4.09637   1.97181   2.09381   0.79645   0.19818   1.32232   0.56070   0.60321   0.34986   1.39122   0.13579   0.13802   0.13112   0.09557   0.04154   0.04789   2.06213   0.07460   0.01870   0.01330  
 45  0.0035   5428.420694  x:  1.61932   4.09565   1.97268   2.09390   0.79702   0.19775   1.32131   0.56014   0.60303   0.35012   1.39212   0.13619   0.13765   0.13125   0.09558   0.04158   0.04796   2.06223   0.07462   0.01870   0.01327  
 46  0.0012   5428.420682  x:  1.61935   4.09540   1.97220   2.09347   0.79728   0.19750   1.32129   0.55995   0.60297   0.35008   1.39246   0.13618   0.13765   0.13121   0.09553   0.04160   0.04792   2.06221   0.07462   0.01871   0.01327  
 47  0.0005   5428.420681  x:  1.61948   4.09538   1.97212   2.09346   0.79730   0.19749   1.32133   0.55991   0.60293   0.35007   1.39250   0.13610   0.13774   0.13122   0.09554   0.04161   0.04792   2.06211   0.07462   0.01871   0.01327  
 48  0.0001   5428.420680  x:  1.61943   4.09547   1.97212   2.09355   0.79729   0.19747   1.32130   0.55990   0.60293   0.35004   1.39246   0.13607   0.13776   0.13121   0.09555   0.04161   0.04792   2.06212   0.07462   0.01871   0.01327  
 49  0.0001   5428.420680  x:  1.61943   4.09552   1.97207   2.09358   0.79727   0.19748   1.32131   0.55990   0.60292   0.35004   1.39249   0.13607   0.13776   0.13122   0.09555   0.04161   0.04792   2.06214   0.07462   0.01871   0.01327  
 50  0.0000   5428.420680  x:  1.61943   4.09553   1.97204   2.09357   0.79727   0.19748   1.32130   0.55990   0.60292   0.35004   1.39248   0.13608   0.13775   0.13122   0.09555   0.04161   0.04792   2.06212   0.07462   0.01871   0.01327  
 51  0.0000   5428.420680  x:  1.61943   4.09554   1.97203   2.09357   0.79727   0.19748   1.32129   0.55990   0.60292   0.35004   1.39248   0.13608   0.13775   0.13122   0.09555   0.04161   0.04792   2.06212   0.07462   0.01871   0.01327  
 52  0.0000   5428.420680  x:  1.61943   4.09554   1.97203   2.09357   0.79727   0.19748   1.32130   0.55990   0.60292   0.35004   1.39248   0.13608   0.13775   0.13122   0.09555   0.04161   0.04792   2.06212   0.07462   0.01871   0.01327  
 53  0.0000   5428.420680  x:  1.61943   4.09554   1.97203   2.09357   0.79727   0.19748   1.32130   0.55990   0.60292   0.35004   1.39248   0.13608   0.13775   0.13122   0.09555   0.04161   0.04792   2.06212   0.07462   0.01871   0.01327  
 54  0.0000   5428.420680  x:  1.61943   4.09554   1.97203   2.09357   0.79727   0.19748   1.32130   0.55990   0.60292   0.35004   1.39248   0.13608   0.13775   0.13122   0.09555   0.04161   0.04792   2.06212   0.07462   0.01871   0.01327  
 55  0.0000   5428.420680  x:  1.61943   4.09554   1.97203   2.09357   0.79727   0.19748   1.32130   0.55990   0.60292   0.35004   1.39248   0.13608   0.13775   0.13122   0.09555   0.04161   0.04792   2.06212   0.07462   0.01871   0.01327  
 56  0.0000   5428.420680  x:  1.61943   4.09554   1.97203   2.09357   0.79727   0.19748   1.32130   0.55990   0.60292   0.35004   1.39248   0.13608   0.13775   0.13122   0.09555   0.04161   0.04792   2.06212   0.07462   0.01871   0.01327  
check convergence!
