Supplemental results for CODEML (seqf: cds2.phylip  treef: tree.H1c.nwk)

Number of codon sites with 0,1,2,3 position differences
   2 vs.    1     14    31    30     9  -1.0000 (0.4611 -1.0000)
   3 vs.    1     16    29    31     8  -1.0000 (0.4756 -1.0000)
   3 vs.    2     60    23     1     0   0.0529 (0.0259 0.4893)
   4 vs.    1     10    18    35    18  -1.0000 (0.8935 -1.0000)
   4 vs.    2     11    27    29    14   0.4151 (0.7571 1.8237)
   4 vs.    3     10    25    32    14  -1.0000 (0.7501 -1.0000)
   5 vs.    1     10    28    27    19   0.2731 (0.8104 2.9674)
   5 vs.    2     10    22    34    18  -1.0000 (0.8425 -1.0000)
   5 vs.    3     12    21    34    17   0.2460 (0.8272 3.3621)
   5 vs.    4     20    21    34     9   0.4438 (0.5972 1.3457)
   6 vs.    1     28    33    18     5   0.2615 (0.3089 1.1813)
   6 vs.    2     11    37    27     9  -1.0000 (0.5204 -1.0000)
   6 vs.    3     13    32    28    11  -1.0000 (0.5206 -1.0000)
   6 vs.    4      6    26    36    13  -1.0000 (0.8528 -1.0000)
   6 vs.    5     10    31    20    24  -1.0000 (0.7879 -1.0000)
   7 vs.    1     27    40    14     3  -1.0000 (0.1915 -1.0000)
   7 vs.    2     11    36    27    10  -1.0000 (0.4749 -1.0000)
   7 vs.    3     15    31    26    12  -1.0000 (0.4880 -1.0000)
   7 vs.    4     10    27    29    15   0.4249 (0.7961 1.8737)
   7 vs.    5      6    38    21    19  -1.0000 (0.6935 -1.0000)
   7 vs.    6     23    40    15     6  -1.0000 (0.2520 -1.0000)
   8 vs.    1     36    37     8     3   0.1057 (0.1431 1.3531)
   8 vs.    2     13    32    31     8  -1.0000 (0.5022 -1.0000)
   8 vs.    3     13    29    36     6  -1.0000 (0.4966 -1.0000)
   8 vs.    4      9    19    32    21  -1.0000 (0.8784 -1.0000)
   8 vs.    5     12    27    23    22  -1.0000 (0.7551 -1.0000)
   8 vs.    6     28    32    18     6   0.1100 (0.2692 2.4470)
   8 vs.    7     23    47    11     3  -1.0000 (0.1674 -1.0000)
   9 vs.    1     14    31    30     9  -1.0000 (0.4611 -1.0000)
   9 vs.    2     84     0     0     0  -1.0000 (0.0000 0.0000)
   9 vs.    3     60    23     1     0   0.0529 (0.0259 0.4893)
   9 vs.    4     11    27    29    14   0.4151 (0.7571 1.8237)
   9 vs.    5     10    23    34    18  -1.0000 (0.8383 -1.0000)
   9 vs.    6     11    37    28    10  -1.0000 (0.5414 -1.0000)
   9 vs.    7     11    36    27    10  -1.0000 (0.4749 -1.0000)
   9 vs.    8     13    32    31     8  -1.0000 (0.5022 -1.0000)
  10 vs.    1     15    29    29    11  -1.0000 (0.4876 -1.0000)
  10 vs.    2     57    24     3     0   0.1068 (0.0527 0.4932)
  10 vs.    3     61    19     4     0   0.0740 (0.0365 0.4927)
  10 vs.    4     10    23    32    16  -1.0000 (0.7735 -1.0000)
  10 vs.    5     12    20    34    18  -1.0000 (0.8184 -1.0000)
  10 vs.    6     14    31    29    10  -1.0000 (0.5454 -1.0000)
  10 vs.    7     14    31    28    11  -1.0000 (0.4985 -1.0000)
  10 vs.    8     14    27    35     8  -1.0000 (0.5189 -1.0000)
  10 vs.    9     57    24     3     0   0.1068 (0.0527 0.4932)

