

TREE # 1

  0  0.0000   2117.276299  x:  0.96631   1.24156   0.93313   0.31338   1.10161   0.41682   0.94647   0.28137   0.55712   0.65080   1.25928   0.25554   0.00253   0.24981   0.11875   0.00000   0.00645   2.00000   0.20000   0.20000  
  1 99.0000   2117.276091  x:  0.96631   1.24156   0.93313   0.31339   1.10161   0.41682   0.94647   0.28137   0.55712   0.65080   1.25928   0.25554   0.00253   0.24981   0.11875   0.00000   0.00644   2.00000   0.20000   0.20000  
  2 148.3797   2116.441278  x:  0.96763   1.24259   0.93482   0.31529   1.10069   0.41647   0.94687   0.28141   0.55735   0.65024   1.26018   0.25495   0.00311   0.24854   0.12041   0.00000   0.00000   1.99949   0.19963   0.19819  
  3 445.3743   2115.253671  x:  0.97407   1.24770   0.94322   0.32417   1.09589   0.41475   0.94910   0.28163   0.55866   0.64747   1.26459   0.25040   0.00000   0.24298   0.12154   0.00000   0.00000   1.99684   0.20146   0.18860  
  4 281.1427   2104.158159  x:  1.06785   1.32303   1.06559   0.43724   1.01564   0.38049   0.98475   0.28008   0.57876   0.60513   1.33053   0.20704   0.05285   0.19746   0.04790   0.00000   0.00000   1.95567   0.20006   0.01934  
  5 243.1963   2103.545974  x:  1.07447   1.32884   1.07466   0.44120   1.00688   0.37639   0.98849   0.27910   0.58086   0.60176   1.33541   0.20526   0.05294   0.20990   0.04865   0.00000   0.00000   1.95187   0.20058   0.00733  
  6 75.1985   2094.856322  x:  1.26575   1.49386   1.33414   0.57709   0.76951   0.26671   1.08997   0.25517   0.63746   0.50625   1.47547   0.15086   0.08271   0.47454   0.01998   0.00000   0.00000   1.84690   0.20124   0.01854  
  7 121.7714   2091.740295  x:  1.34460   1.56948   1.45248   0.51057   0.58758   0.21489   1.17222   0.24943   0.67933   0.48510   1.54311   0.31106   0.05042   0.47515   0.01675   0.00000   0.00000   1.79847   0.20408   0.01874  
  8 28.1220   2088.725183  x:  1.42451   1.64283   1.56583   0.29825   0.39375   0.28021   1.29722   0.30781   0.71542   0.52926   1.64678   0.22695   0.07199   0.44435   0.03771   0.00000   0.00000   1.75882   0.19810   0.01998  
  9 17.6026   2085.745318  x:  1.57922   1.71610   1.68365   0.28822   0.42254   0.61138   1.43632   0.34565   0.65725   0.56371   1.95941   0.31157   0.05189   0.49512   0.03798   0.00000   0.00000   1.77114   0.16820   0.02129  
 10  9.7881   2082.604548  x:  1.67958   1.71542   1.67361   0.32388   0.41405   0.60502   1.44612   0.13535   0.65629   0.52334   2.21907   0.29256   0.04295   0.48744   0.05559   0.00000   0.00000   1.87348   0.15655   0.02185  
 11  8.6078   2079.688644  x:  1.80043   1.69062   1.61384   0.46369   0.45480   0.39560   1.36049   0.35219   0.74753   0.51773   2.43523   0.29141   0.03241   0.50268   0.07166   0.00000   0.00000   1.99450   0.14019   0.02237  
 12  8.6345   2076.862778  x:  1.92251   1.73426   1.65453   0.52608   0.61624   0.24437   1.20944   0.39251   0.59641   0.45303   2.44521   0.25681   0.05194   0.50352   0.09869   0.00000   0.00000   1.98602   0.16178   0.02315  
 13  4.1833   2075.370833  x:  1.98380   1.77381   1.73002   0.61257   0.73294   0.21712   1.16038   0.33150   0.73392   0.58670   2.34880   0.24324   0.06498   0.50706   0.11090   0.00000   0.00000   1.90961   0.16134   0.02317  
 14  7.6413   2071.796440  x:  2.00078   1.84403   1.99314   0.84100   0.82999   0.25572   1.39011   0.31444   0.82082   0.40112   1.76847   0.19594   0.08963   0.46933   0.13442   0.00000   0.00000   1.67258   0.13821   0.02020  
 15  5.4444   2069.325039  x:  1.97830   1.92199   2.21550   1.09617   0.60812   0.30914   1.50891   0.30765   0.63573   0.60625   1.50186   0.16374   0.11261   0.44921   0.14363   0.00000   0.00000   1.83709   0.13668   0.01696  
 16  5.6416   2066.111505  x:  1.90752   2.01514   2.37053   1.25577   0.27724   0.57584   1.43589   0.32411   0.79272   0.46269   1.64703   0.10043   0.15519   0.38334   0.16164   0.00000   0.00000   2.03035   0.14541   0.01157  
 17  4.2257   2062.084752  x:  1.99293   2.23733   2.64906   1.18147   0.31642   0.48771   1.43699   0.34524   0.73638   0.51882   2.16440   0.03030   0.17359   0.24590   0.18796   0.00000   0.00000   1.83863   0.12123   0.00487  
 18  4.8581   2060.248684  x:  2.38099   2.33372   2.88586   1.01873   0.53747   0.40897   1.61377   0.34992   0.82592   0.47328   2.37680   0.04729   0.17054   0.18430   0.20030   0.00000   0.00000   2.13197   0.11522   0.00694  
 19  3.1921   2058.364122  x:  2.84539   2.16932   2.79070   1.05976   0.40913   0.45862   1.70120   0.35366   0.76654   0.54375   2.65355   0.10133   0.15576   0.14122   0.21041   0.00000   0.00000   1.89706   0.10951   0.01102  
 20  2.3600   2057.483064  x:  2.92505   2.27086   3.06682   1.06196   0.42675   0.49046   1.55353   0.38917   0.77393   0.54789   2.77496   0.13661   0.14583   0.19185   0.21709   0.00000   0.00000   1.87730   0.10203   0.01455  
 21  0.7589   2056.784628  x:  2.93992   2.29477   3.18117   1.15065   0.48480   0.44757   1.82680   0.40834   0.82483   0.55461   2.96800   0.12981   0.15333   0.22361   0.23094   0.00000   0.00000   1.91430   0.10306   0.01748  
 22  1.6717   2055.089904  x:  3.65420   2.95982   3.74349   1.34065   0.50628   0.53215   1.98976   0.49923   0.97940   0.52266   3.22696   0.10737   0.17022   0.16939   0.28524   0.00000   0.00000   2.02419   0.08322   0.02519  
 23  0.8548   2054.754215  x:  3.86442   2.82550   4.05240   1.38387   0.49114   0.54912   1.97424   0.52352   0.98923   0.54172   3.30041   0.10480   0.16909   0.16273   0.29635   0.00000   0.00000   2.01879   0.08611   0.02649  
 24  0.4566   2054.321275  x:  4.14321   2.77456   4.59249   1.52289   0.48843   0.53065   2.24865   0.57403   1.02568   0.59832   3.59415   0.11480   0.15807   0.16782   0.31651   0.00000   0.00000   1.95258   0.07469   0.02903  
 25  0.6191   2053.929806  x:  4.58969   3.39660   4.77518   1.64366   0.46709   0.57383   2.55791   0.61306   1.05711   0.66491   3.74693   0.14524   0.12534   0.18132   0.32017   0.00000   0.00000   1.99488   0.07039   0.02771  
 26  0.3355   2053.689570  x:  4.72266   3.53725   5.22479   1.70544   0.50940   0.58568   2.73057   0.65167   1.11945   0.67617   3.93037   0.15708   0.10489   0.15905   0.32114   0.00000   0.00000   2.00260   0.06408   0.02616  
 27  0.3563   2053.484941  x:  4.65007   3.39572   5.40993   1.66805   0.54627   0.59213   2.73905   0.65216   1.14781   0.65886   3.93602   0.16381   0.08709   0.15709   0.29810   0.00000   0.00000   2.00383   0.06667   0.02186  
 28  0.1997   2053.307857  x:  4.84208   3.35993   5.57167   1.67006   0.55752   0.62907   2.82147   0.66098   1.18794   0.65855   3.99850   0.17187   0.07208   0.18588   0.27358   0.00000   0.00000   1.99844   0.06390   0.01868  
 29  0.1765   2053.062691  x:  4.75680   3.41894   5.38064   1.69802   0.49521   0.66103   2.61431   0.65015   1.17152   0.64519   3.94591   0.14094   0.10771   0.18275   0.24129   0.00000   0.00000   1.96997   0.06443   0.02136  
 30  0.0793   2052.947788  x:  4.91395   3.61826   5.74223   1.84414   0.51544   0.63084   2.74919   0.68539   1.19474   0.67941   4.13858   0.14691   0.10396   0.16973   0.22881   0.00000   0.00000   2.02408   0.06235   0.02168  
 31  0.1871   2052.886482  x:  5.16421   3.69085   5.92567   1.97770   0.54215   0.60890   2.87404   0.70455   1.20888   0.70044   4.26914   0.14932   0.10863   0.17689   0.23960   0.00000   0.00000   2.02674   0.05947   0.02404  
 32  0.2001   2052.863689  x:  5.24955   3.66734   5.95900   2.03549   0.56459   0.61489   2.88469   0.70207   1.22187   0.69338   4.29015   0.14545   0.11457   0.17794   0.23267   0.00000   0.00000   2.01236   0.05937   0.02389  
 33  0.0712   2052.855984  x:  5.31988   3.70763   6.00961   2.07807   0.57858   0.62527   2.92167   0.70543   1.23688   0.69429   4.32411   0.14615   0.11476   0.17413   0.23334   0.00000   0.00000   2.01307   0.05821   0.02363  
 34  0.0979   2052.852769  x:  5.32203   3.72077   5.97409   2.09330   0.58267   0.63328   2.92741   0.70184   1.23938   0.69515   4.31820   0.14693   0.11475   0.17280   0.23663   0.00000   0.00000   2.01922   0.05838   0.02326  
 35  0.0276   2052.850203  x:  5.30692   3.73897   5.94597   2.11533   0.57831   0.64339   2.92861   0.70105   1.24226   0.70205   4.32628   0.14717   0.11384   0.17536   0.23490   0.00000   0.00000   2.02021   0.05821   0.02279  
 36  0.0178   2052.849386  x:  5.27939   3.73358   5.94435   2.12418   0.57527   0.63999   2.91993   0.70324   1.24103   0.70497   4.33240   0.14665   0.11364   0.17441   0.23551   0.00000   0.00000   2.01846   0.05829   0.02292  
 37  0.0166   2052.849222  x:  5.28951   3.72920   5.95332   2.13010   0.57767   0.63909   2.92106   0.70550   1.24389   0.70370   4.33736   0.14689   0.11305   0.17457   0.23570   0.00000   0.00000   2.01940   0.05820   0.02291  
 38  0.0075   2052.849172  x:  5.28690   3.72899   5.94336   2.12745   0.57665   0.63846   2.91558   0.70597   1.24303   0.70256   4.33260   0.14715   0.11277   0.17468   0.23558   0.00000   0.00000   2.01959   0.05829   0.02290  
 39  0.0058   2052.849161  x:  5.28746   3.73011   5.94094   2.12803   0.57677   0.63810   2.91561   0.70615   1.24255   0.70249   4.33175   0.14730   0.11269   0.17455   0.23560   0.00000   0.00000   2.01918   0.05828   0.02291  
 40  0.0015   2052.849155  x:  5.28567   3.72736   5.93837   2.12792   0.57701   0.63758   2.91546   0.70597   1.24170   0.70234   4.32983   0.14731   0.11265   0.17459   0.23552   0.00000   0.00000   2.01916   0.05831   0.02292  
 41  0.0016   2052.849153  x:  5.28430   3.72663   5.93759   2.12760   0.57681   0.63768   2.91483   0.70585   1.24142   0.70214   4.32871   0.14727   0.11266   0.17457   0.23552   0.00000   0.00000   2.01942   0.05832   0.02293  
 42  0.0010   2052.849152  x:  5.28393   3.72662   5.93779   2.12800   0.57675   0.63787   2.91466   0.70576   1.24139   0.70204   4.32833   0.14728   0.11267   0.17458   0.23552   0.00000   0.00000   2.01929   0.05832   0.02294  
 43  0.0003   2052.849152  x:  5.28403   3.72686   5.93806   2.12813   0.57676   0.63783   2.91478   0.70575   1.24138   0.70208   4.32829   0.14731   0.11263   0.17458   0.23552   0.00000   0.00000   2.01932   0.05832   0.02294  
 44  0.0002   2052.849152  x:  5.28404   3.72682   5.93798   2.12815   0.57676   0.63782   2.91469   0.70569   1.24139   0.70208   4.32816   0.14729   0.11264   0.17458   0.23552   0.00000   0.00000   2.01933   0.05832   0.02293  
 45  0.0001   2052.849152  x:  5.28399   3.72676   5.93791   2.12813   0.57677   0.63780   2.91465   0.70568   1.24138   0.70207   4.32811   0.14730   0.11264   0.17458   0.23552   0.00000   0.00000   2.01932   0.05832   0.02293  
 46  0.0001   2052.849152  x:  5.28396   3.72675   5.93790   2.12812   0.57677   0.63779   2.91465   0.70567   1.24138   0.70207   4.32810   0.14730   0.11264   0.17458   0.23552   0.00000   0.00000   2.01932   0.05832   0.02293  
 47  0.0000   2052.849152  x:  5.28395   3.72674   5.93790   2.12812   0.57677   0.63779   2.91464   0.70567   1.24138   0.70207   4.32811   0.14730   0.11264   0.17458   0.23552   0.00000   0.00000   2.01932   0.05832   0.02293  
 48  0.0000   2052.849152  x:  5.28395   3.72674   5.93790   2.12812   0.57677   0.63779   2.91464   0.70567   1.24138   0.70207   4.32811   0.14730   0.11264   0.17458   0.23552   0.00000   0.00000   2.01932   0.05832   0.02293  
 49  0.0000   2052.849152  x:  5.28395   3.72674   5.93789   2.12812   0.57676   0.63779   2.91464   0.70567   1.24138   0.70207   4.32812   0.14730   0.11264   0.17458   0.23552   0.00000   0.00000   2.01932   0.05832   0.02293  
 50  0.0000   2052.849152  x:  5.28396   3.72674   5.93789   2.12812   0.57677   0.63779   2.91464   0.70567   1.24138   0.70207   4.32812   0.14730   0.11264   0.17458   0.23552   0.00000   0.00000   2.01932   0.05832   0.02293  
 51  0.0000   2052.849152  x:  5.28396   3.72674   5.93789   2.12812   0.57677   0.63779   2.91464   0.70567   1.24138   0.70207   4.32812   0.14730   0.11264   0.17458   0.23552   0.00000   0.00000   2.01932   0.05832   0.02293  