

TREE # 1

  0  0.0000   2243.957379  x:  0.94813   1.17345   0.94304   0.31480   1.06079   0.33134   0.99712   0.39232   0.48164   0.25982   0.33825   0.33898   1.22153   0.25082   0.00000   0.22592   0.13379   0.00492   0.00215   2.00000   0.20000   0.20000  
  1 99.0000   2243.467340  x:  0.94864   1.17388   0.94366   0.31554   1.06054   0.33134   0.99723   0.39236   0.48178   0.25991   0.33841   0.33884   1.22190   0.25074   0.00082   0.22554   0.13443   0.00277   0.00000   1.99977   0.20050   0.20000  
  2 139.1801   2243.123465  x:  0.94925   1.17439   0.94440   0.31641   1.06021   0.33133   0.99734   0.39238   0.48194   0.26001   0.33860   0.33867   1.22232   0.25049   0.00116   0.22506   0.13503   0.00000   0.00000   1.99951   0.20026   0.20001  
  3 980.6884   2242.528986  x:  0.95320   1.17778   0.94935   0.32187   1.05796   0.33136   0.99822   0.39259   0.48301   0.26062   0.33979   0.33761   1.22510   0.24805   0.00000   0.22217   0.13666   0.00000   0.00000   1.99775   0.20186   0.20007  
  4 280.6504   2239.217055  x:  1.00578   1.22469   1.01661   0.37332   1.01694   0.32262   1.01303   0.38886   0.49403   0.26293   0.34904   0.32515   1.26242   0.23264   0.03022   0.20603   0.06780   0.00000   0.00000   1.97308   0.19911   0.20006  
  5 79.3398   2232.805904  x:  1.20770   1.42762   1.29583   0.36643   0.74201   0.22660   1.11153   0.32136   0.51137   0.22641   0.33070   0.30256   1.40537   0.26247   0.02954   0.48862   0.05213   0.00000   0.00000   1.86145   0.19094   0.19332  
  6 35.8129   2229.828563  x:  1.27235   1.48782   1.37632   0.29527   0.61139   0.24672   1.17571   0.32955   0.51849   0.27193   0.36323   0.34054   1.46874   0.35428   0.00000   0.44555   0.05348   0.00000   0.00000   1.82967   0.18137   0.18567  
  7 19.4154   2229.828563  x:  1.27235   1.48782   1.37632   0.29527   0.61139   0.24672   1.17571   0.32955   0.51849   0.27193   0.36323   0.34054   1.46874   0.35428   0.00000   0.44555   0.05348   0.00000   0.00000   1.82967   0.18137   0.18567  
  8 14.1462   2220.244771  x:  1.33493   1.52852   1.43723   0.43735   0.60854   0.28462   1.18473   0.35574   0.53310   0.29207   0.38635   0.30694   1.52541   0.31567   0.09853   0.30194   0.37930   0.00000   0.00000   1.81218   0.17386   0.18567  
  9 80.2579   2216.156463  x:  1.36773   1.55098   1.47132   0.50296   0.60333   0.30077   1.18970   0.36616   0.54036   0.29958   0.39663   0.29250   1.55339   0.25647   0.07954   0.21164   0.39932   0.00000   0.00000   1.80494   0.13815   0.18567  
 10 77.5576   2210.731117  x:  1.41255   1.58207   1.51830   0.59114   0.59673   0.32279   1.19738   0.38072   0.55091   0.30989   0.41084   0.27408   1.59157   0.17638   0.05223   0.09201   0.41621   0.00000   0.00000   1.79362   0.14903   0.18567  
 11 528.3867   2198.861071  x:  1.77138   1.83962   1.90852   1.22304   0.51692   0.46019   1.26494   0.46624   0.62822   0.36551   0.50433   0.17621   1.88621   0.00000   0.36584   0.09760   0.21195   0.00000   0.00000   1.70480   0.12759   0.18567  
 12 43.8618   2191.882912  x:  2.14744   2.11806   2.34073   1.79808   0.40420   0.54119   1.36043   0.50004   0.69676   0.37821   0.55410   0.29628   2.18522   0.20651   0.13419   0.22790   0.18440   0.00000   0.00000   1.66174   0.10843   0.18567  
 13 44.4258   2190.742933  x:  2.21833   2.17875   2.43409   1.81801   0.38051   0.53000   1.40579   0.48455   0.68171   0.33604   0.48117   0.25655   2.22143   0.16705   0.09316   0.28183   0.20634   0.00000   0.00000   1.70929   0.10955   0.18567  
 14 15.4208   2189.638332  x:  2.31766   2.26770   2.57296   1.78229   0.35881   0.50585   1.48437   0.45852   0.65564   0.28563   0.39428   0.25971   2.25888   0.20719   0.11508   0.24017   0.19478   0.00000   0.00000   1.80589   0.10907   0.18567  
 15 17.2853   2187.966173  x:  2.53087   2.45923   2.87752   1.60495   0.37829   0.48525   1.65925   0.44749   0.62444   0.31021   0.43819   0.38463   2.31940   0.15291   0.13732   0.23972   0.21189   0.00000   0.00000   2.01704   0.10405   0.18567  
 16 17.1081   2186.811123  x:  2.70044   2.59987   3.11272   1.42065   0.45877   0.50993   1.77173   0.50297   0.65335   0.40419   0.49031   0.27898   2.37216   0.19791   0.11447   0.22838   0.21537   0.00000   0.00000   2.10634   0.09768   0.18567  
 17 14.1627   2186.178386  x:  2.84324   2.67017   3.26777   1.25067   0.47963   0.46482   1.77477   0.51583   0.75206   0.32476   0.51754   0.27687   2.46702   0.19168   0.11628   0.21303   0.22631   0.00000   0.00000   1.97026   0.09105   0.18567  
 18  4.2805   2185.468868  x:  3.03680   2.68527   3.41884   1.08937   0.51608   0.46768   1.68286   0.50141   0.68964   0.40154   0.43879   0.31638   2.65647   0.17598   0.11787   0.19818   0.23266   0.00000   0.00000   1.85470   0.09030   0.18567  
 19  3.5371   2184.956686  x:  3.17226   2.66235   3.50512   1.00626   0.50620   0.46269   1.62701   0.49201   0.61834   0.36197   0.49997   0.28477   2.80675   0.18430   0.11079   0.18442   0.23332   0.00000   0.00000   1.86017   0.09452   0.18567  
 20  5.8419   2184.371325  x:  3.32089   2.58326   3.57388   0.95466   0.48712   0.48324   1.63810   0.53983   0.75290   0.34666   0.49272   0.28663   2.99342   0.18066   0.10444   0.17475   0.23075   0.00000   0.00000   1.96603   0.09897   0.18567  
 21  4.1610   2183.938514  x:  3.42182   2.50530   3.62150   0.98660   0.54447   0.54484   1.89360   0.58325   0.73643   0.30987   0.48158   0.30108   3.11993   0.17895   0.09268   0.16939   0.22299   0.00000   0.00000   1.92435   0.09477   0.18567  
 22  2.2667   2183.669114  x:  3.48434   2.47948   3.66645   1.02646   0.49268   0.48314   2.04573   0.54624   0.74184   0.36681   0.49614   0.27956   3.18181   0.17920   0.08644   0.16127   0.21987   0.00000   0.00000   1.89140   0.09337   0.18567  
 23  3.3048   2182.841348  x:  3.72475   2.66994   4.02321   1.30677   0.52240   0.41736   2.02050   0.68283   0.71974   0.37591   0.48722   0.27929   3.24048   0.17007   0.05855   0.15182   0.20367   0.00000   0.00000   1.95460   0.08569   0.18567  
 24  0.9512   2182.600000  x:  3.79334   2.74721   4.14365   1.38135   0.53331   0.52693   2.01102   0.56388   0.75695   0.37118   0.49956   0.26836   3.24193   0.16812   0.05411   0.14898   0.20111   0.00000   0.00000   1.97115   0.08380   0.18567  
 25  2.2312   2182.354160  x:  3.85420   2.86004   4.28636   1.42624   0.38531   0.65293   2.04686   0.61981   0.75685   0.37770   0.50175   0.27068   3.20075   0.16064   0.06824   0.14644   0.20703   0.00000   0.00000   1.95164   0.08153   0.18567  
 26  0.8232   2181.711807  x:  4.05967   3.19388   4.73609   1.73688   0.55136   0.56646   2.18504   0.63470   0.81942   0.38801   0.52531   0.26877   3.19124   0.12337   0.13916   0.14976   0.22193   0.00000   0.00000   1.98122   0.07552   0.18567  
 27  1.1663   2181.514756  x:  4.28102   3.24690   4.84505   1.76737   0.51103   0.60998   2.30001   0.68410   0.83659   0.40913   0.53946   0.26267   3.61317   0.11804   0.13926   0.15614   0.23286   0.00000   0.00000   2.01907   0.07093   0.18567  
 28  0.5227   2181.387825  x:  4.50177   3.26289   4.93242   1.81893   0.49011   0.63354   2.36790   0.71546   0.85315   0.41737   0.54344   0.26445   3.70639   0.12709   0.12695   0.15618   0.23991   0.00000   0.00000   2.01357   0.07154   0.18567  
 29  0.3738   2181.321625  x:  4.70753   3.33085   5.13322   1.91319   0.51011   0.64339   2.46867   0.74722   0.87514   0.42594   0.54821   0.27240   3.79519   0.14433   0.11736   0.14813   0.23858   0.00000   0.00000   1.99175   0.06761   0.18567  
 30  0.3130   2181.303125  x:  4.76712   3.38343   5.26680   1.96017   0.52697   0.64713   2.51443   0.75456   0.88795   0.43293   0.55158   0.27540   3.84405   0.14419   0.11389   0.15704   0.23660   0.00000   0.00000   1.99497   0.06636   0.18567  
 31  0.1400   2181.299582  x:  4.76847   3.40021   5.30374   1.95416   0.53276   0.64634   2.52029   0.75267   0.89051   0.43520   0.55250   0.27643   3.88113   0.14631   0.11370   0.15574   0.23523   0.00000   0.00000   2.00584   0.06646   0.18567  
 32  0.0533   2181.298838  x:  4.78881   3.41412   5.33156   1.94317   0.53411   0.64660   2.52890   0.75363   0.89268   0.43592   0.55308   0.27631   3.89719   0.14623   0.11352   0.15523   0.23561   0.00000   0.00000   2.00509   0.06614   0.18567  
 33  0.0241   2181.298662  x:  4.79135   3.40924   5.32804   1.93249   0.53294   0.64621   2.52583   0.75294   0.89181   0.43547   0.55263   0.27610   3.89392   0.14607   0.11369   0.15563   0.23556   0.00000   0.00000   2.00442   0.06627   0.18567  
 34  0.0093   2181.298649  x:  4.79240   3.40687   5.32804   1.93167   0.53281   0.64610   2.52537   0.75317   0.89157   0.43538   0.55251   0.27630   3.89420   0.14626   0.11369   0.15567   0.23545   0.00000   0.00000   2.00461   0.06627   0.18567  
 35  0.0022   2181.298649  x:  4.79202   3.40632   5.32839   1.93159   0.53282   0.64598   2.52516   0.75317   0.89150   0.43531   0.55248   0.27635   3.89414   0.14627   0.11364   0.15566   0.23546   0.00000   0.00000   2.00456   0.06627   0.18567  
 36  0.0006   2181.298648  x:  4.79198   3.40637   5.32838   1.93161   0.53282   0.64595   2.52512   0.75314   0.89147   0.43528   0.55248   0.27633   3.89409   0.14629   0.11363   0.15566   0.23547   0.00000   0.00000   2.00459   0.06628   0.18567  
 37  0.0001   2181.298648  x:  4.79200   3.40640   5.32835   1.93162   0.53281   0.64596   2.52512   0.75313   0.89146   0.43528   0.55247   0.27633   3.89407   0.14629   0.11363   0.15566   0.23546   0.00000   0.00000   2.00458   0.06628   0.18567  
 38  0.0000   2181.298648  x:  4.79201   3.40640   5.32837   1.93163   0.53281   0.64596   2.52513   0.75313   0.89146   0.43528   0.55247   0.27634   3.89409   0.14628   0.11363   0.15566   0.23546   0.00000   0.00000   2.00458   0.06628   0.18567  
 39  0.0000   2181.298648  x:  4.79201   3.40640   5.32837   1.93163   0.53281   0.64596   2.52513   0.75313   0.89146   0.43528   0.55247   0.27634   3.89409   0.14628   0.11363   0.15566   0.23546   0.00000   0.00000   2.00458   0.06628   0.18567  