

TREE # 1

  0  0.0000  14589.309405  x:  0.17673   2.00331   2.68384   0.26622   1.49766   0.23007   1.30377   0.45607   1.08915   0.29710   0.28810   0.34511   1.83609   0.38818   0.07371   0.26919   0.09192   0.11424   0.08291   2.00000   0.20000   0.20000   0.20000  
  1 99.0000  14349.928713  x:  0.20008   2.01521   2.69494   0.30122   1.50634   0.24906   1.31118   0.47139   1.10084   0.32013   0.28876   0.35008   1.85192   0.38419   0.07361   0.25702   0.10695   0.09611   0.11832   1.97276   0.56487   0.14503   0.19652  
  2 2491.2409  14323.668742  x:  0.22004   2.02585   2.70425   0.33175   1.51070   0.26207   1.31338   0.48210   1.10845   0.33774   0.27987   0.34866   1.86583   0.38412   0.07895   0.24218   0.12343   0.07218   0.13654   1.95578   0.55725   0.07240   0.19253  
  3 425.5118  14285.598347  x:  0.30065   2.06918   2.74284   0.45424   1.52825   0.31327   1.32220   0.52457   1.13923   0.40692   0.24540   0.34441   1.92305   0.41046   0.12801   0.20866   0.19535   0.01254   0.20400   1.87934   0.53442   0.08402   0.18447  
  4 410.0364  14257.512282  x:  0.41186   2.12946   2.79737   0.62226   1.55219   0.38190   1.33396   0.58189   1.18150   0.49953   0.20071   0.34102   2.00319   0.44274   0.19067   0.15979   0.28229   0.06859   0.28181   1.77270   0.50464   0.08249   0.17840  
  5 1437.1429  14223.291301  x:  0.54392   2.20649   2.87680   0.81254   1.57594   0.44028   1.34260   0.63401   1.22710   0.57566   0.19789   0.37527   2.11046   0.43937   0.21676   0.12205   0.23024   0.07362   0.12929   1.64009   0.48623   0.08590   0.18175  
  6 278.3679  14206.115038  x:  0.64554   2.27210   2.95630   0.95119   1.58591   0.45630   1.34069   0.65309   1.25313   0.59218   0.22275   0.41208   2.20619   0.37174   0.16702   0.22277   0.11644   0.07679   0.14932   1.55030   0.46645   0.09155   0.18042  
  7 199.7595  14202.826384  x:  0.67734   2.29883   3.00001   0.98964   1.58109   0.43409   1.33246   0.64035   1.25265   0.55996   0.22093   0.40369   2.24872   0.33801   0.13565   0.25390   0.15212   0.07814   0.13134   1.54553   0.46457   0.09377   0.17766  
  8 83.2129  14196.268576  x:  0.74785   2.36817   3.12658   1.06829   1.55997   0.34615   1.30504   0.58993   1.24286   0.44428   0.21410   0.36836   2.36307   0.30207   0.10429   0.20203   0.14509   0.07722   0.14237   1.56813   0.46276   0.10504   0.17329  
  9 105.2870  14192.050756  x:  0.79535   2.42434   3.23806   1.11668   1.54199   0.26200   1.28418   0.55175   1.23849   0.35954   0.24259   0.36924   2.45840   0.33836   0.14536   0.21736   0.14637   0.07754   0.14346   1.59755   0.46316   0.09681   0.16672  
 10 136.4840  14186.838627  x:  0.79360   2.51964   3.50120   1.07983   1.53841   0.07388   1.28713   0.59321   1.29296   0.46791   0.25279   0.38658   2.63876   0.35200   0.12740   0.21268   0.14902   0.07792   0.14537   1.72216   0.46066   0.09971   0.16275  
 11 36.9974  14184.980022  x:  0.76672   2.56102   3.63130   1.03381   1.58118   0.06510   1.30352   0.63026   1.29571   0.46914   0.20948   0.35518   2.71840   0.37203   0.12844   0.23132   0.13627   0.07749   0.14066   1.74543   0.46046   0.09648   0.16828  
 12 40.0483  14178.841117  x:  0.62977   2.72110   4.15046   0.82191   1.79118   0.12437   1.37707   0.77443   1.28254   0.41941   0.23330   0.39457   3.02360   0.41148   0.08776   0.20940   0.15731   0.07446   0.15533   1.78005   0.44776   0.09553   0.20223  
 13 96.2986  14176.441384  x:  0.52484   2.79953   4.36882   0.72078   1.80068   0.17029   1.34215   0.65834   1.31939   0.47148   0.26485   0.34637   3.11257   0.39849   0.10620   0.20062   0.16436   0.07376   0.16043   1.67827   0.44234   0.09237   0.17283  
 14 19.8255  14175.318984  x:  0.46917   2.85054   4.46897   0.70010   1.76639   0.21364   1.32610   0.59545   1.31268   0.49037   0.21150   0.40506   3.13609   0.38311   0.12282   0.19863   0.16573   0.07382   0.16180   1.66312   0.44086   0.09153   0.15477  
 15 20.5792  14172.083232  x:  0.30229   3.05929   4.73671   0.78157   1.54066   0.42424   1.34164   0.55643   1.22788   0.55416   0.24017   0.37832   3.11998   0.32083   0.18225   0.20441   0.16027   0.07471   0.15757   1.76234   0.43361   0.09106   0.17080  
 16 15.0616  14167.821637  x:  0.04898   3.29939   4.99804   0.91623   1.28076   0.43028   1.42386   0.68670   1.31867   0.48911   0.22748   0.38528   2.99668   0.31113   0.19448   0.19669   0.16913   0.07212   0.16429   1.65337   0.41767   0.08403   0.19424  
 17 16.1897  14165.844483  x:  0.00000   3.34835   5.04363   0.97647   1.30387   0.42494   1.41183   0.69423   1.33586   0.48576   0.22865   0.38538   2.95993   0.31940   0.18648   0.19601   0.16865   0.07264   0.16402   1.65808   0.41354   0.08365   0.17488  
 18 16.9928  14165.844483  x:  0.00000   3.34835   5.04363   0.97647   1.30387   0.42494   1.41183   0.69423   1.33586   0.48576   0.22865   0.38538   2.95993   0.31940   0.18648   0.19601   0.16865   0.07264   0.16402   1.65808   0.41354   0.08365   0.17488  
 19 26.8054  14147.403989  x:  0.00384   3.34929   5.04404   0.98222   1.30840   0.42503   1.40950   0.69411   1.33566   0.48830   0.22353   0.38237   2.96204   0.32116   0.18845   0.19067   0.17242   0.04079   0.15936   1.65953   0.31172   0.06542   0.17267  
 20 284.6068  14144.533435  x:  0.00577   3.34992   5.04441   0.98497   1.31067   0.42579   1.40928   0.69479   1.33630   0.49017   0.22259   0.38209   2.96322   0.32298   0.19028   0.18972   0.17507   0.04143   0.16090   1.65824   0.28745   0.07930   0.17278  
 21 425.8452  14143.562991  x:  0.01066   3.35181   5.04565   0.99169   1.31636   0.42883   1.41025   0.69767   1.33907   0.49575   0.22273   0.38322   2.96640   0.32485   0.19204   0.18648   0.17878   0.05452   0.16520   1.65279   0.27757   0.07499   0.17351  
 22 106.0017  14133.256028  x:  0.12177   3.39542   5.07470   1.14313   1.44448   0.49967   1.43611   0.76466   1.40403   0.62167   0.22989   0.41118   3.03917   0.36030   0.22441   0.13267   0.23743   0.02994   0.19023   1.52240   0.23487   0.06732   0.17585  
 23 108.9570  14129.993674  x:  0.17176   3.41458   5.08871   1.21014   1.49683   0.52180   1.44524   0.78580   1.42734   0.65871   0.21684   0.40711   3.07309   0.35253   0.21514   0.15996   0.22809   0.03739   0.14954   1.48667   0.21864   0.06695   0.17795  
 24 115.8733  14127.636936  x:  0.21899   3.43223   5.10281   1.27267   1.54202   0.53392   1.45116   0.79799   1.44423   0.67809   0.20033   0.39723   3.10617   0.33239   0.19347   0.18021   0.18797   0.03563   0.16797   1.47366   0.20723   0.06820   0.17667  
 25 117.3262  14124.801240  x:  0.31702   3.46600   5.13658   1.39980   1.61606   0.51116   1.44583   0.78334   1.45282   0.64597   0.20237   0.39406   3.18050   0.32585   0.18501   0.14184   0.17786   0.03951   0.15388   1.54959   0.20438   0.07304   0.16019  
 26 40.8426  14121.396698  x:  0.44963   3.51119   5.18370   1.57152   1.71363   0.47203   1.43723   0.75975   1.46259   0.59680   0.20985   0.39322   3.28275   0.32813   0.18530   0.16212   0.21451   0.03650   0.16551   1.65853   0.20250   0.07180   0.13490  
 27 233.6096  14120.853239  x:  0.47046   3.51728   5.19490   1.59833   1.72531   0.44974   1.43631   0.75510   1.46518   0.59255   0.21421   0.39814   3.30283   0.34997   0.20793   0.17126   0.19844   0.03602   0.16652   1.67077   0.20186   0.06977   0.14542  
 28 31.3757  14119.420893  x:  0.51657   3.52334   5.24841   1.65768   1.73145   0.29062   1.44033   0.74616   1.47995   0.61778   0.19842   0.40289   3.37685   0.34099   0.20365   0.16829   0.21121   0.03112   0.16974   1.66225   0.20230   0.06932   0.23434  
 29 16.0180  14118.912937  x:  0.52143   3.51953   5.27332   1.66647   1.74270   0.24546   1.44910   0.75743   1.47994   0.62556   0.22790   0.41557   3.40333   0.33303   0.19667   0.17192   0.20541   0.03265   0.16831   1.65301   0.19954   0.07011   0.21945  
 30 12.2050  14117.022950  x:  0.52476   3.50086   5.36236   1.68261   1.79318   0.11936   1.48331   0.80697   1.47266   0.64437   0.23113   0.38055   3.49073   0.33827   0.20472   0.17112   0.19882   0.03908   0.16641   1.62268   0.20049   0.07092   0.13144  
 31 33.7265  14110.609405  x:  0.47354   3.41523   5.73442   1.68389   2.10258   0.07700   1.61302   0.98549   1.41531   0.57293   0.17170   0.47646   3.80169   0.33428   0.19429   0.17947   0.19253   0.04251   0.16857   1.61996   0.20096   0.07352   0.18361  
 32 15.8066  14106.111712  x:  0.45740   3.39260   6.00688   1.68983   2.23453   0.14383   1.64938   0.99394   1.50851   0.62476   0.27690   0.34772   3.99656   0.33788   0.18344   0.18688   0.19100   0.04227   0.17169   1.67046   0.20221   0.07541   0.26514  
 33 30.1598  14100.856804  x:  0.51708   3.47688   6.35241   1.73316   2.16359   0.27038   1.63663   0.81785   1.76774   0.73600   0.21279   0.45118   4.18622   0.34757   0.16433   0.19719   0.17298   0.05305   0.16910   1.69820   0.20272   0.07978   0.19102  
 34 22.7764  14098.229370  x:  0.63463   3.64093   6.55090   1.80667   1.97779   0.36805   1.74121   0.79190   1.80509   0.61446   0.23165   0.43222   4.25847   0.35066   0.15865   0.19318   0.17482   0.05521   0.16972   1.58144   0.19460   0.07927   0.18587  
 35 16.1755  14096.626569  x:  0.72697   3.81705   6.69803   1.85244   1.80098   0.43281   1.87069   0.91755   1.77816   0.67842   0.22769   0.44024   4.28094   0.34944   0.16334   0.19549   0.17491   0.05576   0.16991   1.65562   0.18983   0.08045   0.19109  
 36 14.6877  14094.484795  x:  0.75074   4.43455   7.08899   1.80766   1.98099   0.40805   1.73410   0.94464   1.66832   0.76294   0.23688   0.43710   4.26119   0.28500   0.22666   0.19470   0.17619   0.05764   0.16995   1.63653   0.18373   0.08129   0.19681  
 37  3.6400  14091.802447  x:  0.64433   5.09853   7.58041   1.76053   2.24686   0.33036   1.88389   1.02788   1.93192   0.73293   0.23550   0.44463   4.33434   0.33331   0.18926   0.18749   0.18624   0.05627   0.16955   1.67511   0.16110   0.08121   0.20755  
 38 12.7730  14089.840718  x:  0.35102   5.36692   7.88386   2.03455   2.31617   0.36433   2.03160   0.93102   1.87506   0.83361   0.23937   0.44654   4.65539   0.41502   0.11439   0.18233   0.19110   0.05648   0.16846   1.66462   0.14675   0.08098   0.19728  
 39  5.4506  14088.681020  x:  0.18117   5.42729   7.97552   2.30450   2.30568   0.37674   1.95291   1.05917   1.98049   0.81062   0.24122   0.45014   4.81575   0.31552   0.21423   0.17871   0.19377   0.05624   0.16790   1.66056   0.14049   0.08093   0.19397  
 40  5.0780  14087.147369  x:  0.22310   5.37789   7.93085   2.64072   2.38175   0.33434   1.85846   1.18620   2.04489   0.80922   0.24706   0.45283   4.74590   0.46934   0.06294   0.17738   0.19393   0.05587   0.16729   1.64627   0.14021   0.08059   0.19544  
 41  2.7629  14083.953835  x:  0.57750   5.12583   7.80914   3.23794   2.72249   0.23824   2.19965   1.09039   2.13039   0.91617   0.25739   0.46249   4.51267   0.35532   0.17783   0.17204   0.19588   0.05403   0.16574   1.64252   0.13584   0.07985   0.18688  
 42  5.8507  14081.348560  x:  1.35424   4.81325   8.25386   3.14409   2.85721   0.30997   2.23143   1.16778   2.23416   0.99903   0.26486   0.47175   5.09199   0.36248   0.17164   0.16604   0.19741   0.05163   0.16428   1.63226   0.11913   0.07857   0.16664  
 43  3.2314  14078.714454  x:  1.32400   5.86180   9.13995   3.22421   3.12222   0.34507   2.34113   1.21380   2.45984   1.09304   0.27670   0.47952   6.34085   0.37697   0.14159   0.17717   0.18250   0.04532   0.16800   1.72361   0.11197   0.07726   0.17454  
 44  1.0484  14077.724543  x:  1.34937   6.26676   9.83549   3.51257   3.32327   0.33622   2.47839   1.25797   2.60531   1.15561   0.28357   0.48868   6.59811   0.38953   0.12988   0.17883   0.18356   0.04603   0.17041   1.73724   0.09992   0.07799   0.18985  
 45  1.7286  14076.493748  x:  1.49843   6.41206  10.93764   3.99799   3.52797   0.34754   2.62320   1.32597   2.77714   1.23776   0.28587   0.50517   6.76350   0.38597   0.15320   0.17170   0.20245   0.05230   0.17402   1.70756   0.09266   0.08053   0.21426  
 46  0.8858  14075.556003  x:  1.64096   6.93675  11.95105   4.48434   3.86640   0.34393   2.89447   1.44346   3.03434   1.33900   0.29421   0.53287   7.18813   0.37835   0.14197   0.18029   0.18437   0.05044   0.16488   1.69861   0.08230   0.08021   0.18761  
 47  0.6285  14075.312583  x:  1.66789   7.01448  12.03760   4.52529   3.91235   0.34647   2.93949   1.46954   3.07229   1.35425   0.29506   0.53648   7.25662   0.37859   0.14031   0.17997   0.18329   0.05008   0.16464   1.70106   0.08333   0.07984   0.18411  
 48  0.2994  14074.834540  x:  1.86109   7.71248  12.94332   4.87239   4.27504   0.37021   3.20350   1.61128   3.35591   1.48634   0.30653   0.55445   7.97882   0.39284   0.13607   0.17272   0.19331   0.04997   0.17063   1.72688   0.07423   0.07907   0.19238  
 49  1.0369  14074.610885  x:  2.00507   8.37327  13.83114   5.12614   4.59862   0.42471   3.43568   1.75433   3.60745   1.62252   0.31970   0.56158   8.62981   0.38314   0.14749   0.17847   0.18929   0.05010   0.16977   1.73873   0.06910   0.08058   0.19657  
 50  0.4384  14074.586739  x:  2.03368   8.51088  14.06076   5.20048   4.67210   0.43547   3.48775   1.78155   3.66403   1.65221   0.32257   0.56469   8.76722   0.38348   0.14584   0.17795   0.18938   0.05008   0.16940   1.73828   0.06733   0.08042   0.19487  
 51  0.7499  14074.567013  x:  2.01744   8.54061  14.17950   5.21100   4.68679   0.45034   3.49409   1.78245   3.67462   1.66511   0.32433   0.56441   8.79794   0.38580   0.14009   0.17542   0.19070   0.05013   0.16872   1.73175   0.06705   0.07971   0.19067  
 52  0.1160  14074.558986  x:  2.00048   8.63071  14.39378   5.24552   4.72898   0.47372   3.51686   1.79047   3.70804   1.69236   0.32771   0.56421   8.88136   0.38843   0.13946   0.17603   0.18988   0.05032   0.16916   1.73161   0.06627   0.07987   0.19172  
 53  0.1050  14074.557284  x:  1.97922   8.61062  14.36536   5.22651   4.71590   0.47900   3.50611   1.78052   3.70017   1.69066   0.32771   0.56387   8.85879   0.38576   0.14117   0.17622   0.19029   0.05014   0.16904   1.73363   0.06658   0.07995   0.19221  
 54  0.0271  14074.556197  x:  1.96670   8.60410  14.33641   5.21576   4.71098   0.48427   3.50269   1.77493   3.69968   1.69080   0.32763   0.56432   8.85059   0.38566   0.14129   0.17609   0.19029   0.05009   0.16902   1.73371   0.06657   0.07990   0.19240  
 55  0.0161  14074.555815  x:  1.95999   8.57958  14.28431   5.20000   4.69750   0.48544   3.49405   1.76999   3.69151   1.68613   0.32699   0.56402   8.82571   0.38666   0.14070   0.17608   0.19010   0.05016   0.16909   1.73227   0.06679   0.07987   0.19244  
 56  0.0440  14074.555689  x:  1.96277   8.58204  14.28538   5.19890   4.69771   0.48829   3.49612   1.77306   3.69397   1.68697   0.32687   0.56389   8.82829   0.38640   0.14066   0.17614   0.19020   0.05017   0.16906   1.73182   0.06675   0.07989   0.19221  
 57  0.0026  14074.555660  x:  1.96302   8.58201  14.28754   5.19829   4.69682   0.48956   3.49654   1.77393   3.69428   1.68704   0.32686   0.56383   8.82793   0.38635   0.14090   0.17610   0.19016   0.05016   0.16907   1.73226   0.06675   0.07988   0.19229  
 58  0.0016  14074.555652  x:  1.96258   8.57916  14.28670   5.19729   4.69457   0.49000   3.49579   1.77362   3.69287   1.68634   0.32684   0.56379   8.82450   0.38634   0.14083   0.17610   0.19016   0.05016   0.16907   1.73220   0.06677   0.07988   0.19236  
 59  0.0020  14074.555651  x:  1.96240   8.57929  14.28642   5.19688   4.69415   0.49027   3.49574   1.77347   3.69261   1.68626   0.32685   0.56381   8.82451   0.38634   0.14086   0.17610   0.19017   0.05016   0.16907   1.73217   0.06677   0.07989   0.19231  
 60  0.0005  14074.555650  x:  1.96253   8.58026  14.28625   5.19670   4.69425   0.49042   3.49593   1.77347   3.69267   1.68631   0.32686   0.56381   8.82545   0.38633   0.14087   0.17611   0.19016   0.05016   0.16907   1.73219   0.06676   0.07988   0.19232  
 61  0.0006  14074.555650  x:  1.96253   8.58018  14.28617   5.19675   4.69422   0.49043   3.49591   1.77344   3.69265   1.68629   0.32685   0.56382   8.82532   0.38634   0.14086   0.17610   0.19016   0.05016   0.16907   1.73219   0.06677   0.07988   0.19232  
 62  0.0001  14074.555650  x:  1.96260   8.58033  14.28636   5.19697   4.69432   0.49048   3.49597   1.77343   3.69273   1.68630   0.32684   0.56383   8.82538   0.38634   0.14086   0.17610   0.19016   0.05016   0.16907   1.73219   0.06676   0.07988   0.19233  
 63  0.0001  14074.555650  x:  1.96260   8.58029  14.28634   5.19695   4.69430   0.49047   3.49596   1.77343   3.69272   1.68630   0.32684   0.56382   8.82535   0.38634   0.14086   0.17610   0.19016   0.05016   0.16907   1.73219   0.06676   0.07988   0.19233  
 64  0.0001  14074.555650  x:  1.96260   8.58028  14.28634   5.19695   4.69430   0.49047   3.49595   1.77343   3.69272   1.68630   0.32684   0.56382   8.82535   0.38634   0.14086   0.17610   0.19016   0.05016   0.16907   1.73219   0.06676   0.07988   0.19232  
 65  0.0000  14074.555650  x:  1.96261   8.58027  14.28634   5.19695   4.69430   0.49047   3.49595   1.77343   3.69272   1.68629   0.32685   0.56382   8.82534   0.38634   0.14086   0.17610   0.19016   0.05016   0.16907   1.73219   0.06676   0.07988   0.19232  
 66  0.0000  14074.555650  x:  1.96261   8.58026  14.28633   5.19695   4.69430   0.49047   3.49594   1.77344   3.69272   1.68629   0.32685   0.56382   8.82534   0.38634   0.14087   0.17610   0.19016   0.05016   0.16907   1.73219   0.06676   0.07988   0.19232  
 67  0.0000  14074.555650  x:  1.96262   8.58025  14.28633   5.19695   4.69430   0.49047   3.49594   1.77344   3.69272   1.68629   0.32685   0.56382   8.82533   0.38634   0.14087   0.17610   0.19016   0.05016   0.16907   1.73219   0.06676   0.07988   0.19232  
 68  0.0000  14074.555650  x:  1.96261   8.58026  14.28633   5.19695   4.69430   0.49047   3.49594   1.77343   3.69272   1.68629   0.32685   0.56382   8.82534   0.38634   0.14086   0.17610   0.19016   0.05016   0.16907   1.73219   0.06676   0.07988   0.19232  
 69  0.0000  14074.555650  x:  1.96261   8.58026  14.28633   5.19695   4.69430   0.49047   3.49594   1.77344   3.69272   1.68629   0.32685   0.56382   8.82534   0.38634   0.14086   0.17610   0.19016   0.05016   0.16907   1.73219   0.06676   0.07988   0.19232  