

TREE # 1

  0  0.0000   3686.524084  x:  0.21383   0.34928   0.35650   0.08361   0.35806   0.16541   0.32892   0.06579   0.21365   0.12378   0.16532   0.06663   0.55057   0.03261   0.06398   0.04419   0.03824   0.00000   0.09765   2.00000   0.20000   0.20000   0.20000  
  1 99.0000   3674.130209  x:  0.21475   0.34968   0.35710   0.08470   0.35824   0.16566   0.32907   0.06628   0.21390   0.12400   0.16546   0.06686   0.55103   0.03263   0.06402   0.04437   0.03865   0.03267   0.09746   1.99986   0.19959   0.19980   0.19992  
  2 9507.3238   3540.934378  x:  0.45136   0.45348   0.51218   0.36442   0.40566   0.23036   0.36602   0.19273   0.27851   0.18070   0.20143   0.12545   0.66939   0.03675   0.07578   0.07855   0.05843   0.03257   0.01332   1.96298   0.09297   0.14705   0.18488  
  3 554.7807   3495.702197  x:  0.57621   0.51298   0.60142   0.50227   0.43414   0.26431   0.38696   0.25308   0.31273   0.20784   0.22010   0.15111   0.73953   0.03466   0.07906   0.08560   0.06136   0.03238   0.02899   1.93731   0.18281   0.11017   0.17592  
  4 1342.0100   3477.352434  x:  0.63123   0.55387   0.66824   0.52501   0.45156   0.26917   0.39091   0.24312   0.31806   0.19484   0.22216   0.12710   0.80050   0.01529   0.06837   0.03654   0.02506   0.03234   0.14210   1.90426   0.14846   0.04202   0.16357  
  5 258.6237   3471.444580  x:  0.64726   0.57176   0.69930   0.51500   0.45989   0.26668   0.39080   0.22537   0.31706   0.18230   0.22150   0.10705   0.83233   0.02882   0.07961   0.04960   0.05075   0.03194   0.16820   1.88251   0.14022   0.01390   0.15259  
  6 219.9304   3463.112565  x:  0.69104   0.62285   0.78969   0.47875   0.48505   0.25797   0.39090   0.17082   0.31592   0.14740   0.22190   0.05071   0.92779   0.04707   0.09880   0.06759   0.07474   0.03147   0.20986   1.81363   0.12442   0.06178   0.11441  
  7 280.1718   3445.965155  x:  0.73635   0.69467   0.92723   0.37291   0.52716   0.23336   0.39319   0.07474   0.32692   0.11539   0.24067   0.00000   1.09010   0.02504   0.08254   0.06095   0.05173   0.03193   0.14671   1.67821   0.13009   0.04318   0.01698  
  8 231.0709   3442.750095  x:  0.73932   0.70306   0.94474   0.35319   0.53292   0.22910   0.39486   0.06934   0.32989   0.11880   0.24542   0.00797   1.11270   0.02629   0.08345   0.06011   0.05046   0.03194   0.14471   1.65760   0.12890   0.04296   0.00010  
  9 339.3681   3438.407737  x:  0.73957   0.71488   0.97489   0.30936   0.54441   0.22122   0.40261   0.09292   0.33433   0.12818   0.24973   0.00000   1.15896   0.02541   0.08223   0.05961   0.04882   0.03196   0.14022   1.61023   0.12667   0.04204   0.00010  
 10 241.8879   3438.407737  x:  0.73957   0.71488   0.97489   0.30936   0.54441   0.22122   0.40261   0.09292   0.33433   0.12818   0.24973   0.00000   1.15896   0.02541   0.08223   0.05961   0.04882   0.03196   0.14022   1.61023   0.12667   0.04204   0.00010  
 11 36.4915   3431.510320  x:  0.74665   0.71667   0.97878   0.31842   0.54606   0.22312   0.40497   0.10450   0.33929   0.13893   0.25457   0.01906   1.16389   0.02590   0.08262   0.05969   0.04775   0.02799   0.12553   1.60622   0.09674   0.03641   0.00010  
 12 278.2830   3415.175041  x:  0.78688   0.72884   1.00241   0.36942   0.55729   0.23535   0.41868   0.16266   0.36420   0.18715   0.27639   0.09564   1.19278   0.02875   0.08459   0.06057   0.04400   0.01430   0.04857   1.58167   0.11149   0.01205   0.00010  
 13 345.8208   3411.622851  x:  0.80314   0.73382   1.01220   0.38936   0.56168   0.23979   0.42316   0.18083   0.37132   0.19930   0.28184   0.11293   1.20461   0.02956   0.08544   0.06141   0.04489   0.02807   0.02639   1.57156   0.11299   0.03068   0.00010  
 14 410.7579   3398.370114  x:  0.99569   0.79398   1.13217   0.61408   0.61191   0.28421   0.45997   0.31728   0.41211   0.23906   0.29809   0.12676   1.34745   0.02020   0.08280   0.06277   0.06795   0.07545   0.13101   1.45029   0.10300   0.03601   0.00010  
 15 154.1239   3371.734085  x:  1.23874   0.87225   1.29068   0.87994   0.67267   0.32767   0.48626   0.41441   0.42682   0.20812   0.28402   0.00000   1.53282   0.02968   0.08942   0.04979   0.02831   0.02635   0.10384   1.29506   0.06939   0.05091   0.00010  
 16 301.4329   3371.734085  x:  1.23874   0.87225   1.29068   0.87994   0.67267   0.32767   0.48626   0.41441   0.42682   0.20812   0.28402   0.00000   1.53282   0.02968   0.08942   0.04979   0.02831   0.02635   0.10384   1.29506   0.06939   0.05091   0.00010  
 17 224.3146   3370.425560  x:  1.24095   0.87311   1.29252   0.88129   0.67313   0.32732   0.48558   0.41284   0.42751   0.20841   0.28619   0.00455   1.53480   0.02875   0.08839   0.05338   0.03611   0.02715   0.09531   1.29367   0.07794   0.04532   0.00010  
 18 159.8826   3365.971476  x:  1.25083   0.87663   1.30064   0.88711   0.67484   0.32526   0.48201   0.40509   0.43025   0.20932   0.29583   0.02451   1.54361   0.02468   0.08393   0.06758   0.06556   0.02954   0.05626   1.28796   0.07053   0.02032   0.00010  
 19 364.1267   3364.689052  x:  1.26044   0.88009   1.30856   0.89281   0.67658   0.32344   0.47883   0.39796   0.43176   0.20875   0.30179   0.03515   1.55221   0.02552   0.08331   0.06600   0.06128   0.02626   0.03350   1.28216   0.07048   0.02890   0.00010  
 20 96.3566   3362.519684  x:  1.29823   0.89366   1.33970   0.91525   0.68355   0.31644   0.46691   0.37057   0.43604   0.20452   0.32025   0.06578   1.58611   0.02854   0.08129   0.05666   0.03970   0.03599   0.02911   1.25976   0.07121   0.01674   0.00010  
 21 80.2432   3357.406927  x:  1.43069   0.94096   1.44880   0.99385   0.70823   0.29222   0.42676   0.27650   0.44894   0.18715   0.37759   0.15969   1.70509   0.03783   0.07644   0.05964   0.03958   0.04413   0.05836   1.18174   0.06418   0.03876   0.00010  
 22 285.8913   3355.389627  x:  1.47405   0.95603   1.48441   1.01949   0.71701   0.28516   0.41798   0.25182   0.44917   0.17669   0.38371   0.16483   1.74427   0.03781   0.07534   0.05766   0.03879   0.01909   0.06339   1.15782   0.06336   0.03262   0.00010  
 23 177.6557   3347.178900  x:  1.70680   1.03482   1.67497   1.15663   0.76766   0.25150   0.39421   0.15442   0.43546   0.10446   0.36210   0.08328   1.95570   0.03336   0.07970   0.05160   0.05301   0.03063   0.04869   1.03829   0.05532   0.02795   0.00010  
 24 184.1632   3342.676288  x:  1.88669   1.09156   1.82041   1.26050   0.81002   0.22916   0.42233   0.18368   0.45453   0.14280   0.33606   0.04660   2.12000   0.02693   0.08052   0.11204   0.02823   0.03158   0.04426   0.97264   0.04839   0.02492   0.00010  
 25 121.4378   3338.659045  x:  2.04471   1.13872   1.94704   1.35004   0.84846   0.21074   0.45774   0.23669   0.47791   0.19741   0.31558   0.02711   2.26465   0.03983   0.09370   0.08121   0.04625   0.03163   0.04192   0.93393   0.04052   0.02267   0.00010  
 26 220.3259   3338.047867  x:  2.06950   1.14359   1.96598   1.36244   0.85377   0.20669   0.46229   0.24584   0.47890   0.20223   0.31527   0.02542   2.28748   0.02312   0.08089   0.07304   0.04852   0.03226   0.04264   0.93977   0.03966   0.02466   0.00010  
 27 72.2373   3335.295647  x:  2.23803   1.13611   2.08008   1.41973   0.87556   0.15833   0.46625   0.29734   0.43876   0.16355   0.35261   0.02065   2.44437   0.02799   0.08385   0.07838   0.04678   0.03168   0.04284   1.15127   0.03919   0.02537   0.00010  
 28 31.6358   3334.545270  x:  2.29055   1.10197   2.10702   1.41473   0.87718   0.15287   0.44435   0.26250   0.46671   0.19634   0.31012   0.01810   2.49547   0.02433   0.08830   0.07825   0.04704   0.03240   0.04134   1.21837   0.04018   0.02518   0.00010  
 29 15.1450   3333.272938  x:  2.40462   0.94453   2.14784   1.33620   0.89700   0.23171   0.47928   0.25882   0.46358   0.18814   0.28718   0.02923   2.61518   0.05998   0.04287   0.07647   0.04740   0.03236   0.04189   1.22883   0.04032   0.02580   0.00010  
 30  8.0673   3331.833061  x:  2.52774   0.77027   2.19295   1.24113   0.90700   0.29765   0.51187   0.26994   0.45704   0.17563   0.28681   0.04283   2.74679   0.02191   0.09231   0.07176   0.04675   0.03203   0.04316   1.22054   0.04096   0.02643   0.00010  
 31 44.3818   3330.423313  x:  2.62612   0.67973   2.24664   1.13440   0.85263   0.22755   0.46330   0.31935   0.47492   0.19398   0.34177   0.00000   2.85320   0.03020   0.07960   0.06533   0.05063   0.03214   0.04225   1.18091   0.04304   0.02610   0.00010  
 32 11.3102   3327.433678  x:  2.74679   0.93982   2.40982   0.97836   0.91870   0.15478   0.52272   0.37645   0.48577   0.13046   0.24664   0.06404   2.97799   0.03020   0.08107   0.05448   0.04947   0.03147   0.04527   1.17646   0.04405   0.02825   0.00010  
 33  5.2129   3324.740887  x:  2.81749   1.16017   2.51325   0.96049   1.03346   0.24336   0.53871   0.36355   0.51968   0.18087   0.34294   0.00000   3.05717   0.02466   0.08869   0.05000   0.05081   0.03092   0.04469   1.20910   0.04298   0.02817   0.00010  
 34 15.9762   3322.030065  x:  2.87076   1.23283   2.49239   1.48346   1.08963   0.30869   0.41198   0.46648   0.47599   0.18218   0.30217   0.02840   3.17045   0.02601   0.08835   0.04371   0.05070   0.03036   0.04575   1.19503   0.04263   0.02908   0.00010  
 35  6.2451   3320.850457  x:  2.89780   1.22470   2.48929   1.73234   1.08639   0.24925   0.53714   0.44159   0.59187   0.13806   0.33497   0.01760   3.22053   0.03077   0.08388   0.04279   0.05017   0.02895   0.04728   1.20020   0.04203   0.02959   0.00010  
 36  9.7748   3320.019299  x:  2.95403   1.20890   2.58398   1.81334   1.13248   0.16988   0.61678   0.38130   0.48891   0.21654   0.35103   0.01402   3.26462   0.03416   0.07924   0.04421   0.05105   0.02891   0.04687   1.19116   0.04198   0.02938   0.00010  
 37  2.9146   3314.706101  x:  3.46746   1.19435   3.46856   2.06251   1.60072   0.06952   0.51974   0.45969   0.60762   0.19928   0.41099   0.02862   3.62353   0.04528   0.06844   0.08006   0.04548   0.02308   0.04859   1.14234   0.03233   0.02781   0.00010  
 38  5.7259   3312.932520  x:  3.79173   1.36802   3.75522   2.14237   1.26828   0.27739   0.55385   0.45888   0.59956   0.21309   0.41343   0.04198   3.86402   0.04316   0.07198   0.09005   0.04406   0.02182   0.04823   1.15064   0.02913   0.02731   0.00010  
 39  6.0608   3310.570963  x:  4.66545   1.72267   3.30805   2.16579   1.50843   0.20898   0.57955   0.47373   0.59780   0.23283   0.42302   0.01753   4.57172   0.03846   0.07579   0.08616   0.04317   0.02529   0.04351   1.10596   0.02528   0.02637   0.00010  
 40  1.7475   3307.412461  x:  5.19304   1.81533   3.69680   2.31556   1.54446   0.22901   0.62668   0.49248   0.58415   0.23312   0.39150   0.00000   4.91514   0.03076   0.08006   0.07436   0.04514   0.03029   0.03815   1.12318   0.02612   0.02551   0.00010  
 41  1.2114   3307.412461  x:  5.19304   1.81533   3.69680   2.31556   1.54446   0.22901   0.62668   0.49248   0.58415   0.23312   0.39150   0.00000   4.91514   0.03076   0.08006   0.07436   0.04514   0.03029   0.03815   1.12318   0.02612   0.02551   0.00010  
 42  2.1000   3307.398783  x:  5.19304   1.81533   3.69680   2.31557   1.54446   0.22901   0.62667   0.49247   0.58415   0.23311   0.39151   0.00002   4.91514   0.03077   0.08006   0.07428   0.04514   0.03025   0.03822   1.12319   0.02582   0.02553   0.00010  
 43 85.1102   3307.195108  x:  5.19329   1.81564   3.69758   2.31600   1.54472   0.22919   0.62615   0.49156   0.58433   0.23202   0.39211   0.00213   4.91562   0.03224   0.07995   0.06451   0.04616   0.02645   0.04562   1.12309   0.02585   0.02681   0.00010  
 44 34.8710   3307.150944  x:  5.19357   1.81600   3.69848   2.31649   1.54501   0.22940   0.62556   0.49054   0.58450   0.23073   0.39263   0.00416   4.91616   0.03306   0.07924   0.05953   0.04702   0.02886   0.04409   1.12301   0.02585   0.02634   0.00010  
 45 16.1453   3307.131603  x:  5.19402   1.81658   3.69991   2.31729   1.54547   0.22973   0.62464   0.48894   0.58473   0.22865   0.39323   0.00682   4.91703   0.03405   0.07812   0.05852   0.04778   0.02710   0.04203   1.12289   0.02584   0.02674   0.00010  
 46  9.4532   3307.048253  x:  5.19722   1.82065   3.71009   2.32294   1.54877   0.23206   0.61821   0.47780   0.58617   0.21380   0.39625   0.02306   4.92321   0.04015   0.07072   0.06128   0.04978   0.02821   0.04358   1.12217   0.02582   0.02704   0.00010  
 47 14.8362   3307.021856  x:  5.19853   1.82232   3.71425   2.32526   1.55010   0.23298   0.61580   0.47364   0.58656   0.20789   0.39573   0.02596   4.92575   0.04164   0.06911   0.06126   0.04644   0.02782   0.04361   1.12198   0.02581   0.02526   0.00010  
 48 17.6309   3306.994449  x:  5.20029   1.82453   3.71982   2.32838   1.55186   0.23417   0.61281   0.46850   0.58701   0.20038   0.39352   0.02668   4.92915   0.04308   0.06872   0.06109   0.04400   0.02828   0.04333   1.12177   0.02581   0.02768   0.00010  
 49 20.7484   3306.902989  x:  5.20674   1.83262   3.74029   2.33986   1.55827   0.23842   0.60243   0.45077   0.58897   0.17469   0.38284   0.02425   4.94170   0.04495   0.06882   0.06092   0.04706   0.02804   0.04332   1.12128   0.02579   0.02647   0.00010  
 50 30.7081   3306.883158  x:  5.20871   1.83503   3.74650   2.34335   1.56012   0.23947   0.60010   0.44707   0.59120   0.17188   0.37989   0.02509   4.94554   0.04086   0.06748   0.06062   0.04715   0.02801   0.04346   1.12134   0.02578   0.02690   0.00010  
 51 10.7350   3306.773923  x:  5.22241   1.85150   3.78947   2.36747   1.57252   0.24590   0.58713   0.42766   0.61138   0.16879   0.36206   0.03735   4.97224   0.03032   0.08165   0.06084   0.04685   0.02804   0.04344   1.12242   0.02563   0.02664   0.00010  
 52 15.5071   3306.586316  x:  5.25661   1.89021   3.89302   2.42537   1.60030   0.25616   0.57941   0.42068   0.63871   0.18412   0.34137   0.03220   5.03776   0.04796   0.06349   0.06087   0.04709   0.02804   0.04332   1.12598   0.02518   0.02665   0.00010  
 53  8.4392   3305.114333  x:  5.48497   2.13765   4.56440   2.80336   1.77344   0.30332   0.59686   0.47140   0.67324   0.19286   0.41184   0.00000   5.46947   0.04429   0.06727   0.06059   0.04745   0.02800   0.04312   1.14800   0.02228   0.02674   0.00010  
 54 20.8754   3304.674492  x:  5.60691   2.22567   4.83658   2.96170   1.82241   0.26871   0.64409   0.52060   0.61003   0.19141   0.34755   0.04017   5.66986   0.04168   0.06989   0.06092   0.04739   0.02808   0.04323   1.11633   0.02096   0.02639   0.00010  
 55 13.9726   3304.485297  x:  5.71396   2.23123   4.94284   3.03237   1.81252   0.19145   0.65772   0.50739   0.60313   0.19389   0.34573   0.04197   5.79920   0.04219   0.06931   0.06080   0.04746   0.02806   0.04312   1.17088   0.02103   0.02674   0.00010  
 56  4.0833   3304.191451  x:  5.95547   2.19649   5.09329   3.14289   1.79824   0.14286   0.66962   0.47892   0.62986   0.20311   0.37938   0.02147   6.05793   0.04228   0.06933   0.06082   0.04743   0.02808   0.04309   1.10824   0.02016   0.02635   0.00010  
 57  5.0970   3303.312072  x:  6.85229   2.02833   5.56186   3.49059   1.82997   0.32006   0.69604   0.51774   0.63842   0.20597   0.39341   0.01943   6.97818   0.04063   0.07102   0.06071   0.04747   0.02808   0.04285   1.14993   0.01814   0.02654   0.00010  
 58 10.8544   3303.062962  x:  7.07951   2.07131   5.68968   3.49566   1.91948   0.28790   0.61363   0.62623   0.67712   0.17288   0.38901   0.02447   7.17495   0.03955   0.07227   0.06079   0.04727   0.02810   0.04284   1.14607   0.01786   0.02651   0.00010  
 59  2.4872   3302.232941  x:  7.87523   2.41084   6.17188   3.37898   2.41253   0.24610   0.73679   0.60637   0.67272   0.18249   0.40524   0.01942   7.79636   0.03510   0.07665   0.06071   0.04720   0.02809   0.04279   1.14901   0.01706   0.02653   0.00010  
 60  4.1435   3301.968043  x:  8.28013   2.75599   6.44511   3.52914   2.26847   0.31679   0.70270   0.60497   0.62822   0.21572   0.41181   0.01581   8.10456   0.03570   0.07585   0.06061   0.04731   0.02806   0.04287   1.14406   0.01646   0.02656   0.00010  
 61  1.5475   3301.826275  x:  8.52470   2.94653   6.60425   3.63894   2.20070   0.34887   0.76814   0.64092   0.68588   0.17971   0.40290   0.02168   8.29603   0.03715   0.07455   0.06068   0.04716   0.02807   0.04294   1.14666   0.01584   0.02661   0.00010  
 62  6.3147   3301.692293  x:  8.91284   3.07300   6.83730   3.94219   2.36239   0.33307   0.77568   0.65953   0.68490   0.18700   0.39801   0.02353   8.65771   0.04000   0.07159   0.06068   0.04721   0.02805   0.04302   1.14482   0.01477   0.02664   0.00010  
 63  1.4390   3301.510700  x:  9.34034   3.03885   7.19028   4.44679   2.48973   0.32436   0.79964   0.69918   0.70018   0.17944   0.37822   0.03294   9.14545   0.04490   0.06665   0.06075   0.04725   0.02805   0.04313   1.14283   0.01436   0.02668   0.00010  
 64  1.3177   3301.444624  x:  9.90299   3.20575   7.70390   4.59345   2.61343   0.33633   0.82510   0.72670   0.71121   0.18290   0.38576   0.03069   9.69836   0.04155   0.06998   0.06071   0.04728   0.02807   0.04297   1.14515   0.01343   0.02664   0.00010  
 65  0.6709   3301.422144  x: 10.04930   3.25536   7.86603   4.57983   2.65287   0.34106   0.83235   0.73276   0.71155   0.18524   0.39155   0.02865   9.85371   0.04003   0.07151   0.06069   0.04726   0.02807   0.04295   1.14677   0.01340   0.02663   0.00010  
 66  0.2235   3301.416739  x: 10.26091   3.34376   8.02663   4.68134   2.71030   0.34624   0.84658   0.74847   0.71493   0.18345   0.38896   0.03006  10.06511   0.04158   0.06993   0.06071   0.04724   0.02806   0.04302   1.14445   0.01308   0.02663   0.00010  
 67  0.2404   3301.416061  x: 10.26899   3.35956   8.01821   4.69811   2.71485   0.34815   0.84880   0.75190   0.71429   0.18289   0.38778   0.03082  10.07110   0.04158   0.06994   0.06071   0.04726   0.02807   0.04300   1.14507   0.01309   0.02664   0.00010  
 68  0.0191   3301.415943  x: 10.28217   3.36880   8.02177   4.70642   2.71802   0.35013   0.85022   0.75452   0.71419   0.18313   0.38805   0.03092  10.08128   0.04132   0.07019   0.06070   0.04726   0.02806   0.04300   1.14516   0.01306   0.02664   0.00010  
 69  0.0129   3301.415928  x: 10.27488   3.36492   8.01639   4.70135   2.71599   0.35051   0.85001   0.75465   0.71401   0.18335   0.38817   0.03082  10.07360   0.04140   0.07012   0.06071   0.04726   0.02806   0.04300   1.14500   0.01307   0.02664   0.00010  
 70  0.0087   3301.415926  x: 10.27609   3.36438   8.01783   4.70102   2.71631   0.35073   0.85028   0.75510   0.71398   0.18339   0.38812   0.03082  10.07470   0.04142   0.07010   0.06071   0.04726   0.02807   0.04300   1.14506   0.01307   0.02664   0.00010  
 71  0.0016   3301.415926  x: 10.27672   3.36456   8.01848   4.70164   2.71651   0.35060   0.85031   0.75506   0.71400   0.18335   0.38810   0.03085  10.07547   0.04140   0.07012   0.06071   0.04726   0.02806   0.04300   1.14505   0.01307   0.02664   0.00010  
 72  0.0007   3301.415926  x: 10.27667   3.36453   8.01843   4.70159   2.71649   0.35061   0.85031   0.75506   0.71399   0.18335   0.38810   0.03085  10.07541   0.04140   0.07012   0.06071   0.04726   0.02806   0.04300   1.14505   0.01307   0.02664   0.00010  
 73  0.0005   3301.415926  x: 10.27666   3.36452   8.01842   4.70157   2.71648   0.35061   0.85031   0.75507   0.71399   0.18335   0.38810   0.03085  10.07539   0.04140   0.07012   0.06071   0.04726   0.02806   0.04300   1.14505   0.01307   0.02664   0.00010  
 74  0.0004   3301.415926  x: 10.27666   3.36452   8.01842   4.70157   2.71648   0.35061   0.85031   0.75507   0.71399   0.18335   0.38810   0.03085  10.07539   0.04140   0.07012   0.06071   0.04726   0.02806   0.04300   1.14505   0.01307   0.02664   0.00010  
 75  0.0003   3301.415926  x: 10.27665   3.36452   8.01841   4.70156   2.71648   0.35062   0.85031   0.75507   0.71399   0.18335   0.38810   0.03084  10.07538   0.04140   0.07012   0.06071   0.04726   0.02806   0.04300   1.14505   0.01307   0.02664   0.00010  
 76  0.0003   3301.415926  x: 10.27664   3.36451   8.01841   4.70156   2.71648   0.35062   0.85031   0.75507   0.71399   0.18335   0.38810   0.03084  10.07538   0.04140   0.07012   0.06071   0.04726   0.02806   0.04300   1.14505   0.01307   0.02664   0.00010  
 77  0.0003   3301.415926  x: 10.27664   3.36451   8.01841   4.70156   2.71648   0.35062   0.85031   0.75507   0.71399   0.18335   0.38810   0.03084  10.07537   0.04140   0.07012   0.06071   0.04726   0.02806   0.04300   1.14505   0.01307   0.02664   0.00010  
 78  0.0003   3301.415926  x: 10.27664   3.36451   8.01841   4.70156   2.71648   0.35062   0.85031   0.75507   0.71399   0.18335   0.38810   0.03084  10.07537   0.04140   0.07012   0.06071   0.04726   0.02806   0.04300   1.14505   0.01307   0.02664   0.00010  
 79  0.0003   3301.415926  x: 10.27664   3.36451   8.01841   4.70156   2.71648   0.35062   0.85031   0.75507   0.71399   0.18335   0.38810   0.03084  10.07537   0.04140   0.07012   0.06071   0.04726   0.02806   0.04300   1.14505   0.01307   0.02664   0.00010  
 80  0.0454   3301.415926  x: 10.27664   3.36451   8.01841   4.70156   2.71648   0.35062   0.85031   0.75507   0.71399   0.18335   0.38811   0.03084  10.07537   0.04140   0.07012   0.06071   0.04726   0.02807   0.04300   1.14505   0.01307   0.02664   0.00010  
 81  0.0023   3301.415926  x: 10.27664   3.36451   8.01841   4.70156   2.71648   0.35062   0.85031   0.75507   0.71399   0.18335   0.38811   0.03084  10.07537   0.04141   0.07011   0.06071   0.04726   0.02806   0.04300   1.14505   0.01307   0.02664   0.00010  
 82  0.0054   3301.415926  x: 10.27664   3.36451   8.01841   4.70156   2.71648   0.35062   0.85031   0.75507   0.71399   0.18336   0.38811   0.03084  10.07537   0.04141   0.07011   0.06071   0.04726   0.02806   0.04300   1.14505   0.01307   0.02664   0.00010  
 83  0.0098   3301.415926  x: 10.27664   3.36451   8.01841   4.70156   2.71648   0.35062   0.85031   0.75507   0.71399   0.18336   0.38811   0.03084  10.07537   0.04141   0.07011   0.06071   0.04726   0.02807   0.04300   1.14505   0.01307   0.02664   0.00010  
 84  0.0016   3301.415926  x: 10.27664   3.36451   8.01841   4.70156   2.71648   0.35062   0.85032   0.75508   0.71399   0.18336   0.38811   0.03084  10.07537   0.04141   0.07011   0.06071   0.04726   0.02806   0.04300   1.14505   0.01307   0.02664   0.00010  
 85  0.0031   3301.415926  x: 10.27664   3.36451   8.01841   4.70156   2.71648   0.35062   0.85032   0.75509   0.71399   0.18337   0.38811   0.03084  10.07537   0.04141   0.07011   0.06071   0.04726   0.02807   0.04300   1.14506   0.01307   0.02664   0.00010  
 86  0.0241   3301.415926  x: 10.27664   3.36451   8.01841   4.70156   2.71648   0.35062   0.85032   0.75509   0.71399   0.18338   0.38811   0.03084  10.07537   0.04141   0.07011   0.06071   0.04726   0.02806   0.04300   1.14506   0.01307   0.02664   0.00010  
 87  0.0065   3301.415926  x: 10.27664   3.36451   8.01841   4.70156   2.71648   0.35062   0.85032   0.75509   0.71399   0.18337   0.38811   0.03083  10.07537   0.04141   0.07011   0.06071   0.04726   0.02806   0.04300   1.14506   0.01307   0.02664   0.00010  
 88  0.0012   3301.415926  x: 10.27664   3.36451   8.01841   4.70156   2.71648   0.35062   0.85033   0.75510   0.71399   0.18337   0.38812   0.03083  10.07537   0.04141   0.07011   0.06071   0.04726   0.02806   0.04300   1.14506   0.01307   0.02664   0.00010  
 89  0.0057   3301.415926  x: 10.27664   3.36451   8.01841   4.70156   2.71647   0.35062   0.85033   0.75511   0.71398   0.18337   0.38812   0.03084  10.07537   0.04141   0.07011   0.06071   0.04726   0.02806   0.04300   1.14505   0.01307   0.02664   0.00010  
 90  0.0017   3301.415926  x: 10.27664   3.36451   8.01841   4.70155   2.71647   0.35062   0.85034   0.75512   0.71398   0.18337   0.38811   0.03084  10.07537   0.04141   0.07011   0.06071   0.04726   0.02807   0.04300   1.14505   0.01307   0.02664   0.00010  