   11
BAM_033220  0.000000  0.690983  0.682772  0.948104  0.229948  1.761506
  0.879153  0.235065  1.795273  0.685210  0.686942
BA_2046xxx  0.690983  0.000000  0.047643  0.947414  0.676760  1.781564
  0.925764  0.681226  1.920434  0.002863  0.040840
BC_2031xxx  0.682772  0.047643  0.000000  0.936679  0.677381  1.770870
  0.913075  0.666865  1.912511  0.044608  0.017516
NT03BL1235  0.948104  0.947414  0.936679  0.000000  0.971903  1.208832
  0.603107  1.013172  1.265554  0.940219  0.943228
Bmo514xxxx  0.229948  0.676760  0.677381  0.971903  0.000000  1.818264
  0.925090  0.081290  1.838093  0.671112  0.687110
Bmo1958xxx  1.761506  1.781564  1.770870  1.208832  1.818264  0.000000
  1.301421  1.809784  0.371104  1.780829  1.763695
BPUM_1005x  0.879153  0.925764  0.913075  0.603107  0.925090  1.301421
  0.000000  0.940186  1.335639  0.918684  0.912672
BG11791xxx  0.235065  0.681226  0.666865  1.013172  0.081290  1.809784
  0.940186  0.000000  1.831853  0.675564  0.671952
BG13097xxx  1.795273  1.920434  1.912511  1.265554  1.838093  0.371104
  1.335639  1.831853  0.000000  1.920881  1.897359
NT02BT2030  0.685210  0.002863  0.044608  0.940219  0.671112  1.780829
  0.918684  0.675564  1.920881  0.000000  0.037873
KBAB4_1896  0.686942  0.040840  0.017516  0.943228  0.687110  1.763695
  0.912672  0.671952  1.897359  0.037873  0.000000
