

TREE # 1

  0  0.0000   8220.818130  x:  0.08073   0.65664   0.67646   0.15538   0.53896   0.00000   0.61243   0.18587   0.40535   0.27250   0.14294   0.15448   0.60108   0.11613   0.04925   0.12408   0.09536   0.02489   0.05371   2.00000   0.20000   0.20000   0.20000  
  1 99.0000   7801.368212  x:  0.09682   0.65421   0.67587   0.16807   0.53761   0.04190   0.61129   0.18470   0.40389   0.27015   0.14880   0.15858   0.60361   0.11238   0.04971   0.12529   0.09683   0.02345   0.03472   2.00149   0.03415   0.18047   0.19377  
  2 2605.9709   7752.594793  x:  0.14431   0.66058   0.68577   0.20153   0.54416   0.08230   0.61767   0.19033   0.41093   0.27512   0.16610   0.17188   0.62125   0.10315   0.05052   0.12747   0.10052   0.03003   0.00000   1.99812   0.03693   0.13350   0.17964  
  3 676.8235   7648.048698  x:  0.26976   0.67878   0.71354   0.29087   0.56230   0.18167   0.63550   0.20552   0.43077   0.28937   0.21167   0.20643   0.67030   0.07811   0.05534   0.13397   0.11224   0.06099   0.01532   1.98835   0.03989   0.00010   0.14073  
  4 3429.7027   7609.961309  x:  0.38099   0.71585   0.76059   0.37419   0.58923   0.15826   0.66417   0.22418   0.46503   0.31841   0.23734   0.21764   0.74409   0.05070   0.12428   0.16215   0.13905   0.02255   0.02070   1.96465   0.02434   0.00010   0.09262  
  5 600.4522   7609.338345  x:  0.38440   0.71700   0.76205   0.37676   0.59005   0.15757   0.66506   0.22475   0.46609   0.31930   0.23810   0.21794   0.74639   0.04981   0.12644   0.16302   0.13986   0.02138   0.02087   1.96391   0.02387   0.00114   0.09112  
  6 12418.5403   7596.202723  x:  0.39107   0.72872   0.78190   0.40186   0.59036   0.18418   0.67110   0.21674   0.47156   0.32064   0.20596   0.17399   0.78528   0.00000   0.18510   0.17707   0.13837   0.03226   0.01966   1.95016   0.02521   0.00171   0.05626  
  7 211.5303   7594.992004  x:  0.38904   0.73154   0.78713   0.40691   0.58931   0.19422   0.67207   0.21344   0.47205   0.32010   0.20254   0.16746   0.79618   0.00000   0.19260   0.17392   0.13289   0.02140   0.02152   1.94574   0.02641   0.00173   0.05515  
  8 162.9879   7590.727773  x:  0.37023   0.75414   0.82302   0.42930   0.58551   0.20952   0.68079   0.19659   0.47863   0.32171   0.20295   0.15170   0.86489   0.00000   0.21074   0.14117   0.09521   0.02494   0.02035   1.91453   0.02446   0.00180   0.07225  
  9 149.8785   7580.425638  x:  0.25831   0.82486   0.94274   0.48148   0.55442   0.28969   0.69944   0.12589   0.48900   0.31636   0.23494   0.14160   1.10154   0.00000   0.24330   0.13832   0.14360   0.03386   0.01560   1.79853   0.02441   0.00184   0.16574  
 10 165.0733   7577.253851  x:  0.24121   0.84905   0.98397   0.49155   0.53900   0.31001   0.70407   0.12938   0.49256   0.31855   0.21373   0.13234   1.18095   0.00000   0.20567   0.18745   0.12757   0.03269   0.01461   1.75319   0.02276   0.00160   0.19337  
 11 99.6901   7573.919980  x:  0.25531   0.85783   1.01346   0.44707   0.48235   0.34269   0.68182   0.19667   0.47595   0.31644   0.17784   0.18871   1.25114   0.00000   0.21171   0.19005   0.11931   0.03670   0.01165   1.68695   0.02352   0.00131   0.20175  
 12 33.2632   7571.608552  x:  0.29187   0.86165   1.02717   0.41713   0.45202   0.35434   0.66479   0.22409   0.46492   0.31705   0.17563   0.16257   1.28559   0.00000   0.18154   0.16320   0.14170   0.03657   0.00888   1.64456   0.02300   0.00096   0.19897  
 13 46.5374   7569.148489  x:  0.32841   0.85867   1.03016   0.38372   0.42880   0.36949   0.64103   0.22273   0.45394   0.31868   0.23117   0.13522   1.30301   0.00000   0.17380   0.17710   0.12616   0.03959   0.00528   1.60478   0.02404   0.00069   0.19181  
 14 45.9750   7565.888281  x:  0.37214   0.85601   1.02186   0.39848   0.45947   0.38696   0.62872   0.16718   0.47690   0.34473   0.21292   0.15280   1.28895   0.00000   0.16449   0.17770   0.12334   0.04232   0.00000   1.58011   0.02423   0.00054   0.20269  
 15 19.4853   7565.888281  x:  0.37214   0.85601   1.02186   0.39848   0.45947   0.38696   0.62872   0.16718   0.47690   0.34473   0.21292   0.15280   1.28895   0.00000   0.16449   0.17770   0.12334   0.04232   0.00000   1.58011   0.02423   0.00054   0.20269  
 16 17.8456   7565.430434  x:  0.37221   0.85602   1.02187   0.39853   0.45949   0.38697   0.62874   0.16720   0.47691   0.34474   0.21296   0.15284   1.28897   0.00000   0.16449   0.17767   0.12335   0.04237   0.00043   1.58011   0.02422   0.00168   0.20269  
 17 1184.6088   7564.329088  x:  0.37349   0.85629   1.02216   0.39959   0.45992   0.38721   0.62913   0.16754   0.47718   0.34493   0.21383   0.15355   1.28933   0.00000   0.16458   0.17706   0.12349   0.04318   0.00817   1.58015   0.02400   0.00132   0.20269  
 18 423.1152   7564.187347  x:  0.37465   0.85653   1.02242   0.40055   0.46032   0.38742   0.62949   0.16785   0.47743   0.34511   0.21460   0.15417   1.28967   0.00000   0.16463   0.17650   0.12344   0.04261   0.00843   1.58017   0.02493   0.00131   0.20269  
 19 135.6817   7559.380994  x:  0.41656   0.86532   1.03173   0.43519   0.47443   0.39506   0.64242   0.17907   0.48633   0.35129   0.24209   0.17644   1.30163   0.00000   0.16649   0.15628   0.12139   0.02140   0.01224   1.58101   0.02371   0.00130   0.20269  
 20 649.8644   7552.451358  x:  0.50539   0.88427   1.05184   0.50868   0.50420   0.41126   0.66987   0.20241   0.50499   0.36392   0.29148   0.21426   1.32752   0.00000   0.17021   0.12048   0.11767   0.04468   0.00735   1.58287   0.02202   0.00138   0.20269  
 21 542.5904   7539.120770  x:  0.76924   0.94678   1.11794   0.72785   0.58846   0.45860   0.75061   0.26286   0.55568   0.39193   0.30347   0.18534   1.41406   0.00000   0.17990   0.21706   0.15652   0.04940   0.00490   1.59057   0.01832   0.00131   0.20267  
 22 192.7877   7532.207174  x:  0.88815   0.97956   1.15250   0.82670   0.62051   0.47693   0.78361   0.28055   0.57371   0.39683   0.25811   0.12514   1.46049   0.00000   0.15531   0.19786   0.11679   0.04476   0.00717   1.59566   0.01704   0.00135   0.20267  
 23 197.7088   7531.442618  x:  0.90551   0.98943   1.16294   0.84112   0.61731   0.47522   0.78363   0.27111   0.57118   0.38934   0.23861   0.12284   1.47599   0.00000   0.17080   0.18286   0.13166   0.04386   0.00696   1.59827   0.01695   0.00133   0.20266  
 24 45.2550   7529.922349  x:  0.94278   1.02515   1.20096   0.87204   0.58805   0.45939   0.77164   0.21995   0.55249   0.35238   0.19982   0.16360   1.53503   0.00000   0.16620   0.18705   0.12619   0.04411   0.00704   1.60942   0.01683   0.00134   0.20265  
 25 40.2776   7529.011878  x:  0.95905   1.06067   1.23985   0.88453   0.54532   0.43750   0.76082   0.18523   0.53608   0.32934   0.22981   0.14074   1.60086   0.00000   0.16385   0.18683   0.12916   0.04433   0.00690   1.62142   0.01676   0.00134   0.20263  
 26 27.1257   7528.447981  x:  0.95528   1.09303   1.27743   0.87990   0.50223   0.42374   0.75823   0.19917   0.54782   0.35137   0.23146   0.14091   1.67263   0.00000   0.17900   0.18980   0.11742   0.04423   0.00716   1.63019   0.01640   0.00134   0.20261  
 27 19.1707   7528.045743  x:  0.94921   1.11677   1.30565   0.87394   0.47399   0.41884   0.75830   0.21461   0.55753   0.36788   0.22919   0.14329   1.72930   0.00000   0.16456   0.18622   0.12859   0.04424   0.00692   1.63628   0.01610   0.00134   0.20259  
 28 53.4646   7527.414920  x:  0.91337   1.15199   1.35430   0.84666   0.49000   0.47931   0.77733   0.24565   0.55143   0.34241   0.23217   0.14557   1.85934   0.00000   0.16622   0.18467   0.12795   0.04411   0.00695   1.64567   0.01541   0.00134   0.20253  
 29 12.4272   7527.124608  x:  0.90056   1.14851   1.36041   0.83962   0.51891   0.49872   0.77767   0.21169   0.57038   0.36751   0.23539   0.14380   1.92331   0.00000   0.16579   0.18361   0.12830   0.04399   0.00697   1.64873   0.01522   0.00135   0.20247  
 30  6.8394   7525.885972  x:  0.91556   1.04323   1.30565   0.85551   0.60719   0.42255   0.73879   0.23810   0.52278   0.39104   0.23519   0.14625   2.16148   0.00000   0.16505   0.17971   0.12754   0.04347   0.00716   1.64723   0.01575   0.00135   0.20209  
 31  4.8690   7524.563203  x:  0.95817   1.02280   1.29521   0.85898   0.57674   0.41643   0.77283   0.24718   0.64546   0.30849   0.23966   0.14573   2.25144   0.00000   0.16523   0.17429   0.12605   0.04273   0.00748   1.60439   0.01621   0.00135   0.20157  
 32  3.8601   7522.259345  x:  1.03296   1.12536   1.36500   0.86762   0.50705   0.48461   0.92804   0.22359   0.58583   0.35451   0.24054   0.15224   2.27074   0.00000   0.16444   0.16400   0.12405   0.04139   0.00800   1.55349   0.01684   0.00135   0.20056  
 33  6.5236   7520.954069  x:  1.05540   1.27233   1.48311   0.90339   0.56359   0.52421   0.79003   0.25707   0.58831   0.37672   0.24860   0.14949   2.21557   0.00000   0.16347   0.15853   0.12327   0.04074   0.00814   1.62074   0.01717   0.00136   0.19992  
 34  7.2602   7520.721851  x:  1.03099   1.29119   1.51762   0.95644   0.57771   0.51730   0.77030   0.26086   0.58607   0.37940   0.25089   0.14906   2.21615   0.00000   0.16372   0.15756   0.12286   0.04055   0.00826   1.54751   0.01677   0.00136   0.19970  
 35  2.1713   7519.737002  x:  0.95220   1.26449   1.60223   1.20216   0.58003   0.48315   0.84606   0.26627   0.60431   0.36557   0.25472   0.15490   2.23729   0.00000   0.16501   0.15163   0.12190   0.03955   0.00828   1.62047   0.01623   0.00137   0.19835  
 36  1.9356   7516.715840  x:  1.36810   1.24104   1.64718   1.30939   0.51449   0.59678   0.80306   0.28334   0.59071   0.39082   0.27300   0.16336   2.40383   0.00000   0.16945   0.13837   0.11795   0.03696   0.00845   1.61443   0.01380   0.00138   0.19387  
 37  2.5394   7516.455554  x:  1.40645   1.31896   1.64449   1.27283   0.58330   0.51389   0.85573   0.28320   0.60555   0.37824   0.27269   0.16623   2.41917   0.00000   0.16948   0.13841   0.11814   0.03682   0.00844   1.61260   0.01347   0.00138   0.19333  
 38  2.4538   7515.567936  x:  1.51632   1.48344   1.52217   1.39645   0.57049   0.56348   0.84533   0.29692   0.61224   0.38679   0.27650   0.16388   2.53212   0.00000   0.16792   0.15828   0.12080   0.03783   0.00813   1.62767   0.01339   0.00137   0.18959  
 39  0.3899   7515.133539  x:  1.62784   1.38246   1.73373   1.37995   0.60186   0.54883   0.86463   0.29926   0.61844   0.38789   0.27668   0.16284   2.55722   0.00000   0.16683   0.16756   0.12237   0.03836   0.00800   1.62754   0.01330   0.00136   0.18731  
 40  1.8365   7514.673303  x:  1.80978   1.48151   1.81450   1.52239   0.62005   0.58538   0.86885   0.31714   0.63324   0.39405   0.27077   0.15208   2.75297   0.00000   0.16511   0.15492   0.12396   0.03820   0.00814   1.62331   0.01245   0.00137   0.17905  
 41  0.1953   7514.637673  x:  1.84909   1.49413   1.85815   1.54951   0.62742   0.58554   0.87149   0.32023   0.63232   0.39442   0.27070   0.15688   2.80081   0.00000   0.16875   0.15663   0.12280   0.03880   0.00806   1.62596   0.01227   0.00137   0.17437  
 42  0.0609   7514.633734  x:  1.85574   1.50113   1.86992   1.55680   0.62846   0.58530   0.87192   0.32084   0.63143   0.39446   0.27027   0.15753   2.81819   0.00000   0.16739   0.15635   0.12300   0.03888   0.00806   1.62780   0.01227   0.00137   0.17056  
 43  0.0202   7514.633009  x:  1.85547   1.50470   1.87516   1.56088   0.62754   0.58620   0.87149   0.32095   0.63122   0.39467   0.27038   0.15737   2.82701   0.00000   0.16712   0.15640   0.12303   0.03886   0.00807   1.62763   0.01222   0.00137   0.16708  
 44  0.0112   7514.632661  x:  1.85049   1.50677   1.87636   1.55975   0.62626   0.58606   0.87131   0.32044   0.63111   0.39463   0.27051   0.15713   2.83085   0.00000   0.16743   0.15635   0.12301   0.03881   0.00808   1.62782   0.01223   0.00137   0.16163  
 45  0.0057   7514.632629  x:  1.84930   1.50633   1.87639   1.55791   0.62612   0.58591   0.87166   0.32027   0.63133   0.39461   0.27052   0.15718   2.83081   0.00000   0.16735   0.15643   0.12303   0.03882   0.00807   1.62788   0.01224   0.00137   0.15627  
 46  0.0031   7514.632595  x:  1.85035   1.50665   1.87678   1.55667   0.62621   0.58644   0.87192   0.32047   0.63152   0.39471   0.27045   0.15721   2.83230   0.00000   0.16739   0.15634   0.12299   0.03884   0.00806   1.62792   0.01223   0.00137   0.13810  
 47  0.0039   7514.632373  x:  1.85120   1.50773   1.87680   1.55637   0.62600   0.58773   0.87114   0.32113   0.63098   0.39492   0.27051   0.15717   2.83374   0.00000   0.16739   0.15644   0.12306   0.03883   0.00806   1.62797   0.01223   0.00137   0.05541  
 48  0.0103   7514.632204  x:  1.85165   1.50832   1.87682   1.55607   0.62590   0.58844   0.87075   0.32150   0.63070   0.39503   0.27054   0.15714   2.83457   0.00000   0.16739   0.15649   0.12309   0.03882   0.00806   1.62799   0.01223   0.00137   0.00010  
 49  1.8632   7514.632032  x:  1.84964   1.50631   1.87599   1.55728   0.62612   0.58624   0.87155   0.32042   0.63126   0.39466   0.27050   0.15718   2.83070   0.00000   0.16738   0.15640   0.12302   0.03883   0.00807   1.62791   0.01224   0.00137   0.00010  
 50  0.0068   7514.632025  x:  1.85011   1.50658   1.87653   1.55817   0.62621   0.58617   0.87157   0.32044   0.63128   0.39465   0.27050   0.15718   2.83128   0.00000   0.16737   0.15639   0.12302   0.03882   0.00807   1.62787   0.01223   0.00137   0.00010  
 51  0.0008   7514.632024  x:  1.84998   1.50650   1.87641   1.55793   0.62620   0.58616   0.87161   0.32042   0.63130   0.39465   0.27050   0.15718   2.83113   0.00000   0.16738   0.15639   0.12302   0.03883   0.00807   1.62788   0.01223   0.00137   0.00010  
 52  0.0003   7514.632023  x:  1.84990   1.50647   1.87636   1.55783   0.62621   0.58614   0.87166   0.32040   0.63134   0.39465   0.27050   0.15718   2.83106   0.00000   0.16738   0.15639   0.12302   0.03883   0.00807   1.62788   0.01223   0.00137   0.00010  
 53  0.0000   7514.632023  x:  1.84990   1.50647   1.87636   1.55783   0.62621   0.58614   0.87166   0.32040   0.63134   0.39465   0.27050   0.15718   2.83106   0.00000   0.16738   0.15639   0.12302   0.03883   0.00807   1.62788   0.01223   0.00137   0.00010  