

TREE # 1

  0  0.0000   2113.929131  x:  1.00915   1.29987   0.97734   0.32518   1.15062   0.43344   0.99033   0.29073   0.58272   0.68017   1.32078   0.26318   0.00103   0.26101   0.12075   0.00000   0.00209   2.00000   0.20000   0.20000   0.20000  
  1 99.0000   2113.928922  x:  1.00915   1.29988   0.97734   0.32518   1.15062   0.43344   0.99033   0.29073   0.58272   0.68017   1.32078   0.26318   0.00103   0.26101   0.12075   0.00000   0.00209   2.00000   0.20000   0.20000   0.20000  
  2 149.1180   2113.654528  x:  1.00954   1.30016   0.97783   0.32573   1.15030   0.43329   0.99042   0.29071   0.58274   0.67995   1.32102   0.26299   0.00121   0.26056   0.12127   0.00000   0.00000   1.99986   0.19992   0.19940   0.19948  
  3 455.1328   2113.224436  x:  1.01153   1.30168   0.98042   0.32845   1.14854   0.43255   0.99098   0.29059   0.58295   0.67881   1.32231   0.26151   0.00000   0.25848   0.12141   0.00000   0.00000   1.99907   0.20058   0.19605   0.19684  
  4 274.9394   2103.526573  x:  1.08866   1.36139   1.08121   0.41934   1.06863   0.39457   1.01601   0.28265   0.59352   0.63264   1.37389   0.23852   0.05268   0.21668   0.04104   0.00000   0.00000   1.96278   0.19801   0.03453   0.10962  
  5 206.0410   2102.498105  x:  1.09701   1.36831   1.09265   0.42600   1.05682   0.38897   1.01995   0.28136   0.59566   0.62730   1.37968   0.23895   0.05270   0.22711   0.04074   0.00000   0.00000   1.95726   0.19870   0.01045   0.10814  
  6 111.9348   2092.272577  x:  1.31498   1.54900   1.39130   0.59872   0.74444   0.24124   1.12332   0.24743   0.65174   0.48734   1.53165   0.25351   0.06436   0.50256   0.01328   0.00000   0.00000   1.81103   0.19817   0.01780   0.07816  
  7 63.7713   2091.047107  x:  1.35367   1.58187   1.44749   0.59912   0.66859   0.22352   1.15387   0.25381   0.67048   0.47768   1.56223   0.27365   0.06193   0.48026   0.01036   0.00000   0.00000   1.78103   0.19718   0.01776   0.14279  
  8 32.9175   2087.494033  x:  1.42502   1.65101   1.56820   0.44456   0.42568   0.20481   1.26774   0.29683   0.74379   0.50276   1.63849   0.34963   0.04592   0.43592   0.02430   0.00000   0.00000   1.69596   0.19676   0.01962   0.12045  
  9 33.1108   2084.366656  x:  1.56632   1.74772   1.75082   0.37283   0.35048   0.50425   1.41472   0.43246   0.75487   0.56435   1.82847   0.27317   0.06955   0.47551   0.03117   0.00000   0.00000   1.63936   0.16631   0.02045   0.14465  
 10 14.9986   2080.098686  x:  1.71878   1.79161   1.85296   0.40785   0.40448   0.60177   1.48957   0.18468   0.65786   0.48474   2.17029   0.27555   0.05687   0.48219   0.04722   0.00000   0.00000   1.82217   0.14946   0.02083   0.17256  
 11  7.6443   2077.714005  x:  1.84932   1.79226   1.85202   0.59050   0.51507   0.44733   1.39750   0.34879   0.76544   0.58315   2.36612   0.27392   0.05246   0.51367   0.05584   0.00000   0.00000   1.99320   0.13580   0.01977   0.18710  
 12  7.2286   2076.081257  x:  1.93423   1.80764   1.84372   0.62216   0.58178   0.38101   1.28591   0.41817   0.67807   0.49732   2.37631   0.17870   0.08355   0.52111   0.06872   0.00000   0.00000   2.01134   0.15286   0.01804   0.21172  
 13  3.9693   2075.366713  x:  1.98752   1.83436   1.87494   0.68595   0.64673   0.41613   1.24696   0.39518   0.68559   0.49634   2.33296   0.26112   0.06981   0.51303   0.07043   0.00000   0.00000   1.96473   0.15728   0.01691   0.20048  
 14  5.0516   2073.928612  x:  2.06672   1.88969   1.95265   0.78414   0.71280   0.42408   1.23874   0.25646   0.80443   0.57294   2.15785   0.18103   0.09666   0.49926   0.08054   0.00000   0.00000   1.83232   0.15205   0.01287   0.21115  
 15  6.4736   2070.918551  x:  2.17259   1.99113   2.14036   0.99421   0.72974   0.39327   1.42019   0.31983   0.75532   0.46978   1.75400   0.15750   0.10994   0.44725   0.09347   0.00000   0.00000   1.71414   0.13174   0.00378   0.20403  
 16  6.0560   2067.537822  x:  2.28081   2.15420   2.46770   1.19368   0.39489   0.52502   1.56986   0.28657   0.68710   0.62227   1.64252   0.13003   0.14485   0.38091   0.10300   0.00000   0.00000   2.14256   0.14069   0.00378   0.19150  
 17  3.5707   2062.448768  x:  2.37046   2.33206   2.82833   1.24918   0.27542   0.59780   1.63968   0.35420   0.91999   0.36594   2.03128   0.08920   0.17291   0.20309   0.12677   0.00000   0.00000   2.16278   0.12044   0.01126   0.17011  
 18  4.4749   2060.712440  x:  2.44388   2.41040   2.99730   1.24163   0.33104   0.48850   1.72642   0.36911   0.76994   0.50199   2.27523   0.08590   0.17350   0.14018   0.13507   0.00000   0.00000   2.03674   0.10887   0.01380   0.15785  
 19  8.0091   2058.512983  x:  2.74330   2.26495   3.27099   1.13625   0.61071   0.32724   2.17879   0.39588   0.87034   0.50958   2.82784   0.10149   0.17348   0.18688   0.14685   0.00000   0.00000   2.06542   0.10491   0.01320   0.12540  
 20  1.6445   2057.014985  x:  3.09276   2.30814   3.40844   1.12553   0.49323   0.37321   1.84987   0.44017   0.79380   0.56764   3.10123   0.13013   0.15962   0.23120   0.15371   0.00000   0.00000   1.92717   0.09758   0.01222   0.09259  
 21  2.0990   2055.710331  x:  3.73360   2.75945   3.77917   1.11508   0.65948   0.38518   1.86382   0.48247   0.94706   0.50245   3.15140   0.10395   0.17128   0.18939   0.18210   0.00000   0.00000   2.04474   0.08716   0.01637   0.08201  
 22  0.9450   2054.782346  x:  3.98214   2.82976   3.79218   1.40005   0.53209   0.49630   2.02508   0.48988   0.99728   0.49843   3.28570   0.07006   0.18693   0.16253   0.20402   0.00000   0.00000   1.94784   0.08614   0.01808   0.07792  
 23  1.8414   2054.149669  x:  4.03545   2.94768   4.06618   1.65067   0.53203   0.53112   2.17668   0.51435   0.99695   0.52606   3.27055   0.06738   0.18752   0.17874   0.22132   0.00000   0.00000   1.89964   0.07613   0.02459   0.09578  
 24  0.7659   2053.611648  x:  4.06350   3.07980   4.56743   1.79936   0.51445   0.57548   2.17755   0.55792   1.01898   0.57223   3.42614   0.12355   0.16770   0.17730   0.23803   0.00000   0.00000   1.97380   0.07560   0.02661   0.09615  
 25  0.6869   2053.360814  x:  4.26951   3.21627   4.80805   1.88819   0.50431   0.59611   2.36395   0.58329   1.07508   0.60097   3.66402   0.13180   0.16023   0.17089   0.25253   0.00000   0.00000   2.00934   0.06848   0.02682   0.08395  
 26  0.6917   2053.016140  x:  4.67861   3.41905   5.20971   1.91456   0.53032   0.58738   2.55458   0.62580   1.13276   0.66975   4.01930   0.10400   0.14672   0.16751   0.27557   0.00000   0.00000   2.09288   0.06566   0.02625   0.08922  
 27  0.5139   2052.829685  x:  5.01887   3.56094   5.35826   1.97253   0.55528   0.59599   2.80795   0.65715   1.16877   0.69791   4.17244   0.13783   0.11456   0.17788   0.28523   0.00000   0.00000   2.02215   0.06107   0.02811   0.08174  
 28  0.2683   2052.732788  x:  5.08247   3.64840   5.54257   1.94613   0.57936   0.61433   2.86670   0.68136   1.22763   0.69384   4.32140   0.14757   0.09595   0.17250   0.28783   0.00000   0.00000   1.99872   0.05916   0.02517   0.09232  
 29  0.1606   2052.670181  x:  4.96058   3.65815   5.62400   1.88468   0.58321   0.61780   2.85221   0.69198   1.24562   0.69099   4.33059   0.14733   0.09293   0.17861   0.27842   0.00000   0.00000   1.99580   0.06040   0.02187   0.08922  
 30  0.0884   2052.594108  x:  4.97436   3.76306   5.83795   1.88217   0.58548   0.63896   2.92237   0.71907   1.28151   0.70416   4.39313   0.14736   0.09022   0.18313   0.27357   0.00000   0.00000   2.00918   0.05756   0.01934   0.08622  
 31  0.2028   2052.432930  x:  5.17327   3.77033   5.91039   1.91800   0.54662   0.68614   3.01877   0.73682   1.26108   0.72143   4.11604   0.14725   0.10002   0.18607   0.24773   0.00000   0.00000   2.01936   0.05748   0.01946   0.09291  
 32  0.1192   2052.270782  x:  5.70115   3.97025   6.45368   2.09683   0.53253   0.72061   3.24741   0.80291   1.31432   0.77891   4.43451   0.13278   0.09374   0.17809   0.24789   0.00000   0.00000   1.98284   0.05168   0.01837   0.09661  
 33  0.2457   2052.058854  x:  6.04484   4.13870   6.86328   2.31625   0.54230   0.71910   3.35085   0.84204   1.33709   0.81276   4.72200   0.12586   0.10907   0.17479   0.23219   0.00000   0.00000   2.00830   0.05108   0.01823   0.09621  
 34  0.2620   2051.836541  x:  6.62228   4.55886   7.57511   2.60933   0.59837   0.74104   3.67101   0.91993   1.43416   0.87433   5.20619   0.13720   0.10736   0.17950   0.22485   0.00000   0.00000   2.04164   0.04423   0.01869   0.09557  
 35  1.2002   2051.705897  x:  7.02444   4.94510   8.03446   2.85448   0.74063   0.71873   3.90462   0.95017   1.56558   0.90324   5.79145   0.15345   0.09968   0.19169   0.22236   0.00000   0.00000   2.07973   0.04127   0.02071   0.09609  
 36  0.4011   2051.633904  x:  7.35657   5.11709   8.35087   2.98741   0.77570   0.75961   4.07985   0.97011   1.67183   0.93885   6.06789   0.13900   0.10007   0.18123   0.21117   0.00000   0.00000   2.06339   0.03925   0.01941   0.09873  
 37  0.2579   2051.571908  x:  7.83597   5.41153   8.69806   3.28326   0.81863   0.83225   4.34137   0.97887   1.82232   1.02482   6.48056   0.14253   0.09399   0.18161   0.22096   0.00000   0.00000   2.06867   0.03659   0.02471   0.09699  
 38  0.2336   2051.526412  x:  8.15305   5.69607   9.12174   3.48494   0.81142   0.92852   4.54907   1.01518   1.95435   1.11213   6.74073   0.14681   0.09673   0.18417   0.20914   0.00000   0.00000   2.09097   0.03448   0.02367   0.09723  
 39  0.3130   2051.516781  x:  8.13336   5.70169   9.11943   3.48651   0.80136   0.94461   4.54626   1.01408   1.96645   1.12288   6.72682   0.14690   0.09782   0.18437   0.20826   0.00000   0.00000   2.09325   0.03484   0.02335   0.09720  
 40  0.2029   2051.475951  x:  8.44059   5.99932   9.59864   3.68034   0.79347   1.04301   4.73823   1.06259   2.12115   1.24698   7.06316   0.14207   0.09629   0.18092   0.21700   0.00000   0.00000   2.09044   0.03262   0.02235   0.09782  
 41  0.3316   2051.444955  x:  8.57463   6.17626   9.91563   3.73911   0.82935   1.03555   4.81790   1.12211   2.16706   1.32463   7.19970   0.14240   0.10280   0.18476   0.22111   0.00000   0.00000   2.08551   0.03205   0.02135   0.09684  
 42  0.1208   2051.426653  x:  8.92547   6.42848  10.32047   3.88757   0.87741   1.05293   5.00717   1.17495   2.25990   1.40295   7.48249   0.14160   0.10491   0.18412   0.22030   0.00000   0.00000   2.08945   0.03029   0.02140   0.09673  
 43  0.6942   2051.409202  x:  9.23019   6.53426  10.49421   3.91424   0.94448   1.00188   5.13786   1.21473   2.27682   1.42378   7.63255   0.13896   0.10485   0.17995   0.21775   0.00000   0.00000   2.09390   0.02980   0.02181   0.09720  
 44  0.2352   2051.401037  x:  9.59480   6.76033  10.79820   4.03573   0.96550   1.03426   5.33477   1.26018   2.36826   1.49351   7.90821   0.14337   0.10035   0.18344   0.21931   0.00000   0.00000   2.10151   0.02862   0.02169   0.09740  
 45  0.2640   2051.397125  x:  9.65387   6.77382  10.80063   4.04466   0.95219   1.04614   5.36352   1.26374   2.37687   1.49554   7.93960   0.14460   0.09896   0.18420   0.21957   0.00000   0.00000   2.10345   0.02872   0.02153   0.09746  
 46  0.0805   2051.392372  x:  9.97603   6.95781  11.09190   4.17515   0.95363   1.08578   5.52965   1.30245   2.45474   1.54779   8.18344   0.14185   0.10190   0.18188   0.21865   0.00000   0.00000   2.10680   0.02775   0.02131   0.09740  
 47  0.3151   2051.389899  x: 10.06837   7.02050  11.21797   4.23310   0.95181   1.09609   5.57757   1.31602   2.47142   1.54987   8.28992   0.13949   0.10535   0.18272   0.21913   0.00000   0.00000   2.10604   0.02753   0.02164   0.09723  
 48  0.0776   2051.388253  x: 10.16408   7.10694  11.37993   4.27765   0.96453   1.10433   5.63709   1.33231   2.49894   1.55823   8.41328   0.14082   0.10388   0.18317   0.21973   0.00000   0.00000   2.10901   0.02712   0.02146   0.09743  
 49  0.1155   2051.387461  x: 10.07595   7.07026  11.34822   4.24678   0.96317   1.09905   5.59869   1.32288   2.48052   1.53771   8.36769   0.14169   0.10248   0.18281   0.21961   0.00000   0.00000   2.10902   0.02735   0.02134   0.09750  
 50  0.1013   2051.386935  x: 10.10951   7.10541  11.42634   4.26737   0.96017   1.11350   5.62656   1.32608   2.49001   1.54442   8.38365   0.14108   0.10277   0.18231   0.21899   0.00000   0.00000   2.10937   0.02720   0.02156   0.09730  
 51  0.0338   2051.386745  x: 10.12036   7.11565  11.43872   4.26504   0.96149   1.11440   5.63400   1.32657   2.48930   1.54934   8.37589   0.14167   0.10245   0.18268   0.21947   0.00000   0.00000   2.10991   0.02719   0.02169   0.09739  
 52  0.0114   2051.386641  x: 10.15716   7.14076  11.47505   4.26915   0.96571   1.11498   5.65235   1.32890   2.49422   1.55465   8.40133   0.14130   0.10272   0.18243   0.21948   0.00000   0.00000   2.11025   0.02711   0.02154   0.09749  
 53  0.0188   2051.386539  x: 10.15328   7.13992  11.45987   4.26380   0.96520   1.11640   5.64901   1.32113   2.49294   1.55363   8.40056   0.14136   0.10284   0.18272   0.21949   0.00000   0.00000   2.10977   0.02713   0.02153   0.09731  
 54  0.0052   2051.386526  x: 10.14978   7.13717  11.45742   4.26176   0.96527   1.11628   5.64664   1.31924   2.49231   1.55336   8.39775   0.14134   0.10280   0.18256   0.21953   0.00000   0.00000   2.10974   0.02713   0.02154   0.09739  
 55  0.0041   2051.386516  x: 10.14362   7.12805  11.45472   4.25850   0.96433   1.11448   5.64183   1.31813   2.49051   1.55275   8.39231   0.14131   0.10287   0.18264   0.21945   0.00000   0.00000   2.10975   0.02716   0.02155   0.09745  
 56  0.0028   2051.386509  x: 10.15286   7.13036  11.46602   4.26042   0.96411   1.11474   5.64617   1.31878   2.49272   1.55430   8.39973   0.14139   0.10277   0.18262   0.21948   0.00000   0.00000   2.10982   0.02714   0.02155   0.09739  
 57  0.0084   2051.386508  x: 10.15107   7.13064  11.46316   4.25986   0.96437   1.11463   5.64579   1.31858   2.49290   1.55402   8.39835   0.14139   0.10275   0.18258   0.21949   0.00000   0.00000   2.10974   0.02714   0.02155   0.09740  
 58  0.0012   2051.386506  x: 10.15319   7.13329  11.46725   4.26067   0.96469   1.11453   5.64763   1.31889   2.49462   1.55454   8.40117   0.14139   0.10278   0.18260   0.21947   0.00000   0.00000   2.10980   0.02713   0.02156   0.09740  
 59  0.0024   2051.386506  x: 10.15239   7.13283  11.46645   4.26036   0.96455   1.11451   5.64708   1.31882   2.49426   1.55440   8.40043   0.14138   0.10279   0.18260   0.21948   0.00000   0.00000   2.10981   0.02713   0.02156   0.09740  
 60  0.0012   2051.386506  x: 10.15156   7.13256  11.46547   4.25997   0.96442   1.11443   5.64659   1.31874   2.49402   1.55422   8.39963   0.14137   0.10279   0.18260   0.21948   0.00000   0.00000   2.10981   0.02714   0.02156   0.09740  
 61  0.0015   2051.386506  x: 10.15109   7.13243  11.46473   4.25968   0.96433   1.11435   5.64630   1.31870   2.49390   1.55407   8.39908   0.14137   0.10279   0.18260   0.21948   0.00000   0.00000   2.10980   0.02714   0.02156   0.09740  
 62  0.0017   2051.386506  x: 10.15096   7.13240  11.46440   4.25956   0.96430   1.11430   5.64621   1.31868   2.49387   1.55400   8.39887   0.14137   0.10279   0.18260   0.21948   0.00000   0.00000   2.10979   0.02714   0.02156   0.09740  
 63  0.0008   2051.386506  x: 10.15095   7.13239  11.46428   4.25951   0.96429   1.11429   5.64619   1.31868   2.49387   1.55397   8.39879   0.14137   0.10279   0.18260   0.21948   0.00000   0.00000   2.10978   0.02714   0.02156   0.09740  
 64  0.0003   2051.386506  x: 10.15095   7.13238  11.46423   4.25948   0.96428   1.11428   5.64618   1.31867   2.49387   1.55396   8.39876   0.14138   0.10279   0.18260   0.21948   0.00000   0.00000   2.10978   0.02714   0.02156   0.09740  
 65  0.0002   2051.386506  x: 10.15096   7.13238  11.46421   4.25947   0.96428   1.11427   5.64618   1.31867   2.49387   1.55395   8.39875   0.14138   0.10279   0.18260   0.21948   0.00000   0.00000   2.10978   0.02714   0.02156   0.09740  
 66  0.0001   2051.386506  x: 10.15096   7.13237  11.46421   4.25947   0.96428   1.11427   5.64617   1.31867   2.49387   1.55395   8.39875   0.14138   0.10279   0.18260   0.21948   0.00000   0.00000   2.10978   0.02714   0.02156   0.09740  
 67  0.0001   2051.386506  x: 10.15097   7.13236  11.46420   4.25946   0.96428   1.11427   5.64617   1.31867   2.49387   1.55394   8.39874   0.14138   0.10279   0.18260   0.21948   0.00000   0.00000   2.10978   0.02714   0.02156   0.09740  