

TREE # 1

  0  0.0000   6808.215105  x:  0.07640   1.57617   1.86381   0.38539   1.27147   0.13535   1.12268   0.29612   0.67835   0.51259   0.36779   0.27379   1.38077   0.22119   0.09157   0.12856   0.12021   0.09570   0.00000   2.00000   0.20000   0.20000   0.20000  
  1 99.0000   6787.900555  x:  0.08591   1.57744   1.86639   0.39283   1.26984   0.13554   1.11888   0.29702   0.67510   0.50808   0.36239   0.27085   1.38255   0.22053   0.09289   0.12675   0.12247   0.09035   0.07710   1.99803   0.15372   0.18518   0.19731  
  2 1067.5994   6776.283701  x:  0.10667   1.58106   1.87254   0.40876   1.26804   0.13777   1.11309   0.30089   0.67050   0.50095   0.35319   0.26651   1.38716   0.21939   0.09560   0.12179   0.12099   0.07161   0.06704   1.99266   0.12081   0.15569   0.19385  
  3 393.9279   6744.955246  x:  0.17945   1.59462   1.89496   0.46470   1.26320   0.14721   1.09470   0.31632   0.65641   0.47796   0.32292   0.25322   1.40430   0.21624   0.10558   0.10699   0.11901   0.01583   0.07314   1.97240   0.12332   0.05436   0.18180  
  4 754.9603   6739.455660  x:  0.20228   1.59904   1.90252   0.48288   1.26154   0.15017   1.08842   0.32151   0.65171   0.47020   0.31319   0.24950   1.41010   0.21676   0.11011   0.10489   0.12116   0.02770   0.07274   1.96524   0.12241   0.03088   0.17838  
  5 609.6248   6689.196122  x:  0.59278   1.67616   2.03676   0.79899   1.23177   0.20054   0.97604   0.41316   0.56920   0.33259   0.14611   0.19145   1.51295   0.24194   0.20120   0.08538   0.17011   0.06091   0.07436   1.83465   0.11329   0.07356   0.11621  
  6 454.8438   6669.994092  x:  0.78070   1.72347   2.14246   0.97747   1.20483   0.21298   0.88407   0.47519   0.53561   0.25724   0.25041   0.37356   1.58658   0.21833   0.18756   0.12126   0.16960   0.07235   0.07719   1.72817   0.10230   0.08698   0.06035  
  7 211.0234   6665.845488  x:  0.78440   1.73654   2.19389   1.00937   1.19041   0.19952   0.84193   0.49346   0.55515   0.26345   0.24544   0.37851   1.61461   0.18826   0.13699   0.10091   0.11883   0.08156   0.07943   1.67992   0.10144   0.09559   0.03874  
  8 75.6248   6661.881418  x:  0.75105   1.75627   2.29039   1.04251   1.16436   0.16913   0.76757   0.52073   0.60044   0.28775   0.22950   0.36719   1.66290   0.18405   0.09340   0.15587   0.12168   0.07846   0.07924   1.59520   0.09878   0.09316   0.02507  
  9 89.0270   6656.014965  x:  0.66395   1.79128   2.47652   1.09095   1.11756   0.11668   0.63291   0.56633   0.67371   0.32197   0.22763   0.36891   1.75305   0.24341   0.11175   0.14934   0.10890   0.07354   0.08134   1.44185   0.09459   0.08712   0.06337  
 10 145.8015   6653.783012  x:  0.59969   1.80726   2.57693   1.10292   1.10524   0.12166   0.59258   0.57943   0.67703   0.30617   0.22812   0.36836   1.79715   0.23698   0.11043   0.10934   0.15979   0.07082   0.07980   1.39154   0.09369   0.08485   0.04139  
 11 65.6302   6650.791081  x:  0.48699   1.83619   2.76070   1.11783   1.10211   0.17454   0.57904   0.59065   0.63460   0.24000   0.22341   0.35790   1.87183   0.22238   0.14256   0.12579   0.13806   0.06782   0.08022   1.35770   0.09280   0.08073   0.01924  
 12 53.4327   6649.820002  x:  0.44469   1.85171   2.84945   1.12887   1.10160   0.19914   0.58125   0.59629   0.61392   0.21559   0.22238   0.35251   1.90726   0.20278   0.14141   0.13108   0.13790   0.06647   0.08062   1.35096   0.09201   0.08007   0.04797  
 13 126.1977   6646.457470  x:  0.37915   1.93047   3.20976   1.18579   1.10223   0.24344   0.68721   0.61621   0.59373   0.30575   0.25689   0.32662   2.03785   0.19413   0.15462   0.12667   0.14130   0.06613   0.08275   1.44147   0.08401   0.08043   0.04847  
 14 38.8973   6644.879615  x:  0.37533   1.98112   3.39678   1.17627   1.09578   0.17471   0.71675   0.55230   0.58315   0.28211   0.22779   0.35308   2.08334   0.22854   0.12757   0.12346   0.14243   0.06573   0.08230   1.52166   0.08538   0.07974   0.04709  
 15 24.8137   6644.030814  x:  0.42120   2.02525   3.50934   1.11276   1.15689   0.17484   0.71530   0.52202   0.64991   0.26349   0.22269   0.36092   2.06899   0.19541   0.15575   0.12443   0.14325   0.06638   0.08282   1.53393   0.08376   0.08054   0.04788  
 16  8.9712   6642.963437  x:  0.47439   2.07279   3.62199   1.02681   1.23916   0.17916   0.72015   0.57707   0.63238   0.25584   0.23287   0.35009   2.02051   0.23904   0.12082   0.12106   0.14288   0.06584   0.08359   1.51572   0.08208   0.07942   0.04769  
 17  9.0923   6641.319448  x:  0.50126   2.11101   3.72605   1.00455   1.25866   0.12950   0.70714   0.60435   0.55231   0.30757   0.22728   0.35154   1.95083   0.18844   0.16095   0.12542   0.14183   0.06464   0.08321   1.49708   0.08497   0.07786   0.04737  
 18  6.9666   6635.118978  x:  0.51105   2.19103   3.99976   1.20103   1.24295   0.28527   0.72302   0.53656   0.60043   0.37365   0.20221   0.37479   1.78943   0.24088   0.12847   0.12084   0.14139   0.05753   0.08366   1.49463   0.09124   0.06845   0.05441  
 19  9.3432   6631.995373  x:  0.50713   2.22617   4.06959   1.29216   1.21790   0.20625   0.83364   0.68279   0.72405   0.26278   0.24327   0.32955   1.86842   0.22452   0.14721   0.11852   0.14433   0.05344   0.08385   1.53247   0.09237   0.06354   0.05285  
 20 13.8586   6630.142291  x:  0.51674   2.26187   4.04488   1.28289   1.30837   0.19835   0.89206   0.72814   0.73871   0.28679   0.15460   0.40832   2.12149   0.22144   0.15503   0.11618   0.14609   0.04932   0.08438   1.51381   0.08885   0.05853   0.05440  
 21  9.7202   6627.938441  x:  0.57344   2.33570   3.99983   1.26021   1.42441   0.18175   0.86891   0.65769   0.69969   0.30940   0.22204   0.34007   2.49888   0.22687   0.14978   0.11628   0.14415   0.04691   0.08364   1.49913   0.08794   0.05502   0.05509  
 22 19.0960   6626.320319  x:  0.61928   2.47512   4.02935   1.21717   1.32007   0.25558   0.74275   0.73263   0.69849   0.32202   0.21053   0.34656   2.60946   0.21909   0.15594   0.11683   0.14159   0.04555   0.08078   1.61460   0.08757   0.05274   0.05714  
 23  3.3546   6621.455855  x:  0.76090   2.86435   4.20517   1.21108   1.03757   0.33579   0.87479   0.72209   0.69197   0.32454   0.20105   0.34378   2.73236   0.20895   0.16292   0.11301   0.13835   0.04005   0.07328   1.46559   0.07699   0.04321   0.05732  
 24  7.6505   6615.660655  x:  0.76790   3.08110   4.48134   1.58793   1.29025   0.25545   0.85686   0.76327   0.70037   0.31700   0.18694   0.34343   2.72296   0.19996   0.16902   0.10761   0.13471   0.03313   0.06297   1.47172   0.06531   0.03212   0.05679  
 25  8.6546   6610.826065  x:  1.07452   2.16467   4.99465   1.62329   1.24382   0.27215   0.81874   0.79379   0.70574   0.31504   0.19088   0.33709   2.84106   0.18536   0.17112   0.10397   0.12794   0.03773   0.05003   1.47081   0.06457   0.03372   0.05557  
 26  4.6015   6604.130462  x:  1.21804   2.63290   5.31000   2.04474   1.43061   0.22166   0.84771   0.82821   0.73929   0.28687   0.19293   0.35167   2.85219   0.16479   0.16677   0.09788   0.12291   0.06015   0.02587   1.50369   0.05717   0.05671   0.05064  
 27  0.7821   6601.103563  x:  1.32230   2.63379   5.50391   2.18970   1.49583   0.21479   0.85815   0.84538   0.76050   0.27596   0.19287   0.34869   2.83964   0.18375   0.16582   0.11224   0.13199   0.06088   0.01437   1.52463   0.06109   0.05497   0.04958  
 28  0.4830   6598.171062  x:  1.57299   2.99599   6.08592   2.27245   1.54780   0.31230   1.02420   0.94594   0.84005   0.31447   0.16857   0.38869   3.31370   0.21292   0.18016   0.12901   0.14339   0.05500   0.01919   1.47340   0.05154   0.04434   0.04781  
 29  0.4816   6595.881126  x:  1.89488   3.34747   6.97962   2.60118   1.74723   0.35558   1.12492   1.10362   0.92221   0.32287   0.16870   0.40563   3.78361   0.19150   0.18720   0.09837   0.13148   0.05803   0.02360   1.50629   0.04719   0.04400   0.03876  
 30  0.4758   6595.118882  x:  2.07065   3.52020   7.44197   2.78238   1.83850   0.37367   1.17663   1.17805   0.95814   0.32761   0.16571   0.41112   4.02235   0.18315   0.18973   0.10116   0.13128   0.05908   0.01998   1.51285   0.04224   0.04471   0.03736  
 31  1.1758   6594.380807  x:  2.25666   3.67564   7.94613   3.01300   1.96673   0.37108   1.22222   1.25527   0.98169   0.33316   0.16444   0.40745   4.22526   0.17558   0.18527   0.12500   0.13747   0.05915   0.02071   1.52226   0.04019   0.04905   0.04072  
 32  0.4955   6593.937162  x:  2.52993   3.93142   8.75127   3.34007   2.11299   0.38182   1.30428   1.37513   1.01373   0.34562   0.15504   0.41585   4.55786   0.19026   0.17727   0.11096   0.13344   0.05639   0.02068   1.50321   0.03670   0.04915   0.04385  
 33  0.3596   6593.890220  x:  2.55093   3.95920   8.82634   3.37228   2.12157   0.38158   1.31254   1.38824   1.01456   0.34757   0.15381   0.41796   4.58591   0.18701   0.18071   0.11237   0.13464   0.05551   0.02151   1.50731   0.03690   0.04891   0.04456  
 34  0.1074   6593.857751  x:  2.62320   4.05597   9.04825   3.45962   2.15794   0.38819   1.34249   1.42600   1.02756   0.35245   0.15120   0.42376   4.69438   0.18152   0.18586   0.11463   0.13572   0.05484   0.02234   1.51243   0.03579   0.04865   0.04492  
 35  0.3530   6593.845225  x:  2.67150   4.12605   9.20081   3.52438   2.17451   0.39279   1.36644   1.45120   1.03518   0.35625   0.14937   0.42840   4.76862   0.18006   0.18778   0.11414   0.13443   0.05530   0.02138   1.51230   0.03524   0.04873   0.04478  
 36  0.0988   6593.839801  x:  2.66830   4.16200   9.22182   3.53045   2.17424   0.39589   1.38068   1.45701   1.03978   0.35825   0.14912   0.43000   4.79593   0.18233   0.18559   0.11391   0.13524   0.05593   0.02177   1.51070   0.03511   0.04862   0.04407  
 37  0.0211   6593.837269  x:  2.65936   4.17959   9.23092   3.53356   2.17709   0.39729   1.38744   1.46145   1.04375   0.35903   0.14877   0.42916   4.81426   0.18171   0.18527   0.11455   0.13514   0.05612   0.02135   1.51180   0.03500   0.04853   0.04394  
 38  0.0114   6593.835105  x:  2.63506   4.17891   9.21551   3.52597   2.18074   0.39656   1.38783   1.46244   1.04502   0.35907   0.14895   0.42795   4.81749   0.18158   0.18590   0.11423   0.13464   0.05582   0.02150   1.51230   0.03508   0.04859   0.04427  
 39  0.0103   6593.834252  x:  2.63802   4.19333   9.25502   3.54105   2.19013   0.39735   1.39264   1.46988   1.04685   0.35979   0.14871   0.42912   4.83752   0.18135   0.18632   0.11401   0.13504   0.05563   0.02157   1.51181   0.03491   0.04869   0.04442  
 40  0.0299   6593.833834  x:  2.63193   4.19082   9.25954   3.54183   2.19065   0.39757   1.39140   1.47042   1.04573   0.35950   0.14876   0.42976   4.83706   0.18155   0.18592   0.11430   0.13505   0.05572   0.02144   1.51125   0.03493   0.04872   0.04432  
 41  0.0036   6593.833633  x:  2.62696   4.18813   9.26066   3.54002   2.18968   0.39804   1.38944   1.46988   1.04487   0.35913   0.14871   0.42985   4.83474   0.18166   0.18573   0.11429   0.13486   0.05577   0.02151   1.51128   0.03494   0.04864   0.04421  
 42  0.0033   6593.833564  x:  2.62454   4.18735   9.26153   3.53913   2.18799   0.39824   1.38845   1.46904   1.04448   0.35899   0.14876   0.42948   4.83284   0.18148   0.18595   0.11416   0.13507   0.05579   0.02149   1.51144   0.03496   0.04863   0.04421  
 43  0.0017   6593.833541  x:  2.62429   4.18875   9.26483   3.53999   2.18755   0.39834   1.38871   1.46895   1.04458   0.35905   0.14880   0.42938   4.83355   0.18154   0.18603   0.11424   0.13499   0.05581   0.02149   1.51132   0.03495   0.04865   0.04423  
 44  0.0024   6593.833533  x:  2.62347   4.18835   9.26425   3.53958   2.18698   0.39822   1.38865   1.46832   1.04463   0.35904   0.14885   0.42938   4.83291   0.18156   0.18591   0.11422   0.13499   0.05579   0.02150   1.51125   0.03495   0.04866   0.04425  
 45  0.0005   6593.833532  x:  2.62338   4.18819   9.26415   3.53954   2.18687   0.39816   1.38862   1.46815   1.04466   0.35904   0.14882   0.42942   4.83279   0.18155   0.18595   0.11423   0.13498   0.05578   0.02150   1.51134   0.03496   0.04865   0.04425  
 46  0.0002   6593.833532  x:  2.62332   4.18816   9.26413   3.53958   2.18694   0.39811   1.38865   1.46810   1.04468   0.35905   0.14880   0.42945   4.83289   0.18155   0.18595   0.11423   0.13499   0.05579   0.02150   1.51134   0.03496   0.04865   0.04424  
 47  0.0001   6593.833532  x:  2.62334   4.18809   9.26411   3.53961   2.18697   0.39809   1.38863   1.46807   1.04467   0.35905   0.14880   0.42944   4.83290   0.18155   0.18595   0.11423   0.13499   0.05579   0.02150   1.51132   0.03496   0.04865   0.04424  
 48  0.0000   6593.833532  x:  2.62338   4.18816   9.26425   3.53971   2.18702   0.39808   1.38864   1.46808   1.04469   0.35905   0.14880   0.42944   4.83305   0.18155   0.18595   0.11423   0.13499   0.05579   0.02150   1.51133   0.03496   0.04865   0.04424  