   11
BAM_023430  0.000000  0.759559  0.763981  1.605001  1.249315  0.518376
  0.272529  0.326384  0.230981  0.759559  0.798118
BA_4507xxx  0.759559  0.000000  0.058514  1.545516  1.421859  0.975129
  0.901022  0.745948  0.873834  0.000010  0.096645
BC_4281xxx  0.763981  0.058514  0.000000  1.515535  1.405932  0.938781
  0.897014  0.742315  0.852366  0.058514  0.070714
NT03BC1953  1.605001  1.545516  1.515535  0.000000  0.958996  1.577497
  1.762553  1.447067  1.627575  1.545516  1.567655
BH1387xxxx  1.249315  1.421859  1.405932  0.958996  0.000000  1.333482
  1.181781  1.049525  1.139941  1.426765  1.431521
NT03BL2857  0.518376  0.975129  0.938781  1.577497  1.333482  0.000000
  0.497179  0.420043  0.435995  1.010228  0.995329
Bmo1156xxx  0.272529  0.901022  0.897014  1.762553  1.181781  0.497179
  0.000000  0.355970  0.120481  0.901022  0.929564
BPUM_2245x  0.326384  0.745948  0.742315  1.447067  1.049525  0.420043
  0.355970  0.000000  0.283587  0.745948  0.763779
BG11666xxx  0.230981  0.873834  0.852366  1.627575  1.139941  0.435995
  0.120481  0.283587  0.000000  0.873834  0.889452
NT02BT4279  0.759559  0.000010  0.058514  1.545516  1.426765  1.010228
  0.901022  0.745948  0.873834  0.000000  0.096645
KBAB4_4136  0.798118  0.096645  0.070714  1.567655  1.431521  0.995329
  0.929564  0.763779  0.889452  0.096645  0.000000
