

TREE # 1

  0  0.0000   6981.996911  x:  0.32202   1.41858   1.64834   0.36014   1.32877   0.06546   1.55813   0.49226   0.66376   0.77352   1.27573   0.23630   0.00798   0.24630   0.04808   0.00000   0.00000   2.00000   0.20000   0.20000   0.20000  
  1 99.0000   6981.995877  x:  0.32202   1.41858   1.64834   0.36014   1.32877   0.06546   1.55813   0.49226   0.66376   0.77352   1.27573   0.23630   0.00798   0.24630   0.04808   0.00000   0.00000   2.00000   0.20000   0.20000   0.20000  
  2 605.5808   6970.942573  x:  0.34552   1.42212   1.65548   0.41387   1.33343   0.10231   1.55557   0.49459   0.65498   0.76562   1.29436   0.22133   0.01471   0.20920   0.03308   0.00000   0.00000   1.98183   0.15892   0.17641   0.17947  
  3 239.3578   6943.045943  x:  0.42657   1.43676   1.68257   0.59234   1.35192   0.22419   1.55029   0.50582   0.63010   0.74301   1.35881   0.17529   0.03706   0.09848   0.04785   0.00000   0.00000   1.91678   0.16978   0.09873   0.11556  
  4 739.4272   6925.618782  x:  0.52136   1.45541   1.72085   0.78769   1.37306   0.34387   1.54276   0.51306   0.60265   0.71779   1.43834   0.14358   0.04647   0.20003   0.04860   0.00000   0.00000   1.82675   0.16251   0.03887   0.11922  
  5 251.6159   6917.471107  x:  0.59131   1.47087   1.75533   0.92290   1.38813   0.41685   1.53714   0.51485   0.58646   0.70289   1.50014   0.17098   0.07857   0.23236   0.04616   0.00000   0.00000   1.75100   0.15779   0.11650   0.14467  
  6 263.4761   6914.375198  x:  0.61653   1.47994   1.77974   0.95638   1.39276   0.41573   1.53558   0.51031   0.59006   0.70613   1.52800   0.17583   0.02086   0.23343   0.05167   0.00000   0.00000   1.71141   0.15287   0.14332   0.14268  
  7 84.4385   6911.111600  x:  0.64449   1.49435   1.82155   0.97656   1.39772   0.38366   1.53527   0.50104   0.60498   0.71952   1.56660   0.22583   0.00000   0.22881   0.05122   0.00000   0.00000   1.65540   0.14789   0.12872   0.14367  
  8 68.4527   6906.465685  x:  0.71560   1.54058   1.96657   0.99626   1.41829   0.24350   1.54257   0.47884   0.65139   0.75931   1.69521   0.17831   0.02126   0.20737   0.05412   0.00000   0.00000   1.50055   0.13386   0.11705   0.18903  
  9 65.0559   6904.690981  x:  0.73468   1.56338   2.05495   0.98924   1.45465   0.19395   1.56534   0.50389   0.65122   0.75156   1.76982   0.16975   0.03940   0.22586   0.05357   0.00000   0.00000   1.48932   0.12853   0.13237   0.12118  
 10 28.9449   6901.239478  x:  0.75311   1.62477   2.32216   0.95994   1.61093   0.15001   1.66620   0.63691   0.63145   0.70305   1.98750   0.18277   0.02548   0.21279   0.05724   0.00000   0.00000   1.57088   0.11100   0.12338   0.15663  
 11 33.1736   6900.460936  x:  0.71310   1.63514   2.39609   0.95869   1.65373   0.19334   1.69574   0.61532   0.68649   0.76463   2.04431   0.18170   0.02738   0.21642   0.05867   0.00000   0.00000   1.59884   0.10498   0.12671   0.15218  
 12 11.8166   6899.688359  x:  0.63273   1.64194   2.47134   0.97457   1.65960   0.21698   1.70793   0.50684   0.64852   0.75719   2.09530   0.18531   0.02622   0.21411   0.05970   0.00000   0.00000   1.61933   0.10770   0.12396   0.15411  
 13  7.9121   6896.959798  x:  0.43112   1.65285   2.56483   1.06958   1.50871   0.27661   1.69392   0.61010   0.61535   0.74223   2.04319   0.19490   0.02859   0.20780   0.06796   0.00000   0.00000   1.50729   0.10620   0.11558   0.14817  
 14  2.5729   6891.161397  x:  0.58540   1.69333   2.61076   1.31201   1.27189   0.26622   1.53441   0.59518   0.65349   0.74366   1.91799   0.22034   0.02980   0.19242   0.08668   0.00000   0.00000   1.65888   0.10835   0.09985   0.15162  
 15  7.7435   6885.663446  x:  0.82237   1.61265   2.43862   1.28575   1.49038   0.37997   1.50981   0.50079   0.59225   0.70013   1.81015   0.23939   0.03775   0.17130   0.10528   0.00000   0.00000   1.51811   0.10224   0.07713   0.13650  
 16 10.6790   6884.439990  x:  0.81644   1.48164   2.27372   1.36141   1.51533   0.31759   1.59227   0.51106   0.58459   0.72641   1.95385   0.24800   0.03438   0.16507   0.10971   0.00000   0.00000   1.52692   0.10279   0.07199   0.13784  
 17  7.0747   6883.891304  x:  0.78524   1.56065   2.21900   1.35641   1.53562   0.32850   1.54817   0.52142   0.65471   0.66562   2.05971   0.24819   0.03299   0.16196   0.11272   0.00000   0.00000   1.53043   0.10297   0.07141   0.13546  
 18  2.0301   6882.778386  x:  0.77736   1.76120   2.19899   1.34984   1.56518   0.35024   1.53706   0.56972   0.58150   0.77634   2.19204   0.24460   0.03069   0.15667   0.12004   0.00000   0.00000   1.55404   0.10075   0.07297   0.12993  
 19  4.1037   6880.044076  x:  0.85325   1.89663   2.49600   1.44914   1.60652   0.38040   1.94204   0.58686   0.68138   0.76962   2.17873   0.22310   0.03013   0.14709   0.14087   0.00000   0.00000   1.60107   0.09235   0.08293   0.11090  
 20  3.8238   6879.391716  x:  0.84766   1.77543   2.62909   1.48875   1.68066   0.37394   1.85253   0.61914   0.68845   0.79180   2.17358   0.21847   0.02948   0.14399   0.14529   0.00000   0.00000   1.61789   0.09486   0.08406   0.10917  
 21  4.1298   6878.395018  x:  0.89688   1.78546   2.78848   1.58263   1.70206   0.40721   1.87044   0.63756   0.68934   0.80908   2.32035   0.21631   0.02249   0.13961   0.15785   0.00000   0.00000   1.59575   0.08741   0.07823   0.13167  
 22  0.2625   6878.195532  x:  0.87263   1.83132   2.78294   1.68398   1.77811   0.36696   1.87473   0.63665   0.69356   0.81473   2.30393   0.21180   0.02598   0.14499   0.16149   0.00000   0.00000   1.59418   0.08572   0.08178   0.12716  
 23  0.4201   6877.872249  x:  0.92812   1.81204   2.79759   1.69972   1.72972   0.42190   1.87849   0.63228   0.67987   0.81653   2.38390   0.20524   0.03250   0.15494   0.16752   0.00000   0.00000   1.57035   0.08511   0.08660   0.11608  
 24  0.7244   6877.774158  x:  0.93777   1.84803   2.79693   1.74107   1.74591   0.42251   1.91246   0.63076   0.68417   0.81817   2.37602   0.20874   0.03321   0.15464   0.17022   0.00000   0.00000   1.57724   0.08550   0.08134   0.12056  
 25  0.0946   6877.717049  x:  0.96602   1.88633   2.86079   1.78313   1.77209   0.43036   1.95584   0.65115   0.69610   0.82566   2.41847   0.21145   0.03275   0.15329   0.17320   0.00000   0.00000   1.59299   0.08292   0.07821   0.11789  
 26  0.0789   6877.654637  x:  1.00186   1.92049   2.93110   1.82991   1.80179   0.44088   1.99719   0.67515   0.71205   0.84023   2.46693   0.20949   0.02970   0.15259   0.17138   0.00000   0.00000   1.59788   0.08112   0.08395   0.11766  
 27  0.0370   6877.604755  x:  1.02204   1.94809   2.97083   1.86213   1.82762   0.44521   2.02710   0.67966   0.71601   0.84995   2.50019   0.21402   0.03071   0.15295   0.16537   0.00000   0.00000   1.59090   0.07935   0.08045   0.12054  
 28  0.0351   6877.594744  x:  1.01869   1.94679   2.96458   1.87127   1.83000   0.44623   2.02613   0.67344   0.71147   0.84813   2.50333   0.21147   0.03120   0.15299   0.16321   0.00000   0.00000   1.59405   0.07966   0.08082   0.11945  
 29  0.0097   6877.593148  x:  1.01921   1.94572   2.96435   1.87551   1.82879   0.44968   2.02792   0.67356   0.71198   0.84783   2.50420   0.21034   0.03139   0.15308   0.16328   0.00000   0.00000   1.59530   0.07947   0.08088   0.11976  
 30  0.0051   6877.592828  x:  1.01772   1.94239   2.95995   1.87502   1.82569   0.45139   2.02538   0.67359   0.71209   0.84734   2.49967   0.21033   0.03154   0.15311   0.16326   0.00000   0.00000   1.59480   0.07960   0.08064   0.11985  
 31  0.0061   6877.592795  x:  1.01745   1.94298   2.96018   1.87571   1.82537   0.45184   2.02538   0.67407   0.71210   0.84751   2.49942   0.21045   0.03147   0.15308   0.16320   0.00000   0.00000   1.59478   0.07958   0.08070   0.11977  
 32  0.0008   6877.592792  x:  1.01717   1.94308   2.96014   1.87573   1.82514   0.45191   2.02522   0.67396   0.71196   0.84749   2.49932   0.21048   0.03145   0.15307   0.16321   0.00000   0.00000   1.59482   0.07959   0.08071   0.11980  
 33  0.0003   6877.592792  x:  1.01713   1.94306   2.96020   1.87577   1.82513   0.45192   2.02521   0.67394   0.71196   0.84750   2.49936   0.21048   0.03146   0.15307   0.16321   0.00000   0.00000   1.59480   0.07959   0.08070   0.11980  
 34  0.0001   6877.592792  x:  1.01712   1.94306   2.96022   1.87577   1.82513   0.45193   2.02522   0.67394   0.71197   0.84750   2.49937   0.21048   0.03146   0.15307   0.16321   0.00000   0.00000   1.59481   0.07959   0.08070   0.11980  
 35  0.0000   6877.592792  x:  1.01712   1.94306   2.96022   1.87577   1.82514   0.45193   2.02523   0.67394   0.71197   0.84750   2.49937   0.21048   0.03146   0.15307   0.16321   0.00000   0.00000   1.59480   0.07959   0.08070   0.11980  
 36  0.0000   6877.592792  x:  1.01712   1.94306   2.96022   1.87577   1.82514   0.45193   2.02523   0.67394   0.71197   0.84750   2.49937   0.21048   0.03146   0.15307   0.16321   0.00000   0.00000   1.59480   0.07959   0.08070   0.11980  
 37  0.0000   6877.592792  x:  1.01712   1.94306   2.96022   1.87577   1.82514   0.45193   2.02523   0.67394   0.71197   0.84750   2.49937   0.21048   0.03146   0.15307   0.16321   0.00000   0.00000   1.59480   0.07959   0.08070   0.11980  
 38  0.0000   6877.592792  x:  1.01712   1.94306   2.96022   1.87577   1.82514   0.45193   2.02523   0.67394   0.71197   0.84750   2.49937   0.21048   0.03146   0.15307   0.16321   0.00000   0.00000   1.59480   0.07959   0.08070   0.11980  