

TREE # 1

  0  0.0000   4332.473431  x:  0.04570   0.84574   1.06242   0.36299   0.59806   0.00000   0.79153   0.10093   0.77445   0.46248   0.53704   0.22498   0.04300   0.12938   0.09651   0.00577   0.06009   2.00000   0.20000   0.20000   0.20000  
  1 99.0000   4136.686221  x:  0.22358   0.90137   1.10395   0.45264   0.67435   0.21244   0.86255   0.20413   0.81863   0.50651   0.63204   0.31419   0.13340   0.20062   0.11390   0.04218   0.00338   1.94226   0.87128   0.22176   0.19095  
  2 1146.3603   4125.173247  x:  0.28617   0.93971   1.13208   0.49617   0.71219   0.25618   0.90658   0.23972   0.84235   0.53054   0.68231   0.34153   0.15914   0.21822   0.11284   0.00533   0.16704   1.92108   0.88281   0.21484   0.18208  
  3 351.1826   4000.142520  x:  1.02118   1.47800   1.53551   1.04556   1.19599   0.66773   1.51127   0.63454   1.16052   0.84256   1.33479   0.60041   0.37668   0.33747   0.04482   0.08011   0.03502   1.64873   0.31554   0.03916   0.00010  
  4 240.8888   3998.020445  x:  1.03936   1.49132   1.54549   1.05915   1.20796   0.67790   1.52623   0.64430   1.16839   0.85028   1.35093   0.60681   0.38206   0.34042   0.04314   0.08196   0.03168   1.64199   0.30148   0.03499   0.00054  
  5 14838.7959   3977.131603  x:  1.14820   1.57179   1.60621   1.14057   1.27965   0.73751   1.61619   0.70203   1.21561   0.89646   1.44790   0.64587   0.41471   0.35864   0.03266   0.08623   0.00925   1.60024   0.21458   0.07390   0.00081  
  6 3110.5626   3974.675486  x:  1.15335   1.58468   1.61838   1.14806   1.28693   0.72699   1.62826   0.70131   1.22163   0.90145   1.45882   0.64130   0.40716   0.35289   0.02741   0.05988   0.00204   1.59041   0.21512   0.07357   0.00080  
  7 100.1562   3966.366477  x:  1.15840   1.64067   1.67503   1.17061   1.31108   0.65937   1.67774   0.68189   1.24568   0.91836   1.49768   0.60159   0.35036   0.31156   0.00000   0.05637   0.00338   1.54387   0.23350   0.08100   0.00087  
  8 135.5214   3956.373451  x:  1.18183   1.80053   1.85543   1.21752   1.36343   0.47029   1.80684   0.59152   1.29942   0.94233   1.59502   0.47528   0.16663   0.36329   0.20845   0.04956   0.00352   1.39128   0.27031   0.09576   0.00108  
  9 112.1905   3949.695668  x:  1.44728   1.99184   2.21424   1.16860   1.31974   0.49961   1.88200   0.25645   1.22922   0.75235   1.64027   0.54631   0.06850   0.32340   0.20005   0.04537   0.00415   1.21975   0.24173   0.09069   0.00102  
 10 17.6853   3947.242356  x:  1.51570   2.09018   2.46233   1.10240   1.26907   0.37228   1.99821   0.19597   1.32612   0.83630   1.63611   0.64386   0.13358   0.38046   0.16400   0.06142   0.00344   1.24788   0.23735   0.08600   0.00097  
 11 12.6426   3943.648584  x:  1.63354   2.18754   2.80146   1.02259   1.24508   0.35463   2.17356   0.28598   1.47851   0.96212   1.63023   0.61263   0.03013   0.36707   0.14848   0.06257   0.00358   1.36202   0.21164   0.08715   0.00096  
 12 21.2790   3940.122924  x:  1.56404   2.22781   3.12866   1.06314   1.43027   0.29792   2.34759   0.41887   1.55513   0.93755   1.72324   0.52902   0.18801   0.22328   0.21172   0.06290   0.00384   1.33327   0.18484   0.08612   0.00097  
 13 11.2333   3936.003349  x:  1.41420   2.24764   3.44392   1.19914   1.71035   0.22943   2.51058   0.52427   1.57042   0.84454   1.90512   0.44327   0.21743   0.39746   0.07670   0.05638   0.00379   1.34812   0.15966   0.08358   0.00090  
 14 19.6545   3932.074691  x:  1.29649   2.27860   3.60705   1.40366   1.89651   0.13320   2.58470   0.50793   1.52995   0.86342   2.13213   0.67221   0.10502   0.34757   0.10933   0.02312   0.00476   1.56507   0.16342   0.08655   0.00096  
 15 10.7343   3930.255402  x:  1.33542   2.32756   3.52141   1.55334   1.92206   0.03602   2.51972   0.53386   1.51972   1.03197   2.27038   0.76134   0.02251   0.33358   0.09860   0.02472   0.00481   1.41190   0.14686   0.08573   0.00095  
 16  6.3403   3929.516837  x:  1.37226   2.37083   3.48150   1.57669   1.92275   0.00000   2.51965   0.53305   1.51577   1.04033   2.29438   0.73230   0.03623   0.33458   0.09568   0.02437   0.00484   1.42173   0.14801   0.08683   0.00097  
 17  5.1312   3929.516837  x:  1.37226   2.37083   3.48150   1.57669   1.92275   0.00000   2.51965   0.53305   1.51577   1.04033   2.29438   0.73230   0.03623   0.33458   0.09568   0.02437   0.00484   1.42173   0.14801   0.08683   0.00097  
 18  5.5876   3914.029875  x:  1.37278   2.37124   3.48172   1.57705   1.92317   0.00064   2.52006   0.53344   1.51617   1.04063   2.29478   0.73241   0.03667   0.33428   0.09454   0.02465   0.01996   1.42076   0.16229   0.09577   0.17505  
 19 2408.4369   3912.950939  x:  1.37404   2.37218   3.48219   1.57772   1.92398   0.00187   2.52091   0.53408   1.51692   1.04116   2.29560   0.73153   0.03645   0.33129   0.08964   0.01527   0.01609   1.41961   0.17772   0.10221   0.17465  
 20 104.9159   3912.483298  x:  1.37790   2.37495   3.48345   1.57936   1.92589   0.00472   2.52310   0.53518   1.51857   1.04217   2.29777   0.72756   0.03448   0.32062   0.07446   0.01157   0.02704   1.41811   0.17768   0.11353   0.17337  
 21 44.2624   3912.012232  x:  1.38434   2.37958   3.48555   1.58205   1.92900   0.00932   2.52670   0.53690   1.52124   1.04380   2.30136   0.71965   0.03007   0.30328   0.05508   0.01109   0.02029   1.41613   0.17226   0.11934   0.17423  
 22 58.2251   3911.873965  x:  1.38791   2.38215   3.48675   1.58359   1.93078   0.01192   2.52875   0.53794   1.52279   1.04477   2.30340   0.71523   0.02773   0.29531   0.05057   0.01602   0.02000   1.41489   0.17453   0.11897   0.17411  
 23 55.6507   3911.438814  x:  1.40445   2.39408   3.49225   1.59066   1.93886   0.02358   2.53813   0.54249   1.52983   1.04911   2.31279   0.69543   0.01820   0.26552   0.05382   0.01139   0.02392   1.40954   0.17467   0.11120   0.17425  
 24 43.1081   3910.611365  x:  1.44575   2.42385   3.50605   1.60818   1.95874   0.05187   2.56145   0.55338   1.54717   1.05978   2.33621   0.65402   0.00412   0.20983   0.08195   0.01407   0.02097   1.39540   0.16852   0.13340   0.17406  
 25 76.4227   3906.721270  x:  1.80567   2.68426   3.63041   1.75627   2.12251   0.26383   2.76339   0.63227   1.69119   1.15007   2.54036   0.42672   0.08065   0.28085   0.06984   0.01348   0.02054   1.32558   0.13666   0.14194   0.17407  
 26 21.4162   3904.926324  x:  2.02355   2.84435   3.71184   1.84255   2.20973   0.35733   2.88608   0.66291   1.77066   1.19920   2.66413   0.43138   0.21565   0.24753   0.07111   0.01328   0.02013   1.32228   0.12095   0.12881   0.17449  
 27 46.5876   3901.643909  x:  2.57314   3.26746   3.96325   2.01884   2.31764   0.28666   3.18618   0.57877   1.88357   1.25822   2.96855   0.52590   0.09903   0.25818   0.07715   0.01371   0.01922   1.63613   0.11330   0.14145   0.17459  
 28 16.5104   3900.014576  x:  2.86950   3.50963   4.13296   2.05818   2.33688   0.06838   3.34221   0.49770   1.88831   1.23889   3.10835   0.60030   0.03216   0.26846   0.07284   0.01350   0.01941   1.46159   0.10615   0.13394   0.17452  
 29  9.8728   3899.406446  x:  2.94693   3.57183   4.19018   2.03040   2.34967   0.00000   3.36700   0.51162   1.86104   1.21603   3.12002   0.55544   0.07549   0.26069   0.07446   0.01350   0.01956   1.47781   0.10939   0.13504   0.17436  
 30  4.0554   3897.453490  x:  3.24821   3.82078   4.48573   1.85932   2.55235   0.00238   3.47013   0.82790   1.81633   1.20988   3.13369   0.67759   0.00000   0.27464   0.07437   0.01375   0.01972   1.48119   0.10934   0.12818   0.17375  
 31  5.3530   3896.040761  x:  3.35875   3.94381   4.80257   1.88628   2.72929   0.02098   3.53291   0.67344   2.09435   1.55302   3.31790   0.68743   0.01774   0.27295   0.07531   0.01378   0.02012   1.47869   0.10705   0.12408   0.17302  
 32  3.1239   3894.440637  x:  3.39121   4.08010   5.35927   2.30389   3.00855   0.18105   3.88173   0.56441   2.18752   1.33942   3.88864   0.66411   0.06789   0.26869   0.07489   0.01369   0.02073   1.46884   0.09879   0.11925   0.17197  
 33  3.4484   3893.059657  x:  3.43620   4.24720   5.89176   2.63603   3.12112   0.04777   4.29940   0.87859   2.31981   1.46339   4.33602   0.60089   0.12621   0.25957   0.07527   0.01342   0.02093   1.48328   0.08302   0.12018   0.17121  
 34  5.9056   3891.898687  x:  4.09549   4.94180   6.65430   2.74962   3.21978   0.23614   4.88645   0.81740   2.20788   1.78354   4.44703   0.55811   0.13118   0.25083   0.07749   0.01337   0.02042   1.49895   0.07315   0.12643   0.16949  
 35  1.2865   3890.806105  x:  4.88307   5.55790   7.15859   2.92869   3.16167   0.24260   5.16521   0.94821   2.77808   1.70059   4.58984   0.54579   0.09441   0.24786   0.07946   0.01347   0.01968   1.54001   0.06904   0.13531   0.16737  
 36  2.4987   3890.031871  x:  5.53428   5.86205   7.31480   3.29099   3.78905   0.02780   5.21098   1.07514   2.71447   1.94207   5.00564   0.58575   0.03137   0.25478   0.07996   0.01377   0.01961   1.53768   0.06600   0.13920   0.16514  
 37  1.3174   3889.855673  x:  5.66272   5.95963   7.43543   3.33529   3.94279   0.00000   5.32849   1.09475   2.78115   1.95869   5.09889   0.58657   0.03215   0.25627   0.07993   0.01381   0.01973   1.53175   0.06318   0.13890   0.16457  
 38  1.6961   3889.315138  x:  6.28974   6.40616   7.95637   3.51249   4.26091   0.06497   6.15639   1.17267   2.98090   2.10062   5.56716   0.59164   0.06360   0.26638   0.07897   0.01397   0.02079   1.47341   0.05477   0.13234   0.16111  
 39  1.4999   3888.973087  x:  6.65598   6.85184   8.54213   3.53677   4.52462   0.15511   6.54511   1.22206   3.17854   2.14833   5.91620   0.56945   0.08973   0.25639   0.08007   0.01343   0.02056   1.49896   0.05360   0.13203   0.15796  
 40  0.4973   3888.680492  x:  7.25854   7.50470   9.37701   3.83529   4.82848   0.22423   6.94722   1.36798   3.40397   2.30646   6.52396   0.55904   0.09549   0.24972   0.08125   0.01324   0.02020   1.51366   0.04730   0.13275   0.15396  
 41  2.4237   3888.458770  x:  7.87204   8.22600  10.37063   4.31587   5.15406   0.27962   7.48416   1.55866   3.67335   2.55218   7.31611   0.58407   0.06153   0.25872   0.08462   0.01447   0.02041   1.50820   0.04227   0.13478   0.14755  
 42  0.7740   3888.386177  x:  7.84320   8.24726  10.45248   4.36930   5.19917   0.26347   7.52578   1.57480   3.69964   2.57800   7.37044   0.58593   0.05620   0.25873   0.08496   0.01442   0.02039   1.50701   0.04290   0.13564   0.14656  
 43  0.2268   3888.232863  x:  8.38121   8.91175  11.46445   4.71280   5.83176   0.23424   8.34914   1.72019   4.06291   2.79266   8.01587   0.56556   0.06972   0.24849   0.08612   0.01332   0.02022   1.50943   0.03819   0.13768   0.13927  
 44  1.1823   3888.155123  x:  8.78178   9.48064  12.38919   5.10615   6.29676   0.22417   8.97558   1.87203   4.34968   3.01379   8.57141   0.56657   0.08653   0.25067   0.08822   0.01408   0.02090   1.48451   0.03537   0.13448   0.13146  
 45  0.5803   3888.136727  x:  9.01349   9.76534  12.80980   5.28284   6.48600   0.22668   9.24931   1.93882   4.47677   3.11240   8.83329   0.56686   0.08069   0.24938   0.08971   0.01408   0.02070   1.49294   0.03399   0.13563   0.12823  
 46  0.9103   3888.118034  x:  9.13724   9.91323  13.02558   5.38199   6.55726   0.22912   9.36578   1.97105   4.53385   3.16538   8.94304   0.56788   0.07064   0.24768   0.09107   0.01397   0.02033   1.50822   0.03381   0.13737   0.12632  
 47  0.6097   3888.101255  x:  9.57575  10.38983  13.70050   5.66090   6.81227   0.25669   9.76269   2.07866   4.72028   3.32051   9.32669   0.56838   0.07203   0.24562   0.09268   0.01378   0.02058   1.49677   0.03194   0.13740   0.12025  
 48  0.5099   3888.093111  x:  9.72965  10.50423  13.82785   5.70613   6.84900   0.27186   9.84338   2.09713   4.75379   3.34645   9.38066   0.56679   0.07607   0.24542   0.09321   0.01389   0.02071   1.49240   0.03180   0.13725   0.11848  
 49  0.2099   3888.087344  x: 10.08604  10.82796  14.24452   5.86632   7.04389   0.28384  10.15259   2.16016   4.88653   3.43851   9.62161   0.56425   0.07674   0.24422   0.09510   0.01410   0.02063   1.49659   0.03072   0.13802   0.11412  
 50  0.5520   3888.084784  x: 10.18136  10.84405  14.21062   5.84760   7.06548   0.27966  10.19166   2.15517   4.89379   3.42939   9.62415   0.56472   0.07496   0.24375   0.09551   0.01404   0.02054   1.49917   0.03078   0.13826   0.11357  
 51  0.0656   3888.083354  x: 10.30941  10.90310  14.23966   5.86391   7.11254   0.27690  10.25782   2.16615   4.91695   3.43774   9.68799   0.56579   0.07499   0.24340   0.09573   0.01396   0.02063   1.49504   0.03052   0.13804   0.11248  
 52  0.0925   3888.082611  x: 10.22466  10.78887  14.05449   5.80169   7.05022   0.26771  10.14775   2.14623   4.86728   3.39998   9.62997   0.56576   0.07513   0.24397   0.09522   0.01402   0.02064   1.49536   0.03087   0.13791   0.11381  
 53  0.1427   3888.082431  x: 10.24756  10.80863  14.07136   5.81303   7.05799   0.26796  10.15780   2.15160   4.87275   3.40594   9.65627   0.56493   0.07525   0.24380   0.09540   0.01403   0.02059   1.49727   0.03082   0.13813   0.11345  
 54  0.0287   3888.082249  x: 10.27372  10.83905  14.09966   5.82658   7.06491   0.27099  10.17462   2.15585   4.88202   3.41597   9.68664   0.56492   0.07562   0.24355   0.09566   0.01397   0.02064   1.49621   0.03075   0.13814   0.11270  
 55  0.0134   3888.081787  x: 10.19465  10.79240  14.01415   5.79031   7.04104   0.26462  10.13744   2.13699   4.86922   3.40540   9.67457   0.56500   0.07501   0.24342   0.09600   0.01410   0.02059   1.49649   0.03091   0.13819   0.11213  
 56  0.0217   3888.081496  x: 10.17141  10.79051  14.00635   5.77535   7.03877   0.26614  10.13500   2.12834   4.87063   3.40265   9.66286   0.56459   0.07567   0.24299   0.09615   0.01395   0.02065   1.49626   0.03092   0.13830   0.11133  
 57  0.0102   3888.080876  x:  9.99868  10.61886  13.74694   5.65233   6.89851   0.27453   9.92126   2.08045   4.78036   3.33246   9.47525   0.56467   0.07550   0.24353   0.09614   0.01403   0.02060   1.49757   0.03159   0.13852   0.11112  
 58  0.0635   3888.080547  x: 10.06620  10.68168  13.84515   5.70031   6.94338   0.27283   9.99772   2.09840   4.81007   3.35853   9.53143   0.56485   0.07512   0.24287   0.09651   0.01404   0.02063   1.49696   0.03137   0.13843   0.11058  
 59  0.1327   3888.080197  x:  9.95567  10.56672  13.70652   5.65432   6.87909   0.26524   9.90234   2.08044   4.76096   3.32741   9.43028   0.56528   0.07479   0.24248   0.09670   0.01404   0.02063   1.49675   0.03170   0.13831   0.11032  
 60  0.0795   3888.080042  x:  9.96047  10.55029  13.70135   5.66291   6.87229   0.26232   9.89638   2.08540   4.75230   3.32502   9.40672   0.56516   0.07494   0.24252   0.09693   0.01404   0.02062   1.49701   0.03174   0.13843   0.10967  
 61  0.0219   3888.080021  x:  9.96494  10.55282  13.71288   5.66936   6.88142   0.25986   9.90570   2.08857   4.75756   3.32762   9.41590   0.56491   0.07501   0.24257   0.09687   0.01404   0.02063   1.49698   0.03171   0.13852   0.10969  
 62  0.0132   3888.080014  x:  9.96120  10.54611  13.70771   5.66498   6.87795   0.26030   9.89725   2.08763   4.75621   3.32448   9.41078   0.56494   0.07495   0.24255   0.09687   0.01405   0.02063   1.49694   0.03173   0.13854   0.10963  
 63  0.0066   3888.080011  x:  9.96435  10.54628  13.71345   5.66618   6.88025   0.26046   9.89960   2.08872   4.75855   3.32494   9.41450   0.56503   0.07491   0.24252   0.09691   0.01405   0.02063   1.49694   0.03172   0.13850   0.10960  
 64  0.0044   3888.080010  x:  9.96243  10.54347  13.71080   5.66485   6.87862   0.26072   9.89859   2.08826   4.75747   3.32456   9.41325   0.56499   0.07495   0.24254   0.09691   0.01404   0.02063   1.49699   0.03173   0.13851   0.10961  
 65  0.0024   3888.080009  x:  9.96375  10.54262  13.71217   5.66427   6.87831   0.26145   9.89949   2.08827   4.75769   3.32483   9.41459   0.56497   0.07496   0.24254   0.09691   0.01404   0.02063   1.49698   0.03172   0.13851   0.10961  
 66  0.0015   3888.080009  x:  9.96379  10.54275  13.71229   5.66444   6.87856   0.26133   9.89932   2.08831   4.75771   3.32485   9.41446   0.56499   0.07493   0.24253   0.09691   0.01405   0.02063   1.49695   0.03172   0.13851   0.10961  
 67  0.0003   3888.080009  x:  9.96415  10.54268  13.71249   5.66434   6.87873   0.26145   9.89945   2.08828   4.75765   3.32505   9.41472   0.56498   0.07494   0.24254   0.09690   0.01404   0.02063   1.49696   0.03172   0.13851   0.10961  