

TREE # 1

  0  0.0000  11167.429652  x:  0.00000   0.34429   0.25686   0.07648   0.17953   0.08540   0.18455   0.13552   0.14970   0.09630   0.05256   0.10218   0.16870   0.03974   0.09080   0.03258   0.03955   0.02041   0.06728   2.00000   0.20000   0.20000  
  1 99.0000   9350.162081  x:  4.41291   0.52119   0.48971   0.57002   0.39009   0.27397   0.35910   0.27954   0.32001   0.23118   0.24444   0.23791   0.49165   0.19218   0.17932   0.24327   0.12853   0.05678   0.05706   1.95987   0.59816   0.19764  
  2 20325.4815   9056.819422  x:  4.42331   0.64042   0.60487   0.65224   0.48904   0.37974   0.52357   0.39158   0.44496   0.29950   0.24462   0.27177   0.56644   0.15572   0.16519   0.16655   0.04810   0.00000   0.00899   1.95770   0.22114   0.18489  
  3 826.2660   9050.045276  x:  4.42382   0.64683   0.61107   0.65666   0.49437   0.38543   0.53242   0.39760   0.45168   0.30318   0.24463   0.27359   0.57046   0.15376   0.16443   0.16242   0.04379   0.00045   0.00659   1.95758   0.20087   0.18421  
  4 54799.2684   9034.123619  x:  4.42428   0.65780   0.62167   0.66434   0.50342   0.39506   0.54732   0.40778   0.46297   0.30935   0.24466   0.27671   0.57747   0.15071   0.16338   0.15585   0.03751   0.00039   0.01717   1.95707   0.16907   0.18310  
  5 8168.5310   8881.591625  x:  4.32216   0.92053   0.87699   0.86121   0.71570   0.61263   0.87287   0.63611   0.70776   0.44396   0.24880   0.35384   0.76272   0.12637   0.17839   0.08300   0.10588   0.00088   0.03736   1.89347   0.24172   0.16682  
  6 729.4863   8849.345919  x:  4.27666   1.02315   0.97814   0.96788   0.77689   0.66395   0.94794   0.68256   0.74801   0.44627   0.23305   0.35926   0.86193   0.17174   0.23209   0.28733   0.23451   0.00057   0.03556   1.83823   0.19355   0.16887  
  7 419.7244   8810.609184  x:  4.23022   1.20257   1.16529   1.29775   0.80453   0.61830   0.86830   0.59998   0.60028   0.25740   0.18427   0.30061   1.16457   0.18425   0.20072   0.22235   0.28507   0.00035   0.02993   1.57689   0.15095   0.21509  
  8 133.2987   8798.656803  x:  4.20025   1.25699   1.22558   1.43885   0.79851   0.57683   0.81946   0.56135   0.57971   0.25367   0.26954   0.33950   1.29116   0.20357   0.19783   0.26954   0.16115   0.00055   0.02937   1.46059   0.15973   0.24277  
  9 148.2003   8793.545513  x:  4.18559   1.24262   1.22303   1.54365   0.76841   0.51264   0.76440   0.54327   0.63664   0.37928   0.26083   0.32567   1.37835   0.22573   0.18777   0.26319   0.15981   0.00051   0.02785   1.39797   0.14917   0.28959  
 10 58.0438   8790.757549  x:  4.17627   1.18965   1.18831   1.62910   0.77006   0.48943   0.79626   0.58507   0.64556   0.38384   0.21736   0.33030   1.43867   0.21720   0.14986   0.28768   0.12455   0.00056   0.02795   1.42599   0.15430   0.35893  
 11 26.2219   8786.261240  x:  4.15633   1.08682   1.12153   1.77600   0.78056   0.45677   0.85732   0.65655   0.64869   0.37021   0.23393   0.38687   1.53633   0.26369   0.14707   0.27550   0.12363   0.00050   0.02626   1.49202   0.14416   0.49787  
 12 92.7326   8782.544339  x:  4.14517   1.07274   1.14159   1.83525   0.83298   0.49581   0.88900   0.65154   0.67049   0.36774   0.29271   0.28379   1.54189   0.28379   0.15451   0.27827   0.09444   0.00051   0.02529   1.54724   0.14260   0.65789  
 13 23.4552   8779.375271  x:  4.13995   1.09219   1.18927   1.85645   0.86834   0.52750   0.89865   0.62525   0.69150   0.37106   0.33150   0.29324   1.51383   0.24496   0.11258   0.28921   0.10381   0.00044   0.02404   1.57235   0.13470   0.81099  
 14 49.4174   8773.141636  x:  4.13414   1.16897   1.31560   1.86548   0.91604   0.57957   0.92061   0.57644   0.73318   0.37375   0.27192   0.36246   1.42564   0.25327   0.15139   0.29296   0.05275   0.00043   0.02170   1.59565   0.12807   1.12227  
 15 83.5288   8771.333843  x:  4.13854   1.21608   1.35622   1.83852   0.84719   0.53009   0.98122   0.66024   0.72666   0.36765   0.28930   0.34372   1.37599   0.22887   0.17313   0.29327   0.04932   0.00041   0.02096   1.53248   0.12313   1.22338  
 16 18.7380   8767.140945  x:  4.13318   1.43161   1.27088   1.86294   0.69956   0.61336   1.04618   0.61888   0.69933   0.40687   0.28300   0.34698   1.45691   0.10324   0.28819   0.27632   0.06558   0.00039   0.02270   1.64544   0.12521   1.42957  
 17  2.6462   8755.489053  x:  4.11994   1.86760   0.94757   1.79400   0.69554   0.91016   1.07521   0.71242   0.78405   0.38435   0.22891   0.36860   1.55837   0.24112   0.18378   0.23166   0.10288   0.00035   0.02631   1.54670   0.10979   2.03607  
 18 20.1917   8747.591368  x:  4.10580   2.04553   1.13571   1.77846   0.94162   0.59750   1.08104   0.78326   0.87030   0.34961   0.21065   0.37122   1.57001   0.32186   0.12006   0.19716   0.13038   0.00035   0.03044   1.74659   0.11235   2.40827  
 19 17.3011   8743.531621  x:  4.09897   1.88418   1.28039   1.78431   1.18663   0.52857   1.16710   0.77260   0.77224   0.42989   0.18863   0.38212   1.55484   0.21200   0.22462   0.18167   0.14589   0.00034   0.03194   1.66313   0.10583   2.59432  
 20 16.6548   8740.195303  x:  4.08983   1.59203   1.55647   1.83024   1.11972   0.59912   1.23024   0.71484   0.92720   0.33759   0.18037   0.38225   1.55793   0.15829   0.27363   0.16776   0.15895   0.00034   0.03377   1.60008   0.10404   2.72923  
 21 11.8482   8737.137343  x:  4.07451   1.36365   1.90461   1.88287   0.97968   0.76315   1.23772   0.76813   0.83370   0.40588   0.17341   0.38628   1.56679   0.23133   0.20549   0.15654   0.16129   0.00037   0.03563   1.63913   0.10418   2.85020  
 22 17.3520   8732.226977  x:  4.05151   1.45329   1.89098   2.00242   1.04812   0.86493   1.02302   1.01416   0.87406   0.37727   0.18986   0.38863   1.62325   0.11295   0.29328   0.14717   0.15127   0.00044   0.03903   1.66107   0.10484   3.04111  
 23  2.4969   8720.784877  x:  4.00551   1.82327   1.66302   2.22033   1.14272   0.83700   1.35831   0.90484   0.88228   0.41293   0.22565   0.37739   1.77197   0.18201   0.17934   0.12163   0.12992   0.00064   0.04833   1.60769   0.11060   3.50155  
 24 11.0417   8714.998206  x:  3.97869   1.86414   1.81820   1.74563   1.23457   0.82178   1.43723   0.95054   0.93491   0.41615   0.25465   0.37589   2.67220   0.19429   0.15313   0.14946   0.10357   0.00072   0.05314   1.63887   0.09903   4.05440  
 25  2.2575   8708.657089  x:  3.89518   2.00612   1.92291   2.56840   1.27930   0.84947   1.53748   0.99574   0.99182   0.42523   0.27420   0.37736   2.35120   0.23861   0.11220   0.18285   0.08428   0.00081   0.06007   1.66201   0.08676   4.76434  
 26  3.2701   8704.181542  x:  3.83359   2.05219   2.20888   2.87956   1.39900   0.83375   1.65318   1.05737   1.05300   0.43164   0.22497   0.40581   2.41409   0.22941   0.18530   0.19252   0.09527   0.00101   0.07234   1.63951   0.08672   5.60689  
 27  0.6001   8702.922066  x:  3.79488   2.15053   2.35151   2.93692   1.48732   0.83237   1.72181   1.10214   1.08388   0.44442   0.22459   0.41365   2.68521   0.23236   0.18633   0.17575   0.10342   0.00110   0.07886   1.63517   0.07911   6.17143  
 28  0.7965   8702.221746  x:  3.76332   2.30511   2.40424   3.03166   1.55500   0.84383   1.77066   1.13484   1.08951   0.46381   0.23462   0.41530   2.85362   0.24120   0.15038   0.17669   0.10132   0.00124   0.08558   1.62914   0.07815   6.60591  
 29  0.3584   8702.113175  x:  3.75075   2.38136   2.42815   3.11346   1.58237   0.85034   1.77078   1.14054   1.09546   0.46927   0.23714   0.41273   2.89758   0.24305   0.15997   0.17632   0.10315   0.00133   0.08828   1.63793   0.07666   6.77776  
 30  0.0874   8701.971739  x:  3.76522   2.40587   2.40019   3.11717   1.56808   0.86389   1.71747   1.10818   1.08293   0.46782   0.24016   0.40737   2.87920   0.23767   0.16504   0.18049   0.10359   0.00145   0.08813   1.63579   0.07829   6.59955  
 31  0.0514   8701.740980  x:  3.79663   2.37469   2.40204   3.06208   1.54059   0.87997   1.65551   1.06136   1.07099   0.46193   0.23854   0.40948   2.89680   0.23136   0.16065   0.17870   0.10305   0.00166   0.08676   1.61956   0.07774   6.21103  
 32  0.1184   8701.190001  x:  3.86512   2.26332   2.51780   3.09218   1.50345   0.84369   1.68251   1.04983   1.07910   0.45120   0.21954   0.42562   2.80277   0.25730   0.15016   0.16627   0.09858   0.00233   0.08705   1.65282   0.07875   5.33388  
 33  0.1129   8699.957154  x:  4.01735   2.27987   2.60876   3.20706   1.56962   0.80549   1.75466   1.08628   1.07945   0.46505   0.24492   0.41439   2.70961   0.23340   0.15362   0.19360   0.10170   0.00416   0.09443   1.61397   0.07690   3.56227  
 34  0.3807   8697.513538  x:  4.28505   2.33440   2.49291   3.03072   1.55819   0.80755   1.72891   1.11658   1.07589   0.46251   0.23932   0.40635   2.73479   0.21833   0.17953   0.17843   0.09493   0.00670   0.09593   1.64511   0.07706   0.21045  
 35  1.2664   8697.480050  x:  4.29261   2.34408   2.48459   3.03161   1.55921   0.81367   1.73187   1.12029   1.07767   0.46300   0.23898   0.40704   2.74035   0.21992   0.17837   0.17766   0.09465   0.00678   0.09618   1.64525   0.07692   0.16432  
 36  0.2607   8697.095221  x:  4.34583   2.48017   2.38006   3.05721   1.57739   0.89771   1.77471   1.17008   1.10320   0.47023   0.23428   0.41695   2.83314   0.24283   0.16159   0.16758   0.09172   0.00751   0.09929   1.64652   0.07494   0.19722  
 37  3.1810   8696.512347  x:  4.48584   2.41666   2.31215   3.12801   1.53400   1.00989   1.79239   1.14952   1.12234   0.47077   0.23645   0.42673   2.70419   0.25890   0.14338   0.18127   0.10100   0.00885   0.09907   1.63283   0.07523   0.16544  
 38  0.0772   8695.274939  x:  4.87182   2.21290   2.42332   3.17577   1.47820   1.11030   1.79311   1.08278   1.13807   0.48498   0.23843   0.42061   2.78960   0.22750   0.18345   0.17460   0.08784   0.01274   0.09818   1.68700   0.07383   0.12623  
 39  0.0841   8693.982241  x:  5.34121   2.32716   2.52035   3.32492   1.58583   1.00321   1.87263   1.16645   1.14158   0.51099   0.24041   0.40859   2.81830   0.22767   0.16827   0.16596   0.09736   0.01775   0.10206   1.68242   0.07290   0.14038  
 40  0.1334   8693.530900  x:  5.51813   2.36610   2.51521   3.36031   1.60686   0.98497   1.87956   1.19278   1.14767   0.51216   0.23870   0.41262   2.80844   0.23256   0.16718   0.16885   0.09483   0.01955   0.10110   1.67402   0.07125   0.07064  
 41  0.2523   8693.043373  x:  5.74800   2.42899   2.49369   3.39263   1.63293   0.94671   1.87039   1.23025   1.15432   0.50803   0.23540   0.42130   2.78206   0.24080   0.16794   0.17559   0.08974   0.02182   0.09756   1.66050   0.06876   0.10654  
 42  0.4080   8692.558849  x:  6.01024   2.47972   2.38589   3.33466   1.60472   0.91482   1.79635   1.23909   1.14624   0.48911   0.23444   0.43003   2.67562   0.24876   0.16773   0.17526   0.08640   0.02407   0.08612   1.67217   0.07094   0.07812  
 43  0.1660   8691.525600  x:  6.13968   2.72569   2.42563   3.42188   1.66581   0.99091   1.85797   1.28847   1.18077   0.49233   0.24768   0.43669   2.82871   0.24615   0.15581   0.15777   0.10375   0.02557   0.07041   1.71414   0.06776   0.06875  
 44  0.0657   8690.649041  x:  6.12993   2.80400   2.62843   3.62238   1.73925   1.07118   2.00802   1.31409   1.22147   0.51513   0.24315   0.43481   3.01341   0.23355   0.18151   0.17531   0.09168   0.02602   0.06041   1.71192   0.06473   0.08623  
 45  0.1755   8690.529848  x:  6.18464   2.78810   2.70450   3.68918   1.76295   1.07814   2.04587   1.32242   1.23335   0.52361   0.24070   0.43577   3.05603   0.23994   0.17870   0.17453   0.09023   0.02676   0.06179   1.70185   0.06360   0.06272  
 46  0.1539   8690.487065  x:  6.21598   2.75633   2.76458   3.73114   1.77542   1.08387   2.06246   1.32187   1.24179   0.52851   0.23981   0.43696   3.07928   0.24781   0.17195   0.17122   0.09177   0.02717   0.06187   1.69522   0.06340   0.06931  
 47  0.0775   8690.477725  x:  6.26867   2.76211   2.78365   3.75856   1.78877   1.08831   2.06456   1.32945   1.24930   0.53072   0.24067   0.43861   3.09519   0.25035   0.17013   0.17079   0.09220   0.02775   0.06050   1.69608   0.06290   0.06584  
 48  0.0600   8690.472653  x:  6.27400   2.75858   2.78365   3.77075   1.80010   1.08683   2.05364   1.33427   1.25401   0.53285   0.24161   0.43881   3.10421   0.24994   0.17064   0.17190   0.09188   0.02784   0.06110   1.69899   0.06287   0.06663  
 49  0.0117   8690.471349  x:  6.26133   2.75774   2.77711   3.76589   1.80460   1.08194   2.05096   1.33630   1.25583   0.53325   0.24086   0.43918   3.10534   0.24938   0.17082   0.17148   0.09194   0.02771   0.06077   1.69879   0.06295   0.06644  
 50  0.0084   8690.471047  x:  6.25603   2.75714   2.77679   3.76598   1.80647   1.07967   2.05198   1.33649   1.25640   0.53380   0.24073   0.43913   3.10637   0.24956   0.17068   0.17141   0.09197   0.02766   0.06088   1.69811   0.06290   0.06685  
 51  0.0059   8690.470824  x:  6.25321   2.75408   2.77538   3.76512   1.80580   1.07707   2.05180   1.33411   1.25599   0.53430   0.24099   0.43881   3.10359   0.25013   0.17032   0.17153   0.09193   0.02763   0.06091   1.69767   0.06295   0.06634  
 52  0.0027   8690.470504  x:  6.25356   2.75476   2.77231   3.76447   1.80419   1.07658   2.05105   1.33130   1.25559   0.53499   0.24125   0.43866   3.10264   0.25030   0.17008   0.17153   0.09189   0.02764   0.06075   1.69844   0.06298   0.06708  
 53  0.0013   8690.468424  x:  6.25661   2.76168   2.77052   3.76942   1.80256   1.08051   2.05328   1.32902   1.25690   0.53771   0.24045   0.43937   3.10956   0.24974   0.17015   0.17117   0.09206   0.02776   0.06085   1.69899   0.06292   0.06631  
 54  0.0016   8690.462912  x:  6.25956   2.78398   2.76100   3.77730   1.79410   1.08704   2.05862   1.32774   1.26130   0.54430   0.23859   0.44153   3.12058   0.24766   0.17185   0.17116   0.09223   0.02818   0.06096   1.69831   0.06281   0.06492  
 55  0.0090   8690.433629  x:  6.22645   2.77736   2.76890   3.75600   1.77174   1.07482   2.05129   1.34735   1.26727   0.54141   0.24251   0.44033   3.09983   0.24796   0.17405   0.17203   0.09181   0.02899   0.06021   1.69523   0.06300   0.06613  
 56  0.0071   8690.384632  x:  6.08130   2.71285   2.79080   3.69095   1.71892   1.07418   2.01519   1.34954   1.26622   0.53516   0.24544   0.43440   3.07349   0.24809   0.17223   0.17063   0.09158   0.03072   0.05903   1.69589   0.06385   0.06130  
 57  0.0389   8690.309256  x:  5.97239   2.66284   2.76011   3.66194   1.73081   1.08742   1.98316   1.29941   1.23844   0.53132   0.23697   0.43312   3.06688   0.24902   0.16723   0.16977   0.09187   0.03224   0.05850   1.69201   0.06459   0.05936  
 58  0.0409   8690.260400  x:  5.92630   2.69107   2.70759   3.64782   1.75809   1.04963   1.99362   1.30045   1.22273   0.52493   0.23856   0.43551   3.03451   0.24989   0.17083   0.17031   0.09138   0.03468   0.05712   1.68405   0.06491   0.05641  
 59  0.0379   8690.257011  x:  5.92179   2.68700   2.71636   3.65343   1.76194   1.04765   1.99929   1.30159   1.22646   0.52457   0.24045   0.43498   3.04597   0.24937   0.17018   0.16980   0.09152   0.03510   0.05725   1.68839   0.06489   0.05724  
 60  0.0141   8690.256671  x:  5.92540   2.68715   2.71541   3.65330   1.76234   1.04743   2.00174   1.30055   1.22754   0.52371   0.24026   0.43505   3.04875   0.24912   0.17022   0.16986   0.09153   0.03519   0.05718   1.68870   0.06488   0.05633  
 61  0.0046   8690.256586  x:  5.92573   2.68715   2.71372   3.65202   1.76217   1.04694   2.00228   1.30003   1.22813   0.52294   0.24008   0.43504   3.04993   0.24904   0.17031   0.16995   0.09154   0.03516   0.05719   1.68849   0.06488   0.05669  
 62  0.0023   8690.256575  x:  5.92515   2.68698   2.71379   3.65205   1.76187   1.04689   2.00173   1.30028   1.22839   0.52276   0.24015   0.43498   3.05079   0.24914   0.17028   0.16994   0.09154   0.03516   0.05720   1.68840   0.06488   0.05664  
 63  0.0008   8690.256570  x:  5.92458   2.68728   2.71334   3.65236   1.76161   1.04687   2.00170   1.30016   1.22809   0.52275   0.24016   0.43498   3.05110   0.24918   0.17023   0.16992   0.09154   0.03516   0.05719   1.68838   0.06488   0.05665  
 64  0.0004   8690.256569  x:  5.92474   2.68702   2.71343   3.65272   1.76161   1.04680   2.00176   1.30038   1.22807   0.52277   0.24014   0.43500   3.05110   0.24916   0.17024   0.16994   0.09154   0.03515   0.05719   1.68839   0.06488   0.05665  
 65  0.0003   8690.256569  x:  5.92473   2.68695   2.71340   3.65270   1.76154   1.04682   2.00174   1.30035   1.22806   0.52277   0.24014   0.43499   3.05104   0.24915   0.17025   0.16993   0.09154   0.03515   0.05719   1.68840   0.06488   0.05665  
 66  0.0001   8690.256569  x:  5.92473   2.68695   2.71339   3.65270   1.76154   1.04682   2.00174   1.30035   1.22806   0.52277   0.24014   0.43499   3.05103   0.24915   0.17026   0.16993   0.09155   0.03515   0.05719   1.68840   0.06488   0.05665  
 67  0.0000   8690.256569  x:  5.92473   2.68695   2.71339   3.65271   1.76153   1.04683   2.00174   1.30035   1.22806   0.52277   0.24014   0.43499   3.05102   0.24915   0.17026   0.16993   0.09155   0.03515   0.05719   1.68840   0.06488   0.05665  
 68  0.0000   8690.256569  x:  5.92473   2.68695   2.71339   3.65272   1.76154   1.04683   2.00174   1.30035   1.22806   0.52277   0.24014   0.43499   3.05102   0.24915   0.17026   0.16993   0.09154   0.03515   0.05719   1.68840   0.06488   0.05665  