

TREE # 1

  0  0.0000  14589.309405  x:  0.17673   2.00331   2.68384   0.26622   1.49766   0.23007   1.30377   0.45607   1.08915   0.29710   0.28810   0.34511   1.83609   0.38818   0.07371   0.26919   0.09192   0.11424   0.08291   2.00000   0.20000   0.20000  
  1 99.0000  14458.474414  x:  0.19096   2.01056   2.69060   0.28755   1.50295   0.24164   1.30828   0.46541   1.09627   0.31113   0.28850   0.34814   1.84574   0.38575   0.07365   0.26177   0.10108   0.10319   0.10449   1.98340   0.38308   0.20364  
  2 2051.7747  14404.929879  x:  0.25508   2.04452   2.72104   0.38630   1.52145   0.28896   1.32157   0.50436   1.12488   0.37258   0.27363   0.35208   1.89079   0.34136   0.04170   0.18262   0.13416   0.01941   0.17687   1.92659   0.36919   0.21903  
  3 387.4706  14369.072173  x:  0.33536   2.08771   2.76059   0.50873   1.54479   0.34633   1.33828   0.55211   1.16090   0.44678   0.25531   0.35746   1.94890   0.30262   0.02264   0.09356   0.17901   0.06967   0.23483   1.85369   0.35126   0.23420  
  4 1010.1057  14278.182327  x:  0.63832   2.25769   2.92494   0.95880   1.63358   0.54328   1.40166   0.72055   1.29742   0.69746   0.19447   0.38474   2.18430   0.34881   0.18856   0.15325   0.26023   0.07393   0.10243   1.56635   0.28843   0.24800  
  5 537.4720  14254.536594  x:  0.72184   2.31350   2.99095   1.07230   1.65742   0.57435   1.41911   0.75112   1.33285   0.72932   0.20728   0.40847   2.26467   0.32442   0.19979   0.21364   0.10970   0.09317   0.13294   1.50088   0.27332   0.24581  
  6 275.9064  14250.028803  x:  0.74746   2.33798   3.02824   1.10020   1.66420   0.56623   1.42468   0.74845   1.34183   0.71099   0.22319   0.41798   2.30100   0.28296   0.16725   0.22868   0.09698   0.09591   0.10109   1.49997   0.27398   0.23780  
  7 122.0639  14245.195875  x:  0.78465   2.37977   3.09669   1.13482   1.67367   0.53960   1.43297   0.73498   1.35373   0.66199   0.24797   0.42825   2.36410   0.24795   0.14812   0.28031   0.12093   0.10198   0.11694   1.51125   0.26985   0.22458  
  8 175.1465  14224.208990  x:  0.95201   2.59832   3.47286   1.26885   1.71814   0.35953   1.47592   0.64120   1.40846   0.36191   0.31842   0.42029   2.69515   0.24719   0.21233   0.22634   0.12517   0.09375   0.12073   1.62238   0.26407   0.16486  
  9 170.9573  14217.872617  x:  0.97456   2.68909   3.65540   1.25079   1.74645   0.25522   1.50808   0.62718   1.45297   0.34056   0.24711   0.34826   2.83492   0.23404   0.20863   0.23861   0.11937   0.09553   0.11668   1.67263   0.26427   0.25538  
 10 83.9729  14206.818472  x:  0.93621   2.87418   4.07238   1.08584   1.83537   0.02601   1.59514   0.65843   1.56695   0.48984   0.28650   0.43393   3.12446   0.25703   0.21375   0.22218   0.12644   0.09228   0.11289   1.76254   0.25708   0.34741  
 11 91.9793  14196.209005  x:  0.81554   3.06238   4.51676   0.82953   2.01424   0.03919   1.69289   0.75396   1.61727   0.57213   0.21705   0.38936   3.41349   0.27671   0.17840   0.21888   0.12602   0.09045   0.12469   1.78431   0.25102   0.18481  
 12 71.0305  14188.400336  x:  0.64672   3.25825   4.96257   0.55496   2.21475   0.24715   1.76747   0.83161   1.59090   0.51609   0.27780   0.39780   3.68936   0.32035   0.15101   0.20429   0.13557   0.08660   0.11997   1.70861   0.23861   0.28994  
 13 75.9669  14184.019941  x:  0.47908   3.45661   5.21274   0.55822   2.10628   0.34735   1.63425   0.63462   1.48912   0.58923   0.19213   0.47839   3.78429   0.32094   0.14581   0.19798   0.13820   0.08474   0.12042   1.62190   0.23467   0.28364  
 14 13.1424  14180.345018  x:  0.31545   3.65449   5.42012   0.62331   1.96275   0.44056   1.54666   0.55371   1.43749   0.69446   0.29036   0.36877   3.83051   0.32029   0.15146   0.19751   0.13711   0.08470   0.12128   1.63427   0.22954   0.27257  
 15 30.6328  14171.549897  x:  0.00000   4.01170   5.72819   0.81515   1.68848   0.54949   1.58595   0.73003   1.46033   0.68081   0.26119   0.41365   3.80937   0.30618   0.16848   0.20161   0.13373   0.08518   0.12209   1.72652   0.21869   0.27861  
 16 24.4564  14171.549897  x:  0.00000   4.01170   5.72819   0.81515   1.68848   0.54949   1.58595   0.73003   1.46033   0.68081   0.26119   0.41365   3.80937   0.30618   0.16848   0.20161   0.13373   0.08518   0.12209   1.72652   0.21869   0.27861  
 17 28.9445  14167.289469  x:  0.00200   4.01247   5.72873   0.81807   1.68954   0.55009   1.58652   0.73107   1.46149   0.68166   0.26010   0.41322   3.81025   0.30157   0.16379   0.19567   0.13591   0.07605   0.12617   1.72499   0.19497   0.27874  
 18 286.8022  14163.364952  x:  0.01321   4.01702   5.73206   0.83402   1.69628   0.55501   1.59098   0.73797   1.46896   0.68810   0.25715   0.41313   3.81551   0.28573   0.14755   0.17212   0.14867   0.04617   0.14230   1.71159   0.19918   0.27927  
 19 154.9135  14160.173453  x:  0.03262   4.02486   5.73783   0.86168   1.70786   0.56324   1.59856   0.74969   1.48175   0.69889   0.25225   0.41309   3.82465   0.26846   0.12981   0.13949   0.17021   0.06052   0.15946   1.68905   0.19739   0.27805  
 20 179.8466  14154.167190  x:  0.09822   4.05128   5.75754   0.95515   1.74678   0.58980   1.62390   0.78818   1.52451   0.73364   0.23888   0.41501   3.85591   0.26817   0.12927   0.11868   0.20883   0.05902   0.11601   1.61612   0.18580   0.26680  
 21 129.8790  14139.671402  x:  0.29595   4.13088   5.81778   1.23653   1.86385   0.66728   1.70027   0.90167   1.65254   0.83449   0.20857   0.42672   3.95129   0.30240   0.16310   0.15846   0.23716   0.05562   0.14976   1.40740   0.15001   0.24440  
 22 351.3589  14133.125402  x:  0.38866   4.16840   5.84771   1.36812   1.91833   0.69914   1.73594   0.95057   1.71115   0.87533   0.20991   0.43983   3.99800   0.29822   0.15763   0.14528   0.16424   0.05980   0.14265   1.34013   0.13864   0.23347  
 23 269.0419  14130.439249  x:  0.44619   4.19215   5.86998   1.44974   1.95035   0.70754   1.75635   0.97058   1.74350   0.88538   0.22713   0.45089   4.03105   0.26968   0.12640   0.17948   0.15848   0.06446   0.13472   1.37087   0.13582   0.23271  
 24 80.9727  14121.873345  x:  0.67756   4.28907   5.96889   1.77853   2.07488   0.71385   1.83369   1.02754   1.86442   0.89212   0.28349   0.46807   4.17375   0.30439   0.15059   0.15946   0.17065   0.06136   0.14161   1.62190   0.12751   0.25170  
 25 117.6506  14120.110175  x:  0.72508   4.31095   5.99749   1.84703   2.09726   0.69419   1.84426   1.02483   1.88327   0.87618   0.22921   0.42206   4.21027   0.30190   0.14767   0.16359   0.16256   0.06244   0.14043   1.66813   0.12933   0.25809  
 26 53.8903  14116.773147  x:  0.82945   4.37701   6.13686   2.00637   2.12436   0.47518   1.82810   0.90563   1.88011   0.71966   0.20971   0.46770   4.35488   0.29472   0.15404   0.16259   0.16351   0.06275   0.13883   1.63808   0.13086   0.28086  
 27 19.0055  14115.240005  x:  0.83545   4.40543   6.24559   2.04098   2.15803   0.34600   1.83221   0.89006   1.87535   0.76444   0.26615   0.40483   4.44497   0.29793   0.15298   0.16178   0.16455   0.06148   0.14370   1.63346   0.13118   0.22009  
 28 12.8803  14112.814419  x:  0.79772   4.45532   6.48492   2.05943   2.26702   0.16522   1.86253   0.92681   1.85627   0.90975   0.28890   0.38786   4.62620   0.30801   0.14381   0.16411   0.16147   0.06392   0.13578   1.64017   0.12967   0.33044  
 29 22.5705  14107.599869  x:  0.67520   4.56024   6.98807   2.05046   2.55249   0.05751   1.94157   1.03294   1.80086   1.03394   0.17989   0.53507   4.98329   0.32955   0.12933   0.16529   0.15907   0.06263   0.14346   1.70444   0.12991   0.24437  
 30 29.6050  14098.345140  x:  0.43185   4.82170   8.02349   2.01856   3.10511   0.29995   2.09458   1.14508   1.79005   0.88812   0.30904   0.42867   5.67199   0.34977   0.11957   0.16901   0.15622   0.06435   0.14103   1.71018   0.12500   0.30084  
 31 39.4434  14091.618243  x:  0.35158   5.20107   8.79927   1.93538   2.93997   0.52987   2.15908   0.97127   2.47513   0.99033   0.29024   0.48139   6.03663   0.31878   0.15928   0.17265   0.15246   0.06517   0.14204   1.76651   0.12206   0.31046  
 32 16.7293  14087.613518  x:  0.55137   5.69968   9.27074   1.95687   2.44339   0.66408   2.44600   1.13578   2.38743   1.02145   0.28903   0.49834   6.14551   0.37356   0.11085   0.17473   0.15226   0.06546   0.14269   1.78552   0.12008   0.31051  
 33  9.7085  14085.159197  x:  0.72281   6.19936   9.61518   2.00798   2.52596   0.77850   2.33762   1.02828   2.25764   1.18341   0.28233   0.50996   6.22859   0.21036   0.27466   0.17573   0.15693   0.06525   0.14299   1.79102   0.11587   0.30986  
 34  4.8522  14080.456478  x:  0.87142   7.07046  10.23662   2.04235   2.93617   0.72981   2.31107   1.07585   2.42307   1.21185   0.28241   0.50706   6.43391   0.42505   0.06997   0.17807   0.17233   0.06434   0.14241   1.75010   0.10126   0.30080  
 35  8.9682  14078.214001  x:  0.81538   7.40438  10.45837   2.16745   3.12732   0.58707   2.45197   1.30838   2.60630   1.10953   0.29271   0.49585   6.54102   0.29272   0.20322   0.17840   0.18082   0.06370   0.14247   1.72898   0.09433   0.29436  
 36  9.2886  14071.987960  x:  0.36175   7.76501  10.38376   3.67970   3.49208   0.40814   2.36092   1.57415   2.75563   1.12605   0.31343   0.49312   6.63135   0.38613   0.12119   0.17739   0.19313   0.06221   0.14226   1.69528   0.09369   0.28534  
 37  4.4336  14069.797955  x:  0.30682   7.72633  10.50894   4.11180   3.67805   0.42669   2.86684   1.28254   2.77321   1.24813   0.30621   0.50305   6.81259   0.41171   0.10006   0.17691   0.19908   0.06191   0.14136   1.67079   0.08746   0.28165  
 38  5.9937  14065.479612  x:  1.68381   7.01766  11.67562   4.31874   3.95810   0.50251   2.95442   1.49842   3.03927   1.40177   0.30775   0.52590   7.69857   0.40992   0.11786   0.17155   0.19648   0.06312   0.13875   1.66868   0.07579   0.27896  
 39  2.4007  14064.366743  x:  2.17776   6.98190  11.85707   4.27747   4.22608   0.40625   3.09912   1.51577   3.13900   1.40327   0.31490   0.52507   7.43839   0.38938   0.14136   0.16969   0.19213   0.06374   0.13854   1.68858   0.07772   0.28438  
 40  1.8288  14062.589416  x:  2.16793   8.09282  13.46198   5.12303   4.52167   0.45218   3.30280   1.73574   3.53912   1.59414   0.31671   0.55850   8.17980   0.38214   0.16443   0.17241   0.18167   0.06599   0.14036   1.76464   0.06896   0.30721  
 41  1.1012  14062.056481  x:  2.14502   8.30752  13.90139   5.33604   4.54748   0.48915   3.39553   1.77316   3.64671   1.65926   0.31463   0.56821   8.60720   0.38739   0.16202   0.17783   0.19226   0.06541   0.13931   1.75765   0.06846   0.30407  
 42  0.4742  14061.842019  x:  2.20953   8.70857  14.44596   5.55130   4.76513   0.47500   3.56480   1.80922   3.79565   1.72182   0.32400   0.57464   8.89707   0.40540   0.15232   0.18001   0.19545   0.06536   0.13859   1.74253   0.06451   0.30204  
 43  0.7469  14061.760979  x:  2.18074   8.92326  14.74745   5.56208   4.87657   0.47555   3.63919   1.82497   3.85450   1.74913   0.33318   0.57386   9.06991   0.41436   0.14850   0.17820   0.19119   0.06530   0.13944   1.73452   0.06375   0.29972  
 44  0.2269  14061.729256  x:  2.10773   9.03327  14.99813   5.52253   4.92689   0.50084   3.66326   1.85210   3.88528   1.77352   0.33612   0.57319   9.26733   0.40983   0.15552   0.17857   0.19266   0.06532   0.13947   1.74219   0.06291   0.30163  
 45  0.1353  14061.720823  x:  2.06314   8.97171  14.93593   5.43926   4.90532   0.50693   3.63904   1.84691   3.85652   1.76371   0.33523   0.57144   9.23934   0.40885   0.15511   0.17858   0.19280   0.06536   0.13924   1.74261   0.06351   0.30175  
 46  0.1108  14061.719337  x:  2.05456   8.95700  14.91267   5.42137   4.90745   0.50495   3.63854   1.84430   3.85045   1.76133   0.33471   0.57205   9.21562   0.41122   0.15226   0.17865   0.19251   0.06540   0.13923   1.73969   0.06351   0.30137  
 47  0.0272  14061.719139  x:  2.04952   8.95366  14.90680   5.42586   4.90348   0.50602   3.63895   1.84522   3.85107   1.76314   0.33377   0.57315   9.21141   0.41072   0.15254   0.17867   0.19239   0.06537   0.13931   1.73969   0.06352   0.30148  
 48  0.0046  14061.719095  x:  2.04861   8.95819  14.90952   5.42552   4.90538   0.50648   3.64079   1.84624   3.85292   1.76456   0.33385   0.57314   9.21413   0.41079   0.15260   0.17868   0.19246   0.06539   0.13923   1.73967   0.06350   0.30147  
 49  0.0034  14061.719082  x:  2.05037   8.95798  14.90484   5.42475   4.90506   0.50661   3.64048   1.84637   3.85300   1.76474   0.33398   0.57291   9.21232   0.41087   0.15255   0.17865   0.19248   0.06539   0.13927   1.73967   0.06350   0.30146  
 50  0.0026  14061.719080  x:  2.05025   8.95740  14.90377   5.42406   4.90435   0.50708   3.64010   1.84634   3.85276   1.76478   0.33403   0.57284   9.21271   0.41082   0.15259   0.17866   0.19247   0.06539   0.13926   1.73966   0.06350   0.30145  
 51  0.0009  14061.719080  x:  2.05033   8.95758  14.90413   5.42419   4.90423   0.50736   3.64029   1.84625   3.85284   1.76480   0.33405   0.57284   9.21282   0.41084   0.15257   0.17866   0.19246   0.06538   0.13926   1.73962   0.06350   0.30144  
 52  0.0002  14061.719079  x:  2.05030   8.95755  14.90428   5.42410   4.90417   0.50748   3.64030   1.84625   3.85285   1.76474   0.33404   0.57285   9.21258   0.41082   0.15258   0.17866   0.19247   0.06539   0.13926   1.73966   0.06350   0.30145  
 53  0.0001  14061.719079  x:  2.05034   8.95754  14.90426   5.42414   4.90413   0.50755   3.64030   1.84627   3.85287   1.76470   0.33404   0.57286   9.21256   0.41082   0.15258   0.17866   0.19247   0.06539   0.13926   1.73965   0.06350   0.30145  
 54  0.0001  14061.719079  x:  2.05032   8.95754  14.90423   5.42413   4.90416   0.50753   3.64029   1.84629   3.85287   1.76470   0.33404   0.57286   9.21261   0.41082   0.15258   0.17866   0.19247   0.06539   0.13926   1.73964   0.06350   0.30145  
 55  0.0000  14061.719079  x:  2.05032   8.95755  14.90420   5.42415   4.90416   0.50754   3.64029   1.84629   3.85287   1.76469   0.33403   0.57286   9.21261   0.41082   0.15258   0.17866   0.19247   0.06539   0.13926   1.73964   0.06350   0.30145  