    9
BAM_019400  0.000000  1.017794  1.017794  0.691018  0.556167  0.334982
  0.400312  1.017794  1.104352
BA_3640xxx  1.017794  0.000000  0.008648  1.523944  1.160584  1.148016
  1.127556  0.008648  0.172832
BC_3582xxx  1.017794  0.008648  0.000000  1.523944  1.160584  1.148016
  1.127556  0.000010  0.171878
NT03BC1795  0.691018  1.523944  1.523944  0.000000  0.863272  0.752803
  0.725364  1.523944  1.460526
NT03BL2411  0.556167  1.160584  1.160584  0.863272  0.000000  0.555114
  0.505068  1.160584  1.167801
BPUM_1882x  0.334982  1.148016  1.148016  0.752803  0.555114  0.000000
  0.466081  1.148016  1.092142
BG13537xxx  0.400312  1.127556  1.127556  0.725364  0.505068  0.466081
  0.000000  1.127556  1.144986
NT02BT3570  1.017794  0.008648  0.000010  1.523944  1.160584  1.148016
  1.127556  0.000000  0.171878
KBAB4_3268  1.104352  0.172832  0.171878  1.460526  1.167801  1.092142
  1.144986  0.171878  0.000000
