

TREE # 1

  0  0.0000   4041.971300  x:  0.06230   0.09920   0.14501   0.03043   0.19316   0.13035   0.11788   0.06904   0.08064   0.08875   0.16067   0.02338   0.02828   0.02266   0.10087   0.00000   0.06013   2.00000   0.20000   0.20000  
  1 99.0000   3717.266403  x:  0.58122   0.40180   0.43877   0.56207   0.29259   0.21714   0.23839   0.18716   0.26879   0.21884   0.47003   0.08678   0.11297   0.11063   0.08627   2.73570   0.06559   1.97766   0.18840   0.19603  
  2 6260.2971   3664.418335  x:  0.59489   0.41604   0.45958   0.57011   0.30281   0.22338   0.24847   0.19120   0.27586   0.22187   0.49068   0.07367   0.10195   0.09882   0.07441   2.73656   0.05255   1.97387   0.08693   0.19408  
  3 659.3951   3617.677712  x:  0.66586   0.49062   0.57103   0.61214   0.36366   0.26118   0.30414   0.21881   0.31437   0.24108   0.60202   0.00186   0.05729   0.04777   0.02795   2.68800   0.00000   1.94141   0.08455   0.18536  
  4 343.9404   3573.104718  x:  0.77211   0.59977   0.73480   0.67464   0.45220   0.31486   0.38292   0.25763   0.36942   0.26735   0.76730   0.03642   0.03355   0.00525   0.05293   2.60700   0.01849   1.89120   0.07303   0.17511  
  5 849.8922   3512.103070  x:  0.99480   0.82726   1.07680   0.80534   0.63610   0.42569   0.54561   0.33708   0.48286   0.32039   1.11318   0.08025   0.00000   0.08251   0.09148   2.43175   0.04156   1.78532   0.04518   0.15173  
  6 4089.4729   3505.986161  x:  1.02855   0.85697   1.12285   0.82293   0.65342   0.43256   0.55906   0.33722   0.49020   0.31653   1.16266   0.10043   0.06647   0.08213   0.07136   2.40691   0.01750   1.77322   0.04193   0.13958  
  7 319.3191   3500.069177  x:  1.06033   0.87251   1.15045   0.83174   0.63879   0.41007   0.54036   0.30305   0.47059   0.27970   1.19928   0.12587   0.05370   0.08545   0.05834   2.39775   0.00000   1.77672   0.04389   0.11015  
  8 80.9041   3488.840249  x:  1.14189   0.90739   1.21535   0.85591   0.59792   0.34905   0.48791   0.21610   0.42160   0.18818   1.28948   0.11365   0.05748   0.08470   0.06869   2.37633   0.01119   1.78312   0.04508   0.00920  
  9 311.0998   3487.024625  x:  1.19414   0.91809   1.24351   0.87132   0.56342   0.30127   0.44831   0.17417   0.40667   0.16009   1.33863   0.09534   0.06611   0.08266   0.07636   2.36351   0.02437   1.78343   0.04510   0.05956  
 10 69.2173   3483.263410  x:  1.29317   0.90095   1.25456   0.89573   0.48134   0.19325   0.37685   0.18616   0.44090   0.24315   1.40450   0.09245   0.06706   0.08225   0.06994   2.33674   0.03275   1.77685   0.04573   0.05530  
 11 39.0762   3474.024047  x:  1.67714   0.67807   1.12644   0.98707   0.49457   0.16375   0.37281   0.42477   0.33616   0.19538   1.52813   0.08342   0.07098   0.08234   0.04159   2.27046   0.07054   1.68582   0.04598   0.06825  
 12 17.7748   3461.523646  x:  2.09700   0.44279   0.97933   1.06656   0.64110   0.30204   0.36281   0.30153   0.46162   0.24054   1.57030   0.07524   0.07964   0.08454   0.03964   2.19686   0.08614   1.52605   0.04978   0.06804  
 13 40.2021   3446.465433  x:  2.30537   0.72016   1.09437   1.14672   0.65948   0.28228   0.43930   0.32373   0.42718   0.27826   1.23453   0.05784   0.09903   0.08772   0.09702   2.12970   0.06111   1.09077   0.05446   0.07783  
 14 23.0033   3443.090564  x:  2.21659   0.76849   1.12718   1.44613   0.75325   0.29347   0.26900   0.36756   0.45306   0.25242   1.19095   0.06331   0.09437   0.08834   0.04198   2.08506   0.10555   1.04092   0.05289   0.07372  
 15 12.7115   3437.332521  x:  1.95555   0.78107   1.16339   2.22778   0.79513   0.13846   0.43964   0.32798   0.51040   0.21797   1.19044   0.06613   0.09419   0.09128   0.02779   1.97397   0.12049   1.18705   0.05435   0.07168  
 16 21.2073   3435.250781  x:  1.93497   0.75894   1.16899   2.46857   0.77799   0.17160   0.43890   0.29101   0.41687   0.28579   1.22354   0.06021   0.09288   0.08917   0.15824   1.93473   0.00000   1.15219   0.05181   0.07036  
 17 12.9401   3432.907477  x:  1.94359   0.75747   1.17322   2.47263   0.76114   0.19526   0.45851   0.25868   0.35931   0.33034   1.23293   0.06436   0.09053   0.09000   0.08846   1.93250   0.00000   1.12960   0.05153   0.06972  
 18 23.5167   3417.775477  x:  2.29157   0.82940   1.44028   2.80286   0.18918   0.72750   0.45519   0.30821   0.51770   0.22075   1.49515   0.06488   0.08598   0.09535   0.07528   1.73459   0.00000   1.21561   0.04760   0.05811  
 19  5.2660   3417.226907  x:  2.30796   0.83378   1.45010   2.81225   0.17900   0.73961   0.45451   0.30921   0.52121   0.21866   1.50525   0.06479   0.08589   0.09558   0.07499   1.72692   0.02419   1.22146   0.04746   0.05772  
 20 55.4851   3327.248152  x:  5.86043   1.95696   2.97347   3.57447   1.49451   0.59208   0.22092   0.23459   0.49344   0.36928   3.23637   0.02633   0.08778   0.14193   0.06976   0.41091   0.03170   2.74200   0.02701   0.00010  
 21 26.6899   3307.505000  x:  6.01795   2.08424   3.36870   3.47694   1.73242   0.58878   0.16828   0.32315   0.45437   0.42120   4.04376   0.00000   0.10934   0.15491   0.06673   0.24072   0.03345   2.98630   0.03208   0.03069  
 22 12.5424   3307.505000  x:  6.01795   2.08424   3.36870   3.47694   1.73242   0.58878   0.16828   0.32315   0.45437   0.42120   4.04376   0.00000   0.10934   0.15491   0.06673   0.24072   0.03345   2.98630   0.03208   0.03069  
 23 73.8887   3306.947807  x:  6.01795   2.08426   3.36879   3.47691   1.73239   0.58871   0.16971   0.32375   0.45457   0.42106   4.04383   0.00324   0.10927   0.15336   0.06614   0.23839   0.03305   2.98567   0.03431   0.03069  
 24 230.1248   3301.969678  x:  6.01788   2.08454   3.36982   3.47654   1.73193   0.58771   0.18719   0.33114   0.45701   0.41935   4.04473   0.03756   0.10798   0.13421   0.05884   0.20955   0.02831   2.97802   0.02853   0.03139  
 25 692.1815   3279.825085  x:  6.01737   2.08595   3.37527   3.47467   1.72938   0.58235   0.27419   0.36818   0.46950   0.41016   4.04930   0.03759   0.07833   0.03671   0.02398   0.05579   0.02016   2.93789   0.02911   0.05427  
 26 341.7941   3276.788711  x:  6.01725   2.08630   3.37657   3.47423   1.72875   0.58103   0.29239   0.37598   0.47227   0.40793   4.05039   0.03918   0.07418   0.02998   0.03212   0.02305   0.03262   2.92830   0.02896   0.05848  
 27 416.9886   3275.689439  x:  6.01710   2.08672   3.37817   3.47369   1.72795   0.57938   0.31241   0.38457   0.47546   0.40516   4.05174   0.03893   0.07128   0.04068   0.03409   0.01451   0.02575   2.91651   0.02897   0.06291  
 28 101.8444   3266.254768  x:  6.01487   2.09313   3.40249   3.46552   1.71574   0.55425   0.61158   0.51284   0.52344   0.36313   4.07218   0.04186   0.03159   0.07495   0.04517   0.04173   0.04397   2.73786   0.02835   0.12845  
 29 220.1118   3262.040550  x:  6.01355   2.09746   3.41832   3.46054   1.70754   0.53745   0.75111   0.57116   0.54870   0.33634   4.08559   0.02875   0.11660   0.07347   0.06361   0.05031   0.03877   2.62367   0.02899   0.15670  
 30 187.0603   3259.545551  x:  6.01303   2.10381   3.43805   3.45566   1.69791   0.51666   0.76401   0.56919   0.56153   0.30785   4.10264   0.02541   0.13206   0.09095   0.02747   0.04426   0.05920   2.49105   0.02854   0.13627  
 31 43.9304   3240.381326  x:  6.01020   2.14246   3.55743   3.42646   1.64018   0.39114   0.78996   0.53296   0.63294   0.14058   4.20607   0.00802   0.12908   0.08409   0.03204   0.04337   0.05429   1.68979   0.02593   0.00010  
 32 246.5692   3232.405920  x:  6.00788   2.16709   3.64062   3.40284   1.60272   0.30441   0.74961   0.48908   0.68903   0.09743   4.28104   0.02038   0.12583   0.08351   0.03219   0.04307   0.05343   1.12776   0.02456   0.11498  
 33 176.6477   3231.879021  x:  6.00662   2.17043   3.66057   3.39553   1.60159   0.28986   0.74875   0.49770   0.70411   0.16775   4.30200   0.01832   0.12627   0.08328   0.03204   0.04294   0.05340   1.08036   0.02422   0.09954  
 34 15.8871   3230.884896  x:  5.99505   2.19308   3.85117   3.32190   1.62791   0.18890   0.73229   0.55732   0.54517   0.21179   4.51635   0.01856   0.12415   0.08166   0.03368   0.04258   0.05230   1.06834   0.02387   0.10230  
 35  5.1350   3228.558630  x:  5.96204   2.24822   4.43974   3.09421   1.75396   0.04710   0.69887   0.54895   0.64367   0.19645   5.19312   0.02121   0.11536   0.07557   0.03996   0.04129   0.04791   1.15785   0.02231   0.12251  
 36 11.5169   3227.050084  x:  5.93718   2.27929   4.95118   2.89716   1.89727   0.23416   0.67700   0.54244   0.65164   0.20419   5.79861   0.02194   0.10873   0.07035   0.04517   0.04010   0.04425   1.18074   0.02027   0.13251  
 37 28.7661   3226.248626  x:  6.02857   2.00252   5.00073   2.85001   1.79095   0.24479   0.72204   0.41413   0.62552   0.21824   6.15498   0.01747   0.10219   0.06437   0.04827   0.03748   0.04128   1.16940   0.02108   0.12409  
 38  1.5012   3225.899753  x:  6.09286   1.88131   5.01583   2.84291   1.75767   0.25732   0.65980   0.52026   0.65840   0.19604   6.32139   0.01570   0.09788   0.06044   0.04928   0.03552   0.03946   1.15614   0.02129   0.11967  
 39  4.4670   3225.462012  x:  6.41795   2.10976   5.11215   3.02784   2.05172   0.22164   0.64139   0.51419   0.65071   0.19399   6.51228   0.01280   0.09259   0.05643   0.04916   0.03107   0.03922   1.10097   0.01995   0.11693  
 40  1.0124   3225.173800  x:  6.75639   2.39568   5.30943   3.24572   1.90406   0.25411   0.62474   0.51791   0.65107   0.19817   6.68151   0.01334   0.08947   0.05555   0.04818   0.02765   0.04048   1.12013   0.01912   0.13017  
 41  1.4651   3224.874128  x:  7.27295   2.38850   5.67693   3.43903   2.09379   0.25799   0.62920   0.53977   0.64027   0.20696   6.99024   0.01331   0.09664   0.06216   0.04454   0.02562   0.04545   1.16054   0.01843   0.15727  
 42  0.5730   3224.584043  x:  7.94887   2.54853   6.20968   3.62621   2.17734   0.27878   0.67302   0.56594   0.67709   0.19384   7.64001   0.01150   0.10278   0.06404   0.04982   0.02849   0.04208   1.12167   0.01672   0.18859  
 43  0.5342   3224.509254  x:  8.06434   2.63800   6.34106   3.62039   2.20371   0.28942   0.68660   0.57692   0.68198   0.19366   7.80848   0.01156   0.10140   0.06283   0.05066   0.02859   0.04081   1.13067   0.01683   0.20249  
 44  0.4137   3224.427868  x:  8.41945   2.73422   6.60760   3.86860   2.31330   0.29604   0.70938   0.60520   0.68398   0.19859   8.30505   0.01288   0.09759   0.06099   0.04962   0.02745   0.04049   1.14033   0.01588   0.22962  
 45  0.6971   3224.405071  x:  8.56620   2.80223   6.72718   3.93647   2.34708   0.29983   0.72980   0.62066   0.68832   0.19813   8.48485   0.01083   0.09942   0.06146   0.04801   0.02759   0.04156   1.13898   0.01558   0.23565  
 46  0.3076   3224.397880  x:  8.61583   2.81563   6.76565   3.95711   2.35635   0.30010   0.73785   0.62731   0.69046   0.19747   8.51917   0.01159   0.09894   0.06179   0.04739   0.02813   0.04204   1.13275   0.01553   0.24133  
 47  0.0930   3224.395919  x:  8.67999   2.83566   6.80831   3.98469   2.37099   0.30071   0.74487   0.63311   0.69108   0.19810   8.54420   0.01143   0.09890   0.06135   0.04778   0.02854   0.04178   1.13568   0.01544   0.24550  
 48  0.0762   3224.395543  x:  8.69121   2.83368   6.80840   3.98583   2.37093   0.29977   0.74536   0.63422   0.69153   0.19775   8.52705   0.01135   0.09879   0.06114   0.04775   0.02837   0.04196   1.13442   0.01544   0.24651  
 49  0.0100   3224.394872  x:  8.67567   2.82522   6.77552   3.98637   2.36384   0.29750   0.74479   0.63385   0.69133   0.19771   8.48597   0.01132   0.09908   0.06142   0.04790   0.02838   0.04202   1.13561   0.01549   0.25136  
 50  0.0090   3224.390893  x:  8.65091   2.82855   6.75207   3.97082   2.36001   0.29266   0.75068   0.63544   0.69168   0.19758   8.48650   0.01044   0.09933   0.06171   0.04774   0.02824   0.04159   1.13459   0.01551   0.28486  
 51  0.0064   3224.385867  x:  8.62332   2.82653   6.77143   3.94724   2.36441   0.28741   0.75784   0.63772   0.69184   0.19792   8.50633   0.00915   0.10030   0.06190   0.04761   0.02795   0.04138   1.13399   0.01550   0.37231  
 52  0.0308   3224.378585  x:  8.61499   2.80465   6.80162   3.95945   2.36604   0.29150   0.74909   0.63460   0.69044   0.19862   8.48857   0.00928   0.10110   0.06139   0.04807   0.02820   0.04203   1.13614   0.01553   0.46300  
 53  0.0313   3224.373261  x:  8.62050   2.80131   6.80656   3.96924   2.36580   0.29183   0.74735   0.63460   0.69051   0.19856   8.48196   0.00792   0.10259   0.06127   0.04825   0.02830   0.04225   1.13674   0.01553   0.56326  
 54  0.1157   3224.369287  x:  8.65904   2.82462   6.79159   3.97656   2.36444   0.29651   0.73997   0.63172   0.69135   0.19775   8.51522   0.00733   0.10262   0.06118   0.04784   0.02843   0.04205   1.13362   0.01545   0.67758  
 55  0.0653   3224.367594  x:  8.65395   2.82774   6.76338   3.96842   2.35943   0.29809   0.73799   0.62956   0.69058   0.19779   8.49707   0.00763   0.10217   0.06116   0.04765   0.02851   0.04187   1.13406   0.01551   0.70585  
 56  0.0394   3224.365769  x:  8.64657   2.82238   6.75236   3.96201   2.35803   0.29894   0.73900   0.62859   0.68958   0.19819   8.47038   0.00702   0.10294   0.06113   0.04761   0.02858   0.04186   1.13575   0.01556   0.85085  
 57  0.0840   3224.362403  x:  8.68246   2.82256   6.79855   3.97503   2.37135   0.30102   0.74833   0.63253   0.69097   0.19816   8.49492   0.00669   0.10382   0.06139   0.04764   0.02836   0.04192   1.13500   0.01545   1.15123  
 58  0.1021   3224.360260  x:  8.63070   2.81734   6.76133   3.96455   2.35703   0.30359   0.74337   0.63054   0.69058   0.19780   8.48890   0.00660   0.10308   0.06133   0.04780   0.02825   0.04173   1.13447   0.01554   1.39925  
 59  0.0994   3224.359319  x:  8.64136   2.82200   6.76724   3.96923   2.35777   0.30494   0.74368   0.63198   0.69082   0.19775   8.49125   0.00624   0.10345   0.06136   0.04784   0.02832   0.04184   1.13463   0.01552   1.65575  
 60  0.1998   3224.358008  x:  8.67501   2.83270   6.79352   3.98119   2.36388   0.30490   0.74565   0.63602   0.69140   0.19780   8.50071   0.00624   0.10378   0.06140   0.04791   0.02848   0.04215   1.13515   0.01545   2.08176  
 61  0.2614   3224.356552  x:  8.63726   2.82114   6.77054   3.96335   2.35845   0.30239   0.74284   0.63249   0.69032   0.19795   8.48949   0.00590   0.10391   0.06128   0.04782   0.02836   0.04192   1.13479   0.01552   2.79326  
 62  0.2737   3224.355734  x:  8.63437   2.81705   6.76550   3.96141   2.35951   0.29851   0.74235   0.63063   0.69028   0.19799   8.48760   0.00604   0.10380   0.06123   0.04773   0.02835   0.04181   1.13468   0.01553   3.23651  
 63  0.2771   3224.354968  x:  8.65913   2.82216   6.77954   3.97143   2.36495   0.29510   0.74339   0.63138   0.69094   0.19796   8.49608   0.00579   0.10420   0.06125   0.04772   0.02844   0.04189   1.13492   0.01549   4.34568  
 64  0.6507   3224.354431  x:  8.66575   2.82979   6.79258   3.97585   2.36583   0.29424   0.74287   0.63226   0.69111   0.19789   8.51030   0.00585   0.10403   0.06135   0.04789   0.02839   0.04201   1.13524   0.01548   5.88311  
 65  0.3436   3224.354045  x:  8.66024   2.82725   6.78558   3.97395   2.36502   0.29437   0.74274   0.63186   0.69082   0.19790   8.50657   0.00567   0.10418   0.06133   0.04786   0.02837   0.04191   1.13497   0.01549   7.31439  
 66  0.7590   3224.353533  x:  8.65165   2.82102   6.77054   3.97035   2.36258   0.30003   0.74387   0.63220   0.69045   0.19790   8.49108   0.00565   0.10427   0.06129   0.04773   0.02836   0.04178   1.13452   0.01550   9.97368  
 67  0.8384   3224.353292  x:  8.66070   2.82682   6.78760   3.97263   2.36354   0.30054   0.74364   0.63261   0.69116   0.19788   8.50156   0.00565   0.10426   0.06134   0.04782   0.02840   0.04201   1.13523   0.01548  12.30637  
 68  0.8770   3224.353026  x:  8.64590   2.82014   6.77045   3.96760   2.36052   0.29898   0.74314   0.63075   0.69057   0.19801   8.49051   0.00557   0.10422   0.06127   0.04781   0.02838   0.04184   1.13462   0.01551  18.56734  
 69  1.4189   3224.352856  x:  8.66425   2.82656   6.78669   3.97472   2.36531   0.29836   0.74443   0.63235   0.69098   0.19802   8.50558   0.00563   0.10426   0.06128   0.04777   0.02842   0.04193   1.13485   0.01548  24.25609  
 70  2.3198   3224.352754  x:  8.66416   2.82694   6.78691   3.97452   2.36529   0.29858   0.74402   0.63268   0.69103   0.19793   8.50526   0.00555   0.10438   0.06130   0.04778   0.02840   0.04194   1.13496   0.01548  32.43732  
 71  3.9755   3224.352649  x:  8.65266   2.82304   6.77579   3.97031   2.36242   0.29911   0.74279   0.63209   0.69074   0.19783   8.49585   0.00558   0.10431   0.06130   0.04781   0.02835   0.04185   1.13478   0.01550  45.89937  
 72  4.7027   3224.352588  x:  8.66508   2.82695   6.78703   3.97527   2.36536   0.29895   0.74396   0.63281   0.69100   0.19791   8.50572   0.00555   0.10435   0.06131   0.04778   0.02840   0.04191   1.13486   0.01548  59.34658  
 73  6.0300   3224.352491  x:  8.65154   2.82211   6.77708   3.96972   2.36198   0.29868   0.74361   0.63110   0.69072   0.19806   8.49395   0.00555   0.10430   0.06131   0.04780   0.02838   0.04192   1.13497   0.01550  133.57226  
 74  9.2782   3224.352474  x:  8.65942   2.82521   6.78257   3.97274   2.36396   0.29891   0.74388   0.63207   0.69090   0.19796   8.50112   0.00555   0.10433   0.06129   0.04779   0.02840   0.04191   1.13484   0.01549  148.72502  
 75 10.6552   3224.352463  x:  8.66335   2.82684   6.78534   3.97444   2.36508   0.29898   0.74377   0.63292   0.69100   0.19785   8.50491   0.00554   0.10437   0.06129   0.04778   0.02840   0.04191   1.13484   0.01548  198.15632  
 76 19.1772   3224.352435  x:  8.65543   2.82327   6.77959   3.97139   2.36311   0.29856   0.74336   0.63197   0.69078   0.19794   8.49790   0.00555   0.10434   0.06132   0.04780   0.02837   0.04190   1.13492   0.01550  361.99627  
 77 29.1827   3224.352429  x:  8.65965   2.82501   6.78267   3.97292   2.36405   0.29879   0.74369   0.63228   0.69089   0.19793   8.50126   0.00554   0.10435   0.06131   0.04779   0.02839   0.04190   1.13487   0.01549  397.57808  
 78 26.9009   3224.352427  x:  8.66167   2.82596   6.78419   3.97366   2.36449   0.29897   0.74388   0.63240   0.69094   0.19793   8.50289   0.00554   0.10435   0.06130   0.04778   0.02840   0.04191   1.13485   0.01548  506.35553  
 79 78.1339   3224.352413  x:  8.65706   2.82467   6.78091   3.97214   2.36356   0.29888   0.74362   0.63209   0.69085   0.19793   8.49961   0.00554   0.10435   0.06130   0.04779   0.02838   0.04191   1.13487   0.01549  999.00000  
 80 71.4330   3224.352413  x:  8.65758   2.82479   6.78127   3.97230   2.36366   0.29888   0.74365   0.63213   0.69086   0.19793   8.49998   0.00554   0.10435   0.06130   0.04779   0.02839   0.04191   1.13487   0.01549  999.00000  
 81  0.0041   3224.352413  x:  8.65770   2.82460   6.78108   3.97202   2.36362   0.29882   0.74363   0.63215   0.69086   0.19793   8.49926   0.00554   0.10435   0.06130   0.04779   0.02839   0.04191   1.13489   0.01549  999.00000  
 82  0.0008   3224.352413  x:  8.65720   2.82434   6.78079   3.97170   2.36350   0.29878   0.74359   0.63214   0.69085   0.19793   8.49877   0.00554   0.10435   0.06130   0.04779   0.02839   0.04191   1.13489   0.01549  999.00000  
 83  0.0005   3224.352413  x:  8.65692   2.82424   6.78061   3.97158   2.36343   0.29876   0.74357   0.63212   0.69084   0.19793   8.49854   0.00554   0.10435   0.06130   0.04779   0.02839   0.04191   1.13489   0.01549  999.00000  
 84  0.0020   3224.352413  x:  8.65680   2.82420   6.78053   3.97153   2.36341   0.29876   0.74356   0.63212   0.69084   0.19793   8.49844   0.00554   0.10435   0.06130   0.04779   0.02839   0.04191   1.13489   0.01549  999.00000  
 85  0.0025   3224.352413  x:  8.65676   2.82419   6.78050   3.97151   2.36340   0.29876   0.74356   0.63212   0.69084   0.19793   8.49840   0.00554   0.10435   0.06130   0.04779   0.02839   0.04191   1.13489   0.01549  999.00000  
 86  0.0025   3224.352413  x:  8.65674   2.82418   6.78048   3.97150   2.36339   0.29876   0.74356   0.63211   0.69084   0.19793   8.49838   0.00554   0.10435   0.06130   0.04779   0.02839   0.04191   1.13489   0.01549  999.00000  
 87  0.0025   3224.352413  x:  8.65674   2.82418   6.78048   3.97150   2.36339   0.29876   0.74356   0.63211   0.69084   0.19793   8.49838   0.00554   0.10435   0.06130   0.04779   0.02839   0.04191   1.13489   0.01549  999.00000  
 88  0.0025   3224.352413  x:  8.65674   2.82418   6.78048   3.97150   2.36339   0.29876   0.74356   0.63211   0.69084   0.19793   8.49838   0.00554   0.10435   0.06130   0.04779   0.02839   0.04191   1.13489   0.01549  999.00000  
 89  0.2738   3224.352413  x:  8.65674   2.82418   6.78048   3.97150   2.36339   0.29876   0.74356   0.63211   0.69084   0.19793   8.49838   0.00554   0.10435   0.06130   0.04779   0.02839   0.04191   1.13489   0.01549  999.00000  
 90  0.0188   3224.352413  x:  8.65674   2.82418   6.78048   3.97150   2.36339   0.29876   0.74356   0.63211   0.69084   0.19793   8.49838   0.00554   0.10435   0.06130   0.04779   0.02839   0.04191   1.13489   0.01549  999.00000  
 91  0.0082   3224.352413  x:  8.65674   2.82418   6.78048   3.97150   2.36339   0.29876   0.74356   0.63211   0.69084   0.19793   8.49838   0.00554   0.10435   0.06130   0.04779   0.02839   0.04191   1.13489   0.01549  999.00000  
 92  0.0024   3224.352413  x:  8.65674   2.82418   6.78048   3.97150   2.36339   0.29876   0.74356   0.63211   0.69084   0.19793   8.49838   0.00554   0.10435   0.06130   0.04779   0.02839   0.04191   1.13489   0.01549  999.00000  
 93  0.0010   3224.352413  x:  8.65674   2.82418   6.78048   3.97150   2.36339   0.29876   0.74356   0.63211   0.69084   0.19793   8.49838   0.00554   0.10435   0.06130   0.04779   0.02839   0.04191   1.13489   0.01549  999.00000  
 94  0.0036   3224.352413  x:  8.65674   2.82418   6.78048   3.97150   2.36339   0.29876   0.74356   0.63211   0.69084   0.19792   8.49838   0.00554   0.10435   0.06130   0.04779   0.02839   0.04191   1.13489   0.01549  999.00000  
 95  0.0010   3224.352413  x:  8.65674   2.82418   6.78048   3.97150   2.36339   0.29876   0.74356   0.63211   0.69084   0.19792   8.49838   0.00554   0.10435   0.06130   0.04779   0.02839   0.04191   1.13490   0.01549  999.00000  
 96  0.0092   3224.352413  x:  8.65673   2.82418   6.78048   3.97150   2.36339   0.29876   0.74356   0.63211   0.69084   0.19792   8.49838   0.00554   0.10435   0.06130   0.04779   0.02839   0.04191   1.13490   0.01549  999.00000  
 97  0.0051   3224.352413  x:  8.65673   2.82418   6.78048   3.97150   2.36339   0.29877   0.74356   0.63211   0.69084   0.19792   8.49838   0.00554   0.10435   0.06130   0.04779   0.02839   0.04191   1.13490   0.01549  999.00000  
 98  0.0013   3224.352413  x:  8.65672   2.82417   6.78046   3.97150   2.36338   0.29877   0.74356   0.63210   0.69083   0.19793   8.49837   0.00554   0.10435   0.06130   0.04779   0.02839   0.04191   1.13489   0.01549  999.00000  
 99  0.0005   3224.352413  x:  8.65672   2.82417   6.78046   3.97150   2.36338   0.29877   0.74356   0.63210   0.69083   0.19793   8.49837   0.00554   0.10435   0.06130   0.04779   0.02839   0.04191   1.13489   0.01549  999.00000  
100  0.0013   3224.352413  x:  8.65672   2.82417   6.78046   3.97150   2.36338   0.29877   0.74356   0.63210   0.69083   0.19793   8.49837   0.00554   0.10435   0.06130   0.04779   0.02839   0.04191   1.13489   0.01549  999.00000  
101  0.0006   3224.352413  x:  8.65672   2.82417   6.78046   3.97150   2.36338   0.29877   0.74356   0.63210   0.69083   0.19793   8.49837   0.00554   0.10435   0.06130   0.04779   0.02839   0.04191   1.13489   0.01549  999.00000  
check convergence!
