

TREE # 1

  0  0.0000  10398.350542  x:  0.00000   0.56056   0.45302   0.15188   0.28229   0.03473   0.33110   0.14082   0.20094   0.13609   0.08384   0.10837   0.31102   0.13294   0.10156   0.08329   0.03102   0.03138   0.03894   2.00000   0.20000   0.20000  
  1 99.0000   9273.194058  x:  1.84732   0.67272   0.59435   0.45996   0.43880   0.33979   0.44580   0.29212   0.34039   0.24210   0.22006   0.24991   0.50782   0.17144   0.15211   0.15402   0.14047   0.04476   0.06800   1.95286   0.66274   0.18548  
  2 7289.5040   9106.833423  x:  1.87925   0.71947   0.64159   0.52949   0.49175   0.38553   0.51752   0.35057   0.41128   0.27902   0.22890   0.26918   0.56779   0.19635   0.13893   0.13625   0.08896   0.00000   0.03622   1.94762   0.45249   0.14899  
  3 703.6439   8991.475834  x:  1.90952   0.76511   0.68772   0.59727   0.54333   0.42999   0.58742   0.40745   0.48026   0.31490   0.23741   0.28790   0.62631   0.22059   0.12605   0.11929   0.03934   0.00567   0.00823   1.94241   0.24636   0.11324  
  4 23141.0026   8974.355095  x:  1.91420   0.77574   0.69848   0.61272   0.55500   0.43982   0.60325   0.42021   0.49557   0.32277   0.23910   0.29199   0.63981   0.22606   0.12351   0.11686   0.03147   0.00536   0.02549   1.94051   0.20343   0.10462  
  5 4516.8107   8882.862325  x:  1.81237   0.89478   0.81933   0.76616   0.67128   0.52231   0.76253   0.54238   0.63564   0.39140   0.24370   0.32530   0.78418   0.27769   0.11448   0.17113   0.14519   0.00757   0.03146   1.88487   0.18964   0.00010  
  6 560.0375   8838.481714  x:  1.68663   1.03948   0.96684   0.95193   0.80974   0.61873   0.95150   0.68566   0.79914   0.46896   0.24657   0.36270   0.96073   0.33798   0.11342   0.21077   0.22545   0.01123   0.04241   1.81370   0.19821   0.09426  
  7 1881.8232   8823.508079  x:  1.65793   1.09862   1.03060   1.02086   0.83592   0.62568   0.98106   0.69446   0.79555   0.44215   0.22129   0.34827   1.03183   0.31392   0.08295   0.15160   0.14933   0.01328   0.04919   1.75579   0.24190   0.07108  
  8 200.4506   8797.314857  x:  1.64167   1.24723   1.19875   1.19231   0.84611   0.58559   0.97202   0.62652   0.66264   0.27181   0.14971   0.28771   1.21691   0.26938   0.05428   0.15787   0.17524   0.01171   0.04284   1.55857   0.20291   0.08213  
  9 185.3975   8788.264378  x:  1.62315   1.31309   1.27664   1.27001   0.83642   0.54765   0.94876   0.57655   0.60014   0.21593   0.22801   0.32092   1.30576   0.28752   0.10575   0.16465   0.15250   0.01152   0.04102   1.45380   0.19477   0.07502  
 10 189.2848   8784.523469  x:  1.62034   1.34015   1.32054   1.31253   0.80192   0.49022   0.89668   0.51965   0.60476   0.31005   0.24363   0.31902   1.36467   0.26318   0.09867   0.17448   0.14959   0.01125   0.03986   1.38221   0.18688   0.07613  
 11 56.0685   8784.163055  x:  1.62075   1.33889   1.32540   1.31889   0.79660   0.48077   0.88967   0.51592   0.60619   0.32020   0.22919   0.31542   1.37639   0.27610   0.11576   0.17010   0.14770   0.01130   0.03978   1.38072   0.18713   0.07419  
 12 23.3614   8783.422247  x:  1.61844   1.30723   1.33633   1.34190   0.78273   0.44877   0.87400   0.53075   0.60479   0.31927   0.21393   0.35211   1.43522   0.27597   0.11172   0.15854   0.15358   0.01126   0.03980   1.41827   0.18698   0.07457  
 13  9.7128   8782.683755  x:  1.61525   1.26688   1.34536   1.36041   0.77924   0.42841   0.86416   0.54936   0.60467   0.31686   0.21561   0.34319   1.49554   0.27880   0.10702   0.18693   0.13475   0.01127   0.04018   1.45000   0.19000   0.07283  
 14 23.9537   8781.387695  x:  1.61057   1.19324   1.35737   1.37662   0.79019   0.41714   0.85523   0.57192   0.60480   0.31701   0.24916   0.29587   1.58599   0.28634   0.10151   0.16597   0.14402   0.01119   0.03997   1.47436   0.18767   0.07330  
 15 29.2212   8776.894567  x:  1.59295   0.97786   1.39399   1.33377   0.89266   0.48562   0.87822   0.56359   0.61422   0.32651   0.22701   0.33213   1.78339   0.31316   0.08350   0.16935   0.12340   0.01079   0.03848   1.38402   0.17544   0.07101  
 16 17.7005   8766.162423  x:  1.59526   1.07451   1.66846   1.13687   0.92286   0.43491   1.07452   0.52574   0.78661   0.27829   0.23609   0.33160   1.95133   0.31573   0.08890   0.16935   0.08722   0.00972   0.03590   1.44117   0.15226   0.06723  
 17 12.7726   8761.378603  x:  1.57531   1.22782   1.69557   1.18768   0.97329   0.48109   1.07221   0.61032   0.65988   0.36508   0.23918   0.34139   1.93641   0.38934   0.03882   0.16759   0.06701   0.00929   0.03508   1.49838   0.14454   0.06734  
 18 18.9716   8757.842293  x:  1.54848   1.34388   1.52330   1.43719   1.00616   0.50577   1.00655   0.63992   0.74741   0.33049   0.23729   0.34335   1.85286   0.34939   0.07087   0.16665   0.05505   0.00898   0.03417   1.49194   0.13613   0.06513  
 19 16.4218   8757.156344  x:  1.54783   1.35426   1.47940   1.49641   0.99527   0.48555   1.03102   0.61960   0.76674   0.31934   0.24007   0.34290   1.83145   0.39712   0.03170   0.16485   0.05221   0.00905   0.03464   1.48366   0.13856   0.06593  
 20 14.5887   8756.649021  x:  1.54823   1.34648   1.44212   1.55161   0.98631   0.45686   1.11622   0.60082   0.73809   0.33698   0.23954   0.34167   1.81369   0.38067   0.04504   0.16398   0.05192   0.00908   0.03473   1.48419   0.13800   0.06503  
 21  7.1664   8752.485742  x:  1.51627   1.34899   1.59424   1.75491   1.12481   0.48025   1.12715   0.51510   0.75736   0.35811   0.24129   0.34608   1.69000   0.37142   0.05885   0.15201   0.06611   0.01039   0.03918   1.61295   0.14466   0.05886  
 22  1.3530   8747.007512  x:  1.49859   1.38029   1.70581   1.89761   1.10325   0.40754   1.14237   0.77290   0.80429   0.35637   0.23699   0.35413   1.55826   0.36340   0.07279   0.13286   0.08539   0.01234   0.04417   1.53498   0.14326   0.05092  
 23 14.3113   8743.860220  x:  1.47615   1.59794   1.50424   1.83660   0.98159   0.56111   1.17564   0.77320   0.82575   0.36522   0.23691   0.35667   1.79825   0.36137   0.07727   0.12444   0.09623   0.01346   0.04745   1.56704   0.14543   0.04519  
 24  8.7700   8742.767810  x:  1.48747   1.69099   1.42151   1.78497   1.17759   0.41778   1.17904   0.78201   0.82954   0.36671   0.23476   0.35875   1.89434   0.37053   0.06953   0.12786   0.09987   0.01392   0.04879   1.56043   0.14335   0.04316  
 25  2.6316   8735.740755  x:  1.43009   1.75027   1.70411   2.01329   1.18465   0.47365   1.29182   0.79331   0.86089   0.38109   0.22708   0.36240   2.14071   0.41522   0.03451   0.16396   0.10780   0.01670   0.05614   1.53204   0.12154   0.02883  
 26  1.1933   8734.097263  x:  1.42041   1.74680   1.83242   2.03485   1.22140   0.47667   1.30451   0.79994   0.86707   0.38345   0.22418   0.36106   2.24973   0.38489   0.06581   0.16615   0.08457   0.01802   0.05901   1.51770   0.12189   0.01925  
 27  0.3336   8732.319946  x:  1.41409   1.77917   1.93100   2.13804   1.22418   0.51049   1.31935   0.78210   0.87073   0.37602   0.22550   0.36039   2.36764   0.33857   0.11154   0.16161   0.08612   0.01993   0.06190   1.48407   0.11368   0.02786  
 28  0.1674   8729.749115  x:  1.42153   1.94836   1.97711   2.39326   1.30401   0.50068   1.37412   0.78174   0.88138   0.36933   0.23741   0.36655   2.64036   0.37499   0.08704   0.14921   0.08484   0.02532   0.07139   1.50566   0.11497   0.03211  
 29  0.1537   8728.169442  x:  1.43394   2.06512   2.03895   2.58952   1.39085   0.48358   1.42813   0.82633   0.90072   0.37751   0.23844   0.37468   2.83308   0.39483   0.06603   0.15264   0.09077   0.02895   0.07672   1.52061   0.10323   0.03090  
 30  0.2197   8725.348738  x:  1.56685   2.08822   2.05329   2.77760   1.41980   0.48760   1.43833   0.94292   0.91711   0.39139   0.22747   0.37985   2.89397   0.39115   0.02928   0.19623   0.07718   0.03509   0.07967   1.56554   0.10398   0.04115  
 31  0.0799   8716.068538  x:  2.10807   1.97932   2.14147   2.95699   1.51923   0.51450   1.46282   1.16073   0.99345   0.44362   0.20391   0.38827   2.96939   0.33116   0.07553   0.13788   0.07369   0.05151   0.07218   1.55545   0.08808   0.05456  
 32  0.1193   8709.559537  x:  2.58869   1.78741   1.96598   2.69656   1.38156   0.62124   1.42860   1.18560   1.01112   0.46311   0.20598   0.38550   2.55835   0.30584   0.11271   0.14251   0.09300   0.05889   0.05464   1.59195   0.10188   0.06000  
 33  0.4358   8702.377640  x:  3.26084   1.95686   2.08816   2.70479   1.38429   0.79809   1.57466   1.13989   1.04444   0.47830   0.24165   0.40288   2.52582   0.30606   0.13410   0.19328   0.09465   0.07658   0.04258   1.63199   0.08630   0.05519  
 34  0.3049   8698.345475  x:  3.69396   2.11440   2.21992   2.65824   1.42713   0.83511   1.65579   0.96955   1.02552   0.44974   0.25924   0.40326   2.56584   0.32835   0.12574   0.15519   0.08378   0.08697   0.03551   1.61940   0.08763   0.03960  
 35  0.2355   8697.420680  x:  3.82783   2.24793   2.28009   2.81844   1.48141   0.82151   1.69596   0.97955   1.03609   0.44017   0.24651   0.40428   2.69613   0.35310   0.10199   0.16060   0.09093   0.09231   0.03912   1.61140   0.08253   0.03170  
 36  0.2160   8697.060884  x:  3.93264   2.22434   2.24809   2.84802   1.46743   0.80833   1.66592   1.03885   1.04159   0.44163   0.22872   0.40193   2.63683   0.36149   0.09119   0.16638   0.09381   0.09387   0.03794   1.61392   0.08431   0.03093  
 37  0.0930   8696.839698  x:  4.08044   2.18920   2.24658   2.88330   1.45656   0.81542   1.64316   1.09175   1.04940   0.44933   0.22915   0.40368   2.58610   0.36250   0.09318   0.16197   0.09123   0.09579   0.03579   1.62189   0.08276   0.03199  
 38  0.0650   8696.188006  x:  4.22023   2.18439   2.26584   3.03062   1.42094   0.79922   1.58474   1.09803   1.03166   0.44016   0.25106   0.40517   2.56452   0.38188   0.08711   0.15679   0.08406   0.09255   0.04109   1.63671   0.08409   0.02712  
 39  0.0387   8695.246726  x:  4.22309   2.08550   2.20444   3.09670   1.32877   0.79763   1.50521   1.09361   1.00752   0.44171   0.26413   0.40383   2.43227   0.35493   0.11398   0.17053   0.08787   0.07999   0.04916   1.63865   0.08608   0.03399  
 40  0.0850   8693.472425  x:  4.43185   2.08452   2.16026   3.00090   1.29445   0.80253   1.53441   0.93638   0.97579   0.43257   0.23872   0.39613   2.26519   0.32965   0.12781   0.16467   0.09772   0.06143   0.05731   1.59728   0.08535   0.02623  
 41  0.1017   8692.111103  x:  4.62514   2.05468   2.11754   2.94952   1.35676   0.77300   1.54423   0.98649   0.99224   0.44185   0.21330   0.39597   2.24258   0.34201   0.10126   0.15138   0.08376   0.04680   0.06495   1.62999   0.08699   0.03130  
 42  0.0883   8690.767503  x:  4.90435   2.26718   2.21329   2.91932   1.48064   0.86705   1.70655   1.06064   1.06753   0.45171   0.23882   0.41125   2.50467   0.38383   0.06834   0.17426   0.07972   0.04456   0.06925   1.67536   0.08090   0.03475  
 43  0.1626   8690.160352  x:  5.10273   2.31195   2.24623   2.91881   1.48070   0.91728   1.74275   1.07588   1.08658   0.45665   0.24342   0.41276   2.54550   0.36470   0.09131   0.16488   0.09098   0.03351   0.07389   1.64584   0.07816   0.03412  
 44  0.1160   8689.659356  x:  5.28035   2.39847   2.37167   3.05337   1.53208   0.96645   1.78669   1.18256   1.12362   0.46957   0.23982   0.41615   2.72817   0.34145   0.11206   0.15937   0.09594   0.04218   0.06782   1.63039   0.07388   0.03203  
 45  0.1764   8689.252457  x:  5.44314   2.44117   2.46809   3.15350   1.57860   0.99499   1.81864   1.22723   1.13900   0.48245   0.23839   0.41882   2.83216   0.32172   0.12586   0.16507   0.08732   0.03597   0.06676   1.65410   0.07341   0.03238  
 46  0.1373   8689.036907  x:  5.60525   2.50854   2.55505   3.26918   1.63815   1.01842   1.87242   1.25545   1.16021   0.49530   0.23754   0.42429   2.93439   0.31976   0.12912   0.16884   0.08694   0.03429   0.06446   1.67311   0.06976   0.03303  
 47  0.2038   8688.855332  x:  5.58648   2.51464   2.58441   3.36530   1.65913   1.00061   1.88623   1.23154   1.15910   0.50009   0.23694   0.42634   2.93739   0.32882   0.12564   0.16720   0.09255   0.03647   0.05732   1.68307   0.07011   0.03398  
 48  0.0630   8688.811564  x:  5.54447   2.49566   2.56090   3.39387   1.65052   0.97445   1.87522   1.20875   1.15456   0.49594   0.23747   0.42559   2.88991   0.33526   0.11622   0.16575   0.09095   0.03441   0.05727   1.67206   0.07054   0.03428  
 49  0.0478   8688.805266  x:  5.52513   2.49246   2.54787   3.39705   1.64190   0.97151   1.87020   1.21031   1.15610   0.49417   0.23809   0.42494   2.86930   0.33684   0.11366   0.16670   0.09046   0.03534   0.05685   1.66895   0.07064   0.03413  
 50  0.0237   8688.802634  x:  5.52676   2.50246   2.54292   3.40520   1.63751   0.97814   1.87269   1.21703   1.16090   0.49428   0.23869   0.42457   2.86165   0.33666   0.11405   0.16692   0.09071   0.03493   0.05681   1.67038   0.07060   0.03399  
 51  0.0080   8688.801966  x:  5.51926   2.50901   2.54159   3.41160   1.63789   0.97930   1.87436   1.21589   1.16126   0.49432   0.23858   0.42463   2.86059   0.33699   0.11414   0.16632   0.09062   0.03503   0.05682   1.67113   0.07057   0.03399  
 52  0.0061   8688.801801  x:  5.51911   2.51163   2.54029   3.41355   1.63808   0.97969   1.87449   1.21515   1.16058   0.49446   0.23822   0.42474   2.85794   0.33648   0.11446   0.16662   0.09056   0.03501   0.05691   1.67085   0.07058   0.03402  
 53  0.0022   8688.801753  x:  5.52347   2.51284   2.54032   3.41574   1.63887   0.97986   1.87461   1.21570   1.16043   0.49470   0.23834   0.42486   2.85656   0.33639   0.11453   0.16656   0.09060   0.03503   0.05687   1.67078   0.07055   0.03406  
 54  0.0025   8688.801750  x:  5.52386   2.51296   2.54010   3.41550   1.63904   0.97979   1.87461   1.21577   1.16045   0.49467   0.23835   0.42483   2.85630   0.33646   0.11444   0.16655   0.09059   0.03503   0.05690   1.67082   0.07055   0.03406  
 55  0.0004   8688.801749  x:  5.52415   2.51311   2.54026   3.41566   1.63926   0.97979   1.87476   1.21578   1.16051   0.49468   0.23835   0.42481   2.85647   0.33648   0.11443   0.16656   0.09059   0.03503   0.05689   1.67084   0.07055   0.03405  
 56  0.0003   8688.801749  x:  5.52408   2.51306   2.54029   3.41570   1.63927   0.97977   1.87476   1.21576   1.16053   0.49467   0.23837   0.42480   2.85644   0.33647   0.11444   0.16656   0.09059   0.03503   0.05689   1.67082   0.07055   0.03405  
 57  0.0001   8688.801749  x:  5.52415   2.51302   2.54035   3.41576   1.63932   0.97977   1.87478   1.21578   1.16055   0.49468   0.23836   0.42481   2.85643   0.33647   0.11445   0.16656   0.09059   0.03503   0.05689   1.67083   0.07055   0.03405  
 58  0.0001   8688.801749  x:  5.52413   2.51301   2.54035   3.41576   1.63930   0.97977   1.87478   1.21577   1.16055   0.49468   0.23836   0.42481   2.85641   0.33647   0.11444   0.16656   0.09059   0.03503   0.05689   1.67083   0.07055   0.03405  
 59  0.0000   8688.801749  x:  5.52413   2.51300   2.54036   3.41576   1.63929   0.97977   1.87478   1.21577   1.16055   0.49468   0.23836   0.42481   2.85639   0.33647   0.11444   0.16656   0.09059   0.03503   0.05689   1.67083   0.07055   0.03405  
 60  0.0000   8688.801749  x:  5.52414   2.51300   2.54038   3.41577   1.63930   0.97978   1.87479   1.21578   1.16055   0.49468   0.23836   0.42481   2.85640   0.33647   0.11444   0.16656   0.09059   0.03503   0.05689   1.67083   0.07055   0.03405  