

TREE # 1

  0  0.0000   2242.890231  x:  0.95891   1.18578   0.94712   0.31782   1.07502   0.33025   1.00277   0.39432   0.48897   0.25776   0.34106   0.33587   1.22642   0.24723   0.00000   0.22643   0.14128   0.00027   0.00377   2.00000   0.20000   0.20000  
  1 99.0000   2242.829931  x:  0.95897   1.18583   0.94719   0.31791   1.07499   0.33025   1.00278   0.39433   0.48899   0.25777   0.34108   0.33586   1.22647   0.24722   0.00010   0.22638   0.14135   0.00000   0.00350   1.99997   0.20005   0.20000  
  2 137.9848   2242.401701  x:  0.95972   1.18646   0.94813   0.31900   1.07457   0.33024   1.00292   0.39436   0.48918   0.25790   0.34131   0.33565   1.22700   0.24692   0.00053   0.22576   0.14201   0.00000   0.00000   1.99965   0.19977   0.20001  
  3 1119.5312   2242.072389  x:  0.96190   1.18833   0.95088   0.32204   1.07330   0.33026   1.00341   0.39447   0.48974   0.25824   0.34195   0.33508   1.22855   0.24564   0.00000   0.22413   0.14295   0.00000   0.00000   1.99867   0.20076   0.20005  
  4 301.4456   2239.312563  x:  1.00845   1.23039   1.01161   0.36357   1.03321   0.32140   1.01785   0.38963   0.49846   0.25935   0.34870   0.32496   1.26206   0.23545   0.02292   0.21808   0.07378   0.00000   0.00000   1.97626   0.19820   0.19936  
  5 62.0692   2231.875417  x:  1.23785   1.46076   1.33149   0.37270   0.71564   0.22196   1.13389   0.31384   0.51956   0.22370   0.33262   0.30026   1.42939   0.29251   0.00508   0.52416   0.06478   0.00000   0.00000   1.84900   0.18199   0.18497  
  6 37.4794   2231.166751  x:  1.24813   1.46995   1.34363   0.36253   0.69584   0.22802   1.14480   0.31743   0.52083   0.23378   0.33954   0.30704   1.44061   0.30409   0.00000   0.51537   0.06498   0.00000   0.00000   1.84443   0.17966   0.18314  
  7 17.7376   2231.166751  x:  1.24813   1.46995   1.34363   0.36253   0.69584   0.22802   1.14480   0.31743   0.52083   0.23378   0.33954   0.30704   1.44061   0.30409   0.00000   0.51537   0.06498   0.00000   0.00000   1.84443   0.17966   0.18314  
  8 17.4063   2223.606495  x:  1.29220   1.49996   1.38884   0.44756   0.68664   0.25430   1.15414   0.34005   0.53534   0.26449   0.37140   0.30008   1.47832   0.30046   0.09322   0.39964   0.25485   0.00000   0.00000   1.83003   0.20394   0.18314  
  9 75.8684   2219.813656  x:  1.31237   1.51363   1.40980   0.48523   0.68025   0.26499   1.15747   0.34849   0.54064   0.27635   0.38382   0.29585   1.49510   0.28280   0.10959   0.33986   0.30336   0.00000   0.00000   1.82570   0.15712   0.18314  
 10 167.1568   2208.795254  x:  1.39257   1.57033   1.49613   0.62590   0.65512   0.30521   1.17433   0.37962   0.56176   0.31396   0.42457   0.27998   1.56078   0.16274   0.07731   0.10187   0.33851   0.00000   0.00000   1.80424   0.15903   0.18314  
 11 124.9901   2198.837049  x:  1.69730   1.79521   1.83910   1.08533   0.52784   0.40358   1.24396   0.44428   0.61241   0.36896   0.49221   0.21663   1.80017   0.06898   0.28953   0.14874   0.15841   0.00000   0.00000   1.72564   0.13034   0.18314  
 12 35.4862   2196.583244  x:  1.78914   1.86523   1.94803   1.19208   0.48276   0.41600   1.27032   0.44414   0.61879   0.35866   0.48586   0.22812   1.86744   0.02282   0.23076   0.22367   0.19525   0.00000   0.00000   1.71766   0.12384   0.18314  
 13 39.7113   2193.707190  x:  1.96548   2.00095   2.16327   1.36140   0.39494   0.42541   1.32669   0.42553   0.62035   0.31518   0.44673   0.27405   1.99221   0.16372   0.07991   0.26237   0.22562   0.00000   0.00000   1.72556   0.11293   0.18313  
 14 48.5353   2192.372825  x:  2.10696   2.11162   2.35007   1.27087   0.39055   0.43074   1.39346   0.38568   0.57067   0.26605   0.35299   0.29623   2.04600   0.14175   0.11646   0.23515   0.22390   0.00000   0.00000   1.88997   0.11528   0.18313  
 15  8.1403   2190.979215  x:  2.29877   2.25468   2.60135   1.09242   0.43089   0.45988   1.47877   0.38958   0.56460   0.33334   0.44472   0.35227   2.11420   0.14472   0.11599   0.23343   0.21774   0.00000   0.00000   2.09384   0.11315   0.18312  
 16 17.6195   2190.315099  x:  2.39099   2.31254   2.71235   0.99612   0.45696   0.46140   1.51040   0.42315   0.60785   0.35763   0.45161   0.25050   2.15879   0.15632   0.09605   0.23435   0.22519   0.00000   0.00000   2.13622   0.11159   0.18312  
 17 10.9938   2189.342571  x:  2.55459   2.36935   2.86716   0.83397   0.46996   0.37480   1.53265   0.46791   0.74344   0.28302   0.46672   0.27631   2.29715   0.14070   0.11454   0.20497   0.22079   0.00000   0.00000   2.01718   0.10547   0.18311  
 18  5.1830   2187.579160  x:  2.83637   2.37367   3.05835   0.70128   0.59071   0.40147   1.51679   0.47776   0.61071   0.32987   0.42891   0.29739   2.62828   0.13708   0.09805   0.17670   0.21387   0.00000   0.00000   1.76752   0.10146   0.18308  
 19  5.5795   2186.682574  x:  2.95244   2.31284   3.09231   0.75209   0.51575   0.36923   1.51837   0.42477   0.62816   0.32251   0.47845   0.26365   2.79405   0.13582   0.08741   0.16494   0.20863   0.00000   0.00000   1.82597   0.11116   0.18306  
 20  4.0427   2186.229634  x:  3.00440   2.27216   3.10290   0.81276   0.51704   0.42963   1.56720   0.48138   0.70733   0.33543   0.43329   0.29723   2.86566   0.13964   0.07698   0.16641   0.20260   0.00000   0.00000   1.88543   0.11150   0.18304  
 21  5.0055   2185.972879  x:  3.03132   2.26401   3.12409   0.85903   0.53063   0.47516   1.65253   0.52524   0.70186   0.27014   0.46381   0.29063   2.88381   0.14190   0.07240   0.16449   0.20160   0.00000   0.00000   1.90180   0.10932   0.18303  
 22  3.2360   2185.059974  x:  3.13525   2.32317   3.28872   1.04557   0.47031   0.46507   2.08133   0.51034   0.70111   0.34702   0.46666   0.27245   2.86972   0.13883   0.07962   0.13981   0.19597   0.00000   0.00000   1.86202   0.09758   0.18298  
 23  2.9714   2183.639611  x:  3.35829   2.68339   3.75164   1.45469   0.59864   0.44392   1.89573   0.55353   0.74302   0.34901   0.49435   0.25623   2.79984   0.14800   0.08788   0.11999   0.19590   0.00000   0.00000   1.95886   0.08654   0.18286  
 24  1.8767   2183.263350  x:  3.43316   2.77868   3.86864   1.47597   0.42280   0.53154   1.84644   0.64958   0.70845   0.36462   0.49695   0.25939   2.78474   0.15306   0.09287   0.12213   0.19950   0.00000   0.00000   1.95028   0.08691   0.18282  
 25  1.6865   2182.818505  x:  3.55774   2.87336   4.01333   1.51944   0.38708   0.70772   1.88224   0.52698   0.78625   0.35613   0.51932   0.24716   2.86283   0.16093   0.09715   0.13942   0.20511   0.00000   0.00000   1.92606   0.08389   0.18275  
 26  1.5343   2182.117311  x:  3.81442   2.97830   4.25727   1.69202   0.50580   0.54638   2.06623   0.63256   0.77009   0.40457   0.52957   0.25433   3.15752   0.17321   0.09831   0.18201   0.21200   0.00000   0.00000   2.00725   0.08041   0.18260  
 27  1.7732   2181.441309  x:  4.39629   3.19134   4.92410   1.80636   0.47166   0.66458   2.33128   0.67096   0.86051   0.41576   0.54706   0.28030   3.76823   0.15544   0.10892   0.14604   0.24549   0.00000   0.00000   1.99740   0.07042   0.18222  
 28  0.5731   2181.374222  x:  4.52603   3.24868   5.03869   1.86616   0.50842   0.64122   2.37913   0.68815   0.87118   0.41628   0.54511   0.28145   3.68771   0.15323   0.10899   0.14869   0.24396   0.00000   0.00000   1.97959   0.07059   0.18212  
 29  0.3375   2181.320134  x:  4.69104   3.35556   5.18873   1.93458   0.53240   0.62566   2.47515   0.72895   0.88137   0.42519   0.54808   0.27810   3.74222   0.15056   0.10997   0.15571   0.24007   0.00000   0.00000   1.98045   0.06715   0.18196  
 30  0.4583   2181.300972  x:  4.75716   3.39558   5.28029   1.93764   0.53347   0.63351   2.50895   0.74818   0.88691   0.43202   0.55123   0.27332   3.86899   0.14535   0.11547   0.15598   0.23595   0.00000   0.00000   2.01058   0.06678   0.18180  
 31  0.1632   2181.298970  x:  4.78807   3.40852   5.32683   1.94057   0.53168   0.64461   2.52493   0.75220   0.89057   0.43362   0.55192   0.27637   3.88919   0.14471   0.11455   0.15531   0.23558   0.00000   0.00000   2.00411   0.06626   0.18166  
 32  0.0430   2181.298718  x:  4.78969   3.40507   5.32645   1.93511   0.53156   0.64713   2.52390   0.75212   0.89065   0.43472   0.55227   0.27651   3.89169   0.14585   0.11400   0.15584   0.23539   0.00000   0.00000   2.00443   0.06633   0.18152  
 33  0.0046   2181.298668  x:  4.79284   3.40665   5.32839   1.93338   0.53260   0.64679   2.52552   0.75305   0.89128   0.43530   0.55247   0.27634   3.89462   0.14628   0.11367   0.15574   0.23547   0.00000   0.00000   2.00471   0.06625   0.18138  
 34  0.0038   2181.298660  x:  4.79182   3.40648   5.32793   1.93230   0.53287   0.64609   2.52525   0.75319   0.89141   0.43532   0.55245   0.27633   3.89403   0.14633   0.11358   0.15563   0.23548   0.00000   0.00000   2.00458   0.06627   0.18126  
 35  0.0013   2181.298659  x:  4.79184   3.40652   5.32835   1.93196   0.53284   0.64590   2.52527   0.75325   0.89149   0.43531   0.55248   0.27634   3.89414   0.14630   0.11363   0.15567   0.23545   0.00000   0.00000   2.00457   0.06627   0.18110  
 36  0.0003   2181.298659  x:  4.79199   3.40642   5.32832   1.93168   0.53278   0.64597   2.52512   0.75313   0.89150   0.43529   0.55249   0.27634   3.89412   0.14628   0.11363   0.15566   0.23547   0.00000   0.00000   2.00458   0.06628   0.18092  
 37  0.0002   2181.298659  x:  4.79203   3.40639   5.32836   1.93162   0.53282   0.64596   2.52512   0.75312   0.89147   0.43529   0.55248   0.27633   3.89405   0.14628   0.11363   0.15566   0.23546   0.00000   0.00000   2.00458   0.06628   0.18073  
 38  0.0001   2181.298659  x:  4.79197   3.40638   5.32840   1.93158   0.53281   0.64595   2.52512   0.75313   0.89143   0.43528   0.55246   0.27634   3.89408   0.14629   0.11363   0.15566   0.23546   0.00000   0.00000   2.00458   0.06628   0.18030  
 39  0.0001   2181.298659  x:  4.79199   3.40635   5.32833   1.93154   0.53278   0.64594   2.52508   0.75313   0.89144   0.43525   0.55246   0.27634   3.89415   0.14630   0.11362   0.15566   0.23547   0.00000   0.00000   2.00460   0.06628   0.17861  
 40  0.0002   2181.298659  x:  4.79232   3.40633   5.32842   1.93153   0.53275   0.64592   2.52508   0.75313   0.89148   0.43516   0.55246   0.27634   3.89438   0.14634   0.11360   0.15566   0.23547   0.00000   0.00000   2.00462   0.06628   0.16863  
 41  0.0032   2181.298656  x:  4.79269   3.40647   5.32912   1.93179   0.53284   0.64593   2.52533   0.75308   0.89152   0.43518   0.55246   0.27632   3.89443   0.14637   0.11356   0.15566   0.23544   0.00000   0.00000   2.00456   0.06627   0.13269  
 42  0.0045   2181.298645  x:  4.79359   3.40679   5.33092   1.93244   0.53306   0.64592   2.52594   0.75290   0.89163   0.43521   0.55245   0.27628   3.89463   0.14646   0.11347   0.15568   0.23537   0.00000   0.00000   2.00444   0.06626   0.00010  
 43  0.4637   2181.298639  x:  4.79201   3.40640   5.32838   1.93163   0.53281   0.64596   2.52513   0.75313   0.89146   0.43528   0.55247   0.27633   3.89408   0.14629   0.11363   0.15566   0.23546   0.00000   0.00000   2.00458   0.06628   0.00010  