    9
BAM_033200  0.000000  2.662064  1.042290  2.437594  2.660841  2.469083
  1.030104  2.317686  1.056365
BAM_033210  2.662064  0.000000  2.988629  1.335713  0.611482  1.349625
  2.988629  1.348514  3.098124
BA_0357xxx  1.042290  2.988629  0.000000  2.250951  2.782657  2.254036
  0.004436  2.427551  0.055149
BC_0390xxx  2.437594  1.335713  2.250951  0.000000  1.328307  0.006989
  2.250951  0.997078  2.278893
BG10491xxx  2.660841  0.611482  2.782657  1.328307  0.000000  1.331964
  2.782657  1.182818  2.884853
NT02BT0408  2.469083  1.349625  2.254036  0.006989  1.331964  0.000000
  2.254036  1.002173  2.282029
NT02BT0409  1.030104  2.988629  0.004436  2.250951  2.782657  2.254036
  0.000000  2.427551  0.055234
KBAB4_0335  2.317686  1.348514  2.427551  0.997078  1.182818  1.002173
  2.427551  0.000000  2.493641
KBAB4_0337  1.056365  3.098124  0.055149  2.278893  2.884853  2.282029
  0.055234  2.493641  0.000000
