    8
BAM_011770  0.000000  1.191585  1.209121  1.491625  0.673442  0.178502
  0.703491  0.120721
BC_2874xxx  1.191585  0.000000  0.928904  0.882985  1.400815  1.456001
  1.022632  1.291144
NT03BC2859  1.209121  0.928904  0.000000  0.836756  1.552050  1.517421
  1.075572  1.302379
BH2192xxxx  1.491625  0.882985  0.836756  0.000000  1.440318  1.579911
  1.242924  1.531506
NT03BL1346  0.673442  1.400815  1.552050  1.440318  0.000000  0.719190
  0.760771  0.726687
Bmo2054xxx  0.178502  1.456001  1.517421  1.579911  0.719190  0.000000
  0.736146  0.110968
BPUM_1106x  0.703491  1.022632  1.075572  1.242924  0.760771  0.736146
  0.000000  0.709061
BG10500xxx  0.120721  1.291144  1.302379  1.531506  0.726687  0.110968
  0.709061  0.000000
