

TREE # 1

  0  0.0000   7314.910857  x:  0.00000   0.52288   0.49087   0.05965   0.41151   0.08669   0.32606   0.10158   0.30234   0.25855   0.46263   0.12124   0.07033   0.11782   0.09637   0.02033   0.03633   2.00000   0.20000   0.20000  
  1 99.0000   7068.066554  x:  0.10068   0.55103   0.51522   0.13451   0.43477   0.12929   0.34702   0.13410   0.32211   0.27653   0.49155   0.13222   0.08090   0.12288   0.10534   0.00000   0.01973   1.99166   0.29267   0.19632  
  2 2295.8844   7009.333646  x:  0.07855   0.58175   0.53980   0.15797   0.46239   0.15897   0.37179   0.16322   0.34765   0.29827   0.52309   0.14500   0.08757   0.12702   0.11330   0.00000   0.00064   1.98231   0.27724   0.18944  
  3 831.3660   6868.163017  x:  0.00000   0.69318   0.62894   0.24237   0.56225   0.26534   0.46116   0.26755   0.43978   0.37662   0.63732   0.19075   0.11133   0.14182   0.14177   0.00000   0.01485   1.94822   0.22431   0.16436  
  4 12001.7835   6868.163017  x:  0.00000   0.69318   0.62894   0.24237   0.56225   0.26534   0.46116   0.26755   0.43978   0.37662   0.63732   0.19075   0.11133   0.14182   0.14177   0.00000   0.01485   1.94822   0.22431   0.16436  
  5 561.3333   6803.251182  x:  0.05689   0.71737   0.64946   0.26910   0.57899   0.27999   0.47401   0.27892   0.45242   0.38698   0.66016   0.19269   0.11181   0.14187   0.14259   0.00000   0.00000   1.93864   0.30075   0.15782  
  6 1029.3801   6738.356965  x:  0.23351   0.79248   0.71317   0.35209   0.63096   0.32548   0.51390   0.31423   0.49165   0.41915   0.73106   0.19872   0.11328   0.14204   0.14514   0.00370   0.00006   1.90890   0.53801   0.13750  
  7 58243.0172   6735.424917  x:  0.23529   0.79419   0.71454   0.35361   0.63219   0.32641   0.51480   0.31494   0.49258   0.41986   0.73260   0.19907   0.11285   0.14185   0.14513   0.00000   0.00048   1.90832   0.53686   0.13664  
  8 611.6102   6627.712452  x:  0.35489   0.92201   0.81608   0.46385   0.72382   0.39406   0.58129   0.36694   0.56181   0.47193   0.84837   0.21433   0.07435   0.13978   0.10886   0.00401   0.00000   1.86566   0.41377   0.07400  
  9 901.7530   6627.712452  x:  0.35489   0.92201   0.81608   0.46385   0.72382   0.39406   0.58129   0.36694   0.56181   0.47193   0.84837   0.21433   0.07435   0.13978   0.10886   0.00401   0.00000   1.86566   0.41377   0.07400  
 10 209.9306   6623.246080  x:  0.35492   0.92211   0.81616   0.46391   0.72389   0.39410   0.58134   0.36697   0.56186   0.47196   0.84845   0.21438   0.07435   0.13978   0.10894   0.00425   0.00713   1.86561   0.41353   0.07392  
 11 6550.3329   6620.523757  x:  0.35540   0.92369   0.81736   0.46493   0.72498   0.39474   0.58208   0.36745   0.56263   0.47247   0.84981   0.21507   0.07424   0.13982   0.10989   0.00000   0.00743   1.86490   0.40971   0.07277  
 12 403.4850   6595.432081  x:  0.38304   1.00944   0.88371   0.52031   0.78344   0.42866   0.62209   0.39460   0.60275   0.49911   0.92634   0.22080   0.07908   0.13713   0.03549   0.00000   0.01549   1.81160   0.37692   0.04002  
 13 346.1412   6559.687555  x:  0.44767   1.21832   1.04619   0.65299   0.92437   0.50680   0.71716   0.45853   0.69621   0.55964   1.11569   0.21606   0.11137   0.17487   0.07889   0.00000   0.03007   1.66448   0.43623   0.00010  
 14 570.9920   6555.607931  x:  0.45937   1.27580   1.08945   0.68584   0.96082   0.52273   0.73887   0.47072   0.71715   0.57057   1.16833   0.20646   0.12239   0.17527   0.08640   0.00000   0.03316   1.62073   0.43287   0.06529  
 15 398.0451   6551.889135  x:  0.44087   1.31021   1.11036   0.68860   0.97329   0.50576   0.73334   0.45460   0.70801   0.55157   1.20178   0.15530   0.08762   0.15020   0.09368   0.00000   0.03240   1.57379   0.42831   0.06871  
 16 74.6976   6544.302215  x:  0.33856   1.40710   1.15919   0.66583   0.99457   0.41101   0.69100   0.37470   0.65222   0.46317   1.30274   0.16931   0.12445   0.12158   0.09375   0.00000   0.02573   1.40511   0.41946   0.05991  
 17 81.5446   6542.317939  x:  0.29308   1.43266   1.16862   0.65252   1.00085   0.37784   0.68296   0.35948   0.64361   0.45063   1.33371   0.16453   0.11751   0.16963   0.08562   0.00000   0.02252   1.35744   0.41146   0.06114  
 18 91.2830   6538.197193  x:  0.14479   1.46171   1.16297   0.60570   1.02028   0.31297   0.70624   0.39741   0.68096   0.51686   1.39715   0.18683   0.09485   0.15950   0.08426   0.00000   0.01022   1.30179   0.41318   0.06339  
 19 36.8180   6536.395060  x:  0.10220   1.46892   1.16432   0.61176   1.04506   0.32584   0.71817   0.40425   0.66664   0.50343   1.43538   0.16540   0.11984   0.16107   0.08291   0.00000   0.00403   1.34465   0.40886   0.05908  
 20 14.9770   6531.649000  x:  0.00000   1.48273   1.16770   0.62334   1.08762   0.32401   0.72279   0.40655   0.64365   0.48571   1.53644   0.17705   0.10704   0.16111   0.08522   0.00000   0.00781   1.42163   0.40367   0.06134  
 21 17.6627   6506.426731  x:  0.12662   1.44890   1.22253   0.76072   1.07370   0.18586   0.56983   0.31918   0.69476   0.57916   1.96147   0.24547   0.03181   0.16024   0.09333   0.00000   0.00185   1.59194   0.32152   0.07542  
 22 18.8791   6490.073672  x:  0.16837   1.40285   1.22174   0.76220   1.05871   0.15848   0.58980   0.35596   0.72251   0.61411   2.12322   0.16970   0.12206   0.16213   0.09728   0.00000   0.00538   1.55354   0.22885   0.06257  
 23 64.7438   6480.254662  x:  0.20117   1.39630   1.22538   0.74013   1.08187   0.27991   0.66684   0.38407   0.69796   0.54365   2.13113   0.23592   0.04705   0.16157   0.09986   0.00000   0.00248   1.47950   0.19383   0.07560  
 24 49.2503   6475.916348  x:  0.19266   1.62964   1.32092   0.67233   1.12528   0.24665   0.70732   0.32755   0.77374   0.52049   1.91670   0.24173   0.04279   0.16084   0.10169   0.00000   0.00252   1.56192   0.18798   0.07885  
 25 19.0420   6474.582357  x:  0.17667   1.71637   1.33319   0.72014   1.13544   0.24292   0.64199   0.40349   0.71803   0.54142   1.83106   0.24500   0.04130   0.16146   0.10208   0.00000   0.00256   1.56530   0.18587   0.07915  
 26 11.6072   6471.841395  x:  0.11477   1.78381   1.25404   0.88785   1.15761   0.29375   0.65120   0.32155   0.70774   0.61007   1.73268   0.24228   0.04922   0.15950   0.10314   0.00000   0.00336   1.53295   0.18539   0.07668  
 27  6.4619   6466.157951  x:  0.11847   1.86818   1.17186   1.10010   1.14669   0.20855   0.80709   0.38046   0.75335   0.50652   1.66587   0.27284   0.02383   0.15455   0.10623   0.00000   0.00441   1.53735   0.19514   0.07871  
 28 13.4815   6452.555080  x:  0.17370   1.91510   1.35185   0.90193   1.31338   0.46132   0.68115   0.47046   0.94858   0.43082   1.71627   0.30318   0.01874   0.14523   0.11272   0.00000   0.00976   1.55151   0.21320   0.07249  
 29 10.1473   6449.232514  x:  0.22533   1.93127   1.47621   0.80806   1.31109   0.47733   0.78980   0.44658   0.78841   0.54302   1.75022   0.31658   0.01078   0.14369   0.11432   0.00000   0.01105   1.57499   0.21775   0.07276  
 30 19.1539   6446.543100  x:  0.11559   1.88600   1.73025   0.93085   1.13863   0.52976   0.83408   0.45981   0.83299   0.53873   1.76372   0.30285   0.03772   0.14223   0.11589   0.00000   0.01084   1.56425   0.21087   0.06550  
 31  2.7723   6435.641992  x:  0.18338   1.90128   1.72350   1.13420   1.78562   0.31228   0.97119   0.53486   0.87730   0.57889   1.92200   0.25034   0.14393   0.12935   0.12754   0.00000   0.01093   1.45170   0.17319   0.03798  
 32  4.0571   6431.857041  x:  0.25170   2.24606   1.44539   1.06105   1.63730   0.41641   1.00279   0.57325   0.89730   0.59909   2.15672   0.23113   0.17900   0.12722   0.13225   0.00000   0.01164   1.46299   0.16346   0.02611  
 33  9.8639   6425.843729  x:  0.14942   2.37401   1.78394   1.20649   1.62124   0.48758   1.05876   0.59587   0.96717   0.60902   2.37382   0.24533   0.15360   0.13204   0.14293   0.00000   0.01321   1.40604   0.13212   0.01883  
 34  0.6046   6420.328002  x:  0.00000   2.65852   2.18290   1.31113   1.57240   0.61275   1.10022   0.59360   1.00525   0.63236   2.58898   0.27283   0.09518   0.14538   0.15582   0.00000   0.01317   1.40754   0.14018   0.02758  
 35  0.4806   6420.328002  x:  0.00000   2.65852   2.18290   1.31113   1.57240   0.61275   1.10022   0.59360   1.00525   0.63236   2.58898   0.27283   0.09518   0.14538   0.15582   0.00000   0.01317   1.40754   0.14018   0.02758  
 36  0.3540   6419.401432  x:  0.00011   2.65871   2.18288   1.31114   1.57260   0.61266   1.10011   0.59347   1.00513   0.63225   2.58904   0.27250   0.09509   0.14504   0.15550   0.00000   0.00715   1.40783   0.13319   0.02868  
 37 178.9860   6419.349227  x:  0.00102   2.65940   2.18308   1.31137   1.57332   0.61267   1.10008   0.59340   1.00505   0.63220   2.58942   0.27166   0.09495   0.14435   0.15485   0.00000   0.00838   1.40815   0.13194   0.03146  
 38 28.8922   6419.256104  x:  0.00370   2.66142   2.18368   1.31208   1.57542   0.61276   1.10006   0.59325   1.00488   0.63212   2.59052   0.26927   0.09438   0.14258   0.15315   0.00000   0.00734   1.40894   0.13290   0.03792  
 39 61.4045   6419.011088  x:  0.02136   2.67481   2.18764   1.31665   1.58929   0.61335   1.09998   0.59225   1.00378   0.63163   2.59786   0.25387   0.08445   0.13688   0.14647   0.00000   0.00731   1.41435   0.13212   0.03768  
 40 21.7791   6418.259623  x:  0.10237   2.73908   2.20637   1.33785   1.65559   0.61580   1.10026   0.58826   0.99954   0.63029   2.63309   0.22465   0.09264   0.15729   0.15843   0.00000   0.00660   1.43887   0.12762   0.04045  
 41 33.5172   6417.417831  x:  0.19531   2.81942   2.22960   1.36333   1.73767   0.61862   1.10249   0.58621   0.99718   0.63141   2.67726   0.22050   0.12824   0.14524   0.14820   0.00000   0.00602   1.46616   0.12227   0.03279  
 42 79.2415   6417.080695  x:  0.21160   2.87188   2.24368   1.37504   1.78617   0.61850   1.11297   0.60078   1.01066   0.64592   2.70680   0.24100   0.11186   0.13090   0.16712   0.00000   0.00587   1.46617   0.11930   0.03560  
 43 15.0703   6416.508515  x:  0.22355   2.97021   2.26999   1.39499   1.87377   0.61703   1.13543   0.63143   1.03899   0.67412   2.76265   0.28257   0.07986   0.14526   0.15357   0.00000   0.00571   1.46116   0.11419   0.04165  
 44 45.9036   6415.460709  x:  0.10201   3.22131   2.34107   1.43028   2.05454   0.59759   1.20120   0.69108   1.09261   0.69327   2.91511   0.22548   0.12235   0.14595   0.15264   0.00000   0.00634   1.43983   0.10677   0.03612  
 45 13.7570   6415.072120  x:  0.03639   3.33487   2.39285   1.46172   2.08937   0.58666   1.20359   0.66911   1.07279   0.64715   3.00060   0.24062   0.11052   0.14611   0.15350   0.00000   0.00686   1.48201   0.10777   0.03805  
 46  9.0995   6414.778057  x:  0.01863   3.43532   2.47905   1.52384   2.02787   0.59376   1.18411   0.63731   1.08003   0.68405   3.11352   0.23847   0.11258   0.14645   0.15347   0.00000   0.00704   1.46283   0.10487   0.03810  
 47  4.4546   6414.621847  x:  0.02143   3.47440   2.52907   1.55871   1.97963   0.63815   1.21588   0.68641   1.08161   0.68342   3.17840   0.23491   0.11607   0.14671   0.15356   0.00000   0.00707   1.48415   0.10247   0.03804  
 48  3.5248   6414.325108  x:  0.03437   3.48074   2.58752   1.56519   2.01020   0.72604   1.27635   0.64645   1.14774   0.66711   3.26621   0.23625   0.11569   0.14677   0.15357   0.00000   0.00740   1.47543   0.10065   0.03897  
 49  0.9168   6413.816443  x:  0.05709   3.49881   2.67504   1.56678   2.07551   0.69491   1.30083   0.69121   1.12589   0.72679   3.38315   0.23452   0.11849   0.14650   0.15309   0.00000   0.00813   1.49154   0.10197   0.03932  
 50  2.1804   6413.742525  x:  0.06854   3.51080   2.69033   1.57859   2.08393   0.68336   1.30011   0.70924   1.12048   0.70392   3.39357   0.23649   0.11730   0.14637   0.15315   0.00000   0.00817   1.46042   0.10130   0.03950  
 51  2.8083   6413.693615  x:  0.07334   3.54373   2.69920   1.61204   2.08637   0.66638   1.29079   0.72325   1.15855   0.69142   3.37510   0.23486   0.11879   0.14630   0.15330   0.00000   0.00819   1.46907   0.10114   0.03939  
 52  1.1357   6413.602959  x:  0.07029   3.64510   2.71364   1.69725   2.11498   0.69093   1.31798   0.72168   1.14722   0.71106   3.32053   0.23315   0.11987   0.14635   0.15392   0.00000   0.00823   1.46692   0.09952   0.03972  
 53  1.1742   6413.402352  x:  0.11235   3.87453   2.78844   1.65894   2.18646   0.68715   1.38228   0.74205   1.17397   0.72914   3.44090   0.23032   0.12000   0.14681   0.15555   0.00000   0.00778   1.47405   0.09430   0.04218  
 54  0.6630   6413.329411  x:  0.11031   3.92583   2.81008   1.68474   2.24852   0.72167   1.34651   0.77020   1.18310   0.73846   3.52119   0.22674   0.12213   0.14720   0.15607   0.00000   0.00770   1.47761   0.09213   0.04258  
 55  1.7291   6413.303241  x:  0.11075   3.91974   2.81867   1.73137   2.27702   0.70411   1.37301   0.77119   1.18937   0.74220   3.57327   0.22537   0.12298   0.14744   0.15626   0.00000   0.00763   1.48026   0.09095   0.04283  
 56  0.7886   6413.250436  x:  0.10631   3.96369   2.91266   1.76379   2.32135   0.72022   1.40223   0.78868   1.21192   0.75199   3.66387   0.22035   0.12667   0.14871   0.15609   0.00000   0.00729   1.48346   0.08974   0.04330  
 57  0.1112   6413.245316  x:  0.10982   4.00057   2.90092   1.77432   2.32380   0.72775   1.41143   0.79328   1.21778   0.75486   3.69227   0.22026   0.12728   0.14876   0.15609   0.00000   0.00739   1.48233   0.08918   0.04346  
 58  0.0995   6413.240291  x:  0.11168   4.03347   2.93714   1.78599   2.33963   0.73554   1.42387   0.80023   1.22544   0.75963   3.71235   0.21974   0.12842   0.14879   0.15620   0.00000   0.00755   1.48222   0.08803   0.04366  
 59  0.1960   6413.239995  x:  0.11059   4.03707   2.94332   1.79069   2.34275   0.73620   1.42659   0.80211   1.22691   0.76111   3.71610   0.21966   0.12866   0.14861   0.15628   0.00000   0.00756   1.48250   0.08795   0.04370  
 60  0.0087   6413.239986  x:  0.11033   4.03846   2.94368   1.79116   2.34334   0.73631   1.42696   0.80254   1.22715   0.76133   3.71711   0.21960   0.12867   0.14863   0.15628   0.00000   0.00754   1.48249   0.08791   0.04372  
 61  0.0018   6413.239985  x:  0.11024   4.03832   2.94353   1.79104   2.34334   0.73623   1.42689   0.80257   1.22711   0.76132   3.71696   0.21963   0.12865   0.14863   0.15628   0.00000   0.00755   1.48248   0.08792   0.04372  
 62  0.0003   6413.239985  x:  0.11022   4.03831   2.94353   1.79103   2.34333   0.73622   1.42690   0.80257   1.22711   0.76131   3.71694   0.21963   0.12864   0.14863   0.15628   0.00000   0.00755   1.48248   0.08792   0.04372  
 63  0.0000   6413.239985  x:  0.11021   4.03831   2.94353   1.79103   2.34332   0.73623   1.42690   0.80257   1.22711   0.76131   3.71695   0.21964   0.12864   0.14863   0.15628   0.00000   0.00755   1.48248   0.08792   0.04372  
 64  0.0000   6413.239985  x:  0.11021   4.03831   2.94353   1.79103   2.34332   0.73623   1.42690   0.80257   1.22711   0.76131   3.71695   0.21964   0.12864   0.14863   0.15628   0.00000   0.00755   1.48248   0.08792   0.04372  
 65  0.0000   6413.239985  x:  0.11021   4.03831   2.94353   1.79103   2.34332   0.73623   1.42690   0.80257   1.22711   0.76131   3.71695   0.21964   0.12864   0.14863   0.15628   0.00000   0.00755   1.48248   0.08792   0.04372  
 66  0.0000   6413.239985  x:  0.11021   4.03831   2.94353   1.79103   2.34332   0.73623   1.42690   0.80257   1.22711   0.76131   3.71695   0.21964   0.12864   0.14863   0.15628   0.00000   0.00755   1.48248   0.08792   0.04372  
 67  0.0000   6413.239985  x:  0.11021   4.03831   2.94353   1.79103   2.34332   0.73623   1.42690   0.80257   1.22711   0.76131   3.71695   0.21964   0.12864   0.14863   0.15628   0.00000   0.00755   1.48248   0.08792   0.04372  
check convergence!
