

TREE # 1

  0  0.0000   6030.217948  x:  0.04648   0.52275   0.41469   0.34476   0.30440   0.05833   0.22405   0.08699   0.16383   0.15985   0.28284   0.08517   0.01237   0.03001   0.10327   0.09989   0.00000   2.00000   0.20000   0.20000   0.20000  
  1 99.0000   5900.891754  x:  0.18542   0.57301   0.46584   0.38884   0.33780   0.11180   0.29697   0.16647   0.22655   0.19977   0.34169   0.13851   0.12453   0.13860   0.11449   0.09127   0.66269   1.99273   0.29636   0.18586   0.17070  
  2 3612.5610   5713.947017  x:  0.32963   0.68967   0.56602   0.47724   0.39884   0.18388   0.42501   0.26270   0.32590   0.26517   0.44713   0.13250   0.11764   0.13178   0.07132   0.00673   0.62906   1.98327   0.25987   0.15165   0.00010  
  3 667.3709   5702.807801  x:  0.34109   0.69901   0.57403   0.48431   0.40371   0.18961   0.43522   0.27035   0.33380   0.27038   0.45555   0.13198   0.11701   0.13117   0.06788   0.00000   0.62587   1.98251   0.25686   0.14892   0.00034  
  4 2957.1673   5636.035302  x:  0.53725   0.91737   0.74424   0.63346   0.48642   0.25474   0.60197   0.36666   0.43917   0.33128   0.61987   0.11211   0.14380   0.19381   0.18556   0.26905   0.54716   1.95596   0.15519   0.07807   0.00154  
  5 681.6892   5624.538885  x:  0.56301   0.95524   0.77142   0.65756   0.49691   0.25762   0.62190   0.37400   0.44725   0.33376   0.64406   0.11046   0.14874   0.19884   0.19732   0.30408   0.52753   1.94963   0.20563   0.06537   0.00169  
  6 570.9312   5604.044074  x:  0.60257   1.11453   0.85703   0.73212   0.48669   0.17412   0.61429   0.30442   0.37450   0.25422   0.69647   0.14976   0.19212   0.17302   0.14338   0.30893   0.52424   1.92405   0.19955   0.00775   0.00165  
  7 128.8765   5598.136965  x:  0.62412   1.20958   0.90697   0.77622   0.48237   0.12634   0.61148   0.26587   0.33793   0.21496   0.72618   0.17284   0.21520   0.15682   0.11110   0.31420   0.52253   1.90807   0.19625   0.04513   0.00164  
  8 537.4098   5590.983167  x:  0.57090   1.34932   0.94385   0.82084   0.49091   0.06779   0.58699   0.22841   0.37720   0.29904   0.71718   0.13668   0.20579   0.12048   0.04567   0.33169   0.54094   1.87243   0.19068   0.04798   0.00163  
  9 62.1724   5579.445064  x:  0.39163   1.63930   0.98543   0.90852   0.58524   0.15361   0.57849   0.26387   0.36963   0.30762   0.67350   0.09718   0.17896   0.18409   0.01154   0.28476   0.55273   1.78897   0.17577   0.05529   0.00134  
 10 63.9255   5573.565060  x:  0.26935   1.86988   1.01924   0.97575   0.63132   0.16902   0.58026   0.29312   0.38833   0.33181   0.64616   0.09985   0.16521   0.19010   0.12378   0.18584   0.55967   1.72531   0.16432   0.05994   0.00097  
 11 178.8478   5547.876566  x:  0.40367   2.14191   1.01637   0.97475   0.52960   0.09632   0.74936   0.55992   0.54162   0.29654   0.69602   0.22478   0.18132   0.24148   0.10937   0.05880   0.49357   1.65027   0.13757   0.05977   0.00022  
 12 23.6084   5541.439334  x:  0.45790   2.17078   1.02267   0.98161   0.53238   0.11363   0.77151   0.56507   0.54047   0.28020   0.71915   0.18099   0.14813   0.21071   0.12214   0.03648   0.49804   1.65565   0.13241   0.06250   0.00010  
 13 65.1024   5539.874193  x:  0.47114   2.18074   1.01765   0.99031   0.54677   0.14488   0.78105   0.57159   0.53533   0.27880   0.71935   0.21369   0.12870   0.14909   0.12003   0.04784   0.50436   1.66992   0.13132   0.06042   0.00013  
 14 35.0924   5538.174109  x:  0.51810   2.17872   1.01553   1.03526   0.58432   0.17564   0.76715   0.51489   0.51305   0.33579   0.71754   0.29707   0.07004   0.17328   0.12147   0.04413   0.49840   1.75260   0.13185   0.05738   0.00011  
 15 17.2993   5536.216929  x:  0.53585   2.17442   1.02113   1.11005   0.59435   0.13230   0.79410   0.54759   0.51745   0.30996   0.67749   0.27737   0.02534   0.17644   0.12025   0.04898   0.50252   1.86366   0.13318   0.05767   0.00014  
 16  6.7143   5532.180554  x:  0.57936   2.12703   1.04152   1.27739   0.64809   0.10123   0.83392   0.56488   0.52987   0.29615   0.61149   0.19558   0.14814   0.16295   0.12003   0.04494   0.47987   2.11108   0.13371   0.06164   0.00014  
 17 41.3337   5517.991626  x:  0.70636   2.03358   1.13536   1.38904   0.45237   0.22442   0.82584   0.51881   0.52064   0.32909   0.85403   0.05357   0.19087   0.17405   0.13613   0.04413   0.44716   2.15731   0.12956   0.06914   0.00022  
 18  9.2861   5511.839034  x:  0.83612   1.93438   1.22752   1.30807   0.68201   0.16058   0.92245   0.38872   0.59426   0.27465   0.84617   0.03747   0.17800   0.19067   0.14233   0.04334   0.42813   1.98955   0.12422   0.06629   0.00026  
 19 20.0853   5510.109271  x:  0.88587   1.88629   1.32038   1.29884   0.74767   0.12296   0.89542   0.45844   0.49444   0.33617   0.83430   0.03766   0.17462   0.18545   0.14591   0.04176   0.41949   1.93227   0.12092   0.06570   0.00027  
 20  9.6012   5506.412104  x:  0.94630   1.79992   1.55787   1.34182   0.78463   0.14910   0.76481   0.47545   0.56958   0.30332   0.85054   0.09198   0.14226   0.18368   0.14766   0.03830   0.40166   1.89442   0.11673   0.06062   0.00029  
 21  7.8027   5496.646488  x:  1.07734   1.90654   1.63658   1.27201   0.67882   0.22613   1.15714   0.28648   0.45905   0.40253   0.84511   0.16949   0.11221   0.19436   0.14262   0.03088   0.36006   1.90963   0.11737   0.04539   0.00033  
 22  8.6871   5483.296956  x:  1.65535   2.48079   0.90701   1.11324   0.88441   0.20303   1.01436   0.33552   0.41830   0.43354   1.06151   0.19742   0.12056   0.19916   0.15975   0.01674   0.26081   1.95949   0.11571   0.03320   0.00042  
 23 16.3760   5477.203100  x:  2.05137   2.63300   0.89001   1.35041   0.70544   0.34056   0.97575   0.32764   0.44618   0.43426   0.71405   0.19109   0.12960   0.19805   0.17031   0.00495   0.19291   1.77358   0.10867   0.03013   0.00046  
 24  3.9491   5470.984116  x:  2.08842   2.65086   0.94311   1.45456   0.72565   0.32109   1.02090   0.35121   0.45950   0.42786   0.82121   0.20105   0.12250   0.19084   0.16132   0.00000   0.16711   1.78746   0.10280   0.02806   0.00047  
 25  4.6190   5455.207879  x:  2.39413   2.98097   1.34365   1.37760   0.70283   0.36363   1.07998   0.46878   0.53964   0.39521   0.94625   0.21540   0.12042   0.16385   0.13088   0.01355   0.05383   2.05126   0.09105   0.02318   0.00056  
 26  8.4793   5451.949307  x:  2.40239   2.89348   1.26511   1.70412   0.70996   0.32393   1.14722   0.47299   0.54575   0.38866   1.04523   0.22877   0.10684   0.15580   0.11121   0.02226   0.03883   1.90938   0.08267   0.02036   0.00057  
 27  7.6800   5446.457119  x:  2.11483   2.83187   1.48643   1.79181   0.71879   0.25052   1.20635   0.52338   0.58246   0.34132   1.22167   0.22830   0.07795   0.12525   0.08536   0.02935   0.07406   1.95794   0.08600   0.02363   0.00054  
 28  1.2549   5442.486671  x:  1.96071   3.12570   1.86632   1.73914   0.73852   0.18271   1.26553   0.56630   0.61336   0.30024   1.40678   0.23413   0.01974   0.15923   0.07889   0.03478   0.05505   2.10779   0.08112   0.02254   0.00063  
 29  0.3740   5440.718782  x:  1.91435   3.34173   1.93617   1.86458   0.74297   0.17590   1.28384   0.55983   0.59204   0.31829   1.43709   0.23902   0.02241   0.14118   0.10391   0.03789   0.03999   2.05723   0.08292   0.01877   0.00070  
 30  0.1990   5439.175236  x:  1.80424   3.55140   2.01076   1.94286   0.75233   0.17292   1.29303   0.53932   0.56892   0.34087   1.46189   0.23924   0.03017   0.12317   0.12378   0.04035   0.04537   2.02560   0.07548   0.01834   0.00077  
 31  0.5517   5437.749056  x:  1.59707   3.85865   2.04837   2.11250   0.75685   0.15351   1.29890   0.52985   0.58183   0.35026   1.47577   0.23133   0.06153   0.14364   0.10967   0.04638   0.04908   1.97495   0.07556   0.02563   0.00088  
 32  0.2268   5437.083471  x:  1.56279   4.10601   2.09029   2.14417   0.76843   0.17419   1.30123   0.53868   0.60151   0.34912   1.46802   0.22732   0.06369   0.12823   0.09359   0.04936   0.04106   2.02103   0.07355   0.02492   0.00095  
 33  0.2132   5436.632207  x:  1.54098   4.24359   2.05170   2.10570   0.79832   0.19802   1.28058   0.53404   0.60429   0.35260   1.41617   0.21877   0.05412   0.13880   0.09592   0.04797   0.04826   2.04893   0.07410   0.02071   0.00103  
 34  0.0916   5436.260499  x:  1.57366   4.31395   2.00042   2.11527   0.83347   0.21515   1.29177   0.56912   0.60004   0.35648   1.34233   0.20021   0.06685   0.13626   0.10057   0.04589   0.04315   2.02134   0.07319   0.02736   0.00116  
 35  0.0363   5435.573958  x:  1.51706   4.16907   2.00231   2.15650   0.86712   0.19289   1.41027   0.60058   0.59798   0.34800   1.37330   0.18094   0.10521   0.14136   0.09049   0.04353   0.04785   2.03385   0.07344   0.02626   0.00144  
 36  0.0418   5434.889338  x:  1.50640   4.14317   2.09560   2.20814   0.83915   0.21524   1.45899   0.60476   0.61424   0.34534   1.43879   0.14973   0.11178   0.13382   0.10613   0.04087   0.04785   2.06992   0.07025   0.02793   0.00181  
 37  0.0503   5434.075404  x:  1.54844   4.17895   2.10811   2.27209   0.78243   0.25461   1.43106   0.58815   0.63521   0.35691   1.48823   0.11053   0.14400   0.13605   0.09731   0.03897   0.04672   2.07691   0.07283   0.03312   0.00240  
 38  0.0425   5433.191936  x:  1.58337   4.33273   2.11764   2.30261   0.79240   0.24214   1.37878   0.56523   0.62552   0.37943   1.56725   0.08999   0.19322   0.14670   0.08837   0.03899   0.04564   2.04519   0.06860   0.03876   0.00313  
 39  0.0794   5432.284311  x:  1.74138   4.37011   2.06536   2.20404   0.85926   0.20198   1.34636   0.59009   0.60615   0.37031   1.60713   0.06141   0.21749   0.12902   0.10133   0.03345   0.05598   2.05077   0.06946   0.04618   0.00422  
 40  0.0763   5431.579505  x:  1.85280   4.56914   2.09533   2.20831   0.87342   0.15999   1.40402   0.60271   0.61723   0.34461   1.60529   0.07028   0.20087   0.14523   0.08755   0.03582   0.05071   2.08281   0.06773   0.04939   0.00531  
 41  0.0803   5430.961302  x:  1.97032   4.77088   2.11671   2.39553   0.79748   0.22256   1.49696   0.59578   0.62980   0.35663   1.51548   0.05006   0.22086   0.13369   0.09898   0.03737   0.05020   2.09669   0.06589   0.05603   0.00696  
 42  0.1086   5430.701532  x:  2.04449   4.78783   2.13065   2.42349   0.84704   0.20481   1.52347   0.62484   0.62980   0.36370   1.52406   0.05972   0.22661   0.13730   0.09307   0.04014   0.05178   2.10915   0.06472   0.05866   0.00807  
 43  0.0384   5430.525213  x:  2.07736   4.77221   2.19665   2.46694   0.86531   0.22411   1.51844   0.65275   0.64975   0.37074   1.56963   0.04239   0.23159   0.13844   0.09405   0.04149   0.05051   2.12225   0.06331   0.06110   0.00901  
 44  0.0468   5430.456432  x:  2.06223   4.72699   2.22567   2.46137   0.86572   0.22898   1.49904   0.65158   0.65189   0.37302   1.59375   0.05628   0.21798   0.13473   0.09658   0.04342   0.04893   2.10769   0.06377   0.05877   0.00910  
 45  0.0389   5430.270030  x:  1.92598   4.71076   2.28109   2.42376   0.86763   0.24363   1.47740   0.64428   0.64772   0.36648   1.63931   0.06327   0.21883   0.13373   0.09604   0.04529   0.04684   2.07625   0.06260   0.05038   0.00951  
 46  0.0251   5429.860317  x:  1.71683   4.55561   2.24272   2.23994   0.84485   0.26574   1.43641   0.61991   0.62593   0.33752   1.61927   0.07994   0.20325   0.13919   0.09303   0.04387   0.04849   2.06600   0.06706   0.02953   0.01007  
 47  0.1113   5429.329138  x:  1.81294   4.41398   2.08867   2.15366   0.80640   0.25693   1.43211   0.60217   0.60243   0.33258   1.48443   0.10784   0.16550   0.13504   0.09591   0.04222   0.04970   2.09231   0.07023   0.01507   0.01201  
 48  0.1037   5429.145481  x:  1.93012   4.42829   2.05034   2.22452   0.80683   0.23884   1.43127   0.60770   0.60966   0.34938   1.45930   0.10469   0.16988   0.13335   0.09610   0.04270   0.04966   2.10051   0.06956   0.02137   0.01288  
 49  0.1920   5428.903259  x:  1.87293   4.32090   2.01584   2.22264   0.80221   0.21851   1.37553   0.59135   0.61180   0.36150   1.45521   0.12432   0.15570   0.13244   0.09470   0.04468   0.04803   2.07527   0.07002   0.01316   0.01415  
 50  0.1462   5428.733816  x:  1.73304   4.33011   2.04299   2.22550   0.82949   0.19255   1.36416   0.59630   0.62771   0.35750   1.46062   0.11894   0.16455   0.13510   0.09339   0.04444   0.04719   2.06872   0.07005   0.01779   0.01477  
 51  0.0570   5428.575024  x:  1.62368   4.17860   1.98455   2.13186   0.81093   0.18407   1.34167   0.57848   0.62075   0.34885   1.38565   0.12849   0.14735   0.13308   0.09515   0.04131   0.04788   2.07395   0.07350   0.01450   0.01607  
 52  0.1151   5428.521339  x:  1.63372   4.10490   1.98482   2.09978   0.79334   0.19900   1.32377   0.56660   0.60890   0.35249   1.39286   0.12731   0.14687   0.13167   0.09499   0.04025   0.04824   2.06694   0.07454   0.01668   0.01647  
 53  0.0553   5428.508365  x:  1.61138   4.08698   1.97137   2.08597   0.79481   0.19471   1.31564   0.55846   0.60199   0.35208   1.38783   0.13291   0.14294   0.13315   0.09342   0.04061   0.04836   2.05970   0.07484   0.01636   0.01687  
 54  0.0241   5428.504077  x:  1.61951   4.09627   1.97599   2.09486   0.79888   0.19674   1.32242   0.55998   0.60210   0.35048   1.39130   0.13623   0.13885   0.13272   0.09366   0.04156   0.04782   2.06159   0.07458   0.01644   0.01704  
 55  0.0114   5428.503730  x:  1.61979   4.09320   1.97244   2.09305   0.79744   0.19721   1.32105   0.55897   0.60247   0.35012   1.39050   0.13696   0.13866   0.13240   0.09400   0.04155   0.04782   2.06271   0.07466   0.01644   0.01709  
 56  0.0042   5428.503662  x:  1.61901   4.09328   1.97152   2.09227   0.79739   0.19746   1.32066   0.55947   0.60302   0.34985   1.39143   0.13725   0.13850   0.13252   0.09389   0.04156   0.04781   2.06262   0.07467   0.01644   0.01708  
 57  0.0010   5428.503638  x:  1.61962   4.09392   1.97052   2.09214   0.79707   0.19734   1.32093   0.55968   0.60285   0.34991   1.39151   0.13751   0.13818   0.13251   0.09391   0.04154   0.04783   2.06231   0.07467   0.01645   0.01707  
 58  0.0008   5428.503629  x:  1.61890   4.09407   1.97120   2.09226   0.79705   0.19744   1.32099   0.55976   0.60279   0.35006   1.39201   0.13763   0.13808   0.13248   0.09393   0.04152   0.04783   2.06232   0.07466   0.01644   0.01707  
 59  0.0006   5428.503621  x:  1.61956   4.09489   1.97161   2.09269   0.79719   0.19748   1.32120   0.55982   0.60284   0.35014   1.39190   0.13777   0.13797   0.13251   0.09390   0.04149   0.04784   2.06264   0.07464   0.01644   0.01708  
 60  0.0004   5428.503617  x:  1.61956   4.09495   1.97182   2.09291   0.79723   0.19747   1.32116   0.55979   0.60292   0.35003   1.39190   0.13784   0.13788   0.13250   0.09391   0.04147   0.04786   2.06242   0.07464   0.01643   0.01708  
 61  0.0002   5428.503617  x:  1.61958   4.09498   1.97182   2.09299   0.79722   0.19747   1.32117   0.55981   0.60290   0.35002   1.39192   0.13782   0.13791   0.13251   0.09391   0.04147   0.04786   2.06242   0.07464   0.01643   0.01708  
 62  0.0001   5428.503617  x:  1.61957   4.09498   1.97179   2.09300   0.79723   0.19747   1.32115   0.55981   0.60290   0.35002   1.39193   0.13782   0.13791   0.13250   0.09391   0.04147   0.04786   2.06244   0.07464   0.01643   0.01708  
 63  0.0000   5428.503617  x:  1.61957   4.09499   1.97178   2.09301   0.79722   0.19748   1.32116   0.55981   0.60290   0.35002   1.39193   0.13782   0.13791   0.13251   0.09391   0.04147   0.04786   2.06244   0.07464   0.01643   0.01708  
 64  0.0000   5428.503617  x:  1.61957   4.09499   1.97178   2.09301   0.79723   0.19748   1.32116   0.55981   0.60290   0.35002   1.39193   0.13782   0.13791   0.13251   0.09391   0.04147   0.04786   2.06244   0.07464   0.01643   0.01708  
 65  0.0000   5428.503617  x:  1.61957   4.09499   1.97178   2.09301   0.79723   0.19748   1.32116   0.55981   0.60290   0.35002   1.39193   0.13782   0.13791   0.13251   0.09391   0.04147   0.04786   2.06244   0.07464   0.01643   0.01708  