   11
BAM_009190  0.000000  0.434644  0.437765  0.585141  0.473368  0.294686
  0.091033  0.191815  0.088306  0.431009  0.443173
BA_0545xxx  0.434644  0.000000  0.010881  0.554549  0.398651  0.386157
  0.424602  0.420515  0.419960  0.002707  0.021823
BC_0544xxx  0.437765  0.010881  0.000000  0.552384  0.396100  0.387027
  0.422267  0.415568  0.417605  0.008160  0.019116
NT03BC1682  0.585141  0.554549  0.552384  0.000000  0.548078  0.551250
  0.556067  0.558080  0.553783  0.550589  0.546414
BH1020xxxx  0.473368  0.398651  0.396100  0.548078  0.000000  0.429224
  0.455532  0.475851  0.466090  0.395035  0.390798
NT03BL1006  0.294686  0.386157  0.387027  0.551250  0.429224  0.000000
  0.268804  0.251675  0.265942  0.382649  0.379109
Bmo1794xxx  0.091033  0.424602  0.422267  0.556067  0.455532  0.268804
  0.000000  0.165534  0.038630  0.420985  0.417043
BPUM_0845x  0.191815  0.420515  0.415568  0.558080  0.475851  0.251675
  0.165534  0.000000  0.181508  0.416849  0.414703
BG12236xxx  0.088306  0.419960  0.417605  0.553783  0.466090  0.265942
  0.038630  0.181508  0.000000  0.416329  0.420493
NT02BT0565  0.431009  0.002707  0.008160  0.550589  0.395035  0.382649
  0.420985  0.416849  0.416329  0.000000  0.019093
KBAB4_0460  0.443173  0.021823  0.019116  0.546414  0.390798  0.379109
  0.417043  0.414703  0.420493  0.019093  0.000000
