   11
BAM_025160  0.000000  1.505964  1.499483  1.918535  1.887350  0.655738
  0.349971  0.765229  0.380154  1.496179  1.470803
BA_4691xxx  1.505964  0.000000  0.045786  1.844686  1.715715  1.471706
  1.388274  1.275941  1.441213  0.008973  0.083663
BC_4466xxx  1.499483  0.045786  0.000000  1.850289  1.705697  1.487091
  1.412917  1.295161  1.462945  0.042650  0.080462
NT03BC2987  1.918535  1.844686  1.850289  0.000000  0.725758  1.827467
  1.898999  1.933250  1.922696  1.852643  1.851326
BH3040xxxx  1.887350  1.715715  1.705697  0.725758  0.000000  1.886336
  1.978653  1.901421  1.977326  1.730237  1.684512
NT03BL3124  0.655738  1.471706  1.487091  1.827467  1.886336  0.000000
  0.574897  0.660158  0.578100  1.469231  1.476401
Bmo2699xxx  0.349971  1.388274  1.412917  1.898999  1.978653  0.574897
  0.000000  0.718324  0.156942  1.376503  1.412424
BPUM_2451x  0.765229  1.275941  1.295161  1.933250  1.901421  0.660158
  0.718324  0.000000  0.710805  1.274842  1.293648
BG10347xxx  0.380154  1.441213  1.462945  1.922696  1.977326  0.578100
  0.156942  0.710805  0.000000  1.443901  1.469170
NT02BT4451  1.496179  0.008973  0.042650  1.852643  1.730237  1.469231
  1.376503  1.274842  1.443901  0.000000  0.077349
KBAB4_4304  1.470803  0.083663  0.080462  1.851326  1.684512  1.476401
  1.412424  1.293648  1.469170  0.077349  0.000000
