

TREE # 1

  0  0.0000   6281.661438  x:  0.00000   1.72974   1.59348   0.51900   1.19535   0.11289   1.09381   0.09336   0.88240   0.72159   0.25725   0.23130   0.95290   0.20221   0.04046   0.13125   0.13826   0.00000   0.01108   2.00000   0.20000   0.20000  
  1 99.0000   6281.654117  x:  0.00000   1.72974   1.59348   0.51900   1.19535   0.11289   1.09381   0.09336   0.88240   0.72159   0.25725   0.23130   0.95290   0.20221   0.04046   0.13125   0.13826   0.00000   0.01108   2.00000   0.19999   0.20000  
  2 1343.5399   6167.758470  x:  0.03015   1.73178   1.59635   0.52871   1.19482   0.11683   1.09385   0.09961   0.87888   0.71717   0.25690   0.22852   0.95825   0.20225   0.04625   0.12980   0.13955   0.00000   0.03771   1.99702   0.08685   0.19928  
  3 12186.6175   6135.948030  x:  0.13043   1.73937   1.60653   0.56087   1.19454   0.13085   1.09554   0.12202   0.86915   0.70431   0.25614   0.22029   0.97653   0.20098   0.06349   0.12576   0.14358   0.00000   0.00252   1.98521   0.07376   0.19732  
  4 426.3592   6110.442041  x:  0.23537   1.71368   1.59263   0.65179   1.11591   0.12479   1.02252   0.11677   0.72929   0.54878   0.20130   0.12901   1.00449   0.12517   0.05924   0.06318   0.11724   0.00000   0.02054   1.98767   0.08107   0.19602  
  5 215.5474   6084.818950  x:  0.29566   1.67557   1.57340   0.78892   1.00528   0.12710   0.92428   0.13639   0.52262   0.31462   0.20670   0.08730   1.05468   0.09323   0.13896   0.16257   0.16513   0.00000   0.03430   1.97798   0.08790   0.19233  
  6 352.2069   6073.095646  x:  0.30728   1.65509   1.56552   0.87188   0.94663   0.14111   0.87754   0.17321   0.41859   0.19488   0.26359   0.16339   1.09152   0.07143   0.15992   0.14482   0.15559   0.00000   0.03795   1.95932   0.08975   0.18795  
  7 283.6841   6066.810621  x:  0.23711   1.62566   1.56275   1.01116   0.87045   0.19921   0.83816   0.27962   0.39662   0.19052   0.22238   0.15428   1.17384   0.09357   0.19179   0.10763   0.15269   0.00000   0.03249   1.87954   0.08767   0.17197  
  8 65.1944   6063.511438  x:  0.21081   1.60689   1.56328   1.09925   0.81645   0.22432   0.81013   0.30893   0.40205   0.21104   0.21252   0.15972   1.22791   0.05251   0.15900   0.12596   0.15915   0.00000   0.02941   1.82292   0.08588   0.15939  
  9 103.2253   6060.436824  x:  0.19864   1.57529   1.56376   1.20620   0.72472   0.22264   0.76006   0.23869   0.42526   0.25229   0.23185   0.16138   1.29810   0.07052   0.16420   0.12545   0.13913   0.00000   0.02857   1.73889   0.08578   0.13533  
 10 57.5014   6060.089112  x:  0.19569   1.56863   1.56531   1.21670   0.71907   0.22673   0.76544   0.22241   0.42638   0.24900   0.23353   0.16109   1.30887   0.07563   0.15801   0.11520   0.16050   0.00000   0.02812   1.71895   0.08564   0.12556  
 11 23.8955   6059.527058  x:  0.18925   1.55059   1.57095   1.22605   0.72502   0.24315   0.80205   0.19521   0.42363   0.22570   0.23009   0.15645   1.32996   0.08901   0.13963   0.11959   0.15045   0.00000   0.02672   1.66660   0.08499   0.09092  
 12 19.3317   6058.620521  x:  0.19577   1.50288   1.56606   1.21007   0.71345   0.21488   0.82556   0.20070   0.41860   0.22590   0.21938   0.16442   1.33425   0.08438   0.14576   0.11979   0.15073   0.00000   0.02687   1.62391   0.08525   0.00010  
 13  9.3730   6058.424841  x:  0.19939   1.46459   1.55955   1.19761   0.71653   0.21268   0.82791   0.20898   0.41951   0.22758   0.23772   0.15165   1.33483   0.08028   0.14767   0.11759   0.15042   0.00000   0.02669   1.60161   0.08533   0.00010  
 14  7.0127   6057.721135  x:  0.21924   1.36094   1.53687   1.16896   0.74715   0.24942   0.79443   0.20821   0.43432   0.22734   0.22658   0.16580   1.33379   0.08374   0.14744   0.11987   0.15120   0.00000   0.02714   1.57412   0.08612   0.00010  
 15  9.6589   6053.635763  x:  0.25484   1.35332   1.56094   1.17772   0.75755   0.23698   0.84090   0.24879   0.41825   0.26607   0.23484   0.17181   1.38123   0.17550   0.04688   0.12408   0.15262   0.00000   0.02143   1.66758   0.08674   0.00010  
 16  2.6525   6044.811940  x:  0.26146   1.47281   1.65879   1.21503   0.84890   0.24957   0.96939   0.25413   0.46520   0.30548   0.24310   0.18783   1.47739   0.10326   0.11406   0.09096   0.14614   0.00000   0.00455   1.79748   0.08565   0.00010  
 17 23.3179   6042.647574  x:  0.27436   1.60800   1.69430   1.15790   0.84247   0.23958   0.89871   0.29223   0.50731   0.27142   0.23977   0.19044   1.43022   0.11551   0.09740   0.08926   0.14670   0.00000   0.00199   1.70228   0.08477   0.00010  
 18 13.3711   6042.562796  x:  0.27607   1.62562   1.69881   1.15041   0.84148   0.23845   0.88962   0.29716   0.51269   0.26709   0.23934   0.19079   1.42397   0.11708   0.09526   0.08905   0.14678   0.00262   0.00166   1.68990   0.08465   0.00010  
 19 730.5712   6041.176235  x:  0.29042   1.67642   1.67080   1.11879   0.79383   0.29734   0.90311   0.29637   0.47169   0.30572   0.24011   0.19658   1.36787   0.11091   0.10455   0.08999   0.14715   0.00000   0.00270   1.65961   0.08409   0.00010  
 20  8.4961   6039.149458  x:  0.31886   1.69138   1.59775   1.13473   0.74024   0.30170   0.95517   0.32292   0.57966   0.25016   0.24862   0.20104   1.31854   0.10599   0.11738   0.09320   0.15018   0.00000   0.00607   1.69956   0.08048   0.00010  
 21  3.7571   6035.037057  x:  0.34172   1.75208   1.64668   1.18810   0.95453   0.16737   0.88496   0.35516   0.51264   0.30708   0.24655   0.21361   1.33600   0.10308   0.12907   0.09247   0.15209   0.00000   0.00722   1.66288   0.07089   0.00010  
 22  7.4321   6033.727001  x:  0.35456   1.72152   1.86580   1.08106   0.88734   0.21404   0.86278   0.36284   0.50317   0.30752   0.24654   0.21404   1.43842   0.09004   0.14291   0.09355   0.15203   0.00000   0.00776   1.69999   0.06874   0.00010  
 23  4.6485   6024.297543  x:  0.51298   1.71213   2.17201   1.41496   0.81630   0.28253   0.95618   0.35639   0.55811   0.26639   0.26099   0.23586   1.10629   0.08642   0.16031   0.11464   0.14663   0.00000   0.00255   1.61495   0.06302   0.00010  
 24  1.1251   6024.278143  x:  0.51500   1.71215   2.17550   1.41894   0.81542   0.28337   0.95731   0.35631   0.55877   0.26588   0.26117   0.23613   1.10253   0.08636   0.16054   0.11491   0.14656   0.00112   0.00249   1.61388   0.06295   0.00010  
 25 178.3873   6014.805380  x:  0.66513   1.87611   1.93825   1.39759   0.78905   0.31575   0.97829   0.35586   0.56176   0.24200   0.26896   0.24899   1.39409   0.06219   0.19139   0.13137   0.14294   0.00737   0.00000   1.54400   0.05976   0.00010  
 26 11.7240   6008.321988  x:  0.74076   1.88722   2.00103   1.42833   0.84458   0.28187   0.93232   0.35220   0.50461   0.25586   0.26648   0.25129   1.45133   0.04355   0.21496   0.13892   0.14582   0.00000   0.00338   1.52972   0.06398   0.00010  
 27  0.7284   5998.227890  x:  0.95486   1.99737   2.12301   1.58003   0.93960   0.27781   1.01259   0.34769   0.47961   0.26043   0.26710   0.25130   1.68176   0.00000   0.27181   0.13662   0.15879   0.00000   0.00580   1.55200   0.05933   0.00010  
 28  0.5906   5985.776377  x:  1.62385   2.44735   2.58327   2.07246   1.14207   0.30997   1.31493   0.38966   0.60018   0.22092   0.27074   0.22517   2.28433   0.00000   0.37744   0.12681   0.17470   0.00000   0.00376   1.55497   0.04286   0.00010  
 29  0.7851   5979.481715  x:  1.88063   2.58360   2.79067   2.25828   1.22131   0.31870   1.42322   0.40348   0.64244   0.21938   0.26676   0.19255   2.47918   0.00000   0.30004   0.11016   0.16466   0.00000   0.00746   1.59637   0.04591   0.00010  
 30  0.3704   5976.776013  x:  2.09176   2.76016   3.02031   2.43613   1.32208   0.32206   1.50738   0.43204   0.65479   0.23963   0.26526   0.18400   2.65624   0.00000   0.24509   0.10622   0.16115   0.00000   0.00929   1.59597   0.03951   0.00010  
 31  0.6325   5976.617401  x:  2.12644   2.78917   3.05797   2.46526   1.33857   0.32263   1.52120   0.43676   0.65683   0.24297   0.26503   0.18262   2.68527   0.02362   0.23621   0.10558   0.16058   0.00000   0.00959   1.59597   0.03846   0.00010  
 32 45.8167   5974.066582  x:  2.73860   3.30009   3.61489   2.84890   1.51202   0.36914   1.76542   0.58420   0.72994   0.31304   0.27679   0.20765   3.05138   0.00424   0.26002   0.12481   0.16818   0.00000   0.00699   1.72156   0.03320   0.00010  
 33  0.3553   5973.552189  x:  2.81711   3.35609   3.67814   2.89321   1.52724   0.38638   1.79846   0.59510   0.72949   0.30768   0.27565   0.20843   3.09375   0.00000   0.26880   0.12070   0.16626   0.00000   0.00695   1.67925   0.03290   0.00010  
 34  0.1907   5973.095796  x:  3.07594   3.55216   3.91607   3.06564   1.60172   0.42734   1.91564   0.63389   0.73772   0.29529   0.27329   0.20843   3.26452   0.00000   0.27412   0.11258   0.16315   0.00000   0.00734   1.61234   0.03016   0.00010  
 35  0.6114   5972.919359  x:  3.17457   3.62742   4.01297   3.12978   1.63104   0.44861   1.97273   0.65519   0.73843   0.28640   0.27214   0.20913   3.33366   0.00000   0.28489   0.11141   0.16336   0.00000   0.00736   1.62233   0.03021   0.00010  
 36  0.2009   5972.754277  x:  3.38208   3.79230   4.22833   3.28783   1.71074   0.47780   2.09206   0.69780   0.75093   0.27592   0.27223   0.20916   3.49044   0.00000   0.27012   0.11334   0.16460   0.00000   0.00755   1.65185   0.02867   0.00010  
 37  0.2652   5972.753553  x:  3.39148   3.79978   4.23808   3.29498   1.71436   0.47912   2.09747   0.69974   0.75150   0.27545   0.27223   0.20917   3.49755   0.00175   0.26948   0.11343   0.16466   0.00000   0.00756   1.65319   0.02860   0.00010  
 38  8.1752   5972.740961  x:  3.39495   3.80338   4.24212   3.29787   1.71668   0.47961   2.10093   0.70117   0.75199   0.27542   0.27251   0.20953   3.50142   0.00000   0.27166   0.11377   0.16487   0.00000   0.00754   1.65374   0.02855   0.00010  
 39  0.0527   5972.710874  x:  3.40606   3.81703   4.25875   3.31058   1.72868   0.48248   2.11943   0.70744   0.75335   0.27401   0.27358   0.21067   3.52080   0.00000   0.28185   0.11490   0.16556   0.00000   0.00753   1.65560   0.02842   0.00010  
 40  0.1201   5972.665258  x:  3.50671   3.90850   4.38305   3.40927   1.79480   0.49781   2.21351   0.73758   0.76202   0.26527   0.27627   0.21239   3.62625   0.00000   0.27840   0.11828   0.16734   0.00000   0.00766   1.66653   0.02754   0.00010  
 41  0.1707   5972.567767  x:  3.34965   3.83013   4.30743   3.38108   1.83079   0.47954   2.24790   0.73504   0.76188   0.26706   0.27949   0.21262   3.62104   0.00000   0.27707   0.11745   0.16655   0.00000   0.00795   1.64724   0.02805   0.00010  
 42  0.0377   5972.521555  x:  3.31508   3.84071   4.32956   3.40691   1.86262   0.47634   2.28726   0.74460   0.76818   0.27140   0.27832   0.21182   3.66180   0.00000   0.27816   0.11513   0.16562   0.00000   0.00798   1.64809   0.02754   0.00010  
 43  0.0541   5972.493333  x:  3.27843   3.86404   4.36211   3.42422   1.86799   0.47784   2.30214   0.75563   0.77465   0.27326   0.27397   0.21111   3.68690   0.00000   0.27727   0.11611   0.16627   0.00000   0.00754   1.66946   0.02758   0.00010  
 44  0.0248   5972.463552  x:  3.26839   3.93596   4.44513   3.46541   1.86265   0.49114   2.31233   0.77157   0.77929   0.26863   0.27119   0.21144   3.73212   0.00000   0.27910   0.11539   0.16591   0.00000   0.00721   1.65164   0.02722   0.00010  
 45  0.0355   5972.447130  x:  3.23580   3.96628   4.47696   3.48035   1.85597   0.49296   2.30483   0.77597   0.77833   0.27028   0.27653   0.21205   3.75244   0.00000   0.27758   0.11551   0.16592   0.00000   0.00764   1.65705   0.02721   0.00010  
 46  0.0207   5972.445056  x:  3.22453   3.96868   4.47048   3.47986   1.84873   0.49192   2.29373   0.77284   0.77734   0.27177   0.27611   0.21150   3.75167   0.00000   0.27863   0.11564   0.16605   0.00000   0.00764   1.65880   0.02721   0.00010  
 47  0.0098   5972.443414  x:  3.20617   3.95679   4.44129   3.47509   1.84291   0.48856   2.28056   0.76452   0.77410   0.27202   0.27596   0.21104   3.74398   0.00000   0.27807   0.11594   0.16615   0.00000   0.00765   1.65630   0.02734   0.00010  
 48  0.0141   5972.442625  x:  3.21989   3.97151   4.45091   3.49418   1.85175   0.49037   2.29103   0.76556   0.77438   0.27108   0.27607   0.21146   3.76161   0.00000   0.27790   0.11594   0.16618   0.00000   0.00763   1.65753   0.02723   0.00010  
 49  0.0176   5972.442447  x:  3.21906   3.97478   4.45158   3.49736   1.85217   0.49048   2.29122   0.76556   0.77487   0.27156   0.27592   0.21168   3.76432   0.00000   0.27830   0.11570   0.16608   0.00000   0.00761   1.65802   0.02723   0.00010  
 50  0.0033   5972.442397  x:  3.22256   3.97626   4.45164   3.49890   1.85294   0.49037   2.29128   0.76553   0.77549   0.27189   0.27589   0.21177   3.76489   0.00000   0.27817   0.11571   0.16609   0.00000   0.00762   1.65772   0.02722   0.00010  
 51  0.0018   5972.442390  x:  3.22226   3.97701   4.45250   3.49972   1.85359   0.49036   2.29192   0.76582   0.77580   0.27183   0.27588   0.21174   3.76570   0.00000   0.27821   0.11576   0.16611   0.00000   0.00762   1.65775   0.02721   0.00010  
 52  0.0012   5972.442388  x:  3.22269   3.97718   4.45264   3.49999   1.85365   0.49041   2.29179   0.76578   0.77590   0.27171   0.27590   0.21169   3.76551   0.00000   0.27822   0.11575   0.16610   0.00000   0.00762   1.65776   0.02721   0.00010  
 53  0.0002   5972.442387  x:  3.22216   3.97691   4.45242   3.49998   1.85375   0.49038   2.29168   0.76574   0.77597   0.27167   0.27592   0.21168   3.76501   0.00000   0.27821   0.11574   0.16610   0.00000   0.00762   1.65779   0.02721   0.00010  
 54  0.0003   5972.442386  x:  3.22221   3.97695   4.45240   3.50008   1.85373   0.49044   2.29152   0.76570   0.77594   0.27168   0.27592   0.21170   3.76467   0.00000   0.27821   0.11575   0.16610   0.00000   0.00762   1.65776   0.02721   0.00010  
 55  0.0002   5972.442386  x:  3.22224   3.97701   4.45247   3.50016   1.85377   0.49048   2.29155   0.76572   0.77589   0.27171   0.27590   0.21170   3.76467   0.00000   0.27821   0.11575   0.16610   0.00000   0.00762   1.65777   0.02721   0.00010  
 56  0.0001   5972.442386  x:  3.22223   3.97700   4.45247   3.50016   1.85377   0.49048   2.29155   0.76572   0.77589   0.27171   0.27590   0.21170   3.76466   0.00000   0.27821   0.11575   0.16610   0.00000   0.00762   1.65777   0.02721   0.00010  
 57  0.0001   5972.442386  x:  3.22222   3.97699   4.45245   3.50017   1.85377   0.49048   2.29154   0.76571   0.77589   0.27171   0.27590   0.21170   3.76463   0.00000   0.27821   0.11575   0.16610   0.00000   0.00762   1.65777   0.02721   0.00010  
 58  0.0001   5972.442386  x:  3.22221   3.97699   4.45243   3.50018   1.85376   0.49049   2.29155   0.76572   0.77588   0.27172   0.27590   0.21170   3.76461   0.00000   0.27821   0.11575   0.16610   0.00000   0.00762   1.65777   0.02721   0.00010  
 59  0.0000   5972.442386  x:  3.22223   3.97700   4.45242   3.50022   1.85373   0.49051   2.29157   0.76573   0.77588   0.27172   0.27591   0.21170   3.76461   0.00000   0.27821   0.11575   0.16610   0.00000   0.00762   1.65777   0.02721   0.00010  
 60  0.0000   5972.442386  x:  3.22223   3.97700   4.45243   3.50020   1.85374   0.49050   2.29156   0.76572   0.77588   0.27172   0.27591   0.21170   3.76461   0.00000   0.27821   0.11575   0.16610   0.00000   0.00762   1.65777   0.02721   0.00010  
 61  0.0000   5972.442386  x:  3.22223   3.97700   4.45243   3.50020   1.85374   0.49050   2.29156   0.76572   0.77588   0.27172   0.27590   0.21170   3.76462   0.00000   0.27821   0.11575   0.16610   0.00000   0.00762   1.65777   0.02721   0.00010  