

TREE # 1

  0  0.0000   2243.473367  x:  0.95707   1.17930   0.95005   0.31260   1.07177   0.33103   0.99727   0.39044   0.48923   0.25839   0.33841   0.33664   1.22793   0.24764   0.00000   0.22477   0.13833   0.00442   0.00344   2.00000   0.20000   0.20000   0.20000  
  1 99.0000   2242.473998  x:  0.95788   1.17998   0.95103   0.31379   1.07137   0.33102   0.99743   0.39050   0.48944   0.25853   0.33868   0.33643   1.22852   0.24753   0.00133   0.22415   0.13927   0.00097   0.00000   1.99963   0.20256   0.19816   0.20000  
  2 157.6271   2242.334739  x:  0.95808   1.18014   0.95128   0.31408   1.07124   0.33101   0.99747   0.39051   0.48948   0.25856   0.33874   0.33636   1.22866   0.24746   0.00145   0.22399   0.13947   0.00000   0.00000   1.99956   0.20251   0.19766   0.20000  
  3 387.2279   2241.920532  x:  0.95977   1.18160   0.95341   0.31637   1.07007   0.33093   0.99778   0.39050   0.48985   0.25877   0.33921   0.33587   1.22982   0.24648   0.00000   0.22309   0.13972   0.00000   0.00000   1.99881   0.20298   0.19335   0.20003  
  4 308.2827   2236.004444  x:  1.00372   1.22180   1.01106   0.35488   1.02732   0.31963   1.00970   0.38451   0.49752   0.26010   0.34590   0.32609   1.26014   0.26335   0.01706   0.25076   0.06980   0.00000   0.00000   1.96972   0.20089   0.07502   0.20086  
  5 118.6897   2232.209748  x:  1.05703   1.27358   1.08384   0.38390   0.96204   0.30167   1.02858   0.37344   0.50579   0.25958   0.35057   0.31751   1.29641   0.31690   0.00000   0.34536   0.08636   0.00000   0.00000   1.92285   0.20127   0.03682   0.20204  
  6 59.1572   2232.209748  x:  1.05703   1.27358   1.08384   0.38390   0.96204   0.30167   1.02858   0.37344   0.50579   0.25958   0.35057   0.31751   1.29641   0.31690   0.00000   0.34536   0.08636   0.00000   0.00000   1.92285   0.20127   0.03682   0.20204  
  7 204.7909   2229.172562  x:  1.06542   1.28040   1.09364   0.39628   0.95716   0.30159   1.03040   0.37414   0.50768   0.26142   0.35354   0.31541   1.30260   0.31793   0.01471   0.33785   0.11335   0.00000   0.00000   1.91859   0.22060   0.08862   0.20204  
  8 125.5475   2217.604283  x:  1.18498   1.37660   1.23346   0.57038   0.87529   0.29536   1.05098   0.37609   0.52942   0.28348   0.39160   0.28118   1.38859   0.27065   0.12116   0.18328   0.37766   0.00000   0.00000   1.87323   0.21825   0.03222   0.20204  
  9 69.1057   2215.250278  x:  1.21190   1.39822   1.26535   0.60730   0.85409   0.29267   1.05529   0.37482   0.53321   0.28710   0.39836   0.27406   1.40727   0.25239   0.12820   0.14823   0.40754   0.00000   0.00000   1.86458   0.17756   0.04183   0.20204  
 10 145.7653   2210.151824  x:  1.29515   1.46630   1.36634   0.71106   0.78780   0.28639   1.07386   0.37199   0.54605   0.29621   0.41513   0.26015   1.46413   0.17326   0.09073   0.05856   0.38406   0.00000   0.00000   1.83536   0.18395   0.05417   0.20204  
 11 83.6395   2198.742249  x:  1.59517   1.71179   1.73209   1.06962   0.54457   0.26641   1.14686   0.36159   0.58867   0.32489   0.46580   0.22443   1.66805   0.03214   0.11109   0.18842   0.26670   0.00000   0.00000   1.73163   0.16448   0.06529   0.20204  
 12 86.5877   2194.717405  x:  1.73085   1.82226   1.89906   1.21998   0.44250   0.27111   1.18531   0.36309   0.60480   0.33608   0.47980   0.22314   1.75957   0.10268   0.16326   0.18015   0.16251   0.00000   0.00000   1.69183   0.15472   0.06691   0.20204  
 13 117.2618   2192.271149  x:  1.85604   1.92058   2.06240   1.26781   0.45294   0.41323   1.26565   0.43059   0.59500   0.33712   0.42642   0.31830   1.83468   0.18835   0.04606   0.20808   0.18691   0.00000   0.00000   1.71858   0.14082   0.06971   0.20204  
 14 18.9531   2191.337379  x:  1.93645   1.98045   2.16936   1.20707   0.47967   0.50449   1.34109   0.46058   0.57067   0.29272   0.37283   0.27908   1.87711   0.16242   0.08677   0.20309   0.17150   0.00000   0.00000   1.79606   0.13628   0.07008   0.20204  
 15 10.9637   2190.375515  x:  2.05380   2.06076   2.32331   1.03835   0.46481   0.54699   1.44621   0.44100   0.59433   0.28389   0.47691   0.29625   1.93945   0.14898   0.11105   0.19804   0.17330   0.00000   0.00000   1.93087   0.13096   0.07021   0.20204  
 16 11.1082   2189.875297  x:  2.12495   2.10140   2.40851   0.93128   0.43365   0.51729   1.48959   0.40466   0.63208   0.30641   0.45686   0.25016   1.98986   0.17369   0.08176   0.20092   0.19507   0.00000   0.00000   1.98707   0.13135   0.06997   0.20204  
 17 10.6283   2189.610385  x:  2.18270   2.11495   2.45758   0.87006   0.44724   0.47310   1.48923   0.40237   0.63997   0.33506   0.41552   0.29634   2.06069   0.15937   0.10204   0.19482   0.19652   0.00000   0.00000   1.97667   0.12844   0.06910   0.20204  
 18  4.1588   2188.993412  x:  2.33870   2.12426   2.56379   0.77190   0.53304   0.37588   1.44816   0.44796   0.56754   0.31997   0.43556   0.28487   2.28086   0.17225   0.08904   0.19342   0.20871   0.00000   0.00000   1.89979   0.12130   0.06829   0.20204  
 19  5.9236   2188.536230  x:  2.46241   2.08455   2.60925   0.78532   0.58811   0.41414   1.39908   0.47408   0.65420   0.35512   0.46015   0.25156   2.45458   0.17076   0.09530   0.19261   0.20080   0.00000   0.00000   1.90078   0.11498   0.06947   0.20204  
 20  3.5023   2187.703902  x:  2.67038   1.99885   2.66826   0.86442   0.54577   0.45439   1.35115   0.42412   0.70343   0.25767   0.45281   0.27931   2.71351   0.17694   0.09210   0.18899   0.21147   0.00000   0.00000   1.97650   0.11772   0.07085   0.20204  
 21  6.4307   2186.696689  x:  2.90739   1.91377   2.74531   0.97072   0.40011   0.52197   1.43336   0.45918   0.58812   0.37580   0.45668   0.27323   2.92122   0.17443   0.10140   0.18072   0.21818   0.00000   0.00000   2.04067   0.12026   0.07289   0.20204  
 22  5.5252   2185.497305  x:  3.13421   1.95479   2.92544   1.06529   0.29097   0.56028   1.72600   0.55339   0.67648   0.32327   0.46788   0.27198   2.94507   0.17117   0.11365   0.16441   0.23196   0.00000   0.00000   1.84341   0.10481   0.07285   0.20204  
 23  3.8848   2184.157039  x:  3.39202   2.23783   3.32484   1.30649   0.52589   0.50790   1.92208   0.39937   0.69189   0.36753   0.48542   0.26517   2.80923   0.17964   0.11451   0.15387   0.23154   0.00000   0.00000   1.78093   0.09471   0.07499   0.20204  
 24  4.5101   2183.292972  x:  3.53066   2.49865   3.63070   1.45767   0.59783   0.36141   1.90769   0.58498   0.75578   0.35228   0.48479   0.27154   2.69793   0.18712   0.11029   0.14909   0.23261   0.00000   0.00000   1.90654   0.09386   0.07725   0.20204  
 25  5.8021   2182.738193  x:  3.53750   2.83833   3.93025   1.46834   0.46170   0.53618   1.75884   0.58822   0.74194   0.36220   0.49361   0.27090   2.82242   0.17867   0.11767   0.14055   0.23557   0.00000   0.00000   1.88211   0.08941   0.07696   0.20204  
 26  1.5205   2182.428307  x:  3.55008   2.98291   4.09023   1.57069   0.46727   0.53576   1.90878   0.60215   0.75968   0.37193   0.50280   0.27008   3.05509   0.17752   0.10960   0.14046   0.23045   0.00000   0.00000   1.96307   0.08201   0.07759   0.20204  
 27  1.5814   2181.874095  x:  3.77416   3.13338   4.47688   1.58659   0.48373   0.58749   2.18339   0.61656   0.81330   0.38317   0.53273   0.26048   3.55744   0.15845   0.10337   0.14408   0.21935   0.00000   0.00000   2.02847   0.08044   0.07877   0.20204  
 28  0.9666   2181.459834  x:  4.47064   3.20572   4.95353   1.72767   0.51210   0.63280   2.36189   0.68053   0.85852   0.40103   0.55332   0.26435   3.71003   0.14190   0.10768   0.15080   0.22774   0.00000   0.00000   2.01622   0.06968   0.07631   0.20204  
 29  0.8287   2181.339705  x:  4.68995   3.21759   5.14687   1.80605   0.52146   0.63613   2.40874   0.71101   0.86680   0.41777   0.55026   0.27284   3.73464   0.13691   0.11659   0.15650   0.23984   0.00000   0.00000   2.00279   0.06963   0.07316   0.20204  
 30  0.2300   2181.289686  x:  4.89385   3.39480   5.40019   1.91512   0.53555   0.64740   2.53829   0.75540   0.89558   0.43558   0.55491   0.27729   3.91687   0.13578   0.11664   0.15757   0.23812   0.00000   0.00000   2.00492   0.06489   0.07140   0.20204  
 31  0.3008   2181.269115  x:  4.90924   3.49894   5.45698   1.96575   0.54147   0.64689   2.58832   0.77299   0.90602   0.44434   0.55457   0.27828   3.99252   0.14315   0.11264   0.15571   0.23199   0.00000   0.00000   2.01044   0.06446   0.07111   0.20204  
 32  0.1004   2181.266590  x:  4.93786   3.52251   5.50403   1.98859   0.54616   0.65340   2.61467   0.78071   0.91276   0.44677   0.55816   0.27808   4.02187   0.14526   0.11293   0.15519   0.23336   0.00000   0.00000   2.00849   0.06361   0.07126   0.20204  
 33  0.0573   2181.266053  x:  4.94310   3.51388   5.50352   1.99101   0.54605   0.65821   2.61596   0.77979   0.91327   0.44669   0.55950   0.27801   4.01749   0.14612   0.11219   0.15508   0.23348   0.00000   0.00000   2.00930   0.06371   0.07165   0.20204  
 34  0.0076   2181.265980  x:  4.95090   3.51566   5.50848   1.99439   0.54569   0.66014   2.61888   0.78048   0.91402   0.44720   0.55955   0.27832   4.02050   0.14589   0.11190   0.15508   0.23319   0.00000   0.00000   2.00997   0.06361   0.07172   0.20204  
 35  0.0082   2181.265967  x:  4.94952   3.51534   5.50757   1.99569   0.54526   0.66051   2.61835   0.78067   0.91414   0.44733   0.55919   0.27844   4.02005   0.14561   0.11211   0.15505   0.23334   0.00000   0.00000   2.00969   0.06362   0.07172   0.20204  
 36  0.0011   2181.265965  x:  4.94833   3.51612   5.50629   1.99649   0.54536   0.66042   2.61825   0.78078   0.91426   0.44733   0.55920   0.27837   4.01997   0.14567   0.11208   0.15506   0.23330   0.00000   0.00000   2.00973   0.06362   0.07173   0.20204  
 37  0.0011   2181.265964  x:  4.94805   3.51558   5.50565   1.99651   0.54536   0.66036   2.61785   0.78067   0.91419   0.44728   0.55923   0.27836   4.01932   0.14565   0.11209   0.15507   0.23330   0.00000   0.00000   2.00970   0.06363   0.07173   0.20204  
 38  0.0006   2181.265964  x:  4.94813   3.51565   5.50582   1.99667   0.54536   0.66038   2.61790   0.78068   0.91420   0.44728   0.55925   0.27836   4.01940   0.14565   0.11209   0.15506   0.23330   0.00000   0.00000   2.00969   0.06362   0.07172   0.20204  
 39  0.0002   2181.265964  x:  4.94812   3.51565   5.50580   1.99665   0.54535   0.66038   2.61789   0.78066   0.91419   0.44727   0.55924   0.27836   4.01942   0.14565   0.11209   0.15506   0.23330   0.00000   0.00000   2.00970   0.06362   0.07172   0.20204  
 40  0.0000   2181.265964  x:  4.94813   3.51564   5.50580   1.99666   0.54535   0.66039   2.61788   0.78066   0.91419   0.44727   0.55924   0.27836   4.01943   0.14565   0.11209   0.15506   0.23330   0.00000   0.00000   2.00970   0.06362   0.07172   0.20204  
 41  0.0000   2181.265964  x:  4.94813   3.51564   5.50580   1.99666   0.54535   0.66038   2.61788   0.78066   0.91419   0.44727   0.55924   0.27836   4.01943   0.14565   0.11209   0.15506   0.23330   0.00000   0.00000   2.00970   0.06362   0.07172   0.20204  
 42  0.0000   2181.265964  x:  4.94813   3.51564   5.50581   1.99666   0.54535   0.66038   2.61788   0.78066   0.91419   0.44727   0.55924   0.27836   4.01943   0.14565   0.11209   0.15506   0.23330   0.00000   0.00000   2.00970   0.06362   0.07172   0.20204  
 43  0.0000   2181.265964  x:  4.94813   3.51564   5.50581   1.99666   0.54535   0.66038   2.61788   0.78066   0.91419   0.44727   0.55924   0.27836   4.01943   0.14565   0.11209   0.15506   0.23330   0.00000   0.00000   2.00970   0.06362   0.07172   0.20204  
 44  0.0000   2181.265964  x:  4.94813   3.51564   5.50581   1.99666   0.54535   0.66038   2.61788   0.78066   0.91419   0.44727   0.55924   0.27836   4.01943   0.14565   0.11209   0.15506   0.23330   0.00000   0.00000   2.00970   0.06362   0.07172   0.20204  
check convergence!
