Supplemental results for CODEML (seqf: cds2.phylip  treef: tree.H1w.nwk)

Number of codon sites with 0,1,2,3 position differences
   2 vs.    1     63    97    85    46  -1.0000 (0.5070 -1.0000)
   3 vs.    1     65    91    89    46  -1.0000 (0.5140 -1.0000)
   3 vs.    2    226    62     7     0   0.1450 (0.0441 0.3040)
   4 vs.    1     57    92    84    58  -1.0000 (0.6060 -1.0000)
   4 vs.    2     54   102    89    46   0.1994 (0.5908 2.9624)
   4 vs.    3     57    92    91    51  -1.0000 (0.5981 -1.0000)
   5 vs.    1     59   102    86    46   0.1811 (0.5552 3.0664)
   5 vs.    2     65    99    87    41  -1.0000 (0.5007 -1.0000)
   5 vs.    3     59   106    91    36  -1.0000 (0.5066 -1.0000)
   5 vs.    4     65   114    73    42  -1.0000 (0.4549 -1.0000)
   6 vs.    1     99   115    54    30   0.1163 (0.2973 2.5577)
   6 vs.    2     47   100    87    58  -1.0000 (0.6181 -1.0000)
   6 vs.    3     47    97    90    58  -1.0000 (0.6335 -1.0000)
   6 vs.    4     52   104    87    49   0.1257 (0.5961 4.7441)
   6 vs.    5     50   110    87    47  -1.0000 (0.5688 -1.0000)
   7 vs.    1     89   114    67    29  -1.0000 (0.3037 -1.0000)
   7 vs.    2     64    94    97    36   0.2762 (0.5464 1.9785)
   7 vs.    3     63    94    91    43   0.1400 (0.5460 3.9011)
   7 vs.    4     58    87    89    56   0.1541 (0.6351 4.1205)
   7 vs.    5     53   100    88    51  -1.0000 (0.5745 -1.0000)
   7 vs.    6     84   109    69    36  -1.0000 (0.3732 -1.0000)
   8 vs.    1    134   120    39    10   0.0891 (0.1491 1.6745)
   8 vs.    2     62    94   102    37  -1.0000 (0.5123 -1.0000)
   8 vs.    3     66    85   103    41  -1.0000 (0.5333 -1.0000)
   8 vs.    4     42   121    70    60  -1.0000 (0.5888 -1.0000)
   8 vs.    5     59   100    80    56  -1.0000 (0.5643 -1.0000)
   8 vs.    6     83   131    60    26   0.0863 (0.3191 3.6981)
   8 vs.    7     81   125    63    31  -1.0000 (0.3089 -1.0000)
   9 vs.    1     63    97    85    46  -1.0000 (0.5070 -1.0000)
   9 vs.    2    295     0     0     0  -1.0000 (0.0000 0.0000)
   9 vs.    3    226    62     7     0   0.1450 (0.0441 0.3040)
   9 vs.    4     54   102    89    46   0.1994 (0.5908 2.9624)
   9 vs.    5     65    99    87    41  -1.0000 (0.5007 -1.0000)
   9 vs.    6     47   100    87    58  -1.0000 (0.6181 -1.0000)
   9 vs.    7     64    94    97    36   0.2762 (0.5464 1.9785)
   9 vs.    8     62    94   102    37  -1.0000 (0.5123 -1.0000)
  10 vs.    1     66    90    89    46  -1.0000 (0.5109 -1.0000)
  10 vs.    2    216    71     6     2   0.1521 (0.0542 0.3561)
  10 vs.    3    215    72     7     1   0.0906 (0.0401 0.4422)
  10 vs.    4     57    98    87    49   0.2325 (0.5993 2.5777)
  10 vs.    5     63   106    81    42   0.1243 (0.5035 4.0504)
  10 vs.    6     46   100    87    59  -1.0000 (0.6286 -1.0000)
  10 vs.    7     65    91    93    42   0.1871 (0.5456 2.9158)
  10 vs.    8     66    89   102    38  -1.0000 (0.5193 -1.0000)
  10 vs.    9    216    71     6     2   0.1521 (0.0542 0.3561)

