

TREE # 1

  0  0.0000   6981.997026  x:  0.32202   1.41858   1.64834   0.36014   1.32878   0.06546   1.55814   0.49226   0.66376   0.77353   1.27573   0.23630   0.00798   0.24630   0.04808   0.00000   0.00000   2.00000   0.20000   0.20000  
  1 99.0000   6981.995939  x:  0.32202   1.41858   1.64834   0.36014   1.32878   0.06546   1.55814   0.49226   0.66376   0.77353   1.27573   0.23630   0.00798   0.24630   0.04808   0.00000   0.00000   2.00000   0.20000   0.20000  
  2 620.9354   6972.400721  x:  0.34346   1.42205   1.65511   0.40837   1.33333   0.09899   1.55626   0.49496   0.65652   0.76690   1.29267   0.22235   0.01609   0.21478   0.03134   0.00000   0.00000   1.98311   0.16342   0.17909  
  3 231.9471   6941.421616  x:  0.43947   1.44019   1.68808   0.61689   1.35638   0.24337   1.55175   0.51047   0.62997   0.74229   1.36869   0.16575   0.05158   0.09374   0.04781   0.00000   0.00000   1.90475   0.17185   0.08970  
  4 697.6916   6925.989648  x:  0.52190   1.45692   1.72214   0.78459   1.37550   0.34798   1.54659   0.51832   0.60830   0.72188   1.43735   0.13426   0.04368   0.18531   0.05080   0.00000   0.00000   1.82691   0.16338   0.03805  
  5 273.4427   6917.419484  x:  0.59385   1.47325   1.75848   0.92103   1.39152   0.42250   1.54190   0.52100   0.59309   0.70743   1.50066   0.17436   0.07857   0.23492   0.04799   0.00000   0.00000   1.74953   0.15749   0.11425  
  6 261.7979   6913.857111  x:  0.62290   1.48410   1.78693   0.95804   1.39742   0.42186   1.54121   0.51676   0.59763   0.71122   1.53231   0.18378   0.01657   0.22823   0.05330   0.00000   0.00000   1.70501   0.15241   0.14846  
  7 85.4717   6910.315268  x:  0.65442   1.50155   1.83701   0.97586   1.40367   0.38160   1.54257   0.50661   0.61567   0.72698   1.57663   0.23296   0.00000   0.22307   0.05240   0.00000   0.00000   1.64214   0.14730   0.12792  
  8 61.0814   6905.566413  x:  0.73101   1.55396   2.00310   0.98747   1.43044   0.22478   1.55637   0.48603   0.66089   0.76328   1.72001   0.16215   0.04071   0.22185   0.05477   0.00000   0.00000   1.48280   0.13183   0.13806  
  9 62.1339   6901.470997  x:  0.76032   1.62267   2.30505   0.95279   1.59717   0.15349   1.66630   0.63240   0.62254   0.69103   1.96260   0.17234   0.03782   0.21984   0.05736   0.00000   0.00000   1.56749   0.11395   0.13654  
 10 19.7558   6900.617551  x:  0.72574   1.63198   2.38256   0.95139   1.64488   0.19102   1.69723   0.62787   0.68073   0.75270   2.02272   0.17059   0.03966   0.22289   0.05895   0.00000   0.00000   1.60058   0.10704   0.14000  
 11 13.7587   6899.796594  x:  0.63646   1.63370   2.46259   0.97258   1.65469   0.21679   1.70729   0.51277   0.64739   0.75349   2.07993   0.17432   0.03823   0.22131   0.05993   0.00000   0.00000   1.62505   0.10961   0.13744  
 12  7.6973   6897.583174  x:  0.44848   1.62655   2.53479   1.04828   1.53372   0.27289   1.68216   0.59796   0.61531   0.73674   2.03295   0.18225   0.03893   0.21628   0.06653   0.00000   0.00000   1.50963   0.10798   0.12889  
 13  2.5750   6892.254577  x:  0.55759   1.64024   2.56326   1.29229   1.27144   0.25993   1.49398   0.58886   0.64140   0.73313   1.90280   0.20676   0.03741   0.20549   0.08290   0.00000   0.00000   1.62735   0.11085   0.11272  
 14  7.4205   6887.309797  x:  0.78299   1.56036   2.38271   1.27016   1.43844   0.37492   1.46163   0.47307   0.57934   0.69716   1.79233   0.22520   0.04108   0.18738   0.09945   0.00000   0.00000   1.50101   0.10517   0.08791  
 15 10.0023   6886.142835  x:  0.78197   1.44545   2.21686   1.34201   1.45369   0.31454   1.55269   0.48213   0.57589   0.71411   1.92546   0.23422   0.03780   0.18211   0.10348   0.00000   0.00000   1.50371   0.10536   0.08184  
 16  6.7445   6885.308346  x:  0.74344   1.54978   2.14402   1.33668   1.49690   0.32507   1.47430   0.50421   0.64336   0.66198   2.06263   0.23634   0.03571   0.17649   0.10765   0.00000   0.00000   1.51030   0.10583   0.07828  
 17  2.1100   6883.988208  x:  0.75001   1.73290   2.14688   1.33822   1.52796   0.34299   1.49422   0.55734   0.55050   0.79513   2.16338   0.23554   0.03382   0.16891   0.11547   0.00000   0.00000   1.53730   0.10353   0.07565  
 18  4.3801   6880.973827  x:  0.83436   1.88194   2.43112   1.41543   1.55624   0.39190   1.88635   0.57049   0.68248   0.74855   2.12994   0.22407   0.03345   0.15224   0.13603   0.00000   0.00000   1.58674   0.09618   0.07375  
 19  5.2676   6880.208162  x:  0.84030   1.73025   2.56614   1.46419   1.64896   0.37307   1.80775   0.60646   0.68429   0.77579   2.10888   0.22042   0.03277   0.14747   0.14076   0.00000   0.00000   1.60286   0.09865   0.07358  
 20  4.4292   6879.141481  x:  0.88479   1.72928   2.69107   1.55199   1.66055   0.40802   1.80725   0.62367   0.67491   0.79233   2.27320   0.19534   0.03381   0.14934   0.15535   0.00000   0.00000   1.58450   0.09108   0.09516  
 21  0.2472   6879.047732  x:  0.86307   1.76669   2.68367   1.61840   1.71458   0.37444   1.81774   0.62126   0.67803   0.79480   2.24524   0.19487   0.03526   0.15081   0.15734   0.00000   0.00000   1.58612   0.09014   0.09515  
 22  0.5258   6878.611577  x:  0.90209   1.77930   2.69327   1.69517   1.68584   0.41685   1.83366   0.60215   0.66231   0.79873   2.29753   0.19871   0.04235   0.15794   0.16785   0.00000   0.00000   1.56500   0.09023   0.08689  
 23  0.2844   6878.581856  x:  0.92098   1.79605   2.73505   1.71525   1.69726   0.42342   1.85725   0.61814   0.67346   0.80345   2.31963   0.19854   0.04276   0.15886   0.17071   0.00000   0.00000   1.57540   0.08844   0.08595  
 24  0.0541   6878.575475  x:  0.92561   1.80569   2.74184   1.72347   1.70285   0.42300   1.86619   0.62260   0.67734   0.80502   2.32067   0.19756   0.04194   0.15895   0.17142   0.00000   0.00000   1.57796   0.08841   0.08700  
 25  0.0181   6878.572451  x:  0.93190   1.81204   2.75309   1.72775   1.70916   0.42230   1.87184   0.62546   0.67795   0.80748   2.33037   0.19936   0.04080   0.15901   0.17084   0.00000   0.00000   1.57480   0.08800   0.08580  
 26  0.0071   6878.570488  x:  0.93390   1.81324   2.75544   1.73147   1.71275   0.42287   1.87449   0.62389   0.67787   0.80822   2.33463   0.19915   0.04057   0.15954   0.16951   0.00000   0.00000   1.57743   0.08790   0.08673  
 27  0.0032   6878.569447  x:  0.93558   1.81300   2.75630   1.73886   1.71161   0.42593   1.87600   0.62422   0.67846   0.80796   2.33439   0.19816   0.04142   0.15916   0.16925   0.00000   0.00000   1.57683   0.08779   0.08649  
 28  0.0036   6878.569391  x:  0.93507   1.81395   2.75680   1.73883   1.71124   0.42616   1.87601   0.62522   0.67860   0.80827   2.33411   0.19818   0.04153   0.15916   0.16916   0.00000   0.00000   1.57700   0.08778   0.08655  
 29  0.0011   6878.569387  x:  0.93485   1.81412   2.75702   1.73893   1.71120   0.42618   1.87594   0.62517   0.67848   0.80832   2.33441   0.19818   0.04153   0.15913   0.16918   0.00000   0.00000   1.57694   0.08778   0.08657  
 30  0.0003   6878.569387  x:  0.93486   1.81410   2.75712   1.73898   1.71126   0.42617   1.87600   0.62516   0.67851   0.80832   2.33445   0.19819   0.04154   0.15912   0.16918   0.00000   0.00000   1.57696   0.08778   0.08657  
 31  0.0001   6878.569387  x:  0.93487   1.81410   2.75711   1.73897   1.71127   0.42617   1.87602   0.62516   0.67852   0.80832   2.33445   0.19819   0.04154   0.15912   0.16918   0.00000   0.00000   1.57695   0.08778   0.08658  
 32  0.0000   6878.569387  x:  0.93487   1.81410   2.75711   1.73897   1.71127   0.42617   1.87602   0.62516   0.67851   0.80832   2.33445   0.19819   0.04154   0.15912   0.16918   0.00000   0.00000   1.57696   0.08778   0.08658  
 33  0.0000   6878.569387  x:  0.93487   1.81410   2.75711   1.73897   1.71127   0.42617   1.87602   0.62516   0.67851   0.80832   2.33446   0.19819   0.04154   0.15912   0.16918   0.00000   0.00000   1.57696   0.08778   0.08658  
 34  0.0000   6878.569387  x:  0.93487   1.81410   2.75711   1.73897   1.71127   0.42617   1.87602   0.62516   0.67852   0.80832   2.33445   0.19819   0.04154   0.15912   0.16918   0.00000   0.00000   1.57696   0.08778   0.08658  
 35  0.0000   6878.569387  x:  0.93487   1.81410   2.75711   1.73897   1.71127   0.42617   1.87602   0.62516   0.67852   0.80832   2.33445   0.19819   0.04154   0.15912   0.16918   0.00000   0.00000   1.57696   0.08778   0.08658  
 36  0.0000   6878.569387  x:  0.93487   1.81410   2.75711   1.73897   1.71127   0.42617   1.87602   0.62516   0.67852   0.80832   2.33445   0.19819   0.04154   0.15912   0.16918   0.00000   0.00000   1.57696   0.08778   0.08658  