

TREE # 1

  0  0.0000   3684.063495  x:  0.15790   0.28071   0.25773   0.09288   0.29294   0.20482   0.19956   0.05050   0.19815   0.14775   0.36225   0.03503   0.04967   0.02743   0.08393   0.00000   0.06393   2.00000   0.20000   0.20000   0.20000  
  1 99.0000   3670.723034  x:  0.16092   0.28212   0.25989   0.09568   0.29358   0.20539   0.20053   0.05233   0.19896   0.14850   0.36412   0.03522   0.05003   0.02846   0.08382   0.05313   0.06393   1.99965   0.19982   0.19994   0.19941  
  2 6719.4247   3450.616860  x:  0.52521   0.45392   0.52322   0.43111   0.37178   0.27346   0.31738   0.26927   0.29728   0.23976   0.59138   0.05686   0.09504   0.13501   0.02704   0.05221   0.00000   1.95648   0.17714   0.19306   0.13092  
  3 740.5969   3402.070464  x:  0.70610   0.53936   0.65420   0.59753   0.41070   0.30724   0.37533   0.37663   0.34611   0.28497   0.70451   0.06735   0.11712   0.18736   0.00000   0.05119   0.02465   1.93488   0.16491   0.18951   0.09646  
  4 28871.6753   3384.294276  x:  0.74805   0.56198   0.68975   0.63252   0.42114   0.31309   0.38490   0.39022   0.35513   0.28980   0.73763   0.06526   0.11401   0.18093   0.07858   0.05049   0.02660   1.92457   0.11162   0.18245   0.07315  
  5 633.4459   3366.261132  x:  0.77650   0.58584   0.72851   0.64716   0.43572   0.31459   0.38344   0.37070   0.35649   0.27920   0.78075   0.02854   0.07864   0.10872   0.11565   0.05036   0.02683   1.89954   0.14292   0.16623   0.00886  
  6 254.5543   3360.824920  x:  0.78623   0.59509   0.74421   0.65024   0.44160   0.31395   0.38092   0.35792   0.35585   0.27254   0.79932   0.01611   0.06740   0.07205   0.10937   0.05050   0.02668   1.88735   0.13027   0.15951   0.00211  
  7 350.7254   3357.325537  x:  0.79501   0.60337   0.75816   0.65322   0.44687   0.31355   0.37890   0.34706   0.35543   0.26688   0.81571   0.00541   0.05739   0.04069   0.10772   0.05060   0.02658   1.87671   0.12418   0.15353   0.00564  
  8 2663.4166   3355.052300  x:  0.80041   0.61029   0.77018   0.65259   0.45180   0.31238   0.37560   0.33298   0.35418   0.26002   0.83089   0.01837   0.05946   0.01945   0.10757   0.05067   0.02655   1.86522   0.12392   0.14787   0.00574  
  9 275.5060   3336.496420  x:  0.83160   0.68291   0.90209   0.60564   0.50940   0.28837   0.31947   0.11829   0.32887   0.15955   1.01043   0.02332   0.06741   0.03720   0.09660   0.05086   0.02581   1.71159   0.11471   0.08387   0.00705  
 10 177.6603   3325.873014  x:  0.77074   0.70417   0.99007   0.43566   0.56600   0.23050   0.37012   0.09783   0.39533   0.25798   1.19592   0.01424   0.09289   0.03876   0.09249   0.05106   0.02500   1.44332   0.10481   0.02038   0.00695  
 11 69.6880   3321.875498  x:  0.73650   0.70957   1.03887   0.33682   0.60093   0.19637   0.39527   0.11844   0.40457   0.26856   1.31328   0.02284   0.07405   0.04129   0.09243   0.05113   0.02462   1.25878   0.09827   0.10010   0.00722  
 12 146.3154   3319.883834  x:  0.72565   0.68092   1.02945   0.32628   0.60887   0.18877   0.39590   0.17506   0.36451   0.22018   1.35806   0.01392   0.09442   0.03923   0.09328   0.05110   0.02473   1.14518   0.09772   0.07802   0.00692  
 13 39.9770   3319.204549  x:  0.73125   0.65182   1.00745   0.34630   0.60600   0.18835   0.38533   0.17842   0.36182   0.22156   1.37067   0.02737   0.06456   0.04514   0.09139   0.05106   0.02480   1.08806   0.09539   0.06463   0.00746  
 14 23.7756   3318.671243  x:  0.74440   0.61748   0.97987   0.37616   0.60040   0.18872   0.37211   0.16290   0.36964   0.23358   1.37894   0.02048   0.07844   0.04145   0.09337   0.05104   0.02488   1.03415   0.09646   0.07505   0.00710  
 15 24.1647   3318.045522  x:  0.80211   0.57950   0.95679   0.36416   0.60232   0.18612   0.43661   0.14243   0.37533   0.21391   1.38877   0.02090   0.07798   0.04146   0.09343   0.05099   0.02498   1.03479   0.09581   0.07495   0.00715  
 16  2.6931   3313.025853  x:  1.09065   0.50582   0.94913   0.28951   0.58811   0.14532   0.32272   0.19707   0.36643   0.23630   1.47794   0.02015   0.08919   0.04439   0.09078   0.05052   0.02604   1.13024   0.09234   0.07312   0.00792  
 17  5.1609   3301.578378  x:  1.24829   0.59225   1.04193   0.45964   0.68557   0.42199   0.32281   0.22822   0.35005   0.26269   1.51944   0.02257   0.10920   0.05133   0.08340   0.04943   0.02820   1.21357   0.06841   0.08713   0.00967  
 18 12.3791   3294.111314  x:  1.27060   0.72774   1.17365   0.67037   0.51440   0.24109   0.38722   0.24767   0.44795   0.18383   1.46948   0.02655   0.11380   0.05570   0.07993   0.04874   0.02962   1.21494   0.06267   0.08802   0.01077  
 19 23.7984   3291.648028  x:  1.30729   0.73533   1.25363   0.73973   0.58952   0.12933   0.42263   0.23057   0.32603   0.25026   1.40956   0.02837   0.11253   0.05743   0.08162   0.04848   0.03018   1.21342   0.06389   0.09221   0.01109  
 20  8.2753   3285.062713  x:  1.43247   0.67511   1.48201   0.82495   0.87651   0.04361   0.38185   0.26961   0.46683   0.16726   1.25240   0.03341   0.10381   0.06118   0.09046   0.04771   0.03156   1.21887   0.06848   0.08433   0.01179  
 21 10.8432   3277.572089  x:  1.59434   0.67217   1.71714   0.85715   0.63831   0.26413   0.40196   0.27987   0.44124   0.18241   1.36596   0.04103   0.09230   0.06707   0.10289   0.04675   0.03325   1.27038   0.08027   0.08666   0.01290  
 22 10.7495   3275.129739  x:  1.53817   0.75785   1.53132   0.95954   0.71018   0.20383   0.42002   0.29400   0.45933   0.17377   1.67864   0.04260   0.09048   0.06891   0.10629   0.04642   0.03367   1.40288   0.08218   0.09282   0.01327  
 23  8.3508   3272.490881  x:  1.78088   1.17581   1.29172   0.90309   0.78320   0.21004   0.41172   0.29313   0.45765   0.17767   1.67619   0.04178   0.08783   0.06865   0.10496   0.04589   0.03443   1.25383   0.07680   0.08572   0.01342  
 24  3.0463   3253.592849  x:  2.32588   1.08440   1.95706   1.04202   1.04003   0.20705   0.40892   0.29021   0.43547   0.22465   2.23812   0.04521   0.06886   0.06777   0.08317   0.04256   0.03893   1.01218   0.04457   0.07208   0.01511  
 25  2.3463   3240.803893  x:  2.92885   0.90178   2.85500   1.48102   1.04193   0.14190   0.49542   0.30977   0.48449   0.23763   3.20426   0.04637   0.05364   0.06306   0.06175   0.03712   0.04584   1.15568   0.04780   0.07231   0.01739  
 26  0.6973   3234.902469  x:  3.41324   1.00142   3.27199   1.69860   1.17486   0.13000   0.52869   0.33310   0.52598   0.23246   3.74944   0.04375   0.05743   0.05976   0.04358   0.03364   0.05025   1.14438   0.03402   0.06736   0.01874  
 27  1.3993   3230.733776  x:  4.41898   1.44931   3.88821   2.07276   1.35670   0.18289   0.56444   0.39426   0.60396   0.18444   4.66229   0.02505   0.10295   0.04889   0.03437   0.02658   0.05882   1.08064   0.02614   0.05675   0.02012  
 28  0.5722   3229.434560  x:  4.58093   1.55786   3.94297   2.12814   1.38401   0.20313   0.56551   0.40676   0.61400   0.17561   4.78350   0.02240   0.10903   0.04852   0.04021   0.02544   0.06015   1.09032   0.02833   0.05646   0.02003  
 29  0.5159   3227.589844  x:  5.36252   1.88966   4.42390   2.46178   1.60906   0.24474   0.60197   0.45564   0.64796   0.18968   5.51893   0.02929   0.08440   0.05671   0.05765   0.02007   0.06715   1.15068   0.02341   0.05910   0.02075  
 30  0.6776   3227.013656  x:  5.84185   2.07415   4.73592   2.65922   1.72251   0.26254   0.62138   0.47683   0.64775   0.19782   5.97283   0.03287   0.07099   0.05887   0.05079   0.01760   0.07082   1.14770   0.02280   0.06134   0.02029  
 31  0.3671   3226.775664  x:  6.20328   2.20667   4.98114   2.80771   1.81385   0.27258   0.63703   0.49504   0.65102   0.19871   6.31790   0.03251   0.07325   0.05844   0.04785   0.01614   0.07360   1.13215   0.02075   0.06314   0.01988  
 32  0.5002   3226.435153  x:  6.47305   2.28543   5.18016   2.92266   1.90396   0.26869   0.64750   0.50791   0.62737   0.19991   6.58814   0.03074   0.09119   0.05512   0.04313   0.01821   0.07481   1.10121   0.02023   0.06857   0.01750  
 33  0.1541   3225.897117  x:  7.04698   2.45941   5.60091   3.18873   2.12601   0.26721   0.67322   0.54218   0.61177   0.20935   7.19024   0.03993   0.07769   0.05648   0.05195   0.02190   0.07786   1.12009   0.01818   0.06817   0.01291  
 34  0.3302   3225.765665  x:  6.95728   2.40512   5.56162   3.16274   2.11840   0.25684   0.66966   0.53810   0.61417   0.20931   7.12897   0.04306   0.07099   0.05680   0.05247   0.02421   0.07657   1.13279   0.01895   0.06579   0.01183  
 35  0.1445   3225.636979  x:  7.08536   2.41089   5.69527   3.23179   2.15226   0.24714   0.67591   0.54469   0.64511   0.20285   7.29357   0.04626   0.06617   0.05614   0.04653   0.02685   0.07631   1.12905   0.01836   0.06240   0.01031  
 36  0.1108   3225.553532  x:  6.90603   2.33972   5.58666   3.15770   2.07016   0.24415   0.66915   0.53624   0.68246   0.19238   7.12065   0.04419   0.07260   0.05634   0.04685   0.02781   0.07424   1.12444   0.01881   0.06301   0.01174  
 37  0.1218   3225.462038  x:  7.13565   2.40004   5.77457   3.26447   2.11143   0.24809   0.68114   0.54954   0.69998   0.18959   7.36019   0.04656   0.06887   0.05750   0.05254   0.03114   0.07349   1.12439   0.01814   0.06504   0.01082  
 38  0.1020   3225.104160  x:  7.70272   2.57229   6.23487   3.49477   2.07042   0.29079   0.71206   0.57282   0.69464   0.18581   7.89514   0.04003   0.07081   0.05758   0.04631   0.03532   0.06920   1.10852   0.01708   0.06881   0.01450  
 39  0.1191   3225.000122  x:  8.07987   2.70625   6.50656   3.65443   2.12396   0.31689   0.72799   0.59495   0.66799   0.19405   8.25090   0.03607   0.07570   0.05677   0.04924   0.03638   0.06792   1.13829   0.01627   0.06856   0.01547  
 40  0.3089   3224.923054  x:  8.02346   2.68705   6.46651   3.63041   2.10956   0.32193   0.72065   0.59521   0.65846   0.20063   8.18508   0.03407   0.07809   0.05605   0.04940   0.03665   0.06507   1.15731   0.01681   0.06244   0.01620  
 41  0.0509   3224.650990  x:  8.22317   2.75085   6.60510   3.71258   2.19040   0.33512   0.70927   0.61460   0.68185   0.21837   8.33453   0.03370   0.07853   0.05543   0.04508   0.03779   0.05681   1.15506   0.01613   0.04446   0.01671  
 42  0.0823   3224.271309  x:  8.29738   2.82864   6.57117   3.73353   2.34064   0.33906   0.68995   0.61922   0.68220   0.25236   8.29306   0.03504   0.07949   0.05567   0.04888   0.03502   0.04754   1.12197   0.01568   0.06668   0.01579  
 43  0.0736   3224.115272  x:  8.20077   2.82684   6.44913   3.69325   2.39513   0.33016   0.68688   0.61746   0.65375   0.24366   8.15924   0.03771   0.07325   0.05663   0.04932   0.03125   0.04497   1.13115   0.01627   0.06514   0.01502  
 44  0.1100   3223.967211  x:  8.56952   2.94503   6.71724   3.86875   2.47118   0.32708   0.72212   0.64044   0.66623   0.19930   8.52008   0.03952   0.07179   0.05718   0.04773   0.03073   0.04289   1.14059   0.01540   0.06320   0.01419  
 45  0.2705   3223.930886  x:  8.50558   2.90867   6.68401   3.85321   2.44525   0.31286   0.72838   0.63707   0.69998   0.18351   8.46410   0.04041   0.07353   0.05716   0.04872   0.03063   0.04168   1.13392   0.01556   0.06452   0.01390  
 46  0.0701   3223.899337  x:  8.58803   2.91604   6.75806   3.90106   2.42129   0.30144   0.74911   0.63502   0.70304   0.19050   8.55199   0.04042   0.07217   0.05636   0.04959   0.02844   0.04344   1.13595   0.01539   0.06721   0.01393  
 47  0.0384   3223.884824  x:  8.73434   2.94466   6.87993   3.97251   2.42738   0.30012   0.76162   0.64115   0.69861   0.19777   8.68752   0.04003   0.07286   0.05588   0.04937   0.02837   0.04140   1.13805   0.01520   0.06546   0.01401  
 48  0.1591   3223.879758  x:  8.76180   2.93709   6.91375   3.99008   2.42224   0.29519   0.76653   0.64174   0.69502   0.19724   8.72343   0.04104   0.07249   0.05619   0.04919   0.02857   0.04211   1.13546   0.01519   0.06405   0.01355  
 49  0.0444   3223.878381  x:  8.78538   2.93702   6.93491   4.00198   2.42659   0.29580   0.76548   0.64334   0.69454   0.19954   8.74367   0.04162   0.07201   0.05663   0.04929   0.02866   0.04198   1.13362   0.01511   0.06383   0.01338  
 50  0.0232   3223.876198  x:  8.75083   2.90718   6.91781   3.99006   2.41114   0.29927   0.75617   0.64302   0.69343   0.20094   8.70054   0.04171   0.07207   0.05720   0.04924   0.02831   0.04193   1.13484   0.01522   0.06401   0.01344  
 51  0.0161   3223.874468  x:  8.76021   2.89027   6.93589   3.99769   2.39771   0.30325   0.75118   0.64466   0.69494   0.19699   8.70473   0.04127   0.07250   0.05701   0.04909   0.02838   0.04199   1.13605   0.01520   0.06406   0.01344  
 52  0.0153   3223.873944  x:  8.75189   2.88189   6.92936   3.99496   2.39630   0.30337   0.74890   0.64408   0.69422   0.19756   8.69127   0.04121   0.07229   0.05657   0.04931   0.02836   0.04191   1.13443   0.01522   0.06419   0.01331  
 53  0.0100   3223.873295  x:  8.73573   2.87026   6.90916   3.99070   2.38987   0.30395   0.74790   0.64206   0.69332   0.19891   8.66220   0.04131   0.07240   0.05637   0.04945   0.02853   0.04199   1.13588   0.01526   0.06456   0.01336  
 54  0.0052   3223.872091  x:  8.72363   2.85145   6.87072   3.99450   2.38295   0.30264   0.75003   0.63800   0.69133   0.19880   8.60826   0.04232   0.07165   0.05633   0.04938   0.02849   0.04190   1.13674   0.01532   0.06483   0.01336  
 55  0.0269   3223.871623  x:  8.74112   2.85694   6.87610   4.00245   2.38342   0.30260   0.75151   0.63839   0.69198   0.19786   8.61608   0.04231   0.07135   0.05659   0.04921   0.02846   0.04182   1.13414   0.01529   0.06414   0.01341  
 56  0.0105   3223.870974  x:  8.76318   2.86239   6.86582   4.01384   2.38593   0.30423   0.75014   0.63850   0.69259   0.19831   8.60824   0.04134   0.07232   0.05655   0.04937   0.02840   0.04200   1.13402   0.01528   0.06390   0.01343  
 57  0.0053   3223.870806  x:  8.78458   2.86853   6.87655   4.02463   2.39106   0.30363   0.75119   0.63944   0.69345   0.19806   8.62462   0.04129   0.07230   0.05664   0.04926   0.02848   0.04195   1.13481   0.01525   0.06401   0.01334  
 58  0.0189   3223.870792  x:  8.78580   2.86886   6.87704   4.02519   2.39137   0.30350   0.75097   0.63953   0.69340   0.19804   8.62535   0.04128   0.07228   0.05662   0.04926   0.02845   0.04196   1.13464   0.01525   0.06424   0.01335  
 59  0.0008   3223.870774  x:  8.79029   2.86982   6.87928   4.02754   2.39269   0.30282   0.75077   0.63993   0.69331   0.19806   8.62896   0.04136   0.07225   0.05662   0.04928   0.02849   0.04195   1.13456   0.01525   0.06422   0.01337  
 60  0.0015   3223.870766  x:  8.79019   2.86960   6.87902   4.02766   2.39341   0.30235   0.75049   0.64011   0.69351   0.19798   8.62904   0.04140   0.07220   0.05661   0.04927   0.02846   0.04196   1.13464   0.01525   0.06417   0.01337  
 61  0.0006   3223.870766  x:  8.78983   2.86933   6.87876   4.02748   2.39341   0.30229   0.75046   0.64011   0.69349   0.19799   8.62875   0.04140   0.07219   0.05661   0.04927   0.02847   0.04196   1.13464   0.01525   0.06416   0.01337  
 62  0.0003   3223.870765  x:  8.78915   2.86873   6.87829   4.02710   2.39340   0.30213   0.75047   0.64012   0.69346   0.19800   8.62827   0.04138   0.07221   0.05661   0.04927   0.02847   0.04196   1.13464   0.01525   0.06416   0.01337  
 63  0.0005   3223.870765  x:  8.78901   2.86846   6.87817   4.02695   2.39341   0.30206   0.75051   0.64014   0.69345   0.19799   8.62821   0.04136   0.07223   0.05661   0.04927   0.02847   0.04196   1.13462   0.01525   0.06417   0.01337  
 64  0.0003   3223.870765  x:  8.78998   2.86871   6.87864   4.02712   2.39349   0.30219   0.75060   0.64019   0.69349   0.19796   8.62903   0.04136   0.07223   0.05661   0.04927   0.02846   0.04196   1.13461   0.01525   0.06418   0.01337  
 65  0.0002   3223.870764  x:  8.78970   2.86853   6.87842   4.02697   2.39348   0.30215   0.75056   0.64019   0.69347   0.19798   8.62880   0.04137   0.07222   0.05661   0.04927   0.02846   0.04196   1.13462   0.01525   0.06417   0.01337  
 66  0.0003   3223.870764  x:  8.79029   2.86832   6.87844   4.02673   2.39358   0.30223   0.75059   0.64028   0.69349   0.19799   8.62933   0.04137   0.07222   0.05661   0.04927   0.02847   0.04196   1.13462   0.01525   0.06417   0.01337  
 67  0.0004   3223.870764  x:  8.79091   2.86848   6.87868   4.02677   2.39361   0.30230   0.75065   0.64032   0.69351   0.19797   8.62984   0.04137   0.07222   0.05661   0.04927   0.02846   0.04196   1.13461   0.01525   0.06418   0.01337  
 68  0.0003   3223.870764  x:  8.79085   2.86847   6.87865   4.02676   2.39361   0.30229   0.75064   0.64031   0.69351   0.19797   8.62979   0.04137   0.07222   0.05661   0.04927   0.02846   0.04196   1.13461   0.01525   0.06418   0.01337  
 69  0.0003   3223.870764  x:  8.79080   2.86845   6.87861   4.02674   2.39360   0.30229   0.75064   0.64031   0.69350   0.19798   8.62974   0.04137   0.07222   0.05661   0.04927   0.02846   0.04196   1.13461   0.01525   0.06418   0.01337  
 70  0.0004   3223.870764  x:  8.79075   2.86844   6.87856   4.02671   2.39359   0.30228   0.75063   0.64031   0.69350   0.19798   8.62969   0.04137   0.07222   0.05661   0.04927   0.02846   0.04196   1.13461   0.01525   0.06417   0.01337  
 71  0.0005   3223.870764  x:  8.79069   2.86843   6.87850   4.02667   2.39358   0.30227   0.75062   0.64030   0.69350   0.19798   8.62963   0.04137   0.07222   0.05661   0.04927   0.02846   0.04196   1.13462   0.01525   0.06417   0.01337  
 72  0.0005   3223.870764  x:  8.79064   2.86842   6.87843   4.02662   2.39356   0.30226   0.75061   0.64030   0.69350   0.19798   8.62957   0.04137   0.07222   0.05661   0.04927   0.02846   0.04196   1.13462   0.01525   0.06417   0.01337  
 73  0.0006   3223.870764  x:  8.79059   2.86841   6.87836   4.02656   2.39354   0.30225   0.75060   0.64029   0.69349   0.19798   8.62951   0.04137   0.07222   0.05661   0.04927   0.02847   0.04196   1.13462   0.01525   0.06417   0.01337  
 74  0.0006   3223.870764  x:  8.79055   2.86841   6.87828   4.02650   2.39351   0.30224   0.75059   0.64028   0.69349   0.19799   8.62946   0.04137   0.07222   0.05661   0.04927   0.02847   0.04196   1.13462   0.01525   0.06417   0.01337  
 75  0.0006   3223.870764  x:  8.79053   2.86841   6.87819   4.02643   2.39349   0.30223   0.75058   0.64028   0.69349   0.19799   8.62941   0.04137   0.07222   0.05661   0.04927   0.02847   0.04196   1.13462   0.01525   0.06417   0.01337  
 76  0.0006   3223.870764  x:  8.79051   2.86841   6.87812   4.02636   2.39346   0.30222   0.75058   0.64027   0.69348   0.19799   8.62937   0.04137   0.07222   0.05661   0.04927   0.02847   0.04196   1.13462   0.01525   0.06417   0.01337  
 77  0.0005   3223.870764  x:  8.79051   2.86842   6.87805   4.02629   2.39344   0.30222   0.75057   0.64026   0.69348   0.19799   8.62934   0.04137   0.07222   0.05661   0.04927   0.02847   0.04196   1.13462   0.01525   0.06417   0.01337  
 78  0.0004   3223.870764  x:  8.79051   2.86842   6.87799   4.02623   2.39342   0.30221   0.75056   0.64026   0.69348   0.19799   8.62932   0.04137   0.07222   0.05661   0.04927   0.02847   0.04196   1.13462   0.01525   0.06417   0.01337  
 79  0.0004   3223.870764  x:  8.79053   2.86843   6.87794   4.02617   2.39340   0.30221   0.75056   0.64025   0.69348   0.19799   8.62930   0.04137   0.07222   0.05661   0.04927   0.02847   0.04196   1.13462   0.01525   0.06417   0.01337  
 80  0.0003   3223.870764  x:  8.79056   2.86844   6.87789   4.02611   2.39338   0.30221   0.75055   0.64024   0.69348   0.19799   8.62930   0.04137   0.07222   0.05661   0.04927   0.02847   0.04196   1.13462   0.01525   0.06417   0.01337  
 81  0.0002   3223.870764  x:  8.79060   2.86845   6.87785   4.02604   2.39337   0.30220   0.75055   0.64024   0.69348   0.19799   8.62930   0.04137   0.07222   0.05661   0.04927   0.02847   0.04196   1.13462   0.01525   0.06417   0.01337  
 82  0.0001   3223.870764  x:  8.79071   2.86847   6.87784   4.02596   2.39335   0.30221   0.75055   0.64023   0.69348   0.19798   8.62934   0.04137   0.07222   0.05661   0.04927   0.02846   0.04196   1.13462   0.01525   0.06417   0.01337  
 83  0.0001   3223.870764  x:  8.79063   2.86843   6.87799   4.02615   2.39341   0.30221   0.75056   0.64024   0.69348   0.19799   8.62936   0.04137   0.07222   0.05661   0.04927   0.02847   0.04196   1.13462   0.01525   0.06417   0.01337  
 84  0.0001   3223.870764  x:  8.79069   2.86845   6.87795   4.02607   2.39340   0.30221   0.75056   0.64023   0.69348   0.19798   8.62936   0.04137   0.07222   0.05661   0.04927   0.02846   0.04196   1.13462   0.01525   0.06417   0.01337  
 85  0.0001   3223.870764  x:  8.79080   2.86845   6.87796   4.02600   2.39339   0.30221   0.75056   0.64022   0.69348   0.19798   8.62940   0.04137   0.07222   0.05661   0.04927   0.02846   0.04196   1.13462   0.01525   0.06417   0.01337  
 86  0.0001   3223.870764  x:  8.79074   2.86842   6.87803   4.02609   2.39342   0.30221   0.75056   0.64022   0.69348   0.19798   8.62938   0.04137   0.07222   0.05661   0.04927   0.02846   0.04196   1.13462   0.01525   0.06417   0.01337  
 87  0.0000   3223.870764  x:  8.79077   2.86842   6.87803   4.02605   2.39342   0.30221   0.75056   0.64022   0.69348   0.19798   8.62939   0.04137   0.07222   0.05661   0.04927   0.02846   0.04196   1.13462   0.01525   0.06417   0.01337  