   11
BAM_020960  0.000000  0.131643  0.131643  0.139676  0.133852  0.055422
  0.035669  0.057600  0.034341  0.131643  0.129253
BA_1530xxx  0.131643  0.000000  0.000010  0.150791  0.157364  0.142558
  0.127057  0.132622  0.124624  0.000010  0.003988
BC_1509xxx  0.131643  0.000010  0.000000  0.150791  0.157364  0.142558
  0.127057  0.132622  0.124624  0.000010  0.003988
NT03BC2159  0.139676  0.150791  0.150791  0.000000  0.090916  0.153386
  0.141119  0.139494  0.134912  0.150791  0.152705
BH1645xxxx  0.133852  0.157364  0.157364  0.090916  0.000000  0.140205
  0.135489  0.123916  0.133170  0.157364  0.159270
NT03BL2566  0.055422  0.142558  0.142558  0.153386  0.140205  0.000000
  0.052912  0.046589  0.050466  0.142558  0.140057
Bmo2839xxx  0.035669  0.127057  0.127057  0.141119  0.135489  0.052912
  0.000000  0.055064  0.009960  0.127057  0.122596
BPUM_2011x  0.057600  0.132622  0.132622  0.139494  0.123916  0.046589
  0.055064  0.000000  0.053084  0.132622  0.128177
BG10275xxx  0.034341  0.124624  0.124624  0.134912  0.133170  0.050466
  0.009960  0.053084  0.000000  0.124624  0.124646
NT02BT1543  0.131643  0.000010  0.000010  0.150791  0.157364  0.142558
  0.127057  0.132622  0.124624  0.000000  0.003988
KBAB4_1433  0.129253  0.003988  0.003988  0.152705  0.159270  0.140057
  0.122596  0.128177  0.124646  0.003988  0.000000
