   43
BAM_006870  0.000000  3.667570 10.941095  6.891490 34.119361  5.763990
  4.658501  0.449116  4.224682  4.475763  0.915762  4.202960  4.480426
  4.088286  4.212546  3.627678  6.210337  4.067803  5.983222  6.179637
 11.716111  5.705434  4.234248  8.939610 34.114623  3.747787 10.164144
  4.970406  5.782349  4.474712  5.529185  4.647812  6.100309  0.137345
  3.714150 11.549186  8.281939  4.202960  4.197652  4.475763  4.900995
  4.202960  4.606458
BAM_006880  3.667570  0.000000  5.970103  4.982026  5.044572 38.075301
  4.536101  3.396827  0.211490  5.710651  3.684320  0.225841  5.766904
  0.311398  0.321352  0.035102  5.946103  5.077553  5.089353  5.839559
  4.997867  5.315229  8.792267  4.546988  4.712469  0.097784  5.089441
  5.045918  7.335883  4.829786  5.837986  5.205970  5.226820  3.323366
  0.011569  4.805845  4.843714  0.225841  6.358112  5.710651  4.173814
  0.225841  6.180262
BAM_007240 10.941095  5.970103  0.000000  4.698816  4.511002  5.928953
  3.377801 15.602768  5.495487  1.667052  6.159414  5.408776  1.681223
  4.774776  4.771957  6.143547  3.365563  1.006184  3.157213  4.975575
  7.148437  4.400864 39.733562  5.193745  4.392773  5.572564  5.158264
  6.707423  5.412905  3.224747  0.667891  3.508630  3.186107 10.335085
  6.143547  6.421990  5.149625  5.408776  4.745172  1.667052  4.233080
  5.408776  1.717132
BAM_007540  6.891490  4.982026  4.698816  0.000000  1.751601 11.055649
  5.691388  7.306123  4.975310  4.951686  5.980731  4.950682  4.957249
  4.782616  4.838544  5.011985  6.038507  5.451857  5.548513  3.832382
  5.586566  8.483151 42.232912  0.297227  1.770233  5.155494  1.987482
  5.204037  8.212156  5.704254  4.589251  5.648503  5.597733  7.422474
  5.057410  5.796637  0.286999  4.950682  6.692199  4.951686  6.801794
  4.950682  4.713993
BAM_007560 34.119361  5.044572  4.511002  1.751601  0.000000 36.491162
  5.735637 11.776750  4.866139  4.116800 11.554706  4.830460  4.134025
  4.420459  5.181758  5.101895  5.732349  4.682473  5.583389  5.230440
  4.668611 34.636846 18.351681  1.882218  0.263505  5.023252  0.716299
  5.009869  5.260769  5.598536  4.278398  5.635651  5.575129 14.562147
  5.020721  4.542618  1.877275  4.830460  6.008248  4.116800  5.276153
  4.830460  4.055241
BAM_026190  5.763990 38.075301  5.928953 11.055649 36.491162  0.000000
  5.715148  5.431277 37.963048  7.118605  5.691907 37.966441  7.158579
 36.009027 37.162738 38.377493  6.561195  8.160490  5.859427 20.525201
  6.233623  4.874570  5.492069  7.038906 38.537616 37.651818 36.168337
 31.523252  5.900181  5.224402  6.073604  5.919786  5.883820  5.794867
 38.488962  6.360103  7.462080 37.966441  7.098590  7.118605  6.670074
 37.966441  5.807691
BAM_035760  4.658501  4.536101  3.377801  5.691388  5.735637  5.715148
  0.000000  4.416194  4.098877  3.818677  4.674844  4.107007  3.843228
  4.528338  4.210967  4.606258  1.914978  3.279770  1.893898  4.966683
  6.396498  2.514571  5.926043  6.007547  5.777519  4.667025  5.806979
  5.178618  5.420238  0.203617  3.599584  0.058342  1.915649  4.991572
  4.581072  6.923157  6.053166  4.107007  5.994379  3.818677  4.443256
  4.107007  3.989153
BA_0291xxx  0.449116  3.396827 15.602768  7.306123 11.776750  5.431277
  4.416194  0.000000  3.881227  4.838148  0.451421  3.860228  4.844241
  3.604617  3.814908  3.333271  6.326573  4.607291  5.804573  6.389989
  8.811872  5.764478  4.863068 10.101507 10.952300  3.426661  8.557318
  5.435912  7.227286  4.314699  6.479291  4.389985  5.964112  0.466747
  3.437869  8.588980  9.816126  3.860228  5.188362  4.838148  4.248307
  3.860228  4.978350
BA_0292xxx  4.224682  0.211490  5.495487  4.975310  4.866139 37.963048
  4.098877  3.881227  0.000000  5.345128  3.640934  0.011625  5.397644
  0.368697  0.355469  0.211810  5.023239  4.932681  4.366394  5.661446
  4.907854  4.920028  7.802831  4.482640  4.590209  0.275200  4.784337
  4.605728  6.009079  4.441246  5.346115  4.718595  4.494010  3.760158
  0.225855  4.799023  4.782217  0.011625  5.373892  5.345128  4.196118
  0.011625  5.472435
BA_0805xxx  4.475763  5.710651  1.667052  4.951686  4.116800  7.118605
  3.818677  4.838148  5.345128  0.000000  6.673619  5.270685  0.016013
  5.765110  5.906253  5.833927  4.994777  0.469310  4.557616  4.899216
  4.673150  5.394062 38.652000  4.372421  4.154836  5.773007  4.913573
 15.224710  4.489350  3.968998  0.667474  3.907246  4.565087  4.446881
  5.833927  4.684539  4.364816  5.270685  6.364166  0.000010  6.483119
  5.270685  0.189783
BC_0326xxx  0.915762  3.684320  6.159414  5.980731 11.554706  5.691907
  4.674844  0.451421  3.640934  6.673619  0.000000  3.696727  6.689965
  4.142708  3.683335  3.455571  5.234422  4.460155  4.620437  6.605627
  7.559687  5.239005  6.447662  7.353763  9.864584  3.652807  7.493137
  7.453266  9.615292  4.716410  7.601691  4.783777  4.738890  0.914244
  3.577593  7.608989  7.390079  3.696727  6.206178  6.673619  5.739059
  3.696727  6.481757
BC_0327xxx  4.202960  0.225841  5.408776  4.950682  4.830460 37.966441
  4.107007  3.860228  0.011625  5.270685  3.696727  0.000000  5.323055
  0.373848  0.360161  0.215952  5.012265  4.869472  4.348418  5.624079
  4.912046  4.976118  7.570025  4.497171  4.556184  0.274958  4.794646
  4.581828  6.004044  4.417012  5.251550  4.692081  4.477970  3.741928
  0.230223  4.803170  4.794487  0.000010  5.391888  5.270685  4.177435
  0.000010  5.401646
BC_0823xxx  4.480426  5.766904  1.681223  4.957249  4.134025  7.158579
  3.843228  4.844241  5.397644  0.016013  6.689965  5.323055  0.000000
  5.817392  5.968540  5.891605  5.022606  0.492364  4.582790  4.887882
  4.668724  5.433516 38.652000  4.371149  4.171662  5.831749  4.907641
 15.383251  4.489914  3.992604  0.675149  3.931508  4.590408  4.451471
  5.891605  4.680117  4.363519  5.323055  6.369424  0.016013  6.522641
  5.323055  0.197205
NT03BC1187  4.088286  0.311398  4.774776  4.782616  4.420459 36.009027
  4.528338  3.604617  0.368697  5.765110  4.142708  0.373848  5.817392
  0.000000  0.328751  0.309586  5.293610  4.868490  4.644513  5.673128
  5.235237  5.072801  8.162822  4.451704  4.201628  0.329684  4.987697
  4.742360  6.249097  4.590819  5.086584  4.966757  4.803001  3.631938
  0.312352  5.151233  4.475647  0.373848  7.256129  5.765110  4.494262
  0.373848  5.731248
BH0627xxxx  4.212546  0.321352  4.771957  4.838544  5.181758 37.162738
  4.210967  3.814908  0.355469  5.906253  3.683335  0.360161  5.968540
  0.328751  0.000000  0.307287  5.419159  4.851711  4.679900  5.425294
  5.511976  4.590163 27.061779  4.155090  4.903584  0.361216  5.397825
  4.739496  6.422035  4.403117  4.566209  4.651881  4.841327  3.811764
  0.322284  5.398885  4.409115  0.360161  6.638017  5.906253  4.273445
  0.360161  5.944769
NT03BL0730  3.627678  0.035102  6.143547  5.011985  5.101895 38.377493
  4.606258  3.333271  0.211810  5.833927  3.455571  0.215952  5.891605
  0.309586  0.307287  0.000000  6.136763  5.172813  5.296831  6.106371
  5.241529  5.146292  7.542114  4.588252  4.771159  0.085402  5.197946
  5.205859  7.580623  4.946736  6.021234  5.303876  5.427575  3.292284
  0.023307  5.059072  4.887388  0.215952  6.329675  5.833927  4.307836
  0.215952  6.315253
NT03BL0899  6.210337  5.946103  3.365563  6.038507  5.732349  6.561195
  1.914978  6.326573  5.023239  4.994777  5.234422  5.012265  5.022606
  5.293610  5.419159  6.136763  0.000000  3.964090  0.235562  4.742398
  6.130367  3.165465  5.364514  6.414582  5.766523  5.823211  5.376717
  4.731576  6.056926  1.894294  4.554329  1.911474  0.236856  6.604064
  6.042100  6.543987  6.602824  5.012265  5.444335  4.994777  8.582883
  5.012265  4.786579
NT03BL1213  4.067803  5.077553  1.006184  5.451857  4.682473  8.160490
  3.279770  4.607291  4.932681  0.469310  4.460155  4.869472  0.492364
  4.868490  4.851711  5.172813  3.964090  0.000000  3.730382  5.245246
  4.995391  4.425329  7.030858  5.102412  4.610763  4.856470  5.470434
  6.015653  5.678800  3.370153  0.666740  3.390856  3.733391  3.981674
  5.172813  5.040561  5.042273  4.869472  5.072841  0.469310  4.929349
  4.869472  0.687123
Bmo1732xxx  5.983222  5.089353  3.157213  5.548513  5.583389  5.859427
  1.893898  5.804573  4.366394  4.557616  4.620437  4.348418  4.582790
  4.644513  4.679900  5.296831  0.235562  3.730382  0.000000  4.514009
  5.521740  3.172115  4.880244  5.746248  5.793982  5.029633  5.436739
  4.555156  6.353756  1.846165  4.204071  1.926426  0.033499  6.277951
  5.187474  5.666226  5.974988  4.348418  5.498716  4.557616  6.720655
  4.348418  4.336721
Bmo2105xxx  6.179637  5.839559  4.975575  3.832382  5.230440 20.525201
  4.966683  6.389989  5.661446  4.899216  6.605627  5.624079  4.887882
  5.673128  5.425294  6.106371  4.742398  5.245246  4.514009  0.000000
  4.811061  6.011891 43.718933  4.083447  5.179026  5.854277  4.765011
  5.329984  7.891110  4.164113  7.408017  4.704600  4.293612  6.308972
  5.991017  5.320618  4.338724  5.624079  4.395292  4.899216  5.522991
  5.624079  4.754773
Bmo2499xxx 11.716111  4.997867  7.148437  5.586566  4.668611  6.233623
  6.396498  8.811872  4.907854  4.673150  7.559687  4.912046  4.668724
  5.235237  5.511976  5.241529  6.130367  4.995391  5.521740  4.811061
  0.000000  7.037004  3.125635  5.393513  5.184722  5.504376  5.121404
  7.013828  4.964510  5.971067  7.098802  6.104722  5.489811 10.680240
  5.132323  0.216139  5.511246  4.912046  5.896723  4.673150  6.261736
  4.912046  4.619621
Bmo2536xxx  5.705434  5.315229  4.400864  8.483151 34.636846  4.874570
  2.514571  5.764478  4.920028  5.394062  5.239005  4.976118  5.433516
  5.072801  4.590163  5.146292  3.165465  4.425329  3.172115  6.011891
  7.037004  0.000000  4.077534  8.273372 10.191909  5.170584  7.331186
  6.055515  5.022789  2.595664  5.414605  2.552112  3.161902  6.016010
  5.111513  7.310271  8.375940  4.976118  4.718088  5.394062  4.792471
  4.976118  5.263029
Bmo2538xxx  4.234248  8.792267 39.733562 42.232912 18.351681  5.492069
  5.926043  4.863068  7.802831 38.652000  6.447662  7.570025 38.652000
  8.162822 27.061779  7.542114  5.364514  7.030858  4.880244 43.718933
  3.125635  4.077534  0.000000 42.605412 27.987940  7.597299 39.656397
  7.216343  2.963314  6.732218 38.183647  5.243106  5.088078  4.082821
  7.542114  3.007753 42.626787  7.570025  3.329494 38.652000  4.100483
  7.570025 38.595949
Bmo2550xxx  8.939610  4.546988  5.193745  0.297227  1.882218  7.038906
  6.007547 10.101507  4.482640  4.372421  7.353763  4.497171  4.371149
  4.451704  4.155090  4.588252  6.414582  5.102412  5.746248  4.083447
  5.393513  8.273372 42.605412  0.000000  1.897595  4.758530  1.877986
  4.923071  8.328100  5.887585  4.852748  5.868903  5.829292 10.368233
  4.630589  5.687239  0.059896  4.497171  7.460579  4.372421  7.114599
  4.497171  4.157628
Bmo2552xxx 34.114623  4.712469  4.392773  1.770233  0.263505 38.537616
  5.777519 10.952300  4.590209  4.154836  9.864584  4.556184  4.171662
  4.201628  4.903584  4.771159  5.766523  4.610763  5.793982  5.179026
  5.184722 10.191909 27.987940  1.897595  0.000000  4.690891  0.735014
  5.215758  4.757718  5.647762  4.559906  5.667759  5.786956 12.496014
  4.688794  4.911529  1.887292  4.556184  6.094190  4.154836  5.657765
  4.556184  4.094819
BPUM_0600x  3.747787  0.097784  5.572564  5.155494  5.023252 37.651818
  4.667025  3.426661  0.275200  5.773007  3.652807  0.274958  5.831749
  0.329684  0.361216  0.085402  5.823211  4.856470  5.029633  5.854277
  5.504376  5.170584  7.597299  4.758530  4.690891  0.000000  4.993031
  5.067616  7.628246  4.893302  5.419211  5.281789  5.158973  3.440771
  0.098903  5.259408  5.077695  0.274958  6.183477  5.773007  4.024521
  0.274958  6.141115
BPUM_0680x 10.164144  5.089441  5.158264  1.987482  0.716299 36.168337
  5.806979  8.557318  4.784337  4.913573  7.493137  4.794646  4.907641
  4.987697  5.397825  5.197946  5.376717  5.470434  5.436739  4.765011
  5.121404  7.331186 39.656397  1.877986  0.735014  4.993031  0.000000
  4.851635  4.987475  5.743291  5.493762  5.800479  5.362026  9.034256
  5.123674  4.979583  1.849228  4.794646  6.904092  4.913573  5.557802
  4.794646  4.882129
BPUM_1683x  4.970406  5.045918  6.707423  5.204037  5.009869 31.523252
  5.178618  5.435912  4.605728 15.224710  7.453266  4.581828 15.383251
  4.742360  4.739496  5.205859  4.731576  6.015653  4.555156  5.329984
  7.013828  6.055515  7.216343  4.923071  5.215758  5.067616  4.851635
  0.000000  4.372276  4.909595  5.333913  5.022374  4.734579  4.926526
  5.147429  7.567125  4.858132  4.581828  7.007033 15.224710  8.505084
  4.581828 17.825335
BPUM_2141x  5.782349  7.335883  5.412905  8.212156  5.260769  5.900181
  5.420238  7.227286  6.009079  4.489350  9.615292  6.004044  4.489914
  6.249097  6.422035  7.580623  6.056926  5.678800  6.353756  7.891110
  4.964510  5.022789  2.963314  8.328100  4.757718  7.628246  4.987475
  4.372276  0.000000  5.368182  5.542260  5.337469  6.460990  6.104569
  7.435438  5.178164  8.406888  6.004044  5.463779  4.489350  9.642316
  6.004044  4.575833
BPUM_3503x  4.474712  4.829786  3.224747  5.704254  5.598536  5.224402
  0.203617  4.314699  4.441246  3.968998  4.716410  4.417012  3.992604
  4.590819  4.403117  4.946736  1.894294  3.370153  1.846165  4.164113
  5.971067  2.595664  6.732218  5.887585  5.647762  4.893302  5.743291
  4.909595  5.368182  0.000000  3.648432  0.203386  1.863352  4.768960
  4.914430  6.296143  6.017534  4.417012  6.705626  3.968998  4.801532
  4.417012  4.121795
BG11799xxx  5.529185  5.837986  0.667891  4.589251  4.278398  6.073604
  3.599584  6.479291  5.346115  0.667474  7.601691  5.251550  0.675149
  5.086584  4.566209  6.021234  4.554329  0.666740  4.204071  7.408017
  7.098802  5.414605 38.183647  4.852748  4.559906  5.419211  5.493762
  5.333913  5.542260  3.648432  0.000000  3.749588  4.230941  5.383313
  6.021234  7.089069  4.796860  5.251550  5.756170  0.667474  5.463879
  5.251550  0.728507
BG11350xxx  4.647812  5.205970  3.508630  5.648503  5.635651  5.919786
  0.058342  4.389985  4.718595  3.907246  4.783777  4.692081  3.931508
  4.966757  4.651881  5.303876  1.911474  3.390856  1.926426  4.704600
  6.104722  2.552112  5.243106  5.868903  5.667759  5.281789  5.800479
  5.022374  5.337469  0.203386  3.749588  0.000000  1.948564  4.863735
  5.309732  6.655491  6.030952  4.692081  6.817994  3.907246  4.382956
  4.692081  4.074392
BG11839xxx  6.100309  5.226820  3.186107  5.597733  5.575129  5.883820
  1.915649  5.964112  4.494010  4.565087  4.738890  4.477970  4.590408
  4.803001  4.841327  5.427575  0.236856  3.733391  0.033499  4.293612
  5.489811  3.161902  5.088078  5.829292  5.786956  5.158973  5.362026
  4.734579  6.460990  1.863352  4.230941  1.948564  0.000000  6.440403
  5.322422  5.711174  6.059846  4.477970  5.677218  4.565087  6.733694
  4.477970  4.342351
BG10703xxx  0.137345  3.323366 10.335085  7.422474 14.562147  5.794867
  4.991572  0.466747  3.760158  4.446881  0.914244  3.741928  4.451471
  3.631938  3.811764  3.292284  6.604064  3.981674  6.277951  6.308972
 10.680240  6.016010  4.082821 10.368233 12.496014  3.440771  9.034256
  4.926526  6.104569  4.768960  5.383313  4.863735  6.440403  0.000000
  3.360495 10.622014  9.407215  3.741928  4.130393  4.446881  5.235749
  3.741928  4.585968
BG10704xxx  3.714150  0.011569  6.143547  5.057410  5.020721 38.488962
  4.581072  3.437869  0.225855  5.833927  3.577593  0.230223  5.891605
  0.312352  0.322284  0.023307  6.042100  5.172813  5.187474  5.991017
  5.132323  5.111513  7.542114  4.630589  4.688794  0.098903  5.123674
  5.147429  7.435438  4.914430  6.021234  5.309732  5.322422  3.360495
  0.000000  4.938422  4.934953  0.230223  6.072131  5.833927  4.229853
  0.230223  6.315253
BG12823xxx 11.549186  4.805845  6.421990  5.796637  4.542618  6.360103
  6.923157  8.588980  4.799023  4.684539  7.608989  4.803170  4.680117
  5.151233  5.398885  5.059072  6.543987  5.040561  5.666226  5.320618
  0.216139  7.310271  3.007753  5.687239  4.911529  5.259408  4.979583
  7.567125  5.178164  6.296143  7.089069  6.655491  5.711174 10.622014
  4.938422  0.000000  5.849357  4.803170  5.401586  4.684539  6.801414
  4.803170  4.613261
BG12977xxx  8.281939  4.843714  5.149625  0.286999  1.877275  7.462080
  6.053166  9.816126  4.782217  4.364816  7.390079  4.794487  4.363519
  4.475647  4.409115  4.887388  6.602824  5.042273  5.974988  4.338724
  5.511246  8.375940 42.626787  0.059896  1.887292  5.077695  1.849228
  4.858132  8.406888  6.017534  4.796860  6.030952  6.059846  9.407215
  4.934953  5.849357  0.000000  4.794487  7.527688  4.364816  7.271048
  4.794487  4.149440
NT02BT0345  4.202960  0.225841  5.408776  4.950682  4.830460 37.966441
  4.107007  3.860228  0.011625  5.270685  3.696727  0.000010  5.323055
  0.373848  0.360161  0.215952  5.012265  4.869472  4.348418  5.624079
  4.912046  4.976118  7.570025  4.497171  4.556184  0.274958  4.794646
  4.581828  6.004044  4.417012  5.251550  4.692081  4.477970  3.741928
  0.230223  4.803170  4.794487  0.000000  5.391888  5.270685  4.177435
  0.000010  5.401646
NT02BT0456  4.197652  6.358112  4.745172  6.692199  6.008248  7.098590
  5.994379  5.188362  5.373892  6.364166  6.206178  5.391888  6.369424
  7.256129  6.638017  6.329675  5.444335  5.072841  5.498716  4.395292
  5.896723  4.718088  3.329494  7.460579  6.094190  6.183477  6.904092
  7.007033  5.463779  6.705626  5.756170  6.817994  5.677218  4.130393
  6.072131  5.401586  7.527688  5.391888  0.000000  6.364166  6.053406
  5.391888  5.422716
NT02BT0851  4.475763  5.710651  1.667052  4.951686  4.116800  7.118605
  3.818677  4.838148  5.345128  0.000010  6.673619  5.270685  0.016013
  5.765110  5.906253  5.833927  4.994777  0.469310  4.557616  4.899216
  4.673150  5.394062 38.652000  4.372421  4.154836  5.773007  4.913573
 15.224710  4.489350  3.968998  0.667474  3.907246  4.565087  4.446881
  5.833927  4.684539  4.364816  5.270685  6.364166  0.000000  6.483119
  5.270685  0.189783
NT02BT3501  4.900995  4.173814  4.233080  6.801794  5.276153  6.670074
  4.443256  4.248307  4.196118  6.483119  5.739059  4.177435  6.522641
  4.494262  4.273445  4.307836  8.582883  4.929349  6.720655  5.522991
  6.261736  4.792471  4.100483  7.114599  5.657765  4.024521  5.557802
  8.505084  9.642316  4.801532  5.463879  4.382956  6.733694  5.235749
  4.229853  6.801414  7.271048  4.177435  6.053406  6.483119  0.000000
  4.177435  6.144764
KBAB4_0273  4.202960  0.225841  5.408776  4.950682  4.830460 37.966441
  4.107007  3.860228  0.011625  5.270685  3.696727  0.000010  5.323055
  0.373848  0.360161  0.215952  5.012265  4.869472  4.348418  5.624079
  4.912046  4.976118  7.570025  4.497171  4.556184  0.274958  4.794646
  4.581828  6.004044  4.417012  5.251550  4.692081  4.477970  3.741928
  0.230223  4.803170  4.794487  0.000010  5.391888  5.270685  4.177435
  0.000000  5.401646
KBAB4_0718  4.606458  6.180262  1.717132  4.713993  4.055241  5.807691
  3.989153  4.978350  5.472435  0.189783  6.481757  5.401646  0.197205
  5.731248  5.944769  6.315253  4.786579  0.687123  4.336721  4.754773
  4.619621  5.263029 38.595949  4.157628  4.094819  6.141115  4.882129
 17.825335  4.575833  4.121795  0.728507  4.074392  4.342351  4.585968
  6.315253  4.613261  4.149440  5.401646  5.422716  0.189783  6.144764
  5.401646  0.000000
