

TREE # 1

  0  0.0000   4090.073848  x:  0.41534   1.51871   1.31682   0.13795   1.50990   0.31655   1.12936   0.35745   0.68822   0.69049   1.34856   0.25111   0.14290   0.11007   0.16659   0.00514   0.00180   2.00000   0.20000   0.20000   0.20000  
  1 99.0000   4089.631191  x:  0.41599   1.51879   1.31682   0.13883   1.50997   0.31680   1.12951   0.35775   0.68787   0.69020   1.34879   0.25103   0.14320   0.10990   0.16657   0.00584   0.00000   1.99969   0.20063   0.19974   0.19966  
  2 181.2915   4085.332525  x:  0.44245   1.52199   1.31663   0.17398   1.51265   0.32687   1.13533   0.36996   0.67387   0.67830   1.35822   0.24770   0.15513   0.10286   0.16601   0.00104   0.00000   1.98724   0.22096   0.18930   0.18602  
  3 468.7159   4064.822045  x:  0.61926   1.53965   1.31046   0.40134   1.52628   0.38925   1.17180   0.44753   0.56804   0.58787   1.42144   0.22337   0.23511   0.06044   0.16205   0.00185   0.00000   1.90333   0.15829   0.11406   0.09313  
  4 401.5816   4060.172613  x:  0.68869   1.54492   1.30252   0.46355   1.53070   0.40616   1.19355   0.47464   0.51506   0.54441   1.45135   0.20939   0.26284   0.11901   0.19013   0.00198   0.00000   1.85345   0.14424   0.07455   0.15698  
  5 110.9558   4056.708636  x:  0.72328   1.54287   1.28689   0.44793   1.52932   0.39982   1.21481   0.48006   0.47124   0.51172   1.47534   0.16700   0.24154   0.14319   0.16151   0.00211   0.00000   1.80284   0.14496   0.01056   0.16486  
  6 54.2460   4055.356743  x:  0.76109   1.53863   1.26571   0.42139   1.52698   0.38963   1.23964   0.48369   0.43079   0.48468   1.50470   0.13699   0.23325   0.15538   0.13135   0.00225   0.00000   1.73931   0.14614   0.03861   0.16747  
  7 48.0361   4052.158322  x:  0.85629   1.51710   1.19059   0.30564   1.51761   0.34776   1.31080   0.48092   0.37821   0.46994   1.59555   0.16355   0.28925   0.11941   0.14822   0.00252   0.00000   1.53891   0.14932   0.03560   0.16343  
  8 44.1823   4050.700797  x:  0.92150   1.50148   1.14296   0.27516   1.51610   0.33524   1.34452   0.48359   0.40966   0.51129   1.65522   0.15984   0.27461   0.14806   0.17344   0.00263   0.00000   1.43157   0.14593   0.03763   0.13181  
  9 39.0205   4049.877117  x:  0.96859   1.48812   1.10881   0.27620   1.51793   0.33347   1.35965   0.48463   0.44535   0.54602   1.69988   0.16980   0.24946   0.13056   0.15207   0.00289   0.00000   1.37552   0.14111   0.03544   0.15624  
 10 31.2363   4048.693249  x:  1.03943   1.44411   1.03382   0.28449   1.52840   0.33153   1.34797   0.45487   0.44459   0.52180   1.80133   0.26590   0.16355   0.13927   0.15199   0.00331   0.00000   1.39473   0.14615   0.03682   0.15170  
 11  9.5046   4047.316195  x:  1.11636   1.40881   0.98614   0.27117   1.54684   0.33868   1.31328   0.46633   0.46616   0.51908   1.91548   0.19876   0.18609   0.11194   0.18665   0.00405   0.00000   1.49738   0.15211   0.03925   0.16610  
 12  6.8681   4046.416791  x:  1.15894   1.39583   0.97363   0.26329   1.56201   0.34596   1.29358   0.48015   0.48748   0.53098   1.98373   0.18531   0.24637   0.13886   0.15069   0.00470   0.00000   1.56294   0.15571   0.03325   0.16312  
 13 24.1754   4043.321990  x:  1.13005   1.57087   1.29315   0.34476   1.65920   0.40397   1.36792   0.56382   0.45018   0.60631   2.02591   0.19431   0.22585   0.13711   0.15619   0.00736   0.00000   1.56686   0.15459   0.02987   0.16969  
 14  5.4392   4042.447203  x:  1.09889   1.60477   1.27346   0.44833   1.68952   0.34061   1.46596   0.46942   0.51462   0.54109   1.92895   0.16279   0.25647   0.13850   0.15601   0.00800   0.00000   1.54489   0.15742   0.02734   0.17105  
 15  5.2211   4041.952329  x:  1.06633   1.59677   1.16351   0.49659   1.71266   0.36231   1.54167   0.51516   0.49388   0.55466   1.80913   0.15719   0.26082   0.13886   0.15595   0.00836   0.00000   1.54199   0.15843   0.02577   0.17060  
 16  4.6670   4041.633838  x:  1.11724   1.62196   1.12122   0.52383   1.68747   0.36483   1.49763   0.47339   0.44130   0.60681   1.74119   0.14919   0.26617   0.13930   0.15512   0.00850   0.00000   1.52956   0.16023   0.02380   0.17036  
 17  2.1255   4040.934658  x:  1.22947   1.66932   1.09695   0.52928   1.60933   0.40495   1.40041   0.52527   0.48759   0.53529   1.67771   0.15527   0.26005   0.13731   0.15456   0.00877   0.00000   1.48323   0.15921   0.01998   0.16399  
 18  2.3569   4039.177775  x:  1.42502   1.62164   1.17199   0.61971   1.54079   0.32981   1.56046   0.60397   0.46402   0.54139   1.85558   0.15324   0.26158   0.12951   0.15004   0.00923   0.00000   1.54181   0.14515   0.01084   0.14674  
 19  2.4129   4038.403593  x:  1.47442   1.58762   1.19862   0.64366   1.66827   0.44408   1.60933   0.55118   0.45871   0.52933   1.96508   0.13468   0.28049   0.12484   0.14897   0.00945   0.00000   1.53018   0.13545   0.00744   0.13669  
 20  5.7454   4038.037195  x:  1.50748   1.67014   1.17808   0.66965   1.81700   0.37905   1.59107   0.58825   0.45835   0.53100   2.01367   0.13897   0.27967   0.11891   0.15226   0.00960   0.00000   1.53446   0.12967   0.01332   0.13163  
 21  1.4480   4037.730205  x:  1.49105   1.64743   1.19519   0.72784   1.71206   0.46298   1.63570   0.55405   0.45851   0.53931   2.05239   0.13200   0.29159   0.11358   0.15722   0.00985   0.00000   1.52456   0.12899   0.02212   0.13039  
 22  0.6698   4037.492598  x:  1.58087   1.55475   1.27515   0.77056   1.78767   0.43758   1.64402   0.57014   0.46974   0.54945   1.98560   0.13713   0.28921   0.11254   0.15742   0.01023   0.00000   1.51779   0.12842   0.02430   0.13374  
 23  0.4622   4037.034562  x:  1.66348   1.80993   1.25881   0.87891   1.88287   0.44967   1.74137   0.57999   0.49760   0.57793   2.03273   0.13970   0.29169   0.11362   0.15369   0.01111   0.00000   1.55754   0.12173   0.02390   0.14216  
 24  0.8967   4036.991075  x:  1.62881   1.80924   1.25326   0.91602   1.88923   0.43271   1.71624   0.59250   0.49099   0.58050   2.06067   0.13280   0.29711   0.11519   0.15350   0.01116   0.00000   1.53334   0.12187   0.02323   0.14234  
 25  0.7009   4036.855123  x:  1.69728   1.82810   1.30627   0.98365   1.92286   0.44394   1.77676   0.61687   0.49590   0.57825   2.09075   0.12592   0.29729   0.11993   0.15464   0.01113   0.00000   1.53168   0.11460   0.02330   0.13923  
 26  0.1683   4036.775214  x:  1.75250   1.83279   1.34876   1.02862   1.94030   0.47071   1.83234   0.63152   0.49553   0.56887   2.10877   0.12845   0.29269   0.12237   0.15505   0.01058   0.00000   1.53917   0.11372   0.02239   0.13886  
 27  0.0550   4036.724773  x:  1.79231   1.86839   1.37817   1.06500   1.97724   0.48678   1.87659   0.64350   0.49740   0.57841   2.15806   0.12795   0.29573   0.11787   0.15263   0.00948   0.00000   1.54140   0.10961   0.01979   0.14236  
 28  0.0533   4036.686972  x:  1.79257   1.88174   1.37831   1.05672   1.98713   0.48849   1.88048   0.64116   0.50116   0.58638   2.17237   0.12496   0.29953   0.12029   0.15448   0.00786   0.00000   1.54235   0.11005   0.01843   0.14070  
 29  0.0120   4036.674099  x:  1.78325   1.86728   1.36960   1.04176   1.97511   0.48018   1.86537   0.63826   0.50268   0.58095   2.15222   0.12654   0.29756   0.12065   0.15430   0.00722   0.00000   1.53858   0.11060   0.02051   0.13972  
 30  0.0194   4036.672665  x:  1.77700   1.86454   1.36402   1.04290   1.97101   0.47670   1.85865   0.63814   0.49999   0.57956   2.14531   0.12645   0.29727   0.11972   0.15402   0.00726   0.00000   1.53909   0.11111   0.02080   0.14051  
 31  0.0116   4036.672474  x:  1.77735   1.86688   1.36355   1.04688   1.97184   0.47668   1.85905   0.63824   0.49936   0.57998   2.14473   0.12640   0.29751   0.11984   0.15414   0.00719   0.00000   1.54027   0.11104   0.02070   0.14043  
 32  0.0035   4036.672446  x:  1.77631   1.86647   1.36315   1.04757   1.97122   0.47669   1.85826   0.63758   0.49956   0.57990   2.14342   0.12620   0.29762   0.11991   0.15410   0.00722   0.00000   1.54055   0.11109   0.02070   0.14040  
 33  0.0016   4036.672441  x:  1.77584   1.86599   1.36319   1.04761   1.97094   0.47680   1.85802   0.63735   0.49969   0.57983   2.14314   0.12623   0.29760   0.11987   0.15409   0.00721   0.00000   1.54048   0.11111   0.02068   0.14041  
 34  0.0007   4036.672440  x:  1.77574   1.86587   1.36317   1.04757   1.97086   0.47681   1.85799   0.63735   0.49965   0.57982   2.14310   0.12624   0.29758   0.11987   0.15410   0.00721   0.00000   1.54047   0.11111   0.02067   0.14041  
 35  0.0001   4036.672440  x:  1.77571   1.86585   1.36314   1.04753   1.97084   0.47681   1.85798   0.63735   0.49964   0.57982   2.14309   0.12623   0.29758   0.11988   0.15410   0.00721   0.00000   1.54048   0.11111   0.02067   0.14041  
 36  0.0001   4036.672440  x:  1.77571   1.86585   1.36314   1.04753   1.97084   0.47681   1.85798   0.63735   0.49964   0.57982   2.14308   0.12624   0.29758   0.11988   0.15410   0.00721   0.00000   1.54047   0.11111   0.02067   0.14041  
 37  0.0000   4036.672440  x:  1.77571   1.86585   1.36314   1.04753   1.97084   0.47681   1.85798   0.63735   0.49964   0.57982   2.14308   0.12624   0.29759   0.11988   0.15410   0.00721   0.00000   1.54047   0.11111   0.02067   0.14041  
 38  0.0000   4036.672440  x:  1.77571   1.86585   1.36314   1.04753   1.97084   0.47681   1.85798   0.63735   0.49964   0.57982   2.14308   0.12624   0.29759   0.11988   0.15410   0.00721   0.00000   1.54047   0.11111   0.02067   0.14041  