

TREE # 1

  0  0.0000   4090.073848  x:  0.41534   1.51871   1.31682   0.13795   1.50990   0.31655   1.12936   0.35745   0.68822   0.69049   1.34856   0.25111   0.14290   0.11007   0.16659   0.00514   0.00180   2.00000   0.20000   0.20000   0.20000  
  1 99.0000   4089.620288  x:  0.41599   1.51879   1.31682   0.13883   1.50997   0.31680   1.12951   0.35775   0.68787   0.69020   1.34879   0.25103   0.14320   0.10990   0.16657   0.00584   0.00000   1.99969   0.20063   0.19998   0.19943  
  2 183.4733   4084.871341  x:  0.44289   1.52204   1.31663   0.17456   1.51270   0.32704   1.13543   0.37017   0.67364   0.67810   1.35838   0.24762   0.15532   0.10278   0.16601   0.00095   0.00000   1.98703   0.22131   0.19914   0.17573  
  3 508.4622   4065.486805  x:  0.57994   1.53574   1.31188   0.35048   1.52323   0.37529   1.16364   0.43028   0.59170   0.60811   1.40745   0.22803   0.21702   0.07122   0.16340   0.00152   0.00000   1.92190   0.17291   0.19611   0.04715  
  4 446.9798   4059.511400  x:  0.67153   1.54393   1.30513   0.44285   1.52972   0.40067   1.18837   0.46817   0.52961   0.55672   1.44513   0.21899   0.24524   0.11565   0.18969   0.00175   0.00000   1.86311   0.15078   0.21813   0.10288  
  5 123.7175   4055.510200  x:  0.74061   1.54154   1.27661   0.40011   1.52826   0.38557   1.23198   0.47978   0.44718   0.49647   1.49496   0.13512   0.19980   0.15150   0.16637   0.00186   0.00000   1.75583   0.15393   0.26703   0.09003  
  6 41.3746   4051.135065  x:  0.84692   1.52923   1.21446   0.28210   1.52395   0.34547   1.30856   0.48649   0.36349   0.45223   1.58811   0.16566   0.24953   0.11314   0.15225   0.00215   0.00000   1.54730   0.15657   0.38646   0.08010  
  7 52.8917   4048.741992  x:  0.92972   1.51656   1.16648   0.23586   1.52388   0.32716   1.35220   0.49346   0.39517   0.49874   1.66024   0.15998   0.25204   0.12987   0.20258   0.00219   0.00000   1.41055   0.15289   0.46964   0.04616  
  8 51.0691   4047.603947  x:  0.98274   1.50698   1.13734   0.23299   1.52549   0.32211   1.37028   0.49725   0.42851   0.53502   1.70656   0.15038   0.22801   0.10021   0.18601   0.00242   0.00000   1.34630   0.14654   0.51534   0.05681  
  9 48.3177   4047.130064  x:  1.00786   1.49638   1.11793   0.23719   1.52779   0.31939   1.36981   0.49085   0.44279   0.54534   1.73790   0.16927   0.21789   0.12114   0.15368   0.00256   0.00000   1.34086   0.14632   0.54702   0.04959  
 10 17.3020   4045.760358  x:  1.08219   1.44266   1.04153   0.25283   1.53895   0.30799   1.33583   0.44576   0.44802   0.52493   1.86944   0.20261   0.16237   0.10593   0.17744   0.00291   0.00000   1.41894   0.15255   0.66949   0.03511  
 11 14.2359   4044.763118  x:  1.11916   1.40797   1.00596   0.24538   1.54733   0.31650   1.30365   0.45270   0.46561   0.53162   1.96724   0.14355   0.22894   0.10353   0.16647   0.00339   0.00000   1.48976   0.15610   0.73441   0.04153  
 12 12.3110   4042.919709  x:  1.11964   1.44397   1.12052   0.23991   1.58525   0.41239   1.29617   0.62436   0.45598   0.56444   2.07039   0.16968   0.20428   0.10271   0.17477   0.00489   0.00000   1.53541   0.15641   0.74819   0.04156  
 13  4.2545   4040.971687  x:  1.13954   1.55313   1.29865   0.34958   1.61734   0.34008   1.33537   0.51328   0.46752   0.58012   2.07816   0.15737   0.22990   0.10758   0.17968   0.00650   0.00000   1.50884   0.16004   0.71547   0.05376  
 14  6.7283   4039.968819  x:  1.12261   1.57405   1.20609   0.43915   1.69963   0.35295   1.52573   0.50738   0.52019   0.53088   1.89438   0.13644   0.25092   0.10536   0.17961   0.00732   0.00000   1.52534   0.15948   0.77891   0.05634  
 15  4.5672   4039.614610  x:  1.14953   1.59878   1.15447   0.47071   1.70627   0.35996   1.51549   0.50667   0.45057   0.60363   1.80809   0.12843   0.25573   0.10447   0.17880   0.00754   0.00000   1.52721   0.15997   0.82169   0.05515  
 16  3.0517   4038.938558  x:  1.23808   1.65599   1.09371   0.49968   1.65546   0.38111   1.38494   0.53783   0.48508   0.54637   1.72377   0.12543   0.26151   0.10369   0.18000   0.00782   0.00000   1.47136   0.15996   0.86592   0.05179  
 17  2.0882   4037.198341  x:  1.44809   1.60379   1.10304   0.58829   1.51942   0.30873   1.51309   0.62874   0.46965   0.54675   1.87952   0.14484   0.26981   0.10671   0.18668   0.00838   0.00000   1.48909   0.14654   0.82574   0.05225  
 18  1.9822   4036.036633  x:  1.55420   1.57259   1.18516   0.62581   1.62406   0.45408   1.58924   0.56215   0.45136   0.54942   2.02858   0.14203   0.28369   0.10559   0.18742   0.00878   0.00000   1.46392   0.13042   0.85168   0.04869  
 19  6.3790   4035.887085  x:  1.58051   1.62110   1.21315   0.63100   1.71596   0.40295   1.59145   0.59462   0.45740   0.54770   2.05177   0.13851   0.28495   0.10324   0.18548   0.00886   0.00000   1.48106   0.12641   0.88745   0.04601  
 20  1.9021   4035.765123  x:  1.60018   1.63617   1.17288   0.63869   1.79476   0.38127   1.58222   0.60136   0.45488   0.55067   2.08028   0.14392   0.28430   0.10578   0.18655   0.00903   0.00000   1.47292   0.12614   0.84347   0.05093  
 21  0.9043   4035.002090  x:  1.69934   1.79781   1.23734   0.74603   1.84186   0.43161   1.68162   0.59517   0.47320   0.56511   2.17545   0.11802   0.28800   0.09967   0.17385   0.01031   0.00000   1.49767   0.12387   1.02346   0.05418  
 22  0.6435   4034.913195  x:  1.79852   1.73853   1.29638   0.74144   1.87118   0.43308   1.69518   0.60073   0.48292   0.56663   2.13582   0.12149   0.28577   0.10021   0.17344   0.01049   0.00000   1.51125   0.12287   1.03391   0.05501  
 23  0.6773   4034.738546  x:  1.80724   1.70177   1.34412   0.84764   1.91319   0.41950   1.72789   0.63556   0.47985   0.57195   2.16748   0.12155   0.28227   0.10306   0.17537   0.01080   0.00000   1.46316   0.11740   1.10351   0.05200  
 24  0.3806   4034.621981  x:  1.87304   1.78958   1.34675   0.87882   1.92271   0.44971   1.78924   0.63785   0.48777   0.57947   2.20287   0.12809   0.27924   0.10540   0.17718   0.01101   0.00000   1.47825   0.11178   1.12062   0.05250  
 25  1.1839   4034.540303  x:  1.92203   1.86658   1.35970   0.92743   1.95972   0.46322   1.84079   0.65831   0.49580   0.58592   2.23023   0.12502   0.28358   0.10452   0.18114   0.01087   0.00000   1.50335   0.11065   1.22074   0.05193  
 26  0.0861   4034.495573  x:  1.97117   1.89044   1.39927   0.97149   2.00488   0.47052   1.88527   0.67779   0.50151   0.58891   2.25824   0.11623   0.29097   0.10192   0.17916   0.01026   0.00000   1.50480   0.10640   1.31195   0.05437  
 27  0.0798   4034.427066  x:  1.99765   1.90225   1.43529   0.98576   2.04645   0.47562   1.90975   0.69285   0.50030   0.59073   2.29392   0.12361   0.28790   0.10291   0.17668   0.00820   0.00000   1.48967   0.10465   1.42139   0.05355  
 28  0.0567   4034.398188  x:  1.99549   1.90276   1.42905   0.96472   2.03623   0.47836   1.90942   0.68759   0.49978   0.59062   2.29536   0.11792   0.29080   0.10540   0.17849   0.00701   0.00000   1.49574   0.10547   1.47659   0.05349  
 29  0.0456   4034.386823  x:  1.97445   1.88995   1.39984   0.93950   2.00039   0.47398   1.88785   0.67307   0.49829   0.58940   2.27381   0.11906   0.28923   0.10351   0.17997   0.00702   0.00000   1.49865   0.10696   1.46307   0.05292  
 30  0.0391   4034.376767  x:  1.95810   1.86517   1.38541   0.94850   1.98848   0.46242   1.86564   0.66849   0.49708   0.58667   2.24937   0.11910   0.28960   0.10364   0.17822   0.00660   0.00000   1.49146   0.10801   1.53626   0.05316  
 31  0.0222   4034.363047  x:  1.95489   1.86728   1.37906   0.97624   1.98886   0.46081   1.85747   0.66496   0.49761   0.58617   2.23096   0.11545   0.29300   0.10526   0.17881   0.00721   0.00000   1.49935   0.10833   1.65244   0.05360  
 32  0.0375   4034.330182  x:  1.96604   1.90889   1.40208   0.98425   2.00867   0.47983   1.87937   0.66128   0.49774   0.58911   2.25748   0.11199   0.29719   0.10307   0.18139   0.00648   0.00000   1.51479   0.10701   2.07262   0.05348  
 33  0.0876   4034.264853  x:  1.90083   1.84829   1.38314   0.92595   1.96748   0.46572   1.83247   0.64466   0.49399   0.58281   2.23824   0.11159   0.29479   0.10375   0.17879   0.00779   0.00000   1.49414   0.10993   2.80316   0.05274  
 34  0.1777   4034.229046  x:  1.94308   1.87084   1.40539   0.94259   2.00340   0.46946   1.87227   0.66883   0.49783   0.58681   2.26688   0.10318   0.30362   0.10529   0.17872   0.00755   0.00000   1.49470   0.10752   3.57672   0.05298  
 35  0.4455   4034.204471  x:  1.97816   1.88696   1.39544   0.93154   2.00648   0.46914   1.89026   0.68207   0.49793   0.58961   2.27623   0.10794   0.30149   0.10504   0.18011   0.00722   0.00000   1.49665   0.10688   4.38181   0.05227  
 36  0.4087   4034.183501  x:  1.95959   1.87170   1.37314   0.92601   1.98060   0.46340   1.86606   0.67012   0.49511   0.58684   2.25122   0.10174   0.30518   0.10347   0.17970   0.00736   0.00000   1.49659   0.10849   5.86853   0.05232  
 37  0.6786   4034.162152  x:  1.96208   1.87526   1.40073   0.95036   2.00122   0.46996   1.86894   0.66675   0.49523   0.58579   2.26437   0.10339   0.30222   0.10540   0.17843   0.00764   0.00000   1.49207   0.10740   8.21391   0.05238  
 38  0.7552   4034.147573  x:  1.96080   1.87971   1.39145   0.93391   1.99401   0.46964   1.87491   0.66693   0.49712   0.58768   2.26543   0.10007   0.30722   0.10422   0.18035   0.00718   0.00000   1.49973   0.10772  11.44639   0.05233  
 39  1.2602   4034.136834  x:  1.94589   1.86873   1.38977   0.94025   1.99380   0.46368   1.86907   0.67021   0.49742   0.58734   2.25881   0.10244   0.30489   0.10413   0.17884   0.00742   0.00000   1.49596   0.10808  16.60944   0.05249  
 40  1.4377   4034.130167  x:  1.95164   1.87553   1.39372   0.94340   1.99719   0.46832   1.87398   0.66998   0.49727   0.58767   2.26241   0.09908   0.30733   0.10509   0.17936   0.00740   0.00000   1.49719   0.10759  22.23797   0.05233  
 41  2.8378   4034.124504  x:  1.95966   1.88083   1.38959   0.93219   1.99145   0.47220   1.87299   0.66722   0.49613   0.58722   2.26105   0.10051   0.30639   0.10382   0.18033   0.00724   0.00000   1.49940   0.10788  33.79555   0.05236  
 42  3.0021   4034.120894  x:  1.95807   1.87440   1.39326   0.94256   1.99733   0.46782   1.87149   0.67028   0.49637   0.58698   2.26079   0.09923   0.30737   0.10481   0.17903   0.00741   0.00000   1.49482   0.10762  45.22712   0.05224  
 43  5.0775   4034.117691  x:  1.95647   1.87905   1.39006   0.93461   1.99352   0.46795   1.87413   0.66811   0.49730   0.58788   2.26551   0.09991   0.30690   0.10453   0.18010   0.00734   0.00000   1.49978   0.10779  75.64677   0.05226  
 44  6.1085   4034.116157  x:  1.95650   1.87521   1.39416   0.94248   1.99772   0.46729   1.87349   0.66959   0.49696   0.58734   2.26421   0.09894   0.30770   0.10442   0.17924   0.00738   0.00000   1.49630   0.10765  98.32766   0.05233  
 45 10.5271   4034.114794  x:  1.95723   1.87606   1.39089   0.93847   1.99368   0.46952   1.87248   0.66809   0.49646   0.58723   2.26101   0.09975   0.30678   0.10503   0.17969   0.00734   0.00000   1.49722   0.10770  159.60947   0.05212  
 46 13.1497   4034.114041  x:  1.95631   1.87699   1.39230   0.93949   1.99586   0.46903   1.87330   0.66945   0.49672   0.58731   2.26184   0.09889   0.30784   0.10426   0.17949   0.00736   0.00000   1.49734   0.10774  209.42186   0.05237  
 47 24.0244   4034.113441  x:  1.95541   1.87525   1.39265   0.94070   1.99637   0.46751   1.87225   0.66977   0.49685   0.58743   2.26233   0.09932   0.30724   0.10490   0.17938   0.00738   0.00000   1.49630   0.10763  324.09157   0.05218  
 48 27.7998   4034.113047  x:  1.95643   1.87730   1.39217   0.93891   1.99545   0.46866   1.87302   0.66891   0.49686   0.58742   2.26288   0.09900   0.30768   0.10438   0.17962   0.00735   0.00000   1.49779   0.10775  445.12436   0.05233  
 49 48.0229   4034.112741  x:  1.95754   1.87539   1.39295   0.94105   1.99639   0.46807   1.87328   0.66941   0.49674   0.58732   2.26312   0.09917   0.30744   0.10471   0.17935   0.00737   0.00000   1.49631   0.10762  713.58467   0.05221  
 50 64.1786   4034.112568  x:  1.95681   1.87707   1.39184   0.93869   1.99525   0.46864   1.87335   0.66879   0.49678   0.58737   2.26301   0.09903   0.30762   0.10445   0.17963   0.00736   0.00000   1.49772   0.10775  999.00000   0.05230  
 51 100.4505   4034.112536  x:  1.95682   1.87639   1.39237   0.93976   1.99582   0.46837   1.87319   0.66914   0.49679   0.58736   2.26288   0.09909   0.30755   0.10456   0.17951   0.00736   0.00000   1.49711   0.10769  999.00000   0.05227  
 52  0.0017   4034.112535  x:  1.95651   1.87634   1.39232   0.93973   1.99576   0.46837   1.87300   0.66915   0.49679   0.58736   2.26264   0.09908   0.30756   0.10456   0.17951   0.00736   0.00000   1.49712   0.10770  999.00000   0.05227  
 53  0.0003   4034.112535  x:  1.95652   1.87637   1.39234   0.93973   1.99577   0.46839   1.87301   0.66917   0.49679   0.58737   2.26263   0.09908   0.30756   0.10456   0.17951   0.00736   0.00000   1.49712   0.10770  999.00000   0.05227  