Supplemental results for CODEML (seqf: cds2.phylip  treef: tree.H2Cc.nwk)

Number of codon sites with 0,1,2,3 position differences
   2 vs.    1     32    40    43    21   0.5283 (0.6371 1.2059)
   3 vs.    1     27    45    41    23   0.3509 (0.6392 1.8215)
   3 vs.    2    111    31     3     0   0.0360 (0.0174 0.4845)
   4 vs.    1     22    35    46    32  -1.0000 (0.8079 -1.0000)
   4 vs.    2     30    37    43    31   0.3991 (0.7282 1.8246)
   4 vs.    3     25    41    47    28  -1.0000 (0.7045 -1.0000)
   5 vs.    1     19    45    43    27  -1.0000 (0.7353 -1.0000)
   5 vs.    2     26    34    54    25  -1.0000 (0.7031 -1.0000)
   5 vs.    3     20    40    52    27  -1.0000 (0.6987 -1.0000)
   5 vs.    4     31    51    34    23  -1.0000 (0.5020 -1.0000)
   6 vs.    1     53    46    26     6   0.0893 (0.2156 2.4135)
   6 vs.    2     23    43    46    19   0.3063 (0.6502 2.1229)
   6 vs.    3     22    45    41    23  -1.0000 (0.6436 -1.0000)
   6 vs.    4     19    43    35    33  -1.0000 (0.7886 -1.0000)
   6 vs.    5     17    43    42    28  -1.0000 (0.7573 -1.0000)
   7 vs.    1     38    52    30    16  -1.0000 (0.3490 -1.0000)
   7 vs.    2     28    42    49    18   0.3619 (0.6221 1.7189)
   7 vs.    3     29    41    46    21   0.2410 (0.6092 2.5280)
   7 vs.    4     19    46    42    29   0.2780 (0.7711 2.7739)
   7 vs.    5     16    43    47    29  -1.0000 (0.7806 -1.0000)
   7 vs.    6     41    55    23    12  -1.0000 (0.2711 -1.0000)
   8 vs.    1     59    51    15     7   0.0826 (0.1621 1.9642)
   8 vs.    2     25    40    48    19   0.3833 (0.6639 1.7320)
   8 vs.    3     22    46    46    18   0.3195 (0.6434 2.0141)
   8 vs.    4     22    38    40    31   0.1623 (0.7720 4.7581)
   8 vs.    5     18    39    51    23  -1.0000 (0.7545 -1.0000)
   8 vs.    6     49    56    17     9  -1.0000 (0.2075 -1.0000)
   8 vs.    7     42    50    28    12   0.0602 (0.3212 5.3338)
   9 vs.    1     31    41    42    22   0.5067 (0.6442 1.2714)
   9 vs.    2    143     2     0     0   0.2500 (0.0029 0.0115)
   9 vs.    3    111    31     3     0   0.0440 (0.0204 0.4631)
   9 vs.    4     29    39    42    31   0.3650 (0.7203 1.9733)
   9 vs.    5     26    34    53    26  -1.0000 (0.7126 -1.0000)
   9 vs.    6     23    43    45    20   0.3090 (0.6577 2.1282)
   9 vs.    7     28    42    48    19   0.3653 (0.6290 1.7218)
   9 vs.    8     24    41    47    20   0.3580 (0.6715 1.8754)
  10 vs.    1     30    38    47    21   0.3743 (0.6379 1.7042)
  10 vs.    2    108    34     3     0   0.0960 (0.0383 0.3993)
  10 vs.    3    115    27     3     0   0.0761 (0.0263 0.3457)
  10 vs.    4     29    35    49    28   0.2867 (0.7107 2.4791)
  10 vs.    5     24    36    57    22  -1.0000 (0.6557 -1.0000)
  10 vs.    6     24    41    42    24  -1.0000 (0.6523 -1.0000)
  10 vs.    7     28    39    50    20  -1.0000 (0.6103 -1.0000)
  10 vs.    8     29    37    45    21   0.4204 (0.6533 1.5541)
  10 vs.    9    108    34     3     0   0.1088 (0.0414 0.3802)

