

TREE # 1

  0  0.0000   3311.825852  x:  0.47404   1.15114   1.11887   0.08983   1.09375   0.34181   0.83778   0.18075   0.43239   0.74541   0.75985   0.17431   0.00000   0.24154   0.04765   0.01738   0.03694   2.00000   0.20000   0.20000   0.20000  
  1 99.0000   3285.920008  x:  0.48888   1.15709   1.12522   0.13762   1.09728   0.35095   0.83780   0.18741   0.43684   0.74595   0.77514   0.17719   0.02027   0.23408   0.08856   0.00000   0.01306   1.99217   0.25497   0.18914   0.19462  
  2 433.9534   3278.011066  x:  0.49624   1.16004   1.12837   0.16119   1.09902   0.35546   0.83779   0.19070   0.43904   0.74621   0.78272   0.17854   0.03011   0.23036   0.10854   0.00350   0.00161   1.98830   0.28158   0.18374   0.19193  
  3 6453.7167   3270.770049  x:  0.51982   1.16938   1.13844   0.23177   1.10392   0.36922   0.83685   0.20076   0.44578   0.74620   0.80718   0.17832   0.05197   0.21654   0.15695   0.00870   0.05193   1.97633   0.33498   0.16526   0.18186  
  4 799.4391   3222.841462  x:  0.64990   1.21957   1.19411   0.54473   1.11861   0.43062   0.81473   0.24702   0.47746   0.73129   0.94407   0.10879   0.04254   0.11171   0.21824   0.00737   0.04381   1.91775   0.17681   0.03876   0.08838  
  5 229.8559   3216.123621  x:  0.68211   1.23574   1.21300   0.58129   1.12178   0.44242   0.80832   0.26020   0.48928   0.72871   0.97731   0.09171   0.03310   0.11091   0.16648   0.00722   0.04221   1.89599   0.18855   0.00401   0.07814  
  6 149.9120   3210.595084  x:  0.73575   1.26318   1.24506   0.64004   1.12682   0.46154   0.79715   0.28194   0.50905   0.72437   1.03264   0.07822   0.03727   0.12042   0.09256   0.00698   0.03958   1.85836   0.19449   0.02732   0.08009  
  7 274.2443   3206.851778  x:  0.78359   1.29098   1.27815   0.66150   1.12983   0.47470   0.78448   0.30100   0.52856   0.72034   1.08156   0.09509   0.06887   0.15580   0.05956   0.00680   0.03786   1.81822   0.17876   0.01216   0.11672  
  8 150.4329   3200.246419  x:  0.90105   1.36667   1.36983   0.63435   1.13418   0.49887   0.74767   0.34646   0.57999   0.70966   1.20119   0.07206   0.02537   0.25745   0.07950   0.00642   0.03575   1.70676   0.16169   0.00799   0.15131  
  9 113.6311   3192.099755  x:  1.06408   1.47966   1.50606   0.51856   1.13523   0.52408   0.68735   0.40041   0.64618   0.68998   1.37033   0.12629   0.03986   0.28090   0.09759   0.00619   0.03518   1.54181   0.14301   0.01122   0.06938  
 10 128.3512   3186.218178  x:  1.20186   1.57966   1.62335   0.40464   1.13219   0.54278   0.62948   0.42735   0.68337   0.66611   1.52053   0.15905   0.01282   0.16077   0.11650   0.00594   0.03356   1.39763   0.14374   0.01535   0.12723  
 11 111.0337   3185.260307  x:  1.22887   1.61957   1.65101   0.37785   1.12578   0.54105   0.62011   0.35938   0.60877   0.65008   1.58373   0.10010   0.05707   0.15725   0.12026   0.00602   0.03397   1.39567   0.14477   0.01517   0.12889  
 12 11.9444   3184.628848  x:  1.23468   1.66102   1.66928   0.38517   1.12448   0.55435   0.66569   0.31262   0.54580   0.67524   1.65845   0.14726   0.02391   0.16757   0.11960   0.00588   0.03321   1.42611   0.14672   0.01511   0.12791  
 13  6.4096   3183.178825  x:  1.20895   1.77067   1.68729   0.36507   1.13996   0.58050   0.82563   0.33967   0.57184   0.79754   1.82896   0.10971   0.05383   0.15369   0.12687   0.00563   0.03167   1.53435   0.14117   0.01528   0.13432  
 14  7.1372   3177.795523  x:  1.08549   2.08070   1.70554   0.49642   1.30193   0.55936   0.70631   0.28639   0.81930   0.66863   2.07166   0.11975   0.05495   0.17469   0.13631   0.00480   0.02656   1.72073   0.15133   0.01376   0.13238  
 15  4.5106   3169.598741  x:  1.01955   2.40856   1.81076   0.73673   1.47609   0.58129   0.63377   0.67563   0.59711   0.64738   2.06332   0.07868   0.09169   0.19684   0.14467   0.00331   0.01694   1.51525   0.14557   0.00918   0.11646  
 16 10.3118   3165.628858  x:  1.15881   2.44902   1.97040   0.88331   1.42503   0.59780   0.60586   0.54908   0.65898   0.92324   1.90481   0.04668   0.11484   0.19903   0.14453   0.00254   0.01194   1.33284   0.13531   0.00668   0.10592  
 17 12.0687   3161.370729  x:  1.61999   2.32957   2.37031   0.98737   1.26649   0.74322   0.85091   0.49403   0.75167   0.78497   1.64550   0.01631   0.14271   0.18891   0.15404   0.00170   0.00634   1.45525   0.12971   0.00630   0.10750  
 18 10.3290   3157.908076  x:  1.74878   1.89255   2.64727   1.05818   1.33372   0.79142   0.66188   0.58460   0.72395   0.87966   1.92589   0.00610   0.15451   0.17247   0.16557   0.00123   0.00258   1.61051   0.12295   0.00799   0.11237  
 19  3.6396   3156.394127  x:  1.72788   1.79954   2.68187   1.09734   1.33381   0.74669   0.71962   0.56501   0.74717   0.83731   2.02074   0.00000   0.15877   0.16700   0.16741   0.00121   0.00229   1.53942   0.11739   0.00818   0.11030  
 20  6.0449   3156.394127  x:  1.72788   1.79954   2.68187   1.09734   1.33381   0.74669   0.71962   0.56501   0.74717   0.83731   2.02074   0.00000   0.15877   0.16700   0.16741   0.00121   0.00229   1.53942   0.11739   0.00818   0.11030  
 21  1.7559   3154.914982  x:  1.72790   1.79956   2.68185   1.09750   1.33380   0.74669   0.71961   0.56498   0.74715   0.83727   2.02078   0.00003   0.15881   0.16694   0.16752   0.00894   0.00628   1.53942   0.11636   0.00845   0.11019  
 22 723.3562   3154.619251  x:  1.72805   1.79970   2.68173   1.09854   1.33374   0.74673   0.71957   0.56480   0.74704   0.83703   2.02109   0.00017   0.15902   0.16653   0.16819   0.00770   0.00872   1.53936   0.11049   0.01005   0.10944  
 23 87.2945   3154.510367  x:  1.72902   1.80062   2.68140   1.10381   1.33378   0.74724   0.71972   0.56429   0.74684   0.83621   2.02278   0.00076   0.15993   0.16450   0.17125   0.00885   0.00615   1.53834   0.10920   0.01264   0.10592  
 24 25.3507   3153.999467  x:  1.73521   1.80655   2.67938   1.13712   1.33414   0.75056   0.72079   0.56123   0.74572   0.83115   2.03354   0.00410   0.16538   0.15169   0.18992   0.00758   0.00898   1.53161   0.11200   0.02135   0.08456  
 25 106.3680   3153.529909  x:  1.74135   1.81246   2.67732   1.17025   1.33444   0.75380   0.72182   0.55820   0.74464   0.82612   2.04422   0.00556   0.16946   0.13967   0.20513   0.00804   0.00799   1.52500   0.10885   0.01159   0.07158  
 26 97.9305   3152.372285  x:  1.76489   1.83534   2.66961   1.29595   1.33567   0.76618   0.72598   0.54745   0.74141   0.80778   2.08480   0.00344   0.17960   0.11313   0.24237   0.00786   0.00835   1.49861   0.10617   0.01069   0.09608  
 27 62.1239   3152.006270  x:  1.76917   1.83957   2.66825   1.31852   1.33590   0.76841   0.72680   0.54577   0.74110   0.80477   2.09209   0.00000   0.17869   0.11501   0.24193   0.00786   0.00835   1.49417   0.10565   0.01072   0.09600  
 28 82.1782   3149.905379  x:  1.82611   1.89691   2.65198   1.61691   1.33915   0.79827   0.74073   0.53144   0.74396   0.77470   2.18815   0.00000   0.25668   0.12119   0.18826   0.00786   0.00839   1.44403   0.09885   0.01167   0.09245  
 29 138.7045   3149.628701  x:  1.83739   1.91296   2.65457   1.66418   1.34069   0.80375   0.75075   0.55373   0.76647   0.80016   2.20245   0.00000   0.24766   0.10247   0.17658   0.00783   0.00847   1.46540   0.09775   0.01411   0.09230  
 30 10.0927   3148.714667  x:  1.88139   1.97926   2.67028   1.83782   1.34782   0.82469   0.79295   0.65358   0.86347   0.91568   2.25475   0.00000   0.25523   0.11625   0.19612   0.00777   0.00860   1.56756   0.09227   0.01398   0.09500  
 31 39.1336   3148.095595  x:  1.96375   2.15924   2.81638   1.90923   1.39200   0.83572   0.76659   0.66516   0.78450   0.91822   2.30951   0.00000   0.24928   0.11809   0.19358   0.00778   0.00853   1.71045   0.09249   0.01441   0.09764  
 32  3.1617   3146.910092  x:  2.11639   2.51417   3.14802   1.96690   1.49896   0.86164   0.80298   0.70027   0.83788   0.97282   2.42493   0.00000   0.23265   0.12088   0.19323   0.00774   0.00861   1.60694   0.07820   0.01466   0.09483  
 33  5.3897   3145.515328  x:  2.17289   2.61526   3.33112   2.11079   1.47753   0.81672   0.90695   0.57497   1.04967   0.84273   2.60449   0.00000   0.20253   0.12667   0.19375   0.00794   0.00813   1.65471   0.07822   0.01568   0.09470  
 34  2.2043   3143.120704  x:  2.19440   2.55409   3.45197   2.41033   1.53981   0.94090   1.01152   0.71208   0.92478   0.88546   2.88826   0.00000   0.14327   0.13973   0.19116   0.00830   0.00727   1.55930   0.07469   0.01650   0.09187  
 35  3.6971   3143.029921  x:  2.19815   2.54785   3.46430   2.44647   1.54817   0.95534   1.01785   0.72451   0.91206   0.89246   2.91986   0.01960   0.13701   0.14081   0.19161   0.00834   0.00718   1.54801   0.07431   0.01672   0.09152  
 36 25.7884   3142.678223  x:  2.23291   2.55380   3.45111   2.53653   1.59313   0.98564   0.89907   0.67510   0.93036   0.95519   2.95084   0.01907   0.13465   0.13669   0.20254   0.00837   0.00708   1.52438   0.07429   0.01861   0.09056  
 37  3.9661   3142.326150  x:  2.37056   2.62010   3.36549   2.63146   1.73408   1.02403   0.85449   0.72817   0.99039   0.90803   2.89459   0.02326   0.13177   0.14821   0.18630   0.00833   0.00705   1.53595   0.07232   0.01446   0.09101  
 38  1.1578   3141.794639  x:  2.63999   2.80546   3.22333   2.89593   1.83147   0.97607   0.95136   0.72879   0.98308   0.89228   2.82605   0.00950   0.14982   0.13902   0.20914   0.00812   0.00727   1.52204   0.06850   0.01607   0.09003  
 39  3.3859   3141.521433  x:  2.74253   2.88779   3.19433   2.99783   1.79958   0.91965   0.99022   0.69244   0.96364   0.97629   2.80843   0.00931   0.14971   0.15025   0.19313   0.00805   0.00729   1.52028   0.06774   0.01174   0.09056  
 40  2.9507   3141.167837  x:  2.74757   2.97850   3.32169   3.18871   1.64863   0.99393   0.93954   0.76233   0.99181   0.95793   2.91618   0.00000   0.16040   0.15196   0.19386   0.00783   0.00754   1.52106   0.06543   0.01046   0.09108  
 41  1.2577   3141.039114  x:  2.69712   3.00036   3.41139   3.29734   1.67676   1.09010   0.98319   0.72145   1.00215   0.97860   2.97792   0.00000   0.16515   0.15314   0.19307   0.00768   0.00773   1.54526   0.06333   0.01030   0.09204  
 42  1.5135   3140.801688  x:  2.52258   3.04889   3.59252   3.57778   1.78682   1.00312   0.98605   0.75329   1.01393   0.98175   3.05808   0.00000   0.17416   0.15430   0.19228   0.00735   0.00811   1.56374   0.06330   0.01164   0.09341  
 43  0.9546   3140.589485  x:  2.75473   3.05140   3.75033   3.80448   1.83283   1.09393   1.03166   0.77469   1.04002   1.01028   3.31426   0.00000   0.15785   0.15592   0.18734   0.00711   0.00817   1.57955   0.06060   0.01273   0.09535  
 44  0.4674   3140.447817  x:  2.98539   3.26072   3.91290   4.07708   1.87908   1.20449   1.09283   0.81508   1.10346   1.04218   3.43372   0.00000   0.17216   0.15301   0.18717   0.00722   0.00753   1.56270   0.05635   0.01100   0.09444  
 45  0.2949   3140.401375  x:  3.03323   3.35923   4.03728   4.18869   1.97989   1.19154   1.12223   0.84083   1.13131   1.06949   3.52000   0.00000   0.16768   0.15153   0.18761   0.00719   0.00744   1.56456   0.05395   0.01106   0.09441  
 46  0.3601   3140.355182  x:  3.05003   3.49026   4.12461   4.25458   2.03574   1.22078   1.15342   0.85228   1.15717   1.09807   3.54016   0.00000   0.16261   0.14936   0.18832   0.00713   0.00750   1.57403   0.05345   0.01161   0.09429  
 47  0.3335   3140.324520  x:  3.17684   3.53706   4.24492   4.29541   2.11525   1.20861   1.17746   0.87495   1.18261   1.13076   3.68803   0.00000   0.16649   0.14800   0.18910   0.00699   0.00775   1.59447   0.05215   0.01250   0.09432  
 48  0.2870   3140.315089  x:  3.25622   3.60266   4.35384   4.35954   2.14622   1.24669   1.20437   0.88879   1.20406   1.14833   3.74066   0.00000   0.16652   0.14967   0.18773   0.00702   0.00770   1.59021   0.05082   0.01157   0.09469  
 49  0.1280   3140.313695  x:  3.26332   3.61719   4.36376   4.35798   2.14847   1.25512   1.20725   0.89057   1.20543   1.15011   3.75658   0.00000   0.16646   0.15019   0.18812   0.00707   0.00770   1.58832   0.05077   0.01183   0.09470  
 50  0.0241   3140.313513  x:  3.27078   3.62823   4.37759   4.36934   2.15738   1.25751   1.21053   0.89316   1.20746   1.15237   3.77221   0.00000   0.16625   0.15028   0.18842   0.00709   0.00770   1.58959   0.05058   0.01182   0.09477  
 51  0.0224   3140.313468  x:  3.27115   3.62714   4.38020   4.37403   2.15835   1.25712   1.21049   0.89316   1.20692   1.15189   3.77120   0.00000   0.16629   0.15033   0.18835   0.00711   0.00772   1.58985   0.05059   0.01180   0.09476  
 52  0.0032   3140.313457  x:  3.27171   3.62839   4.37994   4.37568   2.15829   1.25754   1.21060   0.89311   1.20700   1.15189   3.77127   0.00000   0.16632   0.15030   0.18831   0.00713   0.00773   1.58965   0.05058   0.01183   0.09474  
 53  0.0021   3140.313453  x:  3.27153   3.62867   4.37847   4.37497   2.15823   1.25729   1.21048   0.89300   1.20702   1.15187   3.77154   0.00000   0.16632   0.15027   0.18832   0.00714   0.00773   1.58958   0.05058   0.01181   0.09473  
 54  0.0013   3140.313452  x:  3.27195   3.62833   4.37886   4.37470   2.15812   1.25729   1.21052   0.89299   1.20715   1.15196   3.77117   0.00000   0.16630   0.15027   0.18833   0.00714   0.00773   1.58962   0.05058   0.01182   0.09474  
 55  0.0006   3140.313452  x:  3.27172   3.62827   4.37878   4.37452   2.15805   1.25730   1.21051   0.89301   1.20715   1.15196   3.77120   0.00000   0.16631   0.15028   0.18832   0.00714   0.00773   1.58964   0.05058   0.01182   0.09474  
 56  0.0002   3140.313452  x:  3.27163   3.62821   4.37875   4.37448   2.15802   1.25729   1.21050   0.89301   1.20714   1.15195   3.77116   0.00000   0.16631   0.15028   0.18832   0.00714   0.00773   1.58963   0.05058   0.01182   0.09474  
 57  0.0002   3140.313452  x:  3.27161   3.62820   4.37874   4.37447   2.15802   1.25729   1.21050   0.89301   1.20713   1.15195   3.77116   0.00000   0.16631   0.15028   0.18833   0.00714   0.00773   1.58963   0.05058   0.01182   0.09474  
 58  0.0001   3140.313452  x:  3.27161   3.62820   4.37874   4.37447   2.15802   1.25729   1.21050   0.89301   1.20713   1.15195   3.77116   0.00000   0.16631   0.15028   0.18833   0.00714   0.00773   1.58963   0.05058   0.01182   0.09474  
 59  0.0000   3140.313452  x:  3.27161   3.62819   4.37874   4.37447   2.15802   1.25729   1.21050   0.89301   1.20713   1.15194   3.77115   0.00000   0.16631   0.15028   0.18833   0.00714   0.00773   1.58963   0.05058   0.01182   0.09474  