

TREE # 1

  0  0.0000   6570.843527  x:  0.00000   0.40404   0.32152   0.12356   0.29622   0.08267   0.25231   0.06893   0.22539   0.20778   0.22078   0.10503   0.02417   0.11265   0.03841   0.07868   0.08203   2.00000   0.20000   0.20000  
  1 99.0000   5995.936665  x:  1.72992   0.52311   0.48676   0.38015   0.37838   0.20896   0.35978   0.19443   0.29059   0.26778   0.40746   0.16050   0.14572   0.13026   0.18256   0.00000   0.00524   1.97958   0.19665   0.17775  
  2 5496.1415   5953.142264  x:  1.73251   0.54202   0.50690   0.39821   0.39110   0.22129   0.37852   0.20435   0.30282   0.27946   0.42503   0.15429   0.13994   0.12510   0.17594   0.00000   0.01852   1.97517   0.11772   0.16983  
  3 741.6697   5924.264231  x:  1.72002   0.57360   0.54032   0.42733   0.41264   0.24105   0.40887   0.22091   0.32282   0.29820   0.45410   0.14581   0.13218   0.11618   0.16655   0.00000   0.00108   1.96543   0.11158   0.15704  
  4 574.9214   5804.471223  x:  1.61615   0.84611   0.82882   0.67891   0.59818   0.41087   0.66972   0.36343   0.49454   0.45884   0.70513   0.07423   0.06737   0.04060   0.08779   0.04077   0.00709   1.88034   0.10836   0.04634  
  5 7530.9477   5759.816364  x:  1.57134   0.93574   0.92368   0.75936   0.65262   0.45533   0.74514   0.39872   0.53765   0.49698   0.78640   0.09816   0.10150   0.14122   0.12255   0.00863   0.02310   1.84707   0.10790   0.00010  
  6 821.9311   5757.029091  x:  1.56852   0.94206   0.93053   0.76473   0.65473   0.45552   0.74773   0.39837   0.53707   0.49566   0.79197   0.10300   0.10725   0.14092   0.12672   0.00000   0.02642   1.84337   0.10831   0.01221  
  7 277.2136   5743.997762  x:  1.55423   0.97623   0.96772   0.79314   0.66190   0.44929   0.75513   0.38955   0.52517   0.47878   0.82185   0.12687   0.13932   0.12159   0.14583   0.00000   0.00323   1.82021   0.09769   0.00679  
  8 163.4408   5738.832667  x:  1.54270   1.01532   1.01099   0.82434   0.66124   0.42684   0.75015   0.36511   0.49373   0.43950   0.85544   0.14819   0.17315   0.09229   0.16765   0.00000   0.01159   1.78627   0.09677   0.00010  
  9 221.2337   5727.128439  x:  1.53358   1.11303   1.12164   0.90156   0.64653   0.34421   0.72038   0.28378   0.39972   0.32106   0.93967   0.08762   0.14377   0.11535   0.16913   0.00000   0.00904   1.68486   0.09323   0.00010  
 10 169.6388   5725.319917  x:  1.53579   1.12903   1.14327   0.91241   0.63132   0.29552   0.69934   0.26040   0.41730   0.33320   0.95487   0.09640   0.15593   0.12499   0.12713   0.00000   0.00905   1.63710   0.09263   0.00010  
 11 45.1892   5725.018110  x:  1.53599   1.13061   1.14549   0.91346   0.62972   0.29016   0.69707   0.25810   0.41945   0.33478   0.95641   0.09708   0.15686   0.12578   0.12372   0.00000   0.00905   1.63172   0.09255   0.00562  
 12 295.0820   5723.916771  x:  1.53577   1.13680   1.15772   0.91621   0.61859   0.24120   0.67841   0.25034   0.44844   0.35990   0.96480   0.08658   0.15155   0.12154   0.14536   0.00000   0.00917   1.57647   0.09121   0.00517  
 13 45.0667   5722.963565  x:  1.53627   1.11843   1.15205   0.90146   0.65011   0.21198   0.68184   0.30443   0.44606   0.34825   0.96418   0.08419   0.15544   0.12267   0.14179   0.00000   0.00933   1.46699   0.08854   0.00539  
 14 16.0356   5722.508027  x:  1.53779   1.10175   1.14730   0.89117   0.69179   0.22533   0.69423   0.26528   0.45157   0.34954   0.96996   0.09105   0.14882   0.12260   0.14338   0.00000   0.00936   1.42264   0.08756   0.00518  
 15  7.0733   5717.006601  x:  1.51947   1.04132   1.25796   0.86289   0.78197   0.09662   0.86406   0.26339   0.40741   0.40379   1.16978   0.12498   0.12873   0.13062   0.14715   0.00000   0.00915   1.51082   0.08015   0.00470  
 16  2.5022   5709.597011  x:  1.48174   1.07755   1.42006   0.87290   0.83057   0.18634   0.80080   0.31240   0.52553   0.35303   1.34459   0.07659   0.18690   0.14123   0.15108   0.00000   0.00890   1.59025   0.06762   0.00684  
 17 18.6419   5705.339168  x:  1.46920   1.31845   1.43302   0.94505   0.70242   0.28744   0.91854   0.30036   0.46287   0.43051   1.18487   0.08772   0.18471   0.14632   0.15479   0.00000   0.00822   1.52764   0.06291   0.00678  
 18 12.4450   5701.674803  x:  1.44688   1.47355   1.32172   1.20641   0.82004   0.17694   0.99546   0.30141   0.57487   0.33343   1.06128   0.09529   0.18750   0.14871   0.15841   0.00000   0.00726   1.58039   0.06248   0.00688  
 19  7.4779   5692.221028  x:  1.37671   1.61282   1.36547   1.50465   1.01259   0.21264   0.81148   0.36505   0.39328   0.55955   1.25950   0.09262   0.20463   0.15642   0.16545   0.00000   0.00387   1.60714   0.06425   0.00758  
 20  5.6692   5684.293809  x:  1.34333   1.64092   1.60225   1.42970   0.90240   0.26716   0.98655   0.36291   0.52320   0.45491   1.43353   0.06562   0.24732   0.15795   0.17432   0.00000   0.00118   1.58312   0.06872   0.00772  
 21 12.8894   5683.039355  x:  1.33490   1.64802   1.66205   1.41078   0.87459   0.28093   1.03076   0.36237   0.55601   0.42849   1.47747   0.05882   0.25809   0.15834   0.17656   0.00674   0.00050   1.57705   0.06985   0.00775  
 22 8605.9391   5682.070346  x:  1.33777   1.73812   1.80710   1.33125   0.97771   0.24034   0.99419   0.38071   0.56589   0.42466   1.42151   0.10832   0.20513   0.16261   0.17576   0.00527   0.00128   1.60662   0.06943   0.00625  
 23  1.9030   5678.065189  x:  1.31155   1.77946   1.93853   1.39745   1.04297   0.22599   1.03612   0.37693   0.56221   0.45090   1.47820   0.00011   0.29130   0.17239   0.16458   0.00000   0.00397   1.60369   0.06594   0.00955  
 24  2.2273   5673.122090  x:  1.25032   1.84789   2.09547   1.63568   1.01660   0.26038   1.06907   0.41338   0.61113   0.42148   1.76006   0.09419   0.16221   0.19672   0.15341   0.00000   0.01013   1.53281   0.05735   0.00820  
 25 16.1028   5672.351383  x:  1.24676   2.05937   1.97844   1.52678   1.05332   0.24372   1.08856   0.41559   0.62996   0.40802   1.93773   0.06044   0.19448   0.19606   0.15166   0.00000   0.01041   1.53880   0.05602   0.00931  
 26  2.4746   5669.119709  x:  1.18851   2.15174   2.28965   1.69287   1.11175   0.24035   1.17006   0.41586   0.63688   0.40041   2.05138   0.00000   0.27275   0.18119   0.15509   0.00000   0.00998   1.53477   0.05098   0.00908  
 27  0.8195   5665.970326  x:  1.09726   2.43968   2.72426   1.96006   1.16979   0.26395   1.31921   0.42147   0.65454   0.37716   2.27736   0.00000   0.29215   0.14839   0.15731   0.00000   0.00729   1.56580   0.05015   0.00596  
 28  0.4603   5665.273740  x:  1.07623   2.53175   2.82461   2.03355   1.19720   0.26352   1.34694   0.43213   0.66203   0.37615   2.34426   0.00000   0.25128   0.14285   0.15670   0.00000   0.00660   1.57346   0.04785   0.00540  
 29  0.3812   5665.140264  x:  1.06504   2.58083   2.87781   2.07258   1.21180   0.26332   1.36171   0.43779   0.66597   0.37570   2.37995   0.02944   0.22982   0.13988   0.15637   0.00000   0.00623   1.57756   0.04663   0.00512  
 30 31.9126   5664.664079  x:  1.05372   2.69198   2.89277   2.12132   1.24719   0.27234   1.38921   0.44870   0.65586   0.41490   2.44733   0.00490   0.26110   0.12984   0.15289   0.00000   0.00828   1.60053   0.04496   0.00945  
 31  0.1134   5664.469255  x:  1.06151   2.73109   2.87519   2.13167   1.24208   0.28474   1.40560   0.45612   0.65567   0.42541   2.46150   0.00834   0.25506   0.12117   0.15569   0.00000   0.00778   1.59915   0.04581   0.01067  
 32  0.0315   5663.994556  x:  1.11415   2.77453   2.80411   2.13072   1.22911   0.31268   1.45876   0.48893   0.68338   0.42466   2.50933   0.00366   0.25669   0.11268   0.16291   0.00000   0.00587   1.56313   0.04374   0.01341  
 33  0.0237   5662.775107  x:  1.30295   2.67550   2.68888   2.10991   1.24535   0.35195   1.53872   0.55547   0.73225   0.41863   2.42873   0.01868   0.25338   0.13223   0.15041   0.00000   0.00880   1.58686   0.04372   0.01729  
 34  0.0645   5660.235961  x:  1.58397   2.88491   3.30320   2.45896   1.48988   0.36177   1.80594   0.65736   0.78864   0.37292   2.61315   0.01259   0.24625   0.09902   0.15658   0.00000   0.00899   1.68256   0.03751   0.01729  
 35  0.2016   5658.643444  x:  1.76117   2.87711   3.41667   2.49706   1.55091   0.35783   1.85914   0.67528   0.79345   0.35381   2.66294   0.00000   0.26717   0.11099   0.15942   0.00000   0.00799   1.66824   0.03768   0.01534  
 36  0.1923   5658.643444  x:  1.76117   2.87711   3.41667   2.49706   1.55091   0.35783   1.85914   0.67528   0.79345   0.35381   2.66294   0.00000   0.26717   0.11099   0.15942   0.00000   0.00799   1.66824   0.03768   0.01534  
 37  0.7210   5658.622213  x:  1.76119   2.87712   3.41667   2.49706   1.55090   0.35782   1.85913   0.67526   0.79344   0.35382   2.66294   0.00001   0.26718   0.11105   0.15944   0.00000   0.00792   1.66823   0.03729   0.01524  
 38 100.8338   5658.557820  x:  1.76179   2.87731   3.41671   2.49718   1.55070   0.35763   1.85887   0.67484   0.79336   0.35416   2.66316   0.00028   0.26745   0.11257   0.15986   0.00000   0.00644   1.66798   0.03733   0.01262  
 39 38.3029   5658.490355  x:  1.76272   2.87762   3.41677   2.49737   1.55039   0.35733   1.85847   0.67419   0.79322   0.35468   2.66350   0.00068   0.26785   0.11487   0.16047   0.00000   0.00725   1.66758   0.03733   0.00921  
 40 84.4479   5658.357828  x:  1.76878   2.87960   3.41718   2.49859   1.54839   0.35534   1.85584   0.66990   0.79232   0.35808   2.66571   0.00292   0.26996   0.12808   0.16324   0.00000   0.00732   1.66499   0.03728   0.01052  
 41 23.8971   5657.921005  x:  1.80503   2.89142   3.41963   2.50596   1.53656   0.34375   1.84013   0.64465   0.78634   0.37721   2.67888   0.00000   0.26834   0.13314   0.15039   0.00000   0.00728   1.65009   0.03724   0.01023  
 42 14.3116   5656.919567  x:  1.94824   2.93807   3.42898   2.53504   1.49062   0.30100   1.77824   0.54857   0.75764   0.44316   2.73105   0.00844   0.27867   0.11743   0.17075   0.00000   0.00736   1.59533   0.03674   0.01076  
 43 70.2492   5656.799725  x:  1.96706   2.94412   3.42998   2.53894   1.48590   0.29907   1.77060   0.54124   0.74992   0.44348   2.73796   0.00000   0.27196   0.11802   0.17670   0.00000   0.00738   1.59277   0.03684   0.01084  
 44 20.8454   5656.370140  x:  2.07292   2.97779   3.43401   2.56111   1.46633   0.30974   1.73053   0.53055   0.69058   0.40600   2.77740   0.00000   0.27884   0.11900   0.17258   0.00000   0.00738   1.60306   0.03683   0.01080  
 45 15.9094   5656.129655  x:  2.11280   2.99013   3.43359   2.56942   1.46697   0.33663   1.72042   0.56306   0.69974   0.40399   2.79249   0.00000   0.26680   0.11788   0.15973   0.00000   0.00731   1.62850   0.03613   0.01048  
 46  8.1331   5655.646555  x:  2.32975   3.06005   3.43836   2.61513   1.44658   0.40675   1.65678   0.62341   0.71855   0.43153   2.87401   0.00000   0.27553   0.11768   0.17165   0.00000   0.00740   1.67981   0.03569   0.01096  
 47 17.7790   5655.435076  x:  2.43549   3.11694   3.46022   2.65191   1.47808   0.44949   1.71373   0.66165   0.74924   0.40802   2.92505   0.00000   0.27580   0.11754   0.17273   0.00000   0.00741   1.61187   0.03433   0.01097  
 48  3.5467   5655.008281  x:  2.66362   3.30493   3.58283   2.78009   1.59137   0.42854   1.98327   0.65474   0.80144   0.39240   3.07737   0.00000   0.27900   0.11836   0.17307   0.00000   0.00747   1.66957   0.03214   0.01121  
 49  4.0166   5654.797358  x:  2.70957   3.43671   3.73045   2.88907   1.65838   0.39305   2.04411   0.73500   0.74981   0.44707   3.18705   0.00000   0.28040   0.11864   0.17290   0.00000   0.00751   1.66167   0.03069   0.01129  
 50  2.6860   5654.534938  x:  2.71955   3.60811   3.96697   3.05125   1.74990   0.42021   2.01808   0.71712   0.79605   0.42902   3.34665   0.00000   0.28155   0.12038   0.16951   0.00000   0.00755   1.66461   0.02927   0.01128  
 51  3.1412   5654.213878  x:  2.77214   3.66144   4.14350   3.13862   1.61991   0.44846   2.08376   0.72178   0.80258   0.43746   3.48307   0.00000   0.28101   0.12344   0.16163   0.00000   0.00757   1.65903   0.02930   0.01107  
 52  0.6775   5654.087316  x:  2.83061   3.66376   4.18235   3.15826   1.70980   0.48749   2.09505   0.69846   0.76428   0.47926   3.51334   0.00000   0.28097   0.12432   0.15880   0.00000   0.00758   1.65973   0.02924   0.01101  
 53  1.1210   5654.019268  x:  2.89317   3.67827   4.20126   3.17716   1.77721   0.42461   2.08261   0.72312   0.78502   0.46433   3.52806   0.00000   0.28152   0.12464   0.15727   0.00000   0.00758   1.65751   0.02924   0.01098  
 54  1.1080   5653.839506  x:  3.19598   3.98764   4.38712   3.43224   1.87272   0.46509   2.25811   0.78893   0.80067   0.48003   3.70298   0.00000   0.28082   0.12170   0.16212   0.00000   0.00753   1.65885   0.02690   0.01133  
 55  0.4573   5653.803257  x:  3.26348   4.02149   4.48758   3.42916   1.91831   0.47398   2.30408   0.80874   0.81012   0.47911   3.88936   0.00000   0.27980   0.12110   0.16476   0.00000   0.00753   1.66202   0.02638   0.01143  
 56  0.2925   5653.778874  x:  3.31324   4.08630   4.57914   3.49782   1.94006   0.49025   2.32956   0.82093   0.81707   0.47743   3.89237   0.00000   0.27922   0.12113   0.16602   0.00000   0.00753   1.66671   0.02623   0.01148  
 57  0.1904   5653.773997  x:  3.33797   4.09665   4.60981   3.56665   1.95769   0.49427   2.35114   0.82985   0.82006   0.47853   3.92695   0.00000   0.27918   0.12131   0.16566   0.00000   0.00754   1.66724   0.02597   0.01149  
 58  0.1847   5653.770953  x:  3.36599   4.14780   4.65854   3.58790   1.97833   0.50000   2.37578   0.84110   0.82342   0.47992   3.95919   0.00000   0.27931   0.12155   0.16483   0.00000   0.00754   1.66775   0.02567   0.01151  
 59  0.1359   5653.770283  x:  3.36055   4.15842   4.65489   3.58976   1.98283   0.49972   2.37983   0.84337   0.82364   0.48031   3.97051   0.00000   0.27957   0.12156   0.16456   0.00000   0.00754   1.66754   0.02567   0.01151  
 60  0.0236   5653.770002  x:  3.36229   4.15297   4.66640   3.58973   1.98573   0.49994   2.38404   0.84539   0.82417   0.48044   3.97223   0.00000   0.27995   0.12149   0.16456   0.00000   0.00754   1.66746   0.02565   0.01151  
 61  0.0189   5653.769975  x:  3.36238   4.15508   4.66662   3.59187   1.98662   0.50017   2.38577   0.84603   0.82459   0.48053   3.97307   0.00000   0.28007   0.12146   0.16468   0.00000   0.00754   1.66765   0.02564   0.01151  
 62  0.0032   5653.769974  x:  3.36186   4.15449   4.66589   3.59128   1.98628   0.50016   2.38550   0.84590   0.82464   0.48050   3.97230   0.00000   0.28006   0.12147   0.16466   0.00000   0.00754   1.66764   0.02564   0.01151  
 63  0.0014   5653.769974  x:  3.36181   4.15444   4.66582   3.59123   1.98625   0.50016   2.38548   0.84590   0.82465   0.48050   3.97224   0.00000   0.28005   0.12147   0.16466   0.00000   0.00754   1.66764   0.02564   0.01151  
 64  0.0003   5653.769974  x:  3.36179   4.15442   4.66581   3.59121   1.98624   0.50016   2.38547   0.84590   0.82466   0.48050   3.97223   0.00000   0.28005   0.12147   0.16466   0.00000   0.00754   1.66764   0.02564   0.01151  
 65  0.0002   5653.769974  x:  3.36179   4.15442   4.66581   3.59121   1.98624   0.50017   2.38546   0.84590   0.82466   0.48050   3.97222   0.00000   0.28005   0.12147   0.16466   0.00000   0.00754   1.66764   0.02564   0.01151  
 66  0.0001   5653.769974  x:  3.36179   4.15442   4.66580   3.59121   1.98624   0.50017   2.38546   0.84590   0.82466   0.48050   3.97222   0.00000   0.28005   0.12147   0.16466   0.00000   0.00754   1.66764   0.02564   0.01151  
 67  0.0001   5653.769974  x:  3.36178   4.15441   4.66580   3.59121   1.98624   0.50017   2.38546   0.84590   0.82466   0.48050   3.97222   0.00000   0.28005   0.12147   0.16466   0.00000   0.00754   1.66764   0.02564   0.01151  