Supplemental results for CODEML (seqf: cds11.phylip  treef: tree.H2C2cw.nwk)

Number of codon sites with 0,1,2,3 position differences
   2 vs.    1     45   101   120    64  -1.0000 (0.7446 -1.0000)
   3 vs.    1     48    91   126    65  -1.0000 (0.7542 -1.0000)
   3 vs.    2    267    70     4     0   0.0518 (0.0199 0.3836)
   4 vs.    1     35   101   109    84   0.2768 (0.9259 3.3444)
   4 vs.    2     42    94   126    68   0.3976 (0.8663 2.1790)
   4 vs.    3     42    99   120    69   0.4330 (0.8614 1.9893)
   5 vs.    1     29   107   127    72  -1.0000 (0.8920 -1.0000)
   5 vs.    2     40   100   116    80  -1.0000 (0.8586 -1.0000)
   5 vs.    3     37   103   118    78  -1.0000 (0.8368 -1.0000)
   5 vs.    4     81   124    85    42   0.0735 (0.4251 5.7860)
   6 vs.    1     91   127    91    30  -1.0000 (0.3472 -1.0000)
   6 vs.    2     44   104   123    58  -1.0000 (0.7132 -1.0000)
   6 vs.    3     47    97   125    60  -1.0000 (0.7267 -1.0000)
   6 vs.    4     43    91   106    88  -1.0000 (0.9060 -1.0000)
   6 vs.    5     47    90   115    82   0.4795 (0.9144 1.9070)
   7 vs.    1    132   147    54     7   0.0764 (0.1660 2.1734)
   7 vs.    2     51   111   109    58   0.1692 (0.6800 4.0182)
   7 vs.    3     56    99   111    63   0.1501 (0.7029 4.6814)
   7 vs.    4     45    87   117    79   0.4113 (0.9081 2.2079)
   7 vs.    5     35    92   120    87  -1.0000 (0.9337 -1.0000)
   7 vs.    6    113   119    76    31   0.0819 (0.3072 3.7517)
   8 vs.    1     85   133    87    35  -1.0000 (0.3839 -1.0000)
   8 vs.    2     53   110   117    49  -1.0000 (0.6241 -1.0000)
   8 vs.    3     52   112   117    48  -1.0000 (0.6332 -1.0000)
   8 vs.    4     37    70   121   100  -1.0000 (1.0494 -1.0000)
   8 vs.    5     41    87   106   100  -1.0000 (0.9691 -1.0000)
   8 vs.    6     89   127    91    32  -1.0000 (0.3520 -1.0000)
   8 vs.    7     91   126    92    31  -1.0000 (0.3654 -1.0000)
   9 vs.    1    133   141    54    12   0.1025 (0.1893 1.8460)
   9 vs.    2     48   106   118    57  -1.0000 (0.7002 -1.0000)
   9 vs.    3     49   100   119    61  -1.0000 (0.7209 -1.0000)
   9 vs.    4     43    88   105    92  -1.0000 (0.9084 -1.0000)
   9 vs.    5     40    89   123    82  -1.0000 (0.9027 -1.0000)
   9 vs.    6    102   136    69    32  -1.0000 (0.3103 -1.0000)
   9 vs.    7    213   109    16     3   0.1176 (0.0741 0.6302)
   9 vs.    8     86   134    80    40  -1.0000 (0.3690 -1.0000)
  10 vs.    1     42   103   120    65  -1.0000 (0.7455 -1.0000)
  10 vs.    2    314    26     1     0   0.0392 (0.0049 0.1255)
  10 vs.    3    265    71     5     0   0.0446 (0.0186 0.4173)
  10 vs.    4     41    91   131    67   0.4145 (0.8851 2.1352)
  10 vs.    5     40    98   119    79  -1.0000 (0.8588 -1.0000)
  10 vs.    6     44   104   125    56  -1.0000 (0.7112 -1.0000)
  10 vs.    7     54   100   115    60  -1.0000 (0.6807 -1.0000)
  10 vs.    8     49   118   114    48  -1.0000 (0.6219 -1.0000)
  10 vs.    9     47   102   123    57  -1.0000 (0.7010 -1.0000)
  11 vs.    1     49   106   110    65   0.2066 (0.7347 3.5559)
  11 vs.    2    227   104    10     0   0.0498 (0.0357 0.7183)
  11 vs.    3    213   118    10     0   0.0373 (0.0350 0.9407)
  11 vs.    4     44   101   112    73   0.5483 (0.8830 1.6104)
  11 vs.    5     42    99   109    86  -1.0000 (0.8588 -1.0000)
  11 vs.    6     44   108   117    60  -1.0000 (0.7219 -1.0000)
  11 vs.    7     52   105   112    60  -1.0000 (0.6983 -1.0000)
  11 vs.    8     56   109   121    43   0.2374 (0.6226 2.6229)
  11 vs.    9     45   110   113    61  -1.0000 (0.7165 -1.0000)
  11 vs.   10    222   109     9     1   0.0447 (0.0357 0.7998)

