

TREE # 1

  0  0.0000  10914.569116  x:  0.00000   0.33083   0.30603   0.14321   0.16156   0.06721   0.19908   0.09694   0.18677   0.12642   0.09477   0.06989   0.22085   0.09279   0.06858   0.06552   0.09493   0.03506   0.05987   2.00000   0.20000   0.20000   0.20000  
  1 99.0000   9247.234371  x:  4.06554   0.55123   0.53812   0.53674   0.45147   0.35040   0.41950   0.33511   0.35607   0.25382   0.23741   0.30775   0.54060   0.18151   0.17956   0.15755   0.10023   0.03087   0.05113   1.94860   0.76619   0.17598   0.15622  
  2 14576.7427   9034.929774  x:  4.07124   0.65549   0.63774   0.61185   0.51779   0.41304   0.53748   0.40711   0.45199   0.29867   0.22965   0.29992   0.60797   0.18013   0.20020   0.15822   0.07414   0.03688   0.07077   1.94939   0.49131   0.12397   0.01344  
  3 617.2360   8879.981656  x:  4.07853   0.75689   0.73467   0.68670   0.58182   0.47338   0.65022   0.47564   0.54267   0.34026   0.22260   0.29337   0.67500   0.18389   0.22522   0.16467   0.05212   0.03725   0.08196   1.94752   0.20683   0.07250   0.03191  
  4 3655.5015   8827.729486  x:  4.02108   0.87350   0.84794   0.79289   0.65791   0.54183   0.76613   0.55014   0.62885   0.37890   0.22818   0.30795   0.77130   0.19716   0.25522   0.19353   0.11065   0.00866   0.03845   1.89868   0.23816   0.02652   0.05105  
  5 423.0296   8814.972698  x:  3.99514   0.92497   0.89813   0.84372   0.69099   0.57091   0.81401   0.58083   0.66223   0.39215   0.23183   0.31717   0.81721   0.20264   0.26691   0.20483   0.13841   0.05715   0.04492   1.87085   0.25536   0.02417   0.06235  
  6 1224.6421   8805.932152  x:  3.96943   0.98637   0.95982   0.94227   0.72408   0.59331   0.83940   0.59482   0.65646   0.36900   0.24381   0.35041   0.90404   0.20176   0.26387   0.19455   0.18555   0.04778   0.04341   1.78265   0.23948   0.16327   0.06570  
  7 253.1450   8779.017186  x:  3.93234   1.07054   1.05104   1.18802   0.75236   0.59073   0.79046   0.55881   0.53759   0.24715   0.25314   0.42157   1.11617   0.18295   0.21741   0.14041   0.10389   0.03793   0.06374   1.50530   0.21870   0.13109   0.06643  
  8 165.7572   8773.832318  x:  3.92890   1.07512   1.05893   1.24360   0.74880   0.57983   0.76350   0.54354   0.51453   0.23618   0.25079   0.42618   1.16244   0.18941   0.21294   0.16872   0.12118   0.05133   0.03267   1.43554   0.19823   0.11676   0.06027  
  9 195.8345   8770.433843  x:  3.92585   1.07107   1.05916   1.29421   0.74105   0.56527   0.73462   0.53007   0.50782   0.24889   0.24621   0.41988   1.20326   0.20376   0.21470   0.20089   0.14812   0.04169   0.05867   1.37064   0.18395   0.10185   0.05637  
 10 192.5187   8766.445709  x:  3.92127   1.04570   1.04401   1.36989   0.72161   0.53564   0.69569   0.52138   0.54670   0.32791   0.23544   0.38165   1.25964   0.22814   0.21217   0.17956   0.13036   0.04393   0.05109   1.28289   0.17848   0.10597   0.05593  
 11 82.5770   8764.634201  x:  3.91487   0.97964   1.00371   1.46020   0.70804   0.51357   0.72885   0.56323   0.56137   0.32044   0.25099   0.35828   1.30878   0.23050   0.16582   0.19805   0.11890   0.04282   0.05242   1.30876   0.17824   0.10937   0.05730  
 12 18.5055   8763.647943  x:  3.91046   0.94322   0.98733   1.51556   0.70291   0.50351   0.74328   0.57842   0.56043   0.30817   0.25155   0.35902   1.33200   0.27181   0.17806   0.18256   0.12360   0.04369   0.05113   1.33716   0.17535   0.10611   0.05561  
 13 34.2958   8760.927131  x:  3.90048   0.92444   1.04477   1.63685   0.71553   0.50865   0.72524   0.53596   0.56803   0.33953   0.18932   0.40290   1.32350   0.30880   0.12584   0.18769   0.11565   0.04345   0.05110   1.43362   0.17468   0.10634   0.05618  
 14 12.6140   8757.965167  x:  3.88970   0.91805   1.12475   1.73720   0.72864   0.52193   0.71519   0.50306   0.57453   0.36946   0.26387   0.41764   1.26639   0.34910   0.09166   0.19544   0.10117   0.04322   0.05034   1.48420   0.16767   0.10261   0.05512  
 15 32.3630   8749.571971  x:  3.88113   0.91928   1.32118   1.92743   0.75722   0.56557   0.75976   0.50335   0.56509   0.34539   0.27008   0.27493   1.07202   0.41179   0.05171   0.20147   0.07844   0.04205   0.05077   1.49963   0.16022   0.10687   0.05446  
 16 52.4322   8742.572624  x:  3.87375   0.89073   1.42549   2.04280   0.74480   0.57419   0.83257   0.58000   0.61494   0.33277   0.24136   0.33548   0.88585   0.38223   0.05499   0.18012   0.09110   0.04254   0.05053   1.42740   0.13816   0.09091   0.05399  
 17 52.2392   8740.946789  x:  3.86944   0.89295   1.44318   2.06745   0.73824   0.57168   0.84969   0.59332   0.63018   0.32832   0.23215   0.35246   0.85586   0.36932   0.09407   0.20934   0.05683   0.04113   0.05050   1.41685   0.13890   0.10055   0.05305  
 18 54.6571   8737.450928  x:  3.86688   0.96574   1.43175   2.10784   0.70987   0.54384   0.86144   0.56202   0.66389   0.31737   0.24160   0.32812   0.89972   0.18711   0.24206   0.19065   0.07360   0.04220   0.05057   1.46391   0.13533   0.09189   0.05386  
 19 22.7132   8734.991212  x:  3.85863   1.08981   1.28942   1.99863   0.76765   0.61416   0.87976   0.58985   0.59210   0.38219   0.23790   0.32866   1.05038   0.16870   0.25694   0.19067   0.06804   0.04203   0.05028   1.47595   0.12870   0.08958   0.05341  
 20 11.4870   8731.029890  x:  3.85706   1.39212   1.09519   1.74460   0.75305   0.58484   0.90455   0.58409   0.69209   0.32321   0.23616   0.33052   1.34393   0.26269   0.17944   0.19501   0.06006   0.04117   0.05143   1.49447   0.12539   0.08521   0.05263  
 21 26.6755   8729.119745  x:  3.85733   1.41503   1.17098   1.65808   0.76643   0.45129   0.97614   0.61153   0.63474   0.37192   0.23332   0.33650   1.42965   0.27155   0.17342   0.19244   0.06308   0.04103   0.05213   1.51137   0.12701   0.08128   0.05258  
 22  4.7950   8719.499200  x:  3.83115   1.15215   1.48442   1.29728   1.19520   0.34969   1.05617   0.60698   0.76508   0.32990   0.22633   0.34730   1.80259   0.22299   0.22140   0.18280   0.08130   0.03924   0.05771   1.52390   0.12648   0.05847   0.05144  
 23 13.1156   8711.007483  x:  3.80417   1.13606   1.72016   1.22364   0.90327   0.66625   1.02826   0.78274   0.79004   0.34657   0.22223   0.35848   1.96596   0.19116   0.25516   0.16966   0.10002   0.03789   0.06286   1.60308   0.13282   0.03913   0.05028  
 24 12.0177   8708.071249  x:  3.79734   1.26449   1.57033   1.38570   0.88640   0.71607   1.21997   0.63119   0.79622   0.36917   0.21653   0.37053   1.81317   0.19575   0.25236   0.16613   0.10745   0.03734   0.06461   1.58166   0.13634   0.03176   0.04977  
 25  8.8433   8705.680213  x:  3.78356   1.50561   1.40093   1.62040   1.01701   0.62797   1.13829   0.75088   0.81430   0.36377   0.21811   0.37027   1.59183   0.19308   0.25759   0.16470   0.11116   0.03667   0.06583   1.62156   0.13887   0.02927   0.04925  
 26 10.9199   8699.212137  x:  3.70373   1.61098   1.62181   2.17899   1.02172   0.72599   1.32241   0.79469   0.88939   0.40608   0.22426   0.35784   1.54874   0.22313   0.24800   0.19747   0.07570   0.02824   0.06269   1.64670   0.12450   0.10203   0.04188  
 27  0.5386   8694.864733  x:  3.65455   1.58266   1.87740   2.35289   1.06877   0.72351   1.37202   0.85170   0.92051   0.40444   0.23319   0.36024   1.78073   0.24059   0.23242   0.19692   0.07166   0.03044   0.05964   1.61471   0.10535   0.07757   0.03634  
 28  0.5772   8691.209515  x:  3.61499   1.70465   1.96125   2.35610   1.15089   0.70681   1.40654   0.90852   0.94834   0.39157   0.23770   0.37815   2.08031   0.23429   0.20938   0.16985   0.09047   0.03676   0.05659   1.58865   0.10291   0.03707   0.03961  
 29  0.2638   8690.270563  x:  3.58675   1.86565   1.93831   2.44439   1.20877   0.72470   1.45457   0.93297   0.96317   0.40063   0.23406   0.38603   2.16942   0.24586   0.19831   0.17728   0.09351   0.03608   0.05687   1.58645   0.10239   0.05145   0.04197  
 30  0.1788   8689.806903  x:  3.54946   1.98757   2.00065   2.58036   1.27870   0.73862   1.50531   0.96342   0.97722   0.40944   0.23251   0.39015   2.30778   0.25946   0.18860   0.18013   0.09708   0.03540   0.05845   1.57802   0.09595   0.04385   0.04255  
 31  0.2275   8689.719429  x:  3.54019   1.99803   2.04226   2.62357   1.29847   0.74603   1.51348   0.96462   0.97695   0.41358   0.23388   0.38830   2.35474   0.25367   0.19166   0.17303   0.09360   0.03505   0.05848   1.58586   0.09566   0.04417   0.04239  
 32  0.0660   8689.689199  x:  3.53806   1.99389   2.07095   2.64954   1.30589   0.75396   1.51196   0.95963   0.97189   0.41670   0.23461   0.38804   2.37305   0.25207   0.19687   0.17865   0.09226   0.03484   0.05864   1.59040   0.09531   0.04534   0.04163  
 33  0.0266   8689.654183  x:  3.54808   1.99254   2.07755   2.65866   1.30354   0.76012   1.49586   0.94452   0.96190   0.41740   0.23373   0.39027   2.37006   0.24536   0.20091   0.17483   0.09472   0.03551   0.05808   1.58651   0.09506   0.04556   0.04235  
 34  0.0076   8689.618873  x:  3.56662   1.99460   2.06416   2.64160   1.29405   0.75990   1.47534   0.93237   0.95419   0.41479   0.23296   0.39056   2.35286   0.24940   0.19796   0.17616   0.09550   0.03554   0.05840   1.58329   0.09628   0.04374   0.04212  
 35  0.0168   8689.477233  x:  3.62980   2.04933   2.04169   2.63401   1.28091   0.76017   1.45340   0.92588   0.95756   0.41335   0.23320   0.38646   2.32148   0.26751   0.18147   0.17896   0.08907   0.03339   0.05986   1.58332   0.09553   0.04650   0.04089  
 36  0.0174   8688.719448  x:  3.85643   2.26423   2.14696   2.71196   1.33671   0.79545   1.52597   0.97991   1.01619   0.42975   0.23771   0.39111   2.44832   0.25889   0.17796   0.17636   0.09306   0.03411   0.05857   1.59732   0.08944   0.04301   0.04365  
 37  0.0480   8687.816484  x:  4.46606   2.40356   2.37996   2.80452   1.39348   0.87437   1.62966   1.03492   1.09019   0.46343   0.24116   0.40154   2.50309   0.23958   0.21122   0.17490   0.09643   0.03639   0.05515   1.64162   0.08376   0.04782   0.04381  
 38  0.2456   8687.203987  x:  4.69426   2.30278   2.46939   2.96844   1.47231   0.88835   1.70170   1.06749   1.09220   0.47127   0.23326   0.41158   2.54595   0.24991   0.20332   0.17822   0.09114   0.03449   0.05969   1.63609   0.07906   0.04276   0.04086  
 39  0.1170   8686.914067  x:  4.76804   2.18208   2.40882   2.98252   1.47393   0.87527   1.69528   1.06357   1.06861   0.46274   0.22966   0.41338   2.49006   0.25259   0.19618   0.17753   0.09092   0.03451   0.06093   1.62963   0.08199   0.04295   0.04085  
 40  0.1740   8686.734284  x:  4.96252   2.22040   2.37126   3.05850   1.49630   0.88804   1.71059   1.08778   1.07012   0.46269   0.23356   0.41411   2.51100   0.25507   0.19000   0.17490   0.09474   0.03580   0.05870   1.63697   0.08005   0.04742   0.04317  
 41  0.1330   8686.676797  x:  5.03028   2.28625   2.33217   3.09685   1.49659   0.89289   1.71028   1.10585   1.07320   0.45966   0.23793   0.40900   2.55647   0.26006   0.18782   0.17717   0.09337   0.03522   0.05804   1.64595   0.07950   0.04513   0.04256  
 42  0.0582   8686.668767  x:  5.01952   2.28893   2.32148   3.10122   1.48661   0.89583   1.71244   1.10713   1.07367   0.45910   0.23647   0.41002   2.57546   0.25303   0.19397   0.17585   0.09347   0.03494   0.05823   1.64391   0.07956   0.04562   0.04250  
 43  0.0141   8686.667512  x:  5.02147   2.28913   2.32315   3.10111   1.48178   0.89747   1.71410   1.10733   1.07558   0.45959   0.23612   0.41089   2.58161   0.25409   0.19406   0.17648   0.09353   0.03499   0.05832   1.64296   0.07943   0.04556   0.04247  
 44  0.0052   8686.667242  x:  5.02264   2.28599   2.32362   3.10056   1.47919   0.89722   1.71295   1.10633   1.07603   0.45984   0.23624   0.41084   2.58145   0.25469   0.19322   0.17635   0.09340   0.03508   0.05832   1.64318   0.07950   0.04556   0.04249  
 45  0.0024   8686.667196  x:  5.02310   2.28595   2.32420   3.10251   1.47949   0.89701   1.71258   1.10624   1.07629   0.46015   0.23631   0.41066   2.58171   0.25454   0.19326   0.17631   0.09348   0.03508   0.05831   1.64346   0.07947   0.04557   0.04249  
 46  0.0011   8686.667185  x:  5.02223   2.28573   2.32383   3.10287   1.47970   0.89663   1.71238   1.10619   1.07639   0.46022   0.23629   0.41064   2.58122   0.25457   0.19330   0.17634   0.09349   0.03506   0.05833   1.64335   0.07949   0.04556   0.04249  
 47  0.0007   8686.667184  x:  5.02253   2.28592   2.32379   3.10306   1.47989   0.89654   1.71243   1.10625   1.07650   0.46026   0.23628   0.41068   2.58119   0.25456   0.19330   0.17633   0.09348   0.03506   0.05832   1.64331   0.07948   0.04556   0.04249  
 48  0.0003   8686.667184  x:  5.02264   2.28596   2.32382   3.10307   1.47992   0.89655   1.71243   1.10625   1.07650   0.46027   0.23628   0.41069   2.58126   0.25455   0.19331   0.17634   0.09348   0.03506   0.05832   1.64332   0.07948   0.04556   0.04249  
 49  0.0001   8686.667184  x:  5.02264   2.28596   2.32382   3.10306   1.47995   0.89655   1.71243   1.10625   1.07651   0.46027   0.23628   0.41069   2.58129   0.25456   0.19330   0.17634   0.09348   0.03506   0.05832   1.64332   0.07948   0.04556   0.04249  
 50  0.0000   8686.667184  x:  5.02263   2.28597   2.32381   3.10304   1.47995   0.89655   1.71243   1.10625   1.07651   0.46027   0.23628   0.41069   2.58130   0.25456   0.19330   0.17634   0.09348   0.03506   0.05832   1.64332   0.07948   0.04556   0.04249  
 51  0.0000   8686.667184  x:  5.02263   2.28597   2.32381   3.10304   1.47995   0.89655   1.71243   1.10625   1.07651   0.46027   0.23628   0.41069   2.58130   0.25456   0.19330   0.17634   0.09348   0.03506   0.05832   1.64332   0.07948   0.04556   0.04249  
 52  0.0000   8686.667184  x:  5.02263   2.28597   2.32381   3.10304   1.47995   0.89655   1.71243   1.10624   1.07651   0.46027   0.23628   0.41069   2.58130   0.25456   0.19330   0.17634   0.09348   0.03506   0.05832   1.64332   0.07948   0.04556   0.04249  