

TREE # 1

  0  0.0000  17812.064721  x:  0.00000   0.21726   0.36716   0.13167   0.14454   0.03475   0.16605   0.07307   0.13446   0.14912   0.18610   0.08703   0.08808   0.08246   0.08417   0.09371   0.08941   2.00000   0.20000   0.20000  
  1 99.0000  14459.570665  x:  3.14371   0.82898   0.88220   0.81074   0.63766   0.71751   0.60491   0.67659   0.63991   0.54813   0.89364   0.33794   0.26801   0.23747   0.22909   0.07128   0.17340   1.87004   1.80810   0.17682  
  2 11789.6801  14330.455681  x:  3.15444   0.91940   0.98660   0.85246   0.66193   0.72388   0.64923   0.69392   0.68094   0.58643   0.93743   0.26186   0.18443   0.20668   0.11681   0.00957   0.10722   1.87337   1.70683   0.10420  
  3 669.2593  14261.228467  x:  3.16180   0.98957   1.06779   0.88510   0.68074   0.72851   0.68377   0.70718   0.71272   0.61602   0.97170   0.20615   0.12288   0.18676   0.03710   0.04034   0.07056   1.87599   1.62503   0.04568  
  4 4550.8197  14211.855097  x:  3.16154   1.04982   1.13840   0.91361   0.69649   0.73061   0.71371   0.71731   0.73941   0.64069   1.00177   0.18215   0.09508   0.19526   0.05609   0.04015   0.09286   1.87822   1.54088   0.00010  
  5 1175.0061  14098.209465  x:  3.16036   1.26702   1.39299   1.01643   0.75323   0.73803   0.82165   0.75375   0.83554   0.72952   1.11023   0.10059   0.00000   0.21901   0.11437   0.04527   0.15562   1.88624   1.23617   0.01796  
  6 4234.5634  13627.535868  x:  3.14518   1.90145   2.13891   1.31913   0.91742   0.75470   1.13663   0.85657   1.11314   0.98514   1.42963   0.17882   0.06972   0.26332   0.17557   0.06378   0.18007   1.91006   0.29319   0.02774  
  7 3981.3680  13607.370474  x:  3.01721   1.99463   2.27061   1.38656   0.94591   0.72951   1.19302   0.85725   1.14030   1.00786   1.50468   0.20808   0.06967   0.26026   0.19566   0.06873   0.17174   1.82441   0.37367   0.02834  
  8 200.8381  13577.314750  x:  2.97120   1.97395   2.32723   1.55567   0.98911   0.67151   1.23351   0.83851   1.06905   0.90755   1.70104   0.28686   0.00000   0.27699   0.19001   0.06861   0.17236   1.47439   0.32540   0.02872  
  9 113.2156  13575.282894  x:  2.96800   1.94916   2.33389   1.59570   0.99181   0.64333   1.23802   0.83788   1.06563   0.89503   1.74977   0.27245   0.01226   0.21815   0.21134   0.07052   0.16644   1.46710   0.32027   0.02709  
 10 43.2736  13572.323441  x:  2.95142   1.87746   2.35150   1.69079   0.99412   0.56360   1.24775   0.84043   1.07010   0.87817   1.86736   0.22806   0.06187   0.20781   0.18515   0.06555   0.20587   1.49779   0.32174   0.02903  
 11 54.9398  13568.186822  x:  2.92909   1.76514   2.37605   1.82597   0.99741   0.44613   1.26110   0.84782   1.08042   0.85965   2.03582   0.15742   0.11638   0.24963   0.19682   0.06874   0.17121   1.55208   0.32163   0.02820  
 12 170.3630  13564.245305  x:  2.88395   1.55216   2.45307   1.91297   1.04944   0.34995   1.28311   0.93353   1.15224   0.96364   2.16778   0.28787   0.00000   0.24494   0.19492   0.06809   0.17209   1.63086   0.31362   0.02795  
 13 19.3124  13546.231162  x:  2.77705   0.86752   3.39170   1.82133   1.51422   0.40046   1.31697   1.15736   1.09115   0.96852   2.25729   0.22542   0.07978   0.25097   0.19902   0.07013   0.17079   1.57703   0.26258   0.02894  
 14 13.9330  13530.461285  x:  2.84537   0.70370   4.14158   1.80013   1.33987   0.10620   1.19867   1.00521   1.13858   0.91104   2.23283   0.29704   0.03667   0.25108   0.20232   0.07202   0.17492   1.51999   0.24835   0.02988  
 15 30.0067  13514.605403  x:  2.71337   0.80286   4.35816   2.15569   1.04146   0.43324   1.52193   0.76351   1.16722   0.86088   2.25187   0.36081   0.00000   0.25561   0.20364   0.07302   0.17453   1.57212   0.22127   0.03069  
 16 17.9029  13506.595705  x:  2.60034   1.07885   4.24061   2.37612   1.00977   0.47909   1.43662   0.92006   1.19207   1.06047   2.24463   0.29465   0.07440   0.25737   0.20601   0.07393   0.17396   1.46176   0.18889   0.03130  
 17 19.1251  13499.943010  x:  2.50224   1.47460   4.14471   2.56715   1.17997   0.44638   1.32619   1.08077   1.03068   0.95945   2.27699   0.36111   0.02444   0.26163   0.20601   0.07431   0.17274   1.58206   0.18959   0.03165  
 18 26.4773  13492.075192  x:  2.42864   1.84620   3.90990   2.51389   1.56871   0.21339   1.55444   0.99420   1.34551   0.80836   2.29980   0.36155   0.03903   0.26270   0.20356   0.07427   0.17112   1.56245   0.17941   0.03209  
 19 11.1710  13479.671212  x:  2.35911   2.24233   3.83947   2.35546   1.76247   0.04565   1.84675   0.70124   1.10762   1.17634   2.55697   0.34497   0.07731   0.26677   0.19848   0.07413   0.16771   1.56427   0.18610   0.03299  
 20 11.5868  13454.671581  x:  1.97325   2.84995   4.13927   2.12586   1.21717   0.45574   1.77108   1.07977   1.43588   1.09570   3.31910   0.32411   0.15064   0.27679   0.18597   0.07337   0.15943   1.54397   0.20454   0.03518  
 21 13.8205  13453.099495  x:  1.93600   2.85000   4.22252   2.27619   1.30685   0.53594   1.61423   0.93476   1.50537   1.12958   3.30598   0.33228   0.14687   0.27661   0.18372   0.07293   0.15829   1.55712   0.20416   0.03522  
 22  4.5979  13434.635448  x:  1.59809   2.75761   5.51733   4.21796   1.54568   0.22187   1.90607   1.07396   1.44597   1.25055   2.12936   0.32904   0.20846   0.24005   0.14427   0.06387   0.16044   1.53821   0.18024   0.03588  
 23  5.4663  13422.825696  x:  1.24696   3.21171   6.04858   3.78110   1.55766   0.33870   2.01030   1.09510   1.46404   1.30472   3.31151   0.36651   0.21434   0.21909   0.11766   0.05772   0.15698   1.57969   0.14707   0.03607  
 24  3.7312  13416.838323  x:  0.95655   3.60515   6.57588   3.47258   1.56258   0.42593   2.04313   1.15007   1.57978   1.28839   4.06024   0.35029   0.23996   0.24825   0.12224   0.05782   0.13083   1.56832   0.15118   0.03326  
 25  0.6448  13410.690948  x:  0.40224   4.15760   7.84288   3.88777   1.70136   0.47103   2.16404   1.26882   1.73444   1.36428   4.57877   0.30770   0.30684   0.25781   0.10556   0.05192   0.16225   1.52088   0.12500   0.02924  
 26  0.7994  13406.408561  x:  0.05945   4.56610   8.74602   4.50529   1.80609   0.43059   2.24224   1.34472   1.81184   1.42315   4.48858   0.25115   0.33316   0.25223   0.14196   0.05480   0.16724   1.54546   0.12721   0.02131  
 27  0.5715  13405.758611  x:  0.00000   4.65514   8.87930   4.56125   1.82011   0.43127   2.26322   1.35238   1.81842   1.43809   4.53110   0.24839   0.33156   0.25159   0.14601   0.05497   0.16447   1.54641   0.12403   0.02059  
 28  0.5377  13405.758611  x:  0.00000   4.65514   8.87930   4.56125   1.82011   0.43127   2.26322   1.35238   1.81842   1.43809   4.53110   0.24839   0.33156   0.25159   0.14601   0.05497   0.16447   1.54641   0.12403   0.02059  
 29 18.0061  13404.976133  x:  0.00028   4.65529   8.87938   4.56127   1.82009   0.43127   2.26325   1.35235   1.81839   1.43812   4.53113   0.24636   0.32917   0.25117   0.14521   0.05444   0.16410   1.54659   0.11958   0.02766  
 30 179.7206  13404.557519  x:  0.00085   4.65559   8.87956   4.56133   1.82014   0.43139   2.26338   1.35239   1.81843   1.43827   4.53123   0.24299   0.32512   0.25009   0.14401   0.05404   0.16354   1.54653   0.12314   0.03344  
 31 141.9038  13402.614916  x:  0.00678   4.65869   8.88145   4.56190   1.82040   0.43231   2.26457   1.35251   1.81857   1.43958   4.53216   0.20765   0.28240   0.23471   0.13260   0.05526   0.15742   1.54754   0.12378   0.03251  
 32 101.6531  13402.395964  x:  0.00983   4.66026   8.88241   4.56212   1.82036   0.43260   2.26505   1.35240   1.81846   1.44007   4.53257   0.20419   0.27438   0.23291   0.14205   0.06130   0.15881   1.54785   0.12381   0.03316  
 33 36.5639  13402.250954  x:  0.01435   4.66259   8.88383   4.56244   1.82028   0.43300   2.26573   1.35221   1.81825   1.44077   4.53316   0.20408   0.26723   0.23009   0.15230   0.05615   0.15814   1.54824   0.12379   0.03301  
 34 34.6107  13401.966077  x:  0.04062   4.67609   8.89215   4.56424   1.81979   0.43526   2.26969   1.35103   1.81704   1.44476   4.53655   0.22666   0.24823   0.20580   0.15753   0.05542   0.16227   1.55008   0.12356   0.03458  
 35 16.5009  13401.268793  x:  0.12982   4.72212   8.92065   4.57044   1.81878   0.44322   2.28358   1.34753   1.81364   1.45876   4.54819   0.29624   0.18142   0.20438   0.15867   0.06027   0.14323   1.55538   0.12279   0.03524  
 36 33.5728  13399.736993  x:  0.33506   4.82812   8.98650   4.58468   1.81693   0.46160   2.31585   1.33975   1.80640   1.49115   4.57503   0.44642   0.02358   0.22354   0.15315   0.05732   0.15875   1.56727   0.12056   0.03400  
 37 234.5412  13397.065010  x:  1.15051   5.26094   9.30253   4.63678   1.91027   0.52089   2.48496   1.35417   1.89038   1.62486   4.72192   0.32850   0.16458   0.22520   0.15547   0.05633   0.16381   1.61016   0.10953   0.03453  
 38  8.8837  13396.935152  x:  1.17050   5.27505   9.35256   4.64875   1.94309   0.51992   2.50917   1.38479   1.92197   1.62191   4.74245   0.33177   0.16213   0.22427   0.15613   0.05637   0.16396   1.56649   0.10675   0.03449  
 39  3.3571  13396.598929  x:  1.18925   5.30341   9.55664   4.70236   2.06209   0.48956   2.59000   1.48965   2.03435   1.60036   4.82443   0.35210   0.14609   0.22332   0.15770   0.05643   0.16451   1.60979   0.10442   0.03518  
 40  5.6910  13395.903023  x:  1.17119   5.38102  10.17897   4.89818   2.20887   0.27284   2.65449   1.45675   2.07753   1.62586   5.09536   0.37803   0.12211   0.22127   0.15935   0.05658   0.16485   1.60739   0.10182   0.03621  
 41  4.5445  13395.379517  x:  1.11859   5.44985  10.71898   5.07116   2.36901   0.35664   2.67239   1.44865   2.00782   1.70481   5.28912   0.39623   0.10786   0.21877   0.16148   0.05675   0.16520   1.61714   0.09839   0.03734  
 42  7.5850  13394.856515  x:  1.03600   5.57669  11.32755   5.24035   2.19458   0.48172   2.69198   1.53002   2.10177   1.84594   5.38130   0.40953   0.09837   0.21534   0.16387   0.05701   0.16516   1.62238   0.09522   0.03872  
 43  3.9530  13394.583177  x:  1.00586   5.67390  11.64904   5.32559   2.09275   0.56051   2.73273   1.55292   2.10630   1.73940   5.39557   0.41010   0.09752   0.21417   0.16428   0.05713   0.16489   1.62108   0.09562   0.03933  
 44  5.0805  13394.429695  x:  0.98615   5.79436  11.83748   5.34601   2.17630   0.55372   2.74946   1.48975   2.16700   1.75528   5.28012   0.41620   0.09127   0.21284   0.16491   0.05724   0.16451   1.62005   0.09587   0.03985  
 45  0.9680  13394.358315  x:  0.98559   5.86710  11.93364   5.37035   2.21571   0.50992   2.78170   1.54044   2.12484   1.78719   5.23393   0.41579   0.09198   0.21224   0.16524   0.05728   0.16440   1.61954   0.09587   0.04007  
 46  1.4527  13394.260674  x:  1.05330   6.03659  12.14514   5.60245   2.29873   0.49464   2.77538   1.59748   2.17990   1.81007   5.40192   0.41758   0.09396   0.21200   0.16646   0.05718   0.16531   1.62109   0.09303   0.04017  
 47  0.5427  13394.217557  x:  1.07767   6.09921  12.24700   5.69518   2.32481   0.50105   2.87154   1.58772   2.20251   1.83980   5.49320   0.41931   0.09464   0.21170   0.16725   0.05714   0.16575   1.62238   0.09124   0.04019  
 48  1.4368  13394.193562  x:  1.12986   6.09415  12.34767   5.61578   2.32966   0.51438   2.88668   1.59752   2.21873   1.85386   5.59192   0.42141   0.09387   0.21198   0.16745   0.05713   0.16602   1.62414   0.09101   0.03988  
 49  0.2075  13394.190604  x:  1.14814   6.12795  12.38615   5.62299   2.33266   0.51804   2.89240   1.60311   2.22503   1.85873   5.58110   0.42378   0.09239   0.21172   0.16766   0.05717   0.16599   1.62443   0.09066   0.03956  
 50  0.0533  13394.190147  x:  1.15562   6.12037  12.37301   5.63358   2.32999   0.51966   2.89270   1.60257   2.22437   1.85931   5.57435   0.42422   0.09209   0.21188   0.16758   0.05716   0.16597   1.62465   0.09074   0.03940  
 51  0.0213  13394.190108  x:  1.15834   6.11633  12.36743   5.63112   2.32993   0.51987   2.89185   1.60224   2.22356   1.85871   5.57479   0.42443   0.09180   0.21197   0.16752   0.05716   0.16597   1.62456   0.09075   0.03934  
 52  0.0060  13394.190108  x:  1.15831   6.11609  12.36673   5.63061   2.32987   0.51972   2.89175   1.60207   2.22341   1.85861   5.57429   0.42444   0.09177   0.21197   0.16752   0.05716   0.16597   1.62456   0.09076   0.03934  
 53  0.0009  13394.190108  x:  1.15837   6.11607  12.36670   5.63062   2.32988   0.51968   2.89175   1.60206   2.22342   1.85861   5.57429   0.42445   0.09177   0.21197   0.16752   0.05716   0.16597   1.62456   0.09076   0.03934  
 54  0.0001  13394.190108  x:  1.15839   6.11606  12.36674   5.63064   2.32988   0.51968   2.89175   1.60207   2.22342   1.85861   5.57431   0.42445   0.09177   0.21197   0.16752   0.05716   0.16597   1.62456   0.09076   0.03934  
 55  0.0000  13394.190108  x:  1.15839   6.11606  12.36674   5.63064   2.32988   0.51968   2.89175   1.60207   2.22342   1.85861   5.57431   0.42445   0.09177   0.21197   0.16752   0.05716   0.16597   1.62456   0.09076   0.03934  
 56  0.0000  13394.190108  x:  1.15839   6.11606  12.36674   5.63064   2.32988   0.51968   2.89175   1.60207   2.22342   1.85861   5.57431   0.42445   0.09177   0.21197   0.16752   0.05716   0.16597   1.62456   0.09076   0.03934  
check convergence!
