

TREE # 1

  0  0.0000  14589.309405  x:  0.17673   2.00331   2.68384   0.26622   1.49766   0.23007   1.30377   0.45607   1.08915   0.29710   0.28810   0.34511   1.83609   0.38818   0.07371   0.26919   0.09192   0.11424   0.08291   2.00000   0.20000   0.20000  
  1 99.0000  14453.156345  x:  0.19074   2.01045   2.69049   0.28721   1.50286   0.24146   1.30821   0.46526   1.09616   0.31091   0.28850   0.34809   1.84559   0.38579   0.07365   0.26189   0.10093   0.10337   0.10415   1.98366   0.38587   0.19791  
  2 2111.9018  14394.227500  x:  0.27001   2.05247   2.72810   0.40944   1.52562   0.29991   1.32441   0.51341   1.13147   0.38696   0.26973   0.35271   1.90124   0.33183   0.03461   0.15980   0.14184   0.02165   0.17248   1.91433   0.36840   0.17662  
  3 367.1656  14363.134810  x:  0.34270   2.09164   2.76397   0.52029   1.54666   0.35168   1.33936   0.55654   1.16401   0.45398   0.25307   0.35752   1.95387   0.29909   0.01991   0.08214   0.17951   0.07264   0.20950   1.84899   0.35371   0.16025  
  4 1102.2059  14273.891289  x:  0.65496   2.26589   2.93110   0.98623   1.63741   0.55701   1.40372   0.73126   1.30396   0.71602   0.18962   0.38479   2.19392   0.33740   0.17762   0.17761   0.26852   0.08977   0.10650   1.55761   0.28963   0.07817  
  5 611.9670  14249.335585  x:  0.73645   2.32006   2.99504   1.09772   1.65996   0.58737   1.42002   0.76062   1.33762   0.74697   0.20460   0.40937   2.27155   0.31435   0.18863   0.21450   0.10848   0.10473   0.12474   1.49556   0.27655   0.06978  
  6 274.1850  14242.757373  x:  0.78229   2.36744   3.07058   1.14445   1.67019   0.56195   1.42847   0.74744   1.35069   0.69651   0.23999   0.42767   2.34238   0.25306   0.14632   0.25815   0.11245   0.11093   0.10488   1.50391   0.27502   0.10099  
  7 91.8323  14235.063809  x:  0.85326   2.45306   3.21545   1.20717   1.68538   0.49538   1.44240   0.71054   1.36955   0.57993   0.27756   0.43328   2.47162   0.24861   0.17379   0.28117   0.13135   0.11297   0.15674   1.54193   0.26662   0.14012  
  8 163.8318  14220.376823  x:  0.97255   2.60683   3.48055   1.30727   1.71303   0.36798   1.46942   0.64345   1.40494   0.37100   0.31671   0.41937   2.70356   0.25424   0.22921   0.21702   0.12591   0.10032   0.11949   1.61978   0.26555   0.18721  
  9 455.2944  14214.746615  x:  0.99051   2.68287   3.63532   1.29229   1.73555   0.27808   1.49641   0.63259   1.44273   0.35657   0.23896   0.34652   2.82041   0.23183   0.21878   0.23411   0.12003   0.10413   0.12441   1.66895   0.26674   0.15128  
 10 78.9128  14205.625214  x:  0.96847   2.81039   3.92402   1.18702   1.79101   0.11034   1.55496   0.64761   1.52101   0.44283   0.24914   0.38940   3.01955   0.23083   0.21556   0.23078   0.12811   0.10546   0.12510   1.74228   0.26403   0.05226  
 11 97.7889  14199.949246  x:  0.92385   2.92211   4.18649   1.06404   1.86134   0.00000   1.61256   0.68713   1.58577   0.54891   0.23557   0.40823   3.19372   0.24844   0.21826   0.21695   0.12672   0.10003   0.12217   1.77627   0.25973   0.13487  
 12 146.6409  14186.568139  x:  0.65618   3.25133   4.98270   0.57515   2.22526   0.25777   1.77662   0.85244   1.60610   0.52682   0.26287   0.37557   3.68994   0.30946   0.16347   0.20182   0.13790   0.09413   0.12491   1.71680   0.24218   0.13095  
 13 62.3635  14183.956031  x:  0.55728   3.36489   5.13844   0.56111   2.18002   0.30577   1.69736   0.74454   1.53561   0.55426   0.17779   0.45970   3.75409   0.31429   0.15443   0.19830   0.14028   0.09259   0.12519   1.64197   0.23966   0.13207  
 14 13.7426  14180.172047  x:  0.38916   3.56411   5.36675   0.60281   2.05429   0.38828   1.56136   0.59699   1.44347   0.67104   0.24664   0.38191   3.82196   0.32162   0.15170   0.19398   0.14059   0.09133   0.12367   1.59257   0.23470   0.13476  
 15 31.0058  14173.245412  x:  0.00000   4.01480   5.76202   0.85643   1.72049   0.58580   1.53603   0.75843   1.40786   0.72660   0.22107   0.43269   3.82352   0.31466   0.16978   0.20128   0.12855   0.09287   0.12267   1.81099   0.22427   0.15494  
 16 19.3852  14173.245412  x:  0.00000   4.01480   5.76202   0.85643   1.72049   0.58580   1.53603   0.75843   1.40786   0.72660   0.22107   0.43269   3.82352   0.31466   0.16978   0.20128   0.12855   0.09287   0.12267   1.81099   0.22427   0.15494  
 17 32.4623  14168.667558  x:  0.00219   4.01564   5.76263   0.85955   1.72148   0.58617   1.53684   0.75939   1.40950   0.72719   0.22130   0.43247   3.82447   0.30871   0.16377   0.19477   0.13197   0.08155   0.12825   1.80835   0.19921   0.15285  
 18 277.2638  14164.014950  x:  0.01229   4.01971   5.76565   0.87363   1.72685   0.58945   1.54159   0.76489   1.41765   0.73158   0.22397   0.43320   3.82915   0.29114   0.14597   0.17351   0.14684   0.04772   0.14771   1.79264   0.20377   0.14625  
 19 188.0473  14160.592249  x:  0.03081   4.02717   5.77121   0.89948   1.73667   0.59523   1.55024   0.77481   1.43250   0.73937   0.22817   0.43408   3.83776   0.27184   0.12656   0.14184   0.17127   0.06402   0.16644   1.76419   0.20218   0.13924  
 20 164.0590  14154.311178  x:  0.09335   4.05228   5.79017   0.98680   1.76967   0.61381   1.57922   0.80743   1.48199   0.76424   0.23858   0.43479   3.86723   0.27016   0.12606   0.11616   0.20477   0.06141   0.12070   1.67103   0.19091   0.11603  
 21 127.3360  14140.415434  x:  0.26397   4.12068   5.84250   1.22483   1.85955   0.66239   1.65801   0.89435   1.61542   0.82888   0.25995   0.43287   3.94855   0.29972   0.15921   0.15285   0.22408   0.06131   0.14906   1.42826   0.15676   0.05961  
 22 341.3229  14135.246316  x:  0.33596   4.14965   5.86587   1.32512   1.89747   0.67983   1.69106   0.92793   1.66946   0.85146   0.26024   0.42759   3.98448   0.29349   0.15329   0.13943   0.16207   0.06295   0.14986   1.35552   0.14771   0.07477  
 23 220.0387  14132.562946  x:  0.39524   4.17371   5.88773   1.40785   1.92802   0.68685   1.71707   0.94862   1.70919   0.85979   0.24827   0.41807   4.01715   0.26892   0.12690   0.17423   0.16215   0.06443   0.14167   1.36137   0.14362   0.11429  
 24 88.8574  14126.026439  x:  0.57746   4.24831   5.96109   1.66295   2.02009   0.69124   1.79360   0.99702   1.82160   0.86462   0.21598   0.40303   4.12433   0.30829   0.15955   0.15300   0.18973   0.05422   0.15663   1.49776   0.13341   0.19379  
 25 106.5609  14121.517980  x:  0.71354   4.30580   6.02562   1.85527   2.08532   0.66905   1.84360   1.01454   1.89592   0.84807   0.27157   0.46466   4.21316   0.29910   0.14464   0.16375   0.16649   0.06100   0.15119   1.63740   0.13067   0.13081  
 26 89.0165  14120.490689  x:  0.74298   4.31984   6.04694   1.89825   2.09764   0.64744   1.84962   1.00728   1.90605   0.83400   0.24512   0.44502   4.23856   0.29257   0.13794   0.16563   0.15685   0.06469   0.14803   1.66264   0.13259   0.08937  
 27 40.8754  14117.806419  x:  0.82287   4.37390   6.17999   2.02903   2.11930   0.42987   1.82414   0.88904   1.87937   0.71408   0.24400   0.45356   4.36988   0.28999   0.14516   0.16379   0.16069   0.06341   0.14925   1.63481   0.13530   0.10414  
 28 17.1234  14114.707340  x:  0.80025   4.42887   6.46113   2.08588   2.25156   0.17935   1.83113   0.91947   1.81101   0.93937   0.27443   0.41920   4.58964   0.30493   0.13538   0.16493   0.16013   0.06297   0.15067   1.66153   0.13473   0.11108  
 29  9.8248  14109.281845  x:  0.67402   4.53856   7.03259   2.11013   2.63656   0.17654   1.90622   1.04726   1.69415   0.96146   0.15667   0.56089   4.99018   0.32778   0.12209   0.16591   0.16244   0.06182   0.15311   1.67352   0.13144   0.12324  
 30 17.7983  14104.015993  x:  0.53423   4.67041   7.61952   2.10498   2.96072   0.28169   1.98616   1.12758   1.72876   0.87859   0.29881   0.40393   5.36817   0.34080   0.12124   0.16747   0.16300   0.06059   0.15632   1.70699   0.13009   0.13928  
 31 41.8419  14097.826542  x:  0.38653   4.95009   8.37512   2.02046   2.92713   0.40885   2.07033   1.02689   2.35903   0.94963   0.25074   0.46604   5.73715   0.32308   0.15425   0.16990   0.16371   0.05878   0.16084   1.76260   0.12846   0.16249  
 32 19.0346  14093.537002  x:  0.60111   5.47081   8.91722   2.08021   2.40485   0.65565   2.32575   1.07961   2.24314   1.03712   0.24903   0.47643   5.86667   0.37469   0.11310   0.17145   0.16481   0.05756   0.16327   1.78498   0.12677   0.17529  
 33  9.2683  14091.912113  x:  0.72224   5.81805   9.16291   2.12870   2.50045   0.75662   2.18309   1.01460   2.21797   1.12725   0.25383   0.47778   5.92465   0.22637   0.26080   0.17170   0.16699   0.05673   0.16404   1.78612   0.12292   0.17651  
 34  3.9635  14087.253304  x:  0.90176   6.75872   9.84948   2.18383   2.94104   0.63264   2.15084   1.15561   2.43251   1.12048   0.26791   0.48260   6.13307   0.41883   0.07625   0.17277   0.17631   0.05377   0.16440   1.73741   0.10636   0.17504  
 35  7.2482  14085.507600  x:  0.86236   7.03227  10.05277   2.29432   3.07715   0.47955   2.38712   1.31271   2.52815   1.06453   0.27368   0.48669   6.23563   0.29642   0.19806   0.17253   0.18073   0.05248   0.16485   1.71819   0.10018   0.17448  
 36  8.6049  14080.163577  x:  0.36374   7.17082  10.00743   3.84711   3.47999   0.42037   2.68806   1.19027   2.61437   1.20472   0.29025   0.50880   6.53246   0.40022   0.10374   0.17181   0.19197   0.04847   0.16604   1.66192   0.09327   0.18275  
 37  3.5857  14079.276546  x:  0.51388   7.08546  10.05451   4.00087   3.48826   0.35127   2.52749   1.43938   2.67662   1.15441   0.29172   0.51394   6.55471   0.38826   0.11780   0.17146   0.19248   0.04830   0.16649   1.66670   0.09485   0.18692  
 38  2.7515  14076.357640  x:  1.88017   6.39230  11.00840   3.99385   3.85436   0.38886   2.84153   1.41002   2.88998   1.30286   0.30087   0.52317   7.06309   0.38435   0.13138   0.17074   0.19499   0.04997   0.16689   1.66705   0.08513   0.19196  
 39  2.6898  14075.248251  x:  1.81470   7.36209  12.06401   4.50120   4.10351   0.34780   3.00855   1.55350   3.15537   1.39558   0.29908   0.52758   7.19678   0.37416   0.15154   0.17414   0.18644   0.05112   0.16953   1.74251   0.08151   0.20208  
 40  0.7570  14075.116273  x:  1.77646   7.45042  12.27630   4.59752   4.07267   0.38496   2.99659   1.59788   3.20041   1.41603   0.30063   0.53044   7.42956   0.37458   0.15244   0.17502   0.18700   0.05073   0.16973   1.74198   0.07926   0.20211  
 41  1.1277  14074.891884  x:  1.82026   7.50124  12.51536   4.68061   4.09144   0.43262   3.09002   1.57404   3.26053   1.46867   0.30698   0.54098   7.80041   0.38022   0.14741   0.17757   0.19182   0.04897   0.16901   1.72212   0.07783   0.19787  
 42  0.3535  14074.856003  x:  1.83185   7.65559  12.73381   4.72292   4.18279   0.42676   3.15381   1.58012   3.30828   1.49321   0.30979   0.54311   7.86694   0.38919   0.14249   0.17791   0.19166   0.04968   0.16991   1.71919   0.07622   0.19808  
 43  0.2242  14074.841270  x:  1.77740   7.70635  12.82660   4.70318   4.20268   0.43466   3.15684   1.59485   3.31845   1.49929   0.31009   0.54109   7.90608   0.38959   0.14436   0.17737   0.19095   0.04979   0.17046   1.72026   0.07628   0.19793  
 44  0.0659  14074.837017  x:  1.75180   7.71010  12.85713   4.67951   4.20793   0.44165   3.15359   1.60377   3.31911   1.50140   0.31025   0.54136   7.93513   0.38910   0.14522   0.17746   0.19154   0.04935   0.17032   1.71981   0.07608   0.19773  
 45  0.0337  14074.836476  x:  1.74919   7.69330  12.83228   4.66372   4.20522   0.44230   3.15138   1.60158   3.31327   1.49993   0.30988   0.54170   7.92678   0.38885   0.14491   0.17756   0.19159   0.04957   0.17017   1.71971   0.07621   0.19764  
 46  0.0252  14074.836411  x:  1.74943   7.69429  12.82872   4.66330   4.20551   0.44297   3.15317   1.60118   3.31374   1.50080   0.30967   0.54195   7.92707   0.38893   0.14463   0.17756   0.19145   0.04953   0.17022   1.71985   0.07620   0.19781  
 47  0.0022  14074.836399  x:  1.74852   7.69578  12.82871   4.66417   4.20481   0.44376   3.15316   1.60186   3.31438   1.50121   0.30966   0.54199   7.92845   0.38887   0.14468   0.17758   0.19147   0.04954   0.17020   1.71975   0.07619   0.19791  
 48  0.0014  14074.836397  x:  1.74900   7.69562  12.82748   4.66392   4.20473   0.44388   3.15314   1.60185   3.31440   1.50117   0.30970   0.54195   7.92705   0.38887   0.14470   0.17757   0.19149   0.04953   0.17020   1.71972   0.07619   0.19797  
 49  0.0011  14074.836396  x:  1.74913   7.69543  12.82757   4.66380   4.20458   0.44407   3.15315   1.60183   3.31445   1.50117   0.30972   0.54193   7.92715   0.38888   0.14471   0.17756   0.19149   0.04953   0.17021   1.71974   0.07619   0.19798  
 50  0.0002  14074.836396  x:  1.74913   7.69537  12.82757   4.66375   4.20453   0.44411   3.15316   1.60181   3.31445   1.50114   0.30972   0.54193   7.92719   0.38888   0.14470   0.17757   0.19149   0.04953   0.17021   1.71974   0.07619   0.19797  
 51  0.0001  14074.836396  x:  1.74912   7.69543  12.82761   4.66375   4.20453   0.44412   3.15317   1.60182   3.31447   1.50112   0.30972   0.54193   7.92718   0.38888   0.14470   0.17757   0.19149   0.04953   0.17021   1.71974   0.07619   0.19797  
 52  0.0000  14074.836396  x:  1.74912   7.69542  12.82759   4.66375   4.20453   0.44412   3.15316   1.60182   3.31446   1.50112   0.30972   0.54193   7.92718   0.38888   0.14470   0.17757   0.19149   0.04953   0.17021   1.71974   0.07619   0.19797  
 53  0.0000  14074.836396  x:  1.74912   7.69542  12.82759   4.66376   4.20453   0.44412   3.15317   1.60182   3.31446   1.50112   0.30972   0.54194   7.92718   0.38888   0.14470   0.17757   0.19149   0.04953   0.17021   1.71974   0.07619   0.19797  
 54  0.0000  14074.836396  x:  1.74912   7.69542  12.82759   4.66376   4.20453   0.44412   3.15317   1.60182   3.31446   1.50112   0.30972   0.54194   7.92718   0.38888   0.14470   0.17757   0.19149   0.04953   0.17021   1.71974   0.07619   0.19797  