

TREE # 1

  0  0.0000   6514.679485  x:  0.05361   1.21666   1.41717   0.31309   0.97572   0.21112   0.78133   0.16648   0.51940   0.60920   1.07448   0.17327   0.09661   0.10410   0.11458   0.08744   0.00000   2.00000   0.20000   0.20000   0.20000  
  1 99.0000   6507.251118  x:  0.06017   1.21804   1.41922   0.31745   0.97584   0.21158   0.78082   0.16926   0.51931   0.60849   1.07616   0.17416   0.09798   0.10481   0.11611   0.08604   0.03509   1.99856   0.20040   0.19864   0.19504  
  2 1136.2486   6453.179226  x:  0.20476   1.24884   1.46558   0.41537   0.97825   0.22144   0.76889   0.23181   0.51709   0.59216   1.11411   0.19337   0.12817   0.11199   0.12303   0.01238   0.03632   1.96549   0.20349   0.16770   0.08618  
  3 362.0104   6425.875305  x:  0.28806   1.26715   1.49398   0.47360   0.97936   0.22657   0.76093   0.26866   0.51542   0.58162   1.13736   0.20298   0.14551   0.11606   0.12765   0.03149   0.03385   1.94485   0.19380   0.14855   0.01730  
  4 1574.0377   6404.955009  x:  0.41870   1.29854   1.54655   0.57155   0.98011   0.23211   0.74387   0.32872   0.51171   0.56064   1.18048   0.21465   0.17067   0.12416   0.14024   0.05430   0.03129   1.90404   0.14500   0.11947   0.06277  
  5 476.6823   6398.529997  x:  0.45863   1.31067   1.56848   0.60569   0.98083   0.23345   0.73714   0.34907   0.51137   0.55282   1.19807   0.21349   0.17456   0.12371   0.14270   0.06890   0.02992   1.88582   0.17225   0.10829   0.08465  
  6 528.2638   6391.698342  x:  0.45542   1.33286   1.62988   0.64605   0.97833   0.21854   0.71032   0.36069   0.51302   0.52943   1.24110   0.16283   0.12361   0.08409   0.11729   0.06991   0.03124   1.82875   0.16870   0.07689   0.08944  
  7 109.6967   6382.403668  x:  0.36857   1.38501   1.79610   0.71267   0.97098   0.16989   0.63768   0.36405   0.52396   0.47285   1.35086   0.14060   0.07748   0.14857   0.14580   0.06545   0.03011   1.66918   0.16251   0.06029   0.08278  
  8 128.0485   6368.575662  x:  0.20893   1.46898   2.07015   0.80714   0.96186   0.09595   0.52715   0.36958   0.54656   0.39239   1.52727   0.19348   0.11518   0.12947   0.12181   0.06081   0.03192   1.40821   0.15304   0.08750   0.07502  
  9 335.0003   6365.284243  x:  0.14962   1.50733   2.19291   0.80744   0.98497   0.13953   0.56433   0.40786   0.57672   0.44950   1.58453   0.19230   0.13036   0.10118   0.16979   0.05865   0.03085   1.34995   0.14434   0.07003   0.07233  
 10 53.5166   6362.935257  x:  0.12857   1.55303   2.31696   0.79195   1.00781   0.18028   0.61674   0.42496   0.58831   0.49873   1.63045   0.18953   0.12541   0.12940   0.12236   0.05935   0.03214   1.33710   0.13753   0.09000   0.07276  
 11 55.6787   6359.071540  x:  0.15093   1.69103   2.63263   0.70548   1.03294   0.18843   0.70450   0.33695   0.53340   0.50641   1.71695   0.18468   0.13246   0.11610   0.14248   0.06014   0.03127   1.43057   0.13186   0.11036   0.07183  
 12 38.9440   6358.496627  x:  0.14188   1.71512   2.68156   0.68942   1.03262   0.17507   0.69873   0.35227   0.54162   0.50269   1.71835   0.18268   0.14973   0.12245   0.13301   0.05990   0.03153   1.46628   0.13165   0.08126   0.07274  
 13 19.7828   6357.856902  x:  0.13358   1.74879   2.74043   0.68053   1.03221   0.15789   0.67427   0.39860   0.56834   0.49569   1.70600   0.19036   0.13601   0.11755   0.13885   0.06014   0.03130   1.52027   0.13104   0.09791   0.07239  
 14 20.2456   6356.890694  x:  0.11979   1.80158   2.80144   0.72714   1.05581   0.22688   0.62602   0.38310   0.59606   0.47291   1.63401   0.20695   0.12735   0.11655   0.13630   0.06077   0.03120   1.55216   0.12947   0.08897   0.07263  
 15  6.5086   6352.821815  x:  0.13029   1.98270   2.96171   0.87679   1.02859   0.17069   0.66715   0.39940   0.55713   0.52535   1.33362   0.19615   0.13938   0.11623   0.13619   0.06248   0.03023   1.48035   0.12313   0.08782   0.07001  
 16  9.4542   6345.280729  x:  0.21118   2.04789   3.03933   0.89700   1.03770   0.23896   0.75885   0.54391   0.50807   0.36751   1.44839   0.21511   0.13619   0.11223   0.13621   0.06449   0.02834   1.40631   0.10966   0.07434   0.06068  
 17  5.6573   6332.822848  x:  0.45694   2.10347   3.15673   0.98057   1.01675   0.22998   0.73773   0.54652   0.70200   0.41552   1.80088   0.21292   0.15241   0.10894   0.13206   0.07167   0.02452   1.33645   0.08644   0.06642   0.04753  
 18 38.0338   6329.916103  x:  0.45831   1.99387   3.22232   1.09518   1.03866   0.24065   0.64503   0.58198   0.55612   0.52080   1.91187   0.17568   0.18309   0.11198   0.13386   0.07065   0.02379   1.40378   0.08464   0.09076   0.04193  
 19 16.9055   6328.522540  x:  0.48221   1.84674   3.29954   1.13481   1.04354   0.22160   0.65479   0.58199   0.54641   0.53679   1.91605   0.24280   0.13883   0.10715   0.12869   0.07288   0.02350   1.41785   0.08701   0.05614   0.04304  
 20  9.0087   6325.955290  x:  0.55345   1.50268   3.48375   1.20149   1.06745   0.20227   0.68788   0.58271   0.61152   0.48498   1.88669   0.18172   0.18319   0.11038   0.13471   0.07364   0.02235   1.42910   0.08913   0.08644   0.04012  
 21 21.2105   6323.297256  x:  0.67502   1.51139   3.51940   1.07922   1.10547   0.22863   0.55938   0.61897   0.58614   0.52509   1.88779   0.16114   0.19692   0.11359   0.13475   0.07664   0.02109   1.34632   0.09312   0.09125   0.03926  
 22  3.3786   6315.850617  x:  0.69630   1.91715   3.37260   1.36701   1.13673   0.17613   0.67494   0.62661   0.66132   0.49791   2.17968   0.13239   0.23151   0.11580   0.14205   0.07953   0.01805   1.47577   0.09790   0.11740   0.03261  
 23  7.0248   6315.358268  x:  0.71367   1.93748   3.40970   1.38675   1.29932   0.12593   0.68542   0.63023   0.66900   0.49082   2.18796   0.13584   0.22984   0.11549   0.14221   0.07992   0.01768   1.46915   0.09532   0.11604   0.03176  
 24  1.8229   6309.177417  x:  0.94130   2.07159   4.23058   1.57025   1.29816   0.21422   0.73935   0.72917   0.71087   0.45033   2.28322   0.15831   0.21883   0.11690   0.13859   0.08221   0.01307   1.39926   0.07803   0.12727   0.01660  
 25  1.9268   6306.039158  x:  1.08011   2.20709   4.76187   1.71015   1.32742   0.26210   0.78378   0.78768   0.73892   0.43756   2.37803   0.17381   0.20462   0.11433   0.13036   0.08847   0.01095   1.39577   0.06822   0.12903   0.03086  
 26  1.2568   6302.608531  x:  1.23199   2.36601   5.16791   1.91846   1.32845   0.28916   0.80675   0.83794   0.74442   0.45859   2.59054   0.09051   0.26032   0.12164   0.13979   0.08478   0.01165   1.44732   0.06834   0.14839   0.03526  
 27  0.4069   6299.330007  x:  1.50003   2.72320   5.95772   2.28800   1.45419   0.30621   0.88855   0.93437   0.77383   0.50876   3.01019   0.11660   0.23746   0.12221   0.14802   0.07693   0.01380   1.46934   0.05465   0.16714   0.03257  
 28  0.7369   6298.064172  x:  1.62633   2.86679   6.23699   2.44180   1.49945   0.30574   0.92733   0.96767   0.78603   0.53808   3.21726   0.14043   0.21434   0.11812   0.14339   0.06798   0.01750   1.46697   0.05469   0.18121   0.03157  
 29  0.4752   6296.820933  x:  1.83936   3.11249   6.78180   2.69728   1.61817   0.31253   0.99579   1.03835   0.83387   0.54874   3.53137   0.09694   0.24141   0.11719   0.13578   0.05602   0.02148   1.45604   0.04805   0.20428   0.03007  
 30  1.0267   6296.534515  x:  1.93269   3.16873   6.94875   2.75686   1.67889   0.31987   1.02535   1.07169   0.87321   0.52957   3.62464   0.08829   0.25685   0.12120   0.13521   0.05285   0.02255   1.44156   0.04771   0.20851   0.03104  
 31  0.1553   6296.393418  x:  2.03829   3.25257   7.18265   2.84065   1.73782   0.33188   1.05769   1.11397   0.90478   0.52255   3.74104   0.09739   0.25649   0.12163   0.13585   0.05205   0.02285   1.43628   0.04537   0.21226   0.03159  
 32  0.3369   6296.274507  x:  2.14628   3.30233   7.38123   2.88811   1.79709   0.34886   1.08396   1.16730   0.93010   0.51610   3.83553   0.08827   0.26720   0.11733   0.13541   0.05637   0.02169   1.44568   0.04402   0.22094   0.03182  
 33  0.1102   6296.225910  x:  2.18782   3.32998   7.45554   2.90157   1.81140   0.35612   1.09704   1.19206   0.92699   0.52901   3.88250   0.09231   0.26132   0.11862   0.13616   0.05742   0.02123   1.45018   0.04390   0.22624   0.03075  
 34  0.0617   6296.201978  x:  2.24341   3.38690   7.58562   2.94605   1.83406   0.36256   1.11694   1.21885   0.93098   0.53964   3.95727   0.08895   0.26153   0.11990   0.13630   0.05661   0.02138   1.44987   0.04281   0.23346   0.03015  
 35  0.2075   6296.192328  x:  2.26489   3.42705   7.65503   2.95909   1.83965   0.36553   1.13427   1.23566   0.93317   0.54520   3.99530   0.08643   0.26286   0.11950   0.13625   0.05645   0.02140   1.44534   0.04245   0.23821   0.03077  
 36  0.0350   6296.187343  x:  2.25759   3.45096   7.67400   2.95902   1.83953   0.36405   1.14254   1.24033   0.93603   0.54476   4.00742   0.08802   0.26305   0.11930   0.13624   0.05646   0.02134   1.44828   0.04229   0.24018   0.03094  
 37  0.0135   6296.182078  x:  2.22487   3.46338   7.64950   2.94161   1.83243   0.35902   1.14492   1.23753   0.93551   0.54338   4.00060   0.08607   0.26515   0.11950   0.13612   0.05647   0.02123   1.45144   0.04250   0.24302   0.03066  
 38  0.0211   6296.178326  x:  2.21515   3.47744   7.66731   2.93795   1.84149   0.35841   1.14651   1.24277   0.93863   0.54264   4.01501   0.08526   0.26532   0.11967   0.13613   0.05656   0.02122   1.44463   0.04229   0.24755   0.03035  
 39  0.0089   6296.174793  x:  2.19378   3.47210   7.66416   2.93052   1.84568   0.35934   1.13889   1.24201   0.93895   0.54142   4.01792   0.08524   0.26514   0.11959   0.13630   0.05673   0.02129   1.44506   0.04245   0.25134   0.03055  
 40  0.0080   6296.172710  x:  2.19761   3.48421   7.70629   2.94471   1.85276   0.36275   1.13983   1.24886   0.94054   0.54360   4.04435   0.08343   0.26644   0.11966   0.13620   0.05653   0.02138   1.44814   0.04221   0.25649   0.03060  
 41  0.0297   6296.171161  x:  2.19338   3.48188   7.72222   2.95544   1.84655   0.36505   1.14060   1.24880   0.93953   0.54537   4.05414   0.08338   0.26723   0.11972   0.13601   0.05641   0.02134   1.44708   0.04217   0.26096   0.03042  
 42  0.0056   6296.170283  x:  2.19287   3.47850   7.72828   2.96070   1.84533   0.36556   1.14247   1.24861   0.94082   0.54408   4.05519   0.08205   0.26878   0.11965   0.13622   0.05673   0.02120   1.44587   0.04215   0.26413   0.03044  
 43  0.0043   6296.168474  x:  2.19668   3.47586   7.73220   2.97537   1.85020   0.36274   1.14739   1.24541   0.94291   0.54222   4.05159   0.08146   0.26831   0.11981   0.13620   0.05687   0.02116   1.44716   0.04211   0.27144   0.03046  
 44  0.0032   6296.167076  x:  2.19184   3.49213   7.75285   2.98390   1.85734   0.36148   1.15141   1.24858   0.94339   0.54422   4.06425   0.07908   0.26999   0.11991   0.13607   0.05659   0.02126   1.44686   0.04201   0.28235   0.03033  
 45  0.0122   6296.163481  x:  2.20271   3.50518   7.75448   2.99040   1.86650   0.36143   1.15042   1.25030   0.94099   0.54760   4.05520   0.07704   0.27400   0.11966   0.13622   0.05656   0.02136   1.44558   0.04195   0.30232   0.03027  
 46  0.0055   6296.161186  x:  2.20147   3.50022   7.74868   2.99331   1.86158   0.36371   1.14669   1.24861   0.94095   0.54655   4.04540   0.07386   0.27674   0.11996   0.13605   0.05693   0.02123   1.44651   0.04197   0.31953   0.03013  
 47  0.0095   6296.158964  x:  2.19594   3.48873   7.71199   2.97361   1.84618   0.36593   1.13850   1.24482   0.93962   0.54442   4.02429   0.07391   0.27579   0.12014   0.13592   0.05691   0.02121   1.44685   0.04218   0.32710   0.03013  
 48  0.0266   6296.157396  x:  2.19948   3.50119   7.72712   2.97533   1.84765   0.36683   1.14123   1.24978   0.94155   0.54471   4.03451   0.07114   0.27807   0.12005   0.13604   0.05661   0.02129   1.44572   0.04209   0.34698   0.03010  
 49  0.0186   6296.155430  x:  2.21419   3.50482   7.75270   2.98011   1.85474   0.36627   1.14816   1.25779   0.94686   0.54298   4.06120   0.06846   0.28100   0.11985   0.13626   0.05632   0.02133   1.44554   0.04193   0.38020   0.03000  
 50  0.0160   6296.154019  x:  2.21030   3.48401   7.72492   2.97266   1.85147   0.36430   1.14353   1.25246   0.94375   0.54294   4.05126   0.06660   0.28288   0.12028   0.13586   0.05670   0.02123   1.44679   0.04207   0.40156   0.02987  
 51  0.0194   6296.153696  x:  2.20853   3.47935   7.71674   2.96749   1.85088   0.36292   1.14316   1.25091   0.94207   0.54368   4.05087   0.06694   0.28255   0.12025   0.13588   0.05668   0.02125   1.44647   0.04211   0.40282   0.02992  
 52  0.0116   6296.153517  x:  2.20881   3.47941   7.71685   2.96530   1.85126   0.36227   1.14391   1.25114   0.94150   0.54424   4.05423   0.06589   0.28349   0.12020   0.13595   0.05660   0.02127   1.44598   0.04211   0.41323   0.02993  
 53  0.0127   6296.153391  x:  2.21013   3.47850   7.71940   2.96152   1.85026   0.36299   1.14430   1.24945   0.94110   0.54382   4.05591   0.06541   0.28389   0.12009   0.13609   0.05660   0.02128   1.44598   0.04211   0.42086   0.02990  
 54  0.0017   6296.153345  x:  2.21100   3.48105   7.72466   2.96305   1.85159   0.36347   1.14455   1.24908   0.94123   0.54392   4.05663   0.06549   0.28388   0.12021   0.13596   0.05662   0.02129   1.44613   0.04209   0.41985   0.02989  
 55  0.0038   6296.153339  x:  2.21074   3.48194   7.72570   2.96326   1.85166   0.36332   1.14461   1.24897   0.94125   0.54413   4.05720   0.06541   0.28393   0.12020   0.13597   0.05662   0.02128   1.44601   0.04209   0.42040   0.02990  
 56  0.0007   6296.153337  x:  2.21103   3.48204   7.72588   2.96334   1.85170   0.36324   1.14445   1.24891   0.94139   0.54413   4.05737   0.06546   0.28388   0.12019   0.13598   0.05663   0.02127   1.44606   0.04209   0.42012   0.02990  
 57  0.0003   6296.153336  x:  2.21123   3.48199   7.72584   2.96328   1.85175   0.36320   1.14442   1.24893   0.94143   0.54411   4.05752   0.06542   0.28393   0.12020   0.13597   0.05663   0.02127   1.44607   0.04209   0.42063   0.02990  
 58  0.0005   6296.153336  x:  2.21125   3.48209   7.72588   2.96329   1.85174   0.36318   1.14443   1.24896   0.94142   0.54409   4.05759   0.06542   0.28393   0.12020   0.13597   0.05663   0.02127   1.44605   0.04209   0.42063   0.02990  
 59  0.0001   6296.153336  x:  2.21125   3.48212   7.72592   2.96335   1.85175   0.36318   1.14442   1.24896   0.94141   0.54409   4.05762   0.06542   0.28393   0.12020   0.13597   0.05663   0.02127   1.44606   0.04209   0.42067   0.02990  
 60  0.0000   6296.153336  x:  2.21125   3.48213   7.72592   2.96335   1.85175   0.36318   1.14442   1.24897   0.94141   0.54409   4.05762   0.06542   0.28393   0.12020   0.13597   0.05663   0.02127   1.44606   0.04209   0.42067   0.02990  
 61  0.0000   6296.153336  x:  2.21125   3.48214   7.72591   2.96336   1.85175   0.36318   1.14442   1.24897   0.94141   0.54409   4.05763   0.06542   0.28393   0.12020   0.13597   0.05663   0.02127   1.44606   0.04209   0.42069   0.02990  
 62  0.0000   6296.153336  x:  2.21125   3.48213   7.72591   2.96336   1.85175   0.36318   1.14442   1.24897   0.94141   0.54409   4.05763   0.06542   0.28393   0.12020   0.13597   0.05663   0.02127   1.44606   0.04209   0.42069   0.02990  
 63  0.0000   6296.153336  x:  2.21125   3.48215   7.72591   2.96337   1.85176   0.36318   1.14442   1.24897   0.94141   0.54409   4.05764   0.06541   0.28393   0.12020   0.13597   0.05663   0.02127   1.44606   0.04209   0.42073   0.02990  