

TREE # 1

  0  0.0000   3710.930852  x:  0.18172   0.21389   0.29043   0.08705   0.30053   0.19117   0.23348   0.00055   0.13614   0.14645   0.38526   0.07587   0.05770   0.06420   0.03911   0.00000   0.12382   2.00000   0.20000   0.20000  
  1 99.0000   3677.228728  x:  0.19114   0.22037   0.29729   0.09731   0.30289   0.19399   0.23756   0.06016   0.14184   0.15015   0.39132   0.07479   0.05732   0.06417   0.04161   0.18902   0.12166   1.99875   0.19741   0.19964  
  2 7165.6685   3444.653273  x:  0.53836   0.46037   0.56090   0.45104   0.38791   0.26845   0.33514   0.28303   0.32988   0.26646   0.62067   0.02560   0.04548   0.04273   0.02078   0.11979   0.00932   1.95092   0.08806   0.18775  
  3 702.8229   3406.106839  x:  0.61751   0.51579   0.62463   0.52808   0.40982   0.28580   0.35719   0.33018   0.36902   0.28937   0.67813   0.02365   0.05435   0.04640   0.04264   0.10433   0.04086   1.93543   0.16185   0.18409  
  4 1449.3018   3397.728167  x:  0.63792   0.53077   0.65353   0.53321   0.42028   0.28639   0.35609   0.32686   0.35978   0.27458   0.71230   0.05043   0.09072   0.06952   0.07456   0.10444   0.08983   1.91628   0.12916   0.17877  
  5 206.7661   3381.212079  x:  0.68475   0.56624   0.77987   0.47437   0.47481   0.27476   0.32853   0.25123   0.25428   0.15053   0.88528   0.01757   0.10158   0.03709   0.04869   0.12731   0.11477   1.78589   0.11926   0.14254  
  6 115.7284   3376.310955  x:  0.69635   0.57093   0.83603   0.42613   0.50171   0.26354   0.31678   0.21067   0.23637   0.13163   0.97149   0.02094   0.10409   0.09468   0.04482   0.13918   0.07988   1.70388   0.13001   0.12220  
  7 174.1789   3365.578634  x:  0.69306   0.54763   0.94342   0.27435   0.55872   0.22438   0.30322   0.12910   0.28507   0.20989   1.16315   0.02856   0.08673   0.07953   0.08327   0.16210   0.06027   1.48089   0.12391   0.05332  
  8 157.7903   3361.862565  x:  0.67860   0.50984   0.96073   0.22274   0.57623   0.20737   0.33221   0.17175   0.29518   0.22457   1.22826   0.03413   0.08073   0.09135   0.03814   0.15067   0.08579   1.36279   0.11783   0.03634  
  9 81.1405   3359.504126  x:  0.66418   0.45868   0.95341   0.21437   0.58584   0.19410   0.35832   0.22111   0.28551   0.21028   1.27317   0.03625   0.08165   0.08249   0.07045   0.13634   0.06747   1.23661   0.11789   0.05500  
 10 68.5608   3357.976707  x:  0.66369   0.41552   0.92475   0.26731   0.58398   0.18519   0.33998   0.20395   0.29365   0.21107   1.28862   0.02019   0.08018   0.08891   0.06524   0.14109   0.07914   1.12307   0.11329   0.06396  
 11 36.3541   3357.691720  x:  0.66490   0.40907   0.91814   0.27866   0.58310   0.18368   0.33571   0.19971   0.29501   0.21082   1.28955   0.02915   0.08815   0.08424   0.05911   0.14236   0.07616   1.09902   0.11521   0.06220  
 12 54.2753   3357.414120  x:  0.67371   0.42369   0.90880   0.28071   0.57932   0.18403   0.33704   0.20091   0.29207   0.20610   1.27308   0.03331   0.08033   0.08496   0.06332   0.14190   0.07575   1.07300   0.11459   0.03910  
 13  8.8111   3356.976944  x:  0.69568   0.46858   0.90005   0.26557   0.57449   0.18637   0.34155   0.19651   0.29225   0.20682   1.23765   0.03368   0.07933   0.08439   0.06090   0.14304   0.07855   1.02831   0.11325   0.05768  
 14 11.2410   3356.300285  x:  0.70617   0.47699   0.89971   0.26091   0.58003   0.19375   0.34638   0.20010   0.29566   0.21022   1.22597   0.00552   0.11301   0.08469   0.06130   0.14182   0.07461   1.02146   0.11388   0.04917  
 15  3.9663   3319.537394  x:  1.44576   0.40683   1.18721   0.46151   1.06064   0.56067   0.27605   0.40424   0.43570   0.20735   1.20187   0.05645   0.07657   0.04543   0.06622   0.06742   0.10341   1.29315   0.06959   0.08168  
 16  6.3657   3299.199091  x:  1.45526   0.65980   1.35732   0.69802   0.74545   0.16298   0.27688   0.53322   0.38392   0.30501   1.39952   0.04011   0.10269   0.03324   0.06728   0.02626   0.09918   1.43192   0.06772   0.09076  
 17 30.5790   3296.641618  x:  1.41809   0.70503   1.37179   0.76444   0.67353   0.16072   0.46336   0.45893   0.40465   0.29138   1.45657   0.04799   0.09695   0.03122   0.06433   0.04460   0.10044   1.45332   0.06462   0.09149  
 18 24.6755   3294.850424  x:  1.29998   0.80386   1.35242   0.78335   0.56091   0.35754   0.43052   0.48119   0.47466   0.24735   1.57002   0.05117   0.09135   0.03131   0.06410   0.03690   0.09726   1.44436   0.06362   0.09267  
 19  6.5733   3283.939774  x:  1.59047   0.87571   1.14534   0.81194   0.65018   0.31262   0.51315   0.48302   0.48027   0.26245   1.90341   0.04307   0.07850   0.05454   0.05308   0.03064   0.05312   1.49680   0.07704   0.08866  
 20  1.8316   3279.612172  x:  1.46565   0.81901   1.59147   0.92940   0.74982   0.26218   0.52863   0.48902   0.56104   0.20114   1.71243   0.04959   0.06294   0.06285   0.04867   0.02664   0.03804   1.41396   0.07794   0.07852  
 21  8.4976   3277.515525  x:  1.52096   0.78820   1.69662   0.97238   0.73702   0.34976   0.54757   0.48596   0.37107   0.36251   1.75021   0.05242   0.05545   0.07240   0.04425   0.02559   0.03453   1.36157   0.07324   0.07487  
 22  2.6694   3264.816447  x:  2.10571   0.64724   1.91995   0.96388   0.63423   0.29358   0.54723   0.48106   0.49475   0.27146   2.17018   0.02203   0.06562   0.09261   0.03595   0.01842   0.02067   1.16867   0.05207   0.05529  
 23  5.4576   3263.550878  x:  2.04203   0.73762   1.87983   1.01218   0.82217   0.24921   0.54493   0.48291   0.49865   0.27336   2.24013   0.02351   0.06342   0.09314   0.03408   0.01694   0.02242   1.14857   0.04739   0.05474  
 24  5.8394   3256.186152  x:  2.34043   0.69454   2.08933   1.05654   0.88008   0.17281   0.54417   0.37556   0.56042   0.21235   2.47889   0.01534   0.07574   0.06785   0.01711   0.04434   0.05080   1.01427   0.04562   0.04572  
 25  0.7449   3250.713853  x:  2.52096   0.78744   2.18224   1.14596   1.04061   0.11632   0.53781   0.32386   0.58824   0.18087   2.74293   0.01577   0.08449   0.03638   0.05382   0.05431   0.04558   0.97794   0.04517   0.04456  
 26  0.8964   3238.051899  x:  3.26664   1.25323   2.79606   1.67503   1.14379   0.27971   0.56587   0.33466   0.47633   0.32516   3.75810   0.04895   0.08733   0.07750   0.05677   0.02401   0.03208   1.21166   0.03494   0.07507  
 27  0.5644   3233.097038  x:  3.90369   1.42152   3.27358   1.94667   1.32280   0.23958   0.53575   0.31492   0.61110   0.20587   4.41049   0.04864   0.05752   0.05774   0.04815   0.01334   0.04291   1.17301   0.03333   0.07814  
 28  0.6096   3231.315274  x:  4.22450   1.47927   3.52917   2.07367   1.39260   0.22373   0.54852   0.26536   0.64127   0.17871   4.72749   0.04711   0.05158   0.05261   0.04907   0.02048   0.04510   1.12267   0.02839   0.07382  
 29  1.5971   3230.157254  x:  4.54797   1.58779   3.80089   2.24861   1.51139   0.19765   0.58679   0.21596   0.58188   0.23034   5.06499   0.04448   0.07007   0.05171   0.04547   0.02763   0.03795   1.10970   0.02766   0.06407  
 30  0.5151   3229.639953  x:  4.82220   1.66208   4.03001   2.38247   1.56306   0.19650   0.60796   0.21068   0.55771   0.25387   5.32621   0.04298   0.07587   0.05450   0.04602   0.02312   0.03960   1.10670   0.02501   0.05988  
 31  0.8465   3228.998002  x:  5.19842   1.75918   4.34389   2.55309   1.62754   0.18615   0.63426   0.20905   0.55929   0.24588   5.64806   0.03746   0.07123   0.06462   0.05015   0.01842   0.04657   1.13102   0.02455   0.05759  
 32  0.4047   3228.488855  x:  5.70537   1.89441   4.73317   2.76088   1.77341   0.19792   0.66256   0.20139   0.59832   0.21028   6.10621   0.03444   0.07832   0.05435   0.04585   0.01648   0.04152   1.12888   0.02234   0.06300  
 33  0.3470   3227.638958  x:  6.27699   2.02504   5.21034   2.96798   1.91574   0.26178   0.71173   0.20465   0.59034   0.22030   6.52509   0.03350   0.07908   0.05101   0.04879   0.02597   0.03869   1.12508   0.02164   0.07150  
 34  0.2723   3226.543619  x:  7.10881   2.23420   5.90982   3.29565   2.10177   0.32631   0.76715   0.23980   0.58802   0.23715   7.17220   0.03339   0.08006   0.05630   0.05339   0.02571   0.04085   1.12268   0.01795   0.07461  
 35  0.9589   3225.388239  x:  7.56562   2.33211   6.30177   3.40530   2.18547   0.40546   0.77710   0.37572   0.62472   0.23048   7.35456   0.03903   0.07901   0.06119   0.05545   0.02009   0.04515   1.14490   0.01805   0.07575  
 36  0.3854   3224.830316  x:  8.27691   2.51704   6.87644   3.65385   2.37314   0.44167   0.80710   0.43566   0.66916   0.21197   7.87413   0.04086   0.07488   0.05744   0.05365   0.02302   0.04333   1.13669   0.01576   0.07345  
 37  1.0499   3224.458773  x:  8.41037   2.56237   6.96229   3.66210   2.42825   0.42009   0.79228   0.49544   0.70840   0.19340   7.91546   0.04264   0.06819   0.05375   0.04880   0.02794   0.04045   1.12848   0.01608   0.06397  
 38  0.1328   3224.257685  x:  8.91117   2.72124   7.34414   3.83085   2.54507   0.39299   0.79299   0.57773   0.72627   0.19628   8.26744   0.04201   0.07087   0.05901   0.04772   0.02935   0.04248   1.13866   0.01500   0.05727  
 39  0.3607   3224.125672  x:  8.85287   2.74338   7.24768   3.80454   2.51653   0.32018   0.76547   0.61244   0.70712   0.21128   8.24008   0.03957   0.07501   0.05935   0.04757   0.02824   0.04363   1.14627   0.01551   0.06203  
 40  0.0742   3224.044467  x:  8.96157   2.80788   7.28081   3.85112   2.52927   0.26731   0.75333   0.63465   0.69704   0.21404   8.37988   0.03801   0.07490   0.05574   0.04796   0.02736   0.04201   1.13871   0.01514   0.06705  
 41  0.1142   3223.996918  x:  8.82192   2.79667   7.12545   3.81373   2.45687   0.25961   0.74600   0.60862   0.69285   0.19888   8.35140   0.04014   0.07175   0.05732   0.05112   0.02794   0.04102   1.12933   0.01533   0.06477  
 42  0.0741   3223.962744  x:  8.81074   2.83180   7.04932   3.81365   2.39890   0.27214   0.73807   0.61184   0.68937   0.19227   8.41508   0.04352   0.07164   0.05526   0.05001   0.02867   0.04249   1.13875   0.01541   0.06306  
 43  0.0409   3223.936007  x:  8.88469   2.89622   7.04561   3.84852   2.37347   0.29989   0.73640   0.63244   0.68455   0.19806   8.54118   0.04372   0.06944   0.05740   0.04805   0.02866   0.04165   1.14389   0.01526   0.06423  
 44  0.0550   3223.924316  x:  8.84618   2.90546   6.97565   3.84409   2.34343   0.32038   0.73914   0.62783   0.68342   0.19769   8.56608   0.04096   0.07177   0.05666   0.04900   0.02819   0.04160   1.13279   0.01528   0.06418  
 45  0.0300   3223.915144  x:  8.95122   2.95895   7.02481   3.89311   2.37797   0.32055   0.74847   0.64729   0.69457   0.19882   8.67909   0.03814   0.07539   0.05671   0.04895   0.02831   0.04201   1.13537   0.01509   0.06382  
 46  0.0592   3223.907294  x:  8.94234   2.99151   6.97411   3.91807   2.38825   0.31021   0.75912   0.64278   0.70052   0.19478   8.74441   0.04011   0.07266   0.05657   0.04967   0.02868   0.04160   1.13840   0.01507   0.06412  
 47  0.0284   3223.903500  x:  8.92853   2.99406   6.95902   3.93096   2.40772   0.30757   0.76633   0.63932   0.69727   0.20081   8.75467   0.04123   0.07204   0.05649   0.04920   0.02827   0.04195   1.13571   0.01506   0.06458  
 48  0.0143   3223.901932  x:  8.94434   3.00241   6.96139   3.94533   2.41517   0.30523   0.76416   0.64133   0.69576   0.19976   8.78472   0.04175   0.07181   0.05705   0.04890   0.02838   0.04195   1.13247   0.01500   0.06324  
 49  0.0115   3223.898237  x:  8.97175   2.99606   6.97808   3.97390   2.44722   0.30506   0.75886   0.64339   0.69462   0.19687   8.81964   0.04079   0.07225   0.05660   0.04896   0.02836   0.04209   1.13335   0.01498   0.06366  
 50  0.0107   3223.896906  x:  8.99492   2.99773   6.99307   3.99259   2.45641   0.30926   0.75904   0.64550   0.69375   0.19771   8.84635   0.04088   0.07247   0.05679   0.04915   0.02831   0.04194   1.13652   0.01492   0.06448  
 51  0.0199   3223.892680  x:  8.93920   2.95106   6.95099   3.99847   2.43352   0.31054   0.75236   0.64660   0.69054   0.20082   8.80871   0.04210   0.07165   0.05682   0.04967   0.02841   0.04176   1.13697   0.01505   0.06391  
 52  0.0119   3223.888960  x:  8.92602   2.90244   6.96024   4.01873   2.42868   0.30884   0.75097   0.64963   0.69597   0.20021   8.78280   0.04215   0.07107   0.05638   0.04957   0.02854   0.04184   1.13397   0.01503   0.06347  
 53  0.0270   3223.887458  x:  8.91318   2.89173   6.95260   4.02575   2.42447   0.30414   0.75298   0.64756   0.69815   0.19760   8.77768   0.04133   0.07200   0.05683   0.04907   0.02838   0.04197   1.13475   0.01505   0.06423  
 54  0.0100   3223.887055  x:  8.89813   2.88115   6.94655   4.02824   2.41532   0.30572   0.75475   0.64457   0.69555   0.19811   8.76632   0.04122   0.07207   0.05668   0.04907   0.02841   0.04189   1.13512   0.01508   0.06404  
 55  0.0084   3223.886680  x:  8.92684   2.89177   6.97626   4.04535   2.42396   0.30412   0.75916   0.64759   0.69481   0.19890   8.78626   0.04090   0.07229   0.05676   0.04907   0.02850   0.04192   1.13550   0.01503   0.06376  
 56  0.0171   3223.886355  x:  8.93565   2.89535   6.99088   4.06003   2.42446   0.30635   0.76044   0.65077   0.69613   0.19779   8.79398   0.04145   0.07192   0.05672   0.04913   0.02843   0.04189   1.13456   0.01500   0.06421  
 57  0.0056   3223.886141  x:  8.93529   2.90490   7.00240   4.06557   2.42494   0.30595   0.76087   0.65024   0.69535   0.19763   8.79094   0.04144   0.07178   0.05667   0.04913   0.02838   0.04196   1.13539   0.01500   0.06394  
 58  0.0033   3223.885782  x:  8.90780   2.90544   6.99237   4.07650   2.42314   0.30612   0.75776   0.64893   0.69657   0.19793   8.77759   0.04138   0.07189   0.05673   0.04913   0.02832   0.04190   1.13535   0.01501   0.06378  
 59  0.0097   3223.885715  x:  8.90431   2.90829   6.99116   4.07840   2.42293   0.30611   0.75753   0.64837   0.69615   0.19813   8.77601   0.04130   0.07199   0.05670   0.04911   0.02844   0.04191   1.13507   0.01501   0.06403  
 60  0.0025   3223.885683  x:  8.90108   2.90453   6.98978   4.07514   2.42218   0.30573   0.75733   0.64841   0.69606   0.19823   8.76395   0.04140   0.07188   0.05673   0.04914   0.02844   0.04193   1.13482   0.01502   0.06417  
 61  0.0017   3223.885546  x:  8.89177   2.90685   6.96887   4.07424   2.42074   0.30562   0.75730   0.64861   0.69563   0.19780   8.74841   0.04125   0.07204   0.05669   0.04911   0.02844   0.04190   1.13508   0.01504   0.06400  
 62  0.0048   3223.885530  x:  8.89270   2.90561   6.96780   4.07444   2.42058   0.30566   0.75744   0.64901   0.69561   0.19790   8.74208   0.04130   0.07196   0.05672   0.04912   0.02844   0.04192   1.13501   0.01504   0.06403  
 63  0.0034   3223.885449  x:  8.90641   2.90819   6.97113   4.07931   2.42122   0.30592   0.75741   0.64855   0.69583   0.19803   8.74649   0.04131   0.07195   0.05672   0.04911   0.02844   0.04192   1.13498   0.01503   0.06402  
 64  0.0020   3223.885433  x:  8.91394   2.90962   6.97220   4.08178   2.42142   0.30586   0.75728   0.64795   0.69591   0.19808   8.74842   0.04131   0.07197   0.05671   0.04912   0.02843   0.04191   1.13495   0.01502   0.06402  
 65  0.0080   3223.885433  x:  8.91394   2.90962   6.97220   4.08178   2.42142   0.30586   0.75728   0.64795   0.69591   0.19808   8.74842   0.04131   0.07197   0.05671   0.04912   0.02843   0.04191   1.13495   0.01502   0.06402  