

TREE # 1

  0  0.0000   2272.208439  x:  0.76860   0.93181   0.75690   0.27052   0.84962   0.27390   0.79619   0.31607   0.39510   0.22800   0.28113   0.29205   0.97195   0.20048   0.00000   0.17912   0.10985   0.02040   0.02638   2.00000   0.20000   0.20000  
  1 99.0000   2263.701859  x:  0.77591   0.93869   0.76601   0.28137   0.84851   0.27579   0.79945   0.31876   0.39890   0.23130   0.28557   0.29282   0.97808   0.20347   0.01753   0.17845   0.12180   0.00000   0.00608   1.99644   0.22817   0.19741  
  2 204.4379   2262.716180  x:  0.77779   0.94049   0.76839   0.28413   0.84799   0.27623   0.80021   0.31932   0.39980   0.23210   0.28664   0.29294   0.97962   0.20339   0.01793   0.17802   0.12391   0.00000   0.00000   1.99573   0.22740   0.19656  
  3 197.2778   2257.730953  x:  0.80994   0.97184   0.80955   0.32482   0.83724   0.28195   0.81454   0.32679   0.41291   0.24147   0.30007   0.29287   1.00563   0.19311   0.00000   0.16772   0.11134   0.00000   0.00000   1.98222   0.23551   0.18103  
  4 180.1679   2253.512802  x:  0.86114   1.02274   0.87467   0.37427   0.81457   0.28348   0.83913   0.33181   0.42733   0.24657   0.31000   0.28749   1.04733   0.19363   0.03578   0.15619   0.05364   0.00000   0.00000   1.95956   0.21978   0.15635  
  5 167.7057   2248.024426  x:  0.97004   1.14315   1.01624   0.33282   0.71244   0.23365   0.91626   0.28508   0.40429   0.16895   0.23100   0.23356   1.13419   0.20015   0.03678   0.24737   0.04988   0.00000   0.00000   1.89283   0.21709   0.07649  
  6 45.0028   2244.919380  x:  1.04322   1.22429   1.10120   0.19749   0.59774   0.19575   0.99621   0.24190   0.40131   0.18376   0.27419   0.28136   1.20472   0.26671   0.02254   0.21812   0.05513   0.00000   0.00000   1.82627   0.21761   0.07177  
  7 31.8368   2243.492193  x:  1.08782   1.24644   1.10717   0.13799   0.52659   0.26109   1.06215   0.26827   0.39770   0.22953   0.23765   0.26160   1.29405   0.24973   0.02737   0.21071   0.06180   0.00000   0.00000   1.76781   0.21445   0.15256  
  8 15.3227   2240.892027  x:  1.14317   1.22384   1.03112   0.11206   0.42444   0.34717   1.14559   0.26195   0.35515   0.19915   0.29715   0.28114   1.46634   0.14746   0.05807   0.20472   0.07351   0.00000   0.00000   1.68638   0.21000   0.13830  
  9 15.9991   2237.559548  x:  1.21936   1.17007   0.91628   0.17121   0.34254   0.39217   1.20355   0.20535   0.40480   0.18469   0.25757   0.27580   1.67822   0.21193   0.04880   0.14592   0.08679   0.00000   0.00000   1.61774   0.21371   0.08398  
 10 19.0283   2235.170356  x:  1.28210   1.14858   0.88367   0.18960   0.34630   0.40759   1.21214   0.21042   0.46526   0.24461   0.29177   0.28233   1.79955   0.26115   0.04117   0.24177   0.07519   0.00000   0.00000   1.60669   0.21343   0.04770  
 11 20.9557   2228.085722  x:  1.55480   1.19899   1.05329   0.26966   0.54167   0.30432   1.10179   0.26965   0.49783   0.15253   0.45429   0.23804   2.09529   0.31326   0.03809   0.29752   0.09727   0.00000   0.00000   1.74157   0.21549   0.24795  
 12 17.9436   2215.464750  x:  1.85415   1.30292   1.35628   0.22668   0.79924   0.13898   0.93540   0.38037   0.56487   0.30357   0.40203   0.26716   2.31617   0.09033   0.12050   0.15017   0.17008   0.00000   0.00000   1.98428   0.21415   0.18821  
 13 39.7000   2212.345836  x:  1.86660   1.35781   1.52866   0.29191   0.81936   0.33614   1.02153   0.43349   0.42432   0.30320   0.36650   0.35661   2.15558   0.16558   0.11790   0.12920   0.17767   0.00000   0.00000   2.02533   0.21069   0.11032  
 14 11.1850   2205.419422  x:  1.72606   1.45961   1.86138   0.55218   0.46569   0.50140   1.29039   0.30824   0.56204   0.33498   0.46094   0.24115   1.51953   0.08642   0.16418   0.13515   0.19909   0.00000   0.00000   1.96926   0.19418   0.12999  
 15 13.5655   2204.227020  x:  1.67003   1.50045   1.91008   0.64632   0.38580   0.43454   1.29460   0.33724   0.54684   0.34556   0.41928   0.35219   1.47736   0.06668   0.16854   0.16925   0.19891   0.00000   0.00000   1.88841   0.18504   0.17703  
 16  7.5730   2202.020518  x:  1.54557   1.60692   1.97708   0.71828   0.35954   0.32017   1.28068   0.47489   0.45362   0.39561   0.44721   0.28396   1.51417   0.10139   0.15939   0.14816   0.20632   0.00000   0.00000   1.67431   0.16310   0.14787  
 17  7.9843   2200.055390  x:  1.49095   1.75013   2.05271   0.69785   0.47590   0.37394   1.30586   0.44263   0.55729   0.34614   0.44687   0.31102   1.64983   0.09173   0.16158   0.14180   0.21401   0.00000   0.00000   1.59018   0.13446   0.14658  
 18  6.1668   2198.907372  x:  1.54698   1.84882   2.06528   0.72078   0.40610   0.39589   1.29936   0.37432   0.50764   0.40147   0.45891   0.28874   1.80162   0.10206   0.15767   0.15227   0.21510   0.00000   0.00000   1.78959   0.12976   0.15992  
 19  4.8676   2197.981515  x:  1.71422   1.92935   2.03822   0.69070   0.32915   0.41197   1.28109   0.52640   0.59241   0.32557   0.46160   0.29534   1.86660   0.12028   0.15716   0.14178   0.21888   0.00000   0.00000   1.89193   0.12841   0.13248  
 20  2.6193   2191.629645  x:  3.19736   2.53894   1.95163   0.70854   0.60841   0.38036   1.33384   0.40301   0.57394   0.42710   0.46762   0.28762   2.32296   0.06060   0.18543   0.13001   0.25825   0.00000   0.00000   1.80123   0.12062   0.17982  
 21  4.2653   2189.006295  x:  3.09805   2.26525   2.55086   0.76615   0.69954   0.23160   1.86848   0.50771   0.67402   0.39725   0.46903   0.27669   2.89353   0.06780   0.19400   0.12933   0.27453   0.00000   0.00000   2.00231   0.11535   0.16646  
 22  3.0709   2187.297173  x:  3.08391   2.04213   3.15024   0.76943   0.52726   0.43637   1.58920   0.44193   0.75499   0.36984   0.49109   0.25181   3.25044   0.09317   0.20077   0.13873   0.28249   0.00000   0.00000   1.93078   0.11315   0.13521  
 23  3.5623   2186.275740  x:  3.39751   1.95383   3.36505   0.81740   0.52936   0.43240   1.69197   0.47035   0.76505   0.37357   0.49689   0.25071   3.31772   0.08666   0.20511   0.14086   0.29076   0.00000   0.00000   1.88458   0.09579   0.13847  
 24  1.5301   2184.751052  x:  3.48754   3.02801   3.42255   1.04805   0.50051   0.50856   1.90186   0.53949   0.80737   0.36989   0.52012   0.25193   3.47175   0.09211   0.21259   0.15532   0.30261   0.00000   0.00000   1.94521   0.08158   0.14504  
 25  1.0573   2183.594568  x:  3.72740   3.20989   3.66605   1.19523   0.43690   0.54868   1.98856   0.57742   0.77458   0.38187   0.51456   0.27078   3.50743   0.07339   0.21270   0.14833   0.30174   0.00000   0.00000   1.98282   0.08823   0.15645  
 26  0.3236   2182.261186  x:  4.57583   3.17436   4.52569   1.47218   0.42262   0.59791   2.32105   0.66989   0.77794   0.39757   0.51810   0.29559   3.78073   0.05744   0.20577   0.14558   0.30292   0.00000   0.00000   1.95709   0.07067   0.19027  
 27  0.7087   2181.641272  x:  5.00865   3.23383   4.98369   1.64861   0.46968   0.63701   2.53866   0.73651   0.78858   0.39882   0.52555   0.29427   3.88210   0.11187   0.16977   0.16550   0.27826   0.00000   0.00000   1.98222   0.06804   0.21246  
 28  0.4673   2181.157816  x:  5.29284   3.42486   5.57995   1.87054   0.50769   0.69258   2.75588   0.79017   0.84363   0.40838   0.54548   0.27435   4.09468   0.07776   0.15565   0.15570   0.25801   0.00000   0.00000   2.01179   0.06353   0.24197  
 29  0.3763   2181.074768  x:  5.30713   3.52993   5.72631   1.92678   0.53047   0.70504   2.78944   0.80154   0.88065   0.41545   0.55274   0.27875   4.17555   0.08372   0.15056   0.16412   0.24885   0.00000   0.00000   2.00783   0.06051   0.25193  
 30  0.1601   2180.998321  x:  5.12382   3.60146   5.69475   1.92129   0.54876   0.70232   2.72411   0.78910   0.91354   0.42634   0.55746   0.28271   4.18605   0.08663   0.14986   0.17012   0.23918   0.00000   0.00000   2.00264   0.06196   0.25495  
 31  0.2253   2180.968614  x:  5.02519   3.64256   5.68871   1.92303   0.55276   0.69287   2.68534   0.78817   0.92838   0.44407   0.56303   0.28021   4.20070   0.08032   0.15580   0.16243   0.23859   0.00000   0.00000   2.00216   0.06162   0.24995  
 32  0.0682   2180.960037  x:  5.04428   3.60720   5.67269   1.92496   0.55082   0.67734   2.67952   0.79687   0.92070   0.45652   0.56315   0.27927   4.17231   0.08463   0.15750   0.16073   0.23854   0.00000   0.00000   2.00681   0.06190   0.24468  
 33  0.0247   2180.955883  x:  5.09592   3.59620   5.71369   1.95003   0.55320   0.67070   2.69919   0.80756   0.92279   0.46303   0.56363   0.28038   4.16586   0.08169   0.15815   0.16258   0.23630   0.00000   0.00000   2.00979   0.06163   0.24629  
 34  0.0414   2180.953438  x:  5.10657   3.60179   5.71376   1.96337   0.55228   0.67113   2.69925   0.81079   0.93556   0.45823   0.56460   0.28194   4.15467   0.08185   0.16037   0.16271   0.23667   0.00000   0.00000   2.00738   0.06144   0.24217  
 35  0.0056   2180.951994  x:  5.13075   3.60625   5.71880   1.97922   0.55268   0.67470   2.70921   0.80982   0.93812   0.45559   0.56554   0.27905   4.14865   0.08236   0.15986   0.16143   0.23704   0.00000   0.00000   2.00902   0.06146   0.23965  
 36  0.0107   2180.948822  x:  5.13230   3.63434   5.70359   2.01894   0.56108   0.67536   2.70993   0.79887   0.94025   0.46167   0.56624   0.27815   4.14558   0.08396   0.15853   0.16219   0.23685   0.00000   0.00000   2.01000   0.06117   0.23539  
 37  0.0083   2180.947193  x:  5.11404   3.61398   5.66452   2.02427   0.55824   0.67252   2.69791   0.79499   0.93352   0.45958   0.56339   0.28129   4.13487   0.08415   0.15816   0.16195   0.23862   0.00000   0.00000   2.00908   0.06155   0.23039  
 38  0.0187   2180.945458  x:  5.08829   3.59504   5.66368   2.04061   0.55500   0.67255   2.69305   0.80340   0.93269   0.45632   0.56347   0.28115   4.14250   0.08652   0.15518   0.16174   0.23748   0.00000   0.00000   2.00890   0.06152   0.22363  
 39  0.0103   2180.945233  x:  5.07635   3.59617   5.64723   2.04023   0.55398   0.67273   2.68841   0.80298   0.93231   0.45644   0.56417   0.27934   4.13559   0.08711   0.15509   0.16199   0.23741   0.00000   0.00000   2.00884   0.06165   0.22090  
 40  0.0107   2180.945052  x:  5.07253   3.59551   5.63270   2.03460   0.55216   0.67439   2.68708   0.80297   0.93007   0.45556   0.56400   0.27973   4.12699   0.08726   0.15454   0.16211   0.23720   0.00000   0.00000   2.00834   0.06170   0.21881  
 41  0.0046   2180.944941  x:  5.07336   3.59668   5.62883   2.03613   0.55242   0.67547   2.68658   0.80179   0.93100   0.45602   0.56408   0.28024   4.12220   0.08815   0.15390   0.16176   0.23671   0.00000   0.00000   2.00832   0.06173   0.21640  
 42  0.0027   2180.944709  x:  5.07188   3.58092   5.62692   2.02898   0.55017   0.67604   2.68405   0.79898   0.93021   0.45575   0.56340   0.27982   4.12461   0.09023   0.15211   0.16183   0.23681   0.00000   0.00000   2.00827   0.06183   0.20973  
 43  0.0025   2180.944576  x:  5.07853   3.58639   5.63799   2.02804   0.55148   0.67525   2.68705   0.79896   0.93255   0.45672   0.56372   0.27972   4.12882   0.09037   0.15166   0.16192   0.23668   0.00000   0.00000   2.00867   0.06174   0.20735  
 44  0.0058   2180.944439  x:  5.07787   3.59559   5.63803   2.02846   0.55311   0.67254   2.68808   0.80131   0.93142   0.45645   0.56382   0.28006   4.13082   0.09138   0.15068   0.16191   0.23715   0.00000   0.00000   2.00877   0.06173   0.20458  
 45  0.0029   2180.944429  x:  5.07828   3.59509   5.63764   2.02865   0.55310   0.67283   2.68791   0.80107   0.93148   0.45642   0.56396   0.27998   4.12977   0.09191   0.15026   0.16187   0.23707   0.00000   0.00000   2.00852   0.06172   0.20339  
 46  0.0014   2180.944424  x:  5.07840   3.59459   5.63921   2.02878   0.55330   0.67268   2.68753   0.80102   0.93148   0.45644   0.56416   0.27996   4.12910   0.09178   0.15033   0.16189   0.23712   0.00000   0.00000   2.00832   0.06172   0.20407  
 47  0.0006   2180.944422  x:  5.07731   3.59340   5.63830   2.02870   0.55317   0.67263   2.68678   0.80083   0.93142   0.45636   0.56424   0.27993   4.12768   0.09185   0.15022   0.16189   0.23717   0.00000   0.00000   2.00837   0.06173   0.20354  
 48  0.0017   2180.944421  x:  5.07674   3.59337   5.63836   2.02856   0.55318   0.67268   2.68673   0.80075   0.93143   0.45630   0.56421   0.27993   4.12709   0.09188   0.15020   0.16189   0.23716   0.00000   0.00000   2.00865   0.06174   0.20356  
 49  0.0004   2180.944420  x:  5.07610   3.59344   5.63842   2.02892   0.55322   0.67252   2.68656   0.80076   0.93138   0.45630   0.56408   0.27995   4.12664   0.09188   0.15020   0.16189   0.23717   0.00000   0.00000   2.00860   0.06174   0.20355  
 50  0.0003   2180.944420  x:  5.07597   3.59331   5.63830   2.02870   0.55316   0.67255   2.68646   0.80070   0.93134   0.45627   0.56406   0.27993   4.12636   0.09188   0.15019   0.16189   0.23716   0.00000   0.00000   2.00852   0.06175   0.20352  
 51  0.0003   2180.944420  x:  5.07592   3.59325   5.63821   2.02865   0.55316   0.67252   2.68635   0.80065   0.93130   0.45624   0.56407   0.27992   4.12627   0.09188   0.15020   0.16189   0.23714   0.00000   0.00000   2.00852   0.06175   0.20352  
 52  0.0000   2180.944420  x:  5.07595   3.59327   5.63827   2.02867   0.55318   0.67250   2.68636   0.80066   0.93130   0.45624   0.56407   0.27993   4.12634   0.09188   0.15020   0.16189   0.23714   0.00000   0.00000   2.00853   0.06175   0.20352  
 53  0.0001   2180.944420  x:  5.07595   3.59326   5.63825   2.02866   0.55318   0.67249   2.68636   0.80066   0.93130   0.45624   0.56407   0.27993   4.12633   0.09188   0.15020   0.16189   0.23714   0.00000   0.00000   2.00853   0.06175   0.20352  
 54  0.0000   2180.944420  x:  5.07594   3.59326   5.63825   2.02866   0.55318   0.67249   2.68636   0.80066   0.93130   0.45624   0.56407   0.27993   4.12633   0.09188   0.15020   0.16189   0.23714   0.00000   0.00000   2.00853   0.06175   0.20352  
 55  0.0000   2180.944420  x:  5.07594   3.59326   5.63825   2.02866   0.55318   0.67249   2.68636   0.80066   0.93130   0.45624   0.56407   0.27993   4.12633   0.09188   0.15020   0.16189   0.23714   0.00000   0.00000   2.00853   0.06175   0.20352  