Supplemental results for CODEML (seqf: cds2.phylip  treef: tree.H1c.nwk)

Number of codon sites with 0,1,2,3 position differences
   2 vs.    1     54   122    79    33   0.1213 (0.4647 3.8323)
   3 vs.    1     47   126    84    31  -1.0000 (0.4635 -1.0000)
   3 vs.    2    223    65     2     0   0.0246 (0.0098 0.3979)
   4 vs.    1     44    97    94    45   0.2424 (0.6421 2.6492)
   4 vs.    2     39    98    90    54  -1.0000 (0.6935 -1.0000)
   4 vs.    3     35   100    93    53  -1.0000 (0.6933 -1.0000)
   5 vs.    1     49   109    85    36   0.1827 (0.5268 2.8840)
   5 vs.    2     56   108    74    42   0.2195 (0.5160 2.3511)
   5 vs.    3     45   115    81    39  -1.0000 (0.5139 -1.0000)
   5 vs.    4     48    95    91    46  -1.0000 (0.5767 -1.0000)
   6 vs.    1    115   116    38    14   0.1168 (0.1825 1.5621)
   6 vs.    2     58   113    79    33  -1.0000 (0.4339 -1.0000)
   6 vs.    3     55   110    84    34  -1.0000 (0.4470 -1.0000)
   6 vs.    4     43    97    89    46   0.2435 (0.6442 2.6457)
   6 vs.    5     55    92    93    34   0.1206 (0.5185 4.2981)
   7 vs.    1     93   120    61    13   0.0926 (0.2402 2.5946)
   7 vs.    2     58   110    82    37   0.1250 (0.4841 3.8725)
   7 vs.    3     56   106    88    37  -1.0000 (0.4935 -1.0000)
   7 vs.    4     39    96    89    56  -1.0000 (0.6935 -1.0000)
   7 vs.    5     49   103    93    34   0.2590 (0.5558 2.1460)
   7 vs.    6    104   108    58    12  -1.0000 (0.1936 -1.0000)
   8 vs.    1    130   130    22     6   0.0488 (0.0890 1.8243)
   8 vs.    2     53   110    84    41  -1.0000 (0.5007 -1.0000)
   8 vs.    3     55   105    89    39  -1.0000 (0.5029 -1.0000)
   8 vs.    4     51    84    97    48   0.2611 (0.6532 2.5019)
   8 vs.    5     52    97    94    36   0.1949 (0.5474 2.8086)
   8 vs.    6    103   130    39    11   0.0566 (0.1665 2.9436)
   8 vs.    7     85   137    55    10  -1.0000 (0.2061 -1.0000)
   9 vs.    1     52   128    75    33   0.1658 (0.4660 2.8104)
   9 vs.    2    270    20     0     0   0.0319 (0.0030 0.0942)
   9 vs.    3    229    59     2     0   0.0186 (0.0068 0.3641)
   9 vs.    4     39    98    88    56  -1.0000 (0.6903 -1.0000)
   9 vs.    5     54   108    78    40   0.1887 (0.5139 2.7225)
   9 vs.    6     57   113    78    35  -1.0000 (0.4407 -1.0000)
   9 vs.    7     56   110    83    38  -1.0000 (0.4883 -1.0000)
   9 vs.    8     56   106    86    40  -1.0000 (0.5021 -1.0000)
  10 vs.    1     46   127    81    34  -1.0000 (0.4779 -1.0000)
  10 vs.    2    192    90     7     1   0.0703 (0.0403 0.5738)
  10 vs.    3    203    78     8     1   0.0774 (0.0379 0.4899)
  10 vs.    4     36    95   100    50  -1.0000 (0.7002 -1.0000)
  10 vs.    5     54   103    80    43  -1.0000 (0.5088 -1.0000)
  10 vs.    6     52   114    81    36  -1.0000 (0.4435 -1.0000)
  10 vs.    7     58   103    85    41  -1.0000 (0.5045 -1.0000)
  10 vs.    8     51   110    88    39  -1.0000 (0.4968 -1.0000)
  10 vs.    9    197    85     7     1   0.0688 (0.0372 0.5409)

