

TREE # 1

  0  0.0000   6756.222426  x:  0.05956   0.69638   0.77758   0.19799   0.55649   0.12698   0.43009   0.12161   0.33799   0.38030   0.58894   0.10763   0.09645   0.07713   0.11348   0.05660   0.00000   2.00000   0.20000   0.20000  
  1 99.0000   6725.838101  x:  0.10407   0.71054   0.79637   0.22868   0.56622   0.13944   0.43766   0.14605   0.34688   0.38646   0.60739   0.12070   0.10655   0.08711   0.11959   0.06433   0.19103   1.99326   0.23308   0.19545  
  2 2112.6778   6570.912585  x:  0.41356   0.83247   0.96327   0.47790   0.65100   0.23837   0.50032   0.33809   0.42263   0.43772   0.77005   0.21420   0.17358   0.14473   0.12171   0.00000   0.14469   1.93418   0.28178   0.15033  
  3 637.8989   6525.015434  x:  0.64708   0.92629   1.09246   0.66707   0.71575   0.31239   0.54742   0.48242   0.48006   0.47632   0.89485   0.28190   0.22116   0.18687   0.12493   0.07403   0.10369   1.88850   0.29838   0.11339  
  4 6928.8355   6456.219255  x:  0.74870   0.97427   1.16384   0.75066   0.74376   0.33603   0.56215   0.53587   0.50153   0.48791   0.95519   0.28713   0.21683   0.18762   0.10908   0.07671   0.11195   1.86477   0.15193   0.07642  
  5 834.8592   6434.271449  x:  0.77161   1.01422   1.23092   0.77891   0.75886   0.32825   0.56094   0.53073   0.50566   0.48356   0.99243   0.22872   0.15571   0.13866   0.08057   0.07793   0.11207   1.83415   0.15265   0.00459  
  6 229.4639   6425.550593  x:  0.78533   1.05847   1.30773   0.80256   0.77397   0.31351   0.55681   0.51522   0.50739   0.47577   1.03182   0.16522   0.09146   0.10706   0.07915   0.07786   0.11224   1.79678   0.15309   0.03851  
  7 296.0518   6416.682715  x:  0.76633   1.12657   1.43487   0.81265   0.79225   0.27031   0.54200   0.45910   0.50124   0.45469   1.08635   0.12448   0.07092   0.12268   0.16676   0.07404   0.11187   1.72819   0.14736   0.02539  
  8 182.8503   6397.885115  x:  0.67657   1.29439   1.76058   0.81216   0.83704   0.14676   0.50406   0.29928   0.48315   0.40177   1.21780   0.14426   0.15713   0.09024   0.16492   0.07149   0.11731   1.54551   0.13946   0.03653  
  9 245.8877   6392.318786  x:  0.58796   1.34967   1.89312   0.78345   0.86790   0.11765   0.52224   0.29791   0.49358   0.41764   1.26273   0.14157   0.14737   0.18263   0.11239   0.07081   0.12169   1.46728   0.13680   0.03248  
 10 111.0750   6386.901983  x:  0.43383   1.39305   2.04104   0.72639   0.91919   0.13591   0.58013   0.38823   0.51878   0.47007   1.30538   0.17431   0.13913   0.15538   0.13026   0.06788   0.12871   1.38765   0.12591   0.03496  
 11 78.4056   6386.306943  x:  0.40575   1.38666   2.08573   0.73063   0.92025   0.17250   0.57256   0.40123   0.49058   0.44096   1.32202   0.17595   0.13960   0.15922   0.12786   0.06780   0.12936   1.42654   0.12671   0.03498  
 12 11.8947   6385.679137  x:  0.38750   1.36434   2.15269   0.73807   0.89086   0.16886   0.55072   0.40623   0.51375   0.46418   1.34083   0.17645   0.14134   0.15927   0.12784   0.06769   0.12932   1.50089   0.12874   0.03508  
 13 10.1561   6383.697682  x:  0.45207   1.25040   2.29731   0.71049   0.85208   0.13963   0.66917   0.39544   0.49890   0.44911   1.32335   0.18388   0.13294   0.15358   0.12643   0.06873   0.12357   1.52385   0.13108   0.03308  
 14  4.2677   6379.377412  x:  0.52921   1.07559   2.48558   0.70475   0.90833   0.24589   0.64024   0.34822   0.56457   0.46724   1.28179   0.14802   0.15583   0.14666   0.11777   0.07046   0.11305   1.44073   0.13147   0.02804  
 15 13.5319   6372.639830  x:  0.58461   1.00992   2.63672   0.76590   0.93995   0.18748   0.49742   0.44693   0.52405   0.45169   1.26995   0.22091   0.08429   0.13515   0.10767   0.07371   0.09727   1.33758   0.13784   0.01929  
 16 19.6978   6364.792026  x:  0.58051   1.15768   2.70381   0.87392   0.98651   0.12558   0.51261   0.54387   0.48217   0.47106   1.31802   0.09524   0.18499   0.12043   0.09263   0.07643   0.08137   1.33131   0.14031   0.01200  
 17 21.6292   6355.452500  x:  0.55542   1.44075   2.72596   0.99673   1.06600   0.16446   0.63114   0.46038   0.54052   0.48713   1.42104   0.15781   0.12268   0.10509   0.08195   0.07823   0.06582   1.40011   0.13915   0.00203  
 18 39.9196   6352.521385  x:  0.64168   1.58095   2.76146   0.85825   0.99579   0.20491   0.61177   0.51468   0.65342   0.37910   1.46990   0.15813   0.12530   0.10236   0.07795   0.07988   0.05654   1.41925   0.13629   0.00432  
 19  5.9837   6345.646088  x:  0.78447   1.72261   2.85328   0.79333   0.90414   0.32383   0.59631   0.47321   0.48202   0.59003   1.64738   0.18495   0.10880   0.09294   0.07616   0.08311   0.03593   1.42735   0.12543   0.01218  
 20  8.3487   6334.174222  x:  0.72435   1.62233   2.95952   1.21093   1.03717   0.23718   0.70132   0.44828   0.57126   0.52591   1.87066   0.19925   0.10010   0.07574   0.08109   0.08642   0.01240   1.45013   0.10494   0.02385  
 21 12.1817   6332.487704  x:  0.77301   1.70493   3.05435   1.21012   1.14798   0.21359   0.68368   0.46333   0.56049   0.53675   1.70453   0.20512   0.10150   0.08304   0.08618   0.08719   0.00744   1.52005   0.10239   0.02378  
 22  3.3581   6329.318412  x:  0.74867   1.76854   3.12677   1.29636   0.92338   0.29591   0.68386   0.49250   0.58661   0.51279   1.66801   0.19843   0.11391   0.10480   0.09721   0.08742   0.00543   1.43586   0.09594   0.02073  
 23  3.4106   6325.496529  x:  0.77542   1.68779   3.08299   1.14584   1.07465   0.22299   0.66223   0.51945   0.59959   0.48512   2.06428   0.18388   0.13495   0.12874   0.12048   0.08536   0.00794   1.46756   0.09403   0.01889  
 24  5.0629   6323.639022  x:  0.68018   1.80225   3.15750   1.29755   1.10504   0.21334   0.69978   0.51410   0.61210   0.48368   1.87119   0.19744   0.13523   0.13578   0.13301   0.08369   0.01532   1.47719   0.09637   0.02359  
 25  1.3104   6316.447307  x:  0.71922   2.15221   4.00596   1.34372   1.17047   0.19662   0.66100   0.75527   0.69499   0.40761   2.15295   0.16893   0.19652   0.14661   0.15110   0.08123   0.00527   1.37639   0.08651   0.01500  
 26  0.4259   6314.307900  x:  0.72813   2.26647   4.27979   1.38426   1.20944   0.19458   0.65506   0.80525   0.70940   0.40197   2.15637   0.16356   0.20360   0.14734   0.14470   0.08040   0.01032   1.37674   0.07654   0.01306  
 27  1.1236   6306.726362  x:  0.74231   2.74190   5.27823   1.85889   1.41858   0.24471   0.88126   0.80474   0.73026   0.54602   2.65187   0.19082   0.15723   0.16612   0.10435   0.07475   0.01772   1.46535   0.06338   0.02820  
 28  0.4500   6303.585671  x:  0.89527   2.85594   5.64949   1.91978   1.40640   0.28644   0.88601   0.85966   0.74798   0.54428   2.80496   0.18546   0.15910   0.13317   0.12777   0.07109   0.02054   1.47418   0.06601   0.02211  
 29  0.2824   6301.100891  x:  1.06157   3.09066   6.29597   2.06463   1.45972   0.32171   0.91481   0.96002   0.79647   0.52857   3.09454   0.18026   0.17002   0.10704   0.14578   0.06701   0.02021   1.44407   0.05538   0.01640  
 30  0.9467   6299.016042  x:  1.39154   3.31653   7.21108   2.40788   1.62596   0.32385   0.98518   1.06702   0.86105   0.49613   3.61083   0.18785   0.16806   0.13133   0.11821   0.06028   0.02225   1.43989   0.04807   0.01160  
 31  0.4012   6298.580095  x:  1.44915   3.27897   7.18722   2.45092   1.64612   0.31636   0.99411   1.05698   0.86043   0.49721   3.62900   0.19065   0.16815   0.13243   0.11960   0.05960   0.02175   1.44450   0.05000   0.01244  
 32  0.1195   6298.030585  x:  1.65831   3.36805   7.49130   2.67623   1.74943   0.32233   1.06037   1.08087   0.88599   0.52070   3.82808   0.19579   0.17685   0.12227   0.13884   0.05581   0.01975   1.44314   0.04634   0.01520  
 33  0.2743   6297.698034  x:  1.89774   3.34371   7.56222   2.81968   1.79454   0.33170   1.08402   1.10518   0.89689   0.54077   3.86134   0.18264   0.18689   0.12634   0.12303   0.05517   0.02065   1.45283   0.04550   0.01503  
 34  0.0830   6297.462328  x:  2.00500   3.25710   7.26800   2.79552   1.75116   0.34338   1.06881   1.11919   0.89662   0.54395   3.68608   0.17555   0.19314   0.12382   0.13286   0.05738   0.02078   1.44125   0.04575   0.01456  
 35  0.1080   6297.402875  x:  1.97696   3.18377   7.03543   2.72013   1.71118   0.33792   1.04833   1.11097   0.88802   0.53286   3.57119   0.18125   0.18514   0.12741   0.12989   0.05908   0.02110   1.44548   0.04737   0.01475  
 36  0.1794   6297.379777  x:  1.97882   3.18204   7.04289   2.71705   1.71500   0.33281   1.05125   1.11624   0.88990   0.52340   3.60254   0.18958   0.17779   0.12710   0.12819   0.05842   0.02110   1.44973   0.04710   0.01496  
 37  0.0185   6297.369843  x:  2.00744   3.16293   7.01241   2.71643   1.71388   0.33167   1.05168   1.12237   0.88943   0.52140   3.61352   0.19017   0.17800   0.12482   0.13007   0.05759   0.02101   1.44788   0.04717   0.01490  
 38  0.0202   6297.360682  x:  1.99199   3.14400   6.96429   2.68789   1.70465   0.32998   1.04612   1.12396   0.88358   0.52305   3.61565   0.18715   0.18000   0.12660   0.12848   0.05647   0.02136   1.44719   0.04744   0.01514  
 39  0.0170   6297.359429  x:  1.98190   3.14881   6.96750   2.68354   1.70341   0.33134   1.04549   1.12255   0.88370   0.52446   3.61211   0.18682   0.18036   0.12587   0.12914   0.05617   0.02140   1.44815   0.04742   0.01522  
 40  0.0069   6297.358575  x:  1.98370   3.14707   6.95937   2.68422   1.70239   0.33278   1.04476   1.12119   0.88532   0.52410   3.59853   0.18762   0.17968   0.12587   0.12869   0.05591   0.02142   1.44893   0.04749   0.01527  
 41  0.0052   6297.358393  x:  1.98245   3.14721   6.96212   2.68465   1.70237   0.33280   1.04427   1.12085   0.88556   0.52332   3.59715   0.18761   0.17978   0.12614   0.12876   0.05580   0.02138   1.44786   0.04749   0.01519  
 42  0.0019   6297.358308  x:  1.98248   3.14401   6.95806   2.68451   1.70180   0.33232   1.04368   1.11987   0.88460   0.52317   3.59302   0.18744   0.17970   0.12609   0.12876   0.05581   0.02135   1.44813   0.04752   0.01513  
 43  0.0018   6297.358280  x:  1.98143   3.14312   6.95819   2.68497   1.70195   0.33198   1.04372   1.11902   0.88411   0.52339   3.59307   0.18747   0.17968   0.12610   0.12874   0.05578   0.02135   1.44824   0.04753   0.01515  
 44  0.0011   6297.358269  x:  1.98106   3.14197   6.95589   2.68465   1.70134   0.33191   1.04349   1.11853   0.88400   0.52342   3.59196   0.18755   0.17968   0.12611   0.12875   0.05578   0.02137   1.44808   0.04754   0.01516  
 45  0.0012   6297.358265  x:  1.98131   3.14196   6.95669   2.68486   1.70127   0.33192   1.04343   1.11843   0.88414   0.52338   3.59249   0.18753   0.17972   0.12609   0.12874   0.05578   0.02138   1.44811   0.04754   0.01514  
 46  0.0006   6297.358264  x:  1.98124   3.14177   6.95613   2.68455   1.70116   0.33191   1.04333   1.11832   0.88418   0.52335   3.59241   0.18751   0.17973   0.12611   0.12874   0.05578   0.02138   1.44818   0.04754   0.01514  
 47  0.0003   6297.358264  x:  1.98138   3.14177   6.95613   2.68451   1.70118   0.33191   1.04332   1.11823   0.88421   0.52335   3.59253   0.18752   0.17972   0.12610   0.12874   0.05578   0.02137   1.44815   0.04754   0.01515  
 48  0.0001   6297.358264  x:  1.98137   3.14181   6.95613   2.68437   1.70116   0.33191   1.04329   1.11822   0.88417   0.52336   3.59244   0.18751   0.17972   0.12610   0.12874   0.05578   0.02138   1.44813   0.04754   0.01515  
 49  0.0001   6297.358264  x:  1.98148   3.14183   6.95621   2.68433   1.70117   0.33190   1.04327   1.11821   0.88416   0.52335   3.59244   0.18751   0.17972   0.12610   0.12874   0.05578   0.02138   1.44815   0.04754   0.01515  
 50  0.0001   6297.358264  x:  1.98150   3.14184   6.95629   2.68438   1.70118   0.33190   1.04330   1.11823   0.88417   0.52335   3.59245   0.18751   0.17972   0.12610   0.12874   0.05578   0.02138   1.44815   0.04754   0.01515  
 51  0.0000   6297.358264  x:  1.98149   3.14183   6.95627   2.68436   1.70117   0.33190   1.04329   1.11822   0.88417   0.52335   3.59244   0.18751   0.17972   0.12610   0.12874   0.05578   0.02138   1.44815   0.04754   0.01515  
 52  0.0000   6297.358264  x:  1.98149   3.14182   6.95627   2.68435   1.70116   0.33190   1.04329   1.11822   0.88417   0.52335   3.59244   0.18751   0.17972   0.12610   0.12874   0.05578   0.02138   1.44815   0.04754   0.01515  
 53  0.0000   6297.358264  x:  1.98149   3.14181   6.95627   2.68435   1.70116   0.33190   1.04329   1.11822   0.88417   0.52335   3.59243   0.18751   0.17972   0.12610   0.12874   0.05578   0.02138   1.44815   0.04754   0.01515  
 54  0.0000   6297.358264  x:  1.98149   3.14181   6.95628   2.68434   1.70115   0.33190   1.04329   1.11822   0.88417   0.52335   3.59243   0.18751   0.17972   0.12610   0.12874   0.05578   0.02138   1.44815   0.04754   0.01515  
 55  0.0000   6297.358264  x:  1.98150   3.14180   6.95629   2.68434   1.70115   0.33190   1.04330   1.11822   0.88417   0.52335   3.59243   0.18751   0.17972   0.12610   0.12874   0.05578   0.02138   1.44815   0.04754   0.01515  
 56  0.0000   6297.358264  x:  1.98150   3.14180   6.95630   2.68434   1.70116   0.33190   1.04329   1.11822   0.88417   0.52335   3.59243   0.18751   0.17972   0.12610   0.12874   0.05578   0.02138   1.44815   0.04754   0.01515  
 57  0.0000   6297.358264  x:  1.98150   3.14180   6.95630   2.68434   1.70116   0.33190   1.04329   1.11822   0.88417   0.52335   3.59243   0.18751   0.17972   0.12610   0.12874   0.05578   0.02138   1.44815   0.04754   0.01515  
 58  0.0000   6297.358264  x:  1.98150   3.14180   6.95630   2.68434   1.70116   0.33190   1.04329   1.11822   0.88417   0.52335   3.59243   0.18751   0.17972   0.12610   0.12874   0.05578   0.02138   1.44815   0.04754   0.01515  
check convergence!
