   11
BAM_010060  0.000000  0.826696  0.823543  1.193695  0.977985  0.278081
  0.139310  0.371733  0.141900  0.830096  0.824314
BA_0870xxx  0.826696  0.000000  0.020603  1.279171  0.884664  0.736310
  0.844948  0.801980  0.835448  0.006828  0.077330
BC_0886xxx  0.823543  0.020603  0.000000  1.278368  0.891464  0.754086
  0.853346  0.814271  0.842638  0.013685  0.066450
NT03BC1743  1.193695  1.279171  1.278368  0.000000  1.070226  1.220898
  1.169329  1.221437  1.195670  1.273367  1.291837
BH1151xxxx  0.977985  0.884664  0.891464  1.070226  0.000000  0.947117
  0.967984  0.928636  0.978864  0.879361  0.880344
NT03BL1125  0.278081  0.736310  0.754086  1.220898  0.947117  0.000000
  0.260842  0.307104  0.271658  0.745760  0.733303
Bmo1879xxx  0.139310  0.844948  0.853346  1.169329  0.967984  0.260842
  0.000000  0.329192  0.023974  0.848317  0.835788
BPUM_0929x  0.371733  0.801980  0.814271  1.221437  0.928636  0.307104
  0.329192  0.000000  0.335066  0.808504  0.821067
BG13000xxx  0.141900  0.835448  0.842638  1.195670  0.978864  0.271658
  0.023974  0.335066  0.000000  0.838824  0.829469
NT02BT0910  0.830096  0.006828  0.013685  1.273367  0.879361  0.745760
  0.848317  0.808504  0.838824  0.000000  0.070043
KBAB4_0775  0.824314  0.077330  0.066450  1.291837  0.880344  0.733303
  0.835788  0.821067  0.829469  0.070043  0.000000
