

TREE # 1

  0  0.0000   6822.891002  x:  0.07777   1.30657   1.54498   0.31924   1.06276   0.11540   0.93801   0.25780   0.57722   0.42620   0.31905   0.23160   1.14813   0.19435   0.08204   0.11102   0.11588   0.09218   0.00000   2.00000   0.20000   0.20000  
  1 99.0000   6810.416397  x:  0.08758   1.30861   1.54809   0.32704   1.06261   0.11716   0.93603   0.26018   0.57604   0.42410   0.31656   0.23137   1.15079   0.19547   0.08496   0.11159   0.11846   0.08888   0.06172   1.99781   0.17423   0.19811  
  2 1119.2622   6799.158654  x:  0.11246   1.31416   1.55632   0.34684   1.06282   0.12221   0.93178   0.26698   0.57381   0.41950   0.31084   0.23133   1.15790   0.19834   0.09201   0.11119   0.11912   0.07229   0.05633   1.99155   0.13727   0.19495  
  3 404.4253   6771.105537  x:  0.21325   1.33819   1.59144   0.42758   1.06577   0.14484   0.91698   0.29729   0.56744   0.40321   0.28953   0.23317   1.18849   0.20977   0.11920   0.11065   0.12392   0.01455   0.06021   1.96365   0.13981   0.18225  
  4 554.4257   6702.591604  x:  0.82321   1.48980   1.81736   0.92778   1.08413   0.28177   0.82059   0.48811   0.52768   0.29818   0.15657   0.25087   1.38440   0.26436   0.26400   0.10675   0.15630   0.14416   0.05425   1.78290   0.12847   0.10668  
  5 1010.5565   6683.240168  x:  0.91829   1.53760   1.91212   1.02703   1.08698   0.28773   0.78555   0.53163   0.54722   0.29140   0.22999   0.33912   1.44862   0.16156   0.15008   0.07418   0.11661   0.15167   0.05611   1.71328   0.12187   0.04911  
  6 169.8718   6680.138039  x:  0.92458   1.55227   1.94715   1.04336   1.08723   0.28084   0.77447   0.53991   0.55867   0.29329   0.23930   0.34921   1.46864   0.14692   0.12142   0.11830   0.12963   0.15176   0.05505   1.68977   0.11987   0.02742  
  7 136.3618   6671.354139  x:  0.85899   1.62303   2.14110   1.06300   1.08724   0.21363   0.72189   0.55894   0.63112   0.31454   0.24372   0.34106   1.56670   0.21253   0.09346   0.12319   0.10555   0.15035   0.05623   1.56876   0.11386   0.00496  
  8 71.8380   6665.578842  x:  0.78774   1.70358   2.36111   1.08751   1.08778   0.13943   0.66271   0.58144   0.71127   0.33682   0.25022   0.33433   1.67833   0.27649   0.05623   0.13433   0.08639   0.14763   0.05774   1.43222   0.10676   0.03037  
  9 1901.2403   6661.294457  x:  0.71909   1.76128   2.52466   1.09547   1.09812   0.10701   0.63614   0.59505   0.74493   0.33145   0.24540   0.32562   1.75971   0.26829   0.05864   0.09704   0.16106   0.14367   0.05587   1.35568   0.10212   0.02998  
 10 148.7770   6652.501054  x:  0.52325   1.89933   2.92866   1.09856   1.16092   0.13078   0.63899   0.62289   0.74261   0.25176   0.20098   0.29511   1.95629   0.13296   0.16717   0.10747   0.12743   0.13591   0.05769   1.27301   0.09428   0.03055  
 11 96.6393   6649.467754  x:  0.45294   1.96166   3.10745   1.10433   1.19553   0.16631   0.67289   0.63589   0.71466   0.23071   0.24383   0.34098   2.03969   0.15942   0.20023   0.11785   0.13552   0.13523   0.05754   1.31755   0.08944   0.03332  
 12 69.6878   6645.080740  x:  0.37777   2.06331   3.38666   1.11978   1.24401   0.21696   0.74935   0.64650   0.65527   0.23956   0.20736   0.31537   2.16248   0.19871   0.12366   0.10576   0.13864   0.13131   0.05787   1.46020   0.08448   0.03315  
 13 76.6657   6644.072640  x:  0.40004   2.10264   3.48069   1.11662   1.22909   0.17704   0.76145   0.59932   0.64769   0.30436   0.21350   0.31046   2.18127   0.17584   0.14963   0.10698   0.13777   0.13322   0.05766   1.52698   0.08468   0.03387  
 14 18.5794   6643.821114  x:  0.41689   2.11574   3.51476   1.10101   1.21722   0.16381   0.75791   0.56424   0.63049   0.28471   0.20738   0.31911   2.17001   0.17879   0.14560   0.10720   0.13707   0.13329   0.05747   1.53290   0.08614   0.03362  
 15  7.9900   6643.338970  x:  0.46531   2.14259   3.60415   1.03975   1.20585   0.21929   0.77221   0.54146   0.64145   0.29363   0.21424   0.31196   2.09967   0.18271   0.14080   0.10620   0.13870   0.13453   0.05720   1.51194   0.08507   0.03398  
 16  5.4708   6642.730061  x:  0.48690   2.15661   3.70502   1.01283   1.18047   0.20240   0.78133   0.61958   0.62736   0.29434   0.19698   0.33240   2.00559   0.18039   0.14347   0.10711   0.13746   0.13412   0.05673   1.51654   0.08508   0.03388  
 17  5.8217   6641.492516  x:  0.47059   2.15010   3.85466   1.10866   1.18076   0.19782   0.75620   0.64970   0.64278   0.25845   0.25012   0.27502   1.89449   0.18086   0.14167   0.10745   0.13676   0.13344   0.05531   1.54944   0.08718   0.03416  
 18  6.3411   6639.087692  x:  0.40565   2.12502   4.10112   1.32341   1.23375   0.23735   0.75216   0.61727   0.70338   0.28208   0.18631   0.34620   1.76633   0.18553   0.13672   0.10699   0.13790   0.12928   0.05266   1.56643   0.08752   0.03539  
 19 16.9950   6633.966175  x:  0.43183   2.17279   4.43498   1.51570   1.37961   0.18554   1.00603   0.61732   0.56727   0.36250   0.21881   0.32965   1.94281   0.20783   0.11661   0.11240   0.13339   0.12227   0.04715   1.40834   0.08174   0.03607  
 20  9.3267   6618.937987  x:  0.79251   2.62213   5.29273   1.57997   1.75650   0.08706   1.28753   0.85852   1.06134   0.14316   0.18840   0.38983   3.05830   0.22821   0.10289   0.12192   0.12567   0.10252   0.02772   1.55267   0.06384   0.04342  
 21 20.9434   6612.366809  x:  0.83724   2.92081   5.58278   1.56850   1.74225   0.26764   0.92589   0.98669   0.92421   0.25861   0.17615   0.41147   3.56064   0.24703   0.08941   0.12634   0.12201   0.08961   0.01899   1.60749   0.06406   0.04559  
 22 21.8456   6608.034765  x:  0.75923   3.55342   5.71232   1.80677   1.50856   0.34863   1.01033   1.02030   0.94742   0.25685   0.17306   0.42473   3.65594   0.24866   0.09387   0.12813   0.12234   0.08111   0.01262   1.56764   0.05493   0.04728  
 23  5.6126   6607.068564  x:  0.82809   3.50126   5.86008   1.81991   1.73495   0.29579   0.94316   1.02856   0.91650   0.27892   0.17491   0.42275   3.64357   0.24387   0.10323   0.12828   0.12231   0.07901   0.01107   1.55511   0.05220   0.04724  
 24  1.7962   6604.135129  x:  0.99169   2.86820   6.40708   1.93263   1.55210   0.32430   0.97245   1.03881   0.89865   0.29711   0.17700   0.40811   3.81046   0.21688   0.14561   0.12335   0.12844   0.07006   0.00738   1.50282   0.05159   0.04789  
 25  3.2968   6600.013388  x:  1.06243   3.25421   6.56402   2.19942   1.68815   0.24426   1.00943   1.00081   0.82371   0.33420   0.17473   0.37025   3.54787   0.17054   0.21518   0.11030   0.14253   0.05500   0.01637   1.43075   0.05230   0.04747  
 26  0.7046   6597.673753  x:  1.35108   3.32781   7.12685   2.48929   1.66639   0.28795   1.08655   1.04985   0.86664   0.32489   0.17873   0.37141   3.70985   0.15838   0.20694   0.10796   0.13618   0.04919   0.02211   1.49137   0.04618   0.04791  
 27  0.3655   6595.768728  x:  1.75068   3.29739   7.44250   2.72398   1.76929   0.30434   1.06672   1.09408   0.89433   0.29632   0.18127   0.38114   3.76715   0.17825   0.17684   0.11378   0.12853   0.05312   0.02322   1.56676   0.04729   0.04740  
 28  0.3274   6594.889953  x:  2.06272   3.55252   7.76954   2.98376   1.86991   0.32839   1.15178   1.15919   0.94347   0.30073   0.17047   0.39552   3.91598   0.19925   0.17356   0.11667   0.13589   0.05135   0.02199   1.52685   0.04233   0.04835  
 29  0.3708   6594.601425  x:  2.24597   3.52440   7.84696   3.06663   1.88909   0.34144   1.17656   1.19067   0.94635   0.32205   0.16623   0.40140   3.99233   0.19590   0.18218   0.11475   0.13820   0.05603   0.02216   1.49376   0.04209   0.04785  
 30  0.1462   6594.505443  x:  2.38333   3.62924   8.02450   3.15132   1.93553   0.35740   1.20877   1.24574   0.96258   0.33527   0.16041   0.40943   4.15911   0.18933   0.18651   0.11385   0.13701   0.05494   0.02147   1.50631   0.04040   0.04791  
 31  0.1747   6594.479511  x:  2.37850   3.65069   8.04449   3.13365   1.94445   0.35951   1.21553   1.26343   0.96297   0.33805   0.15965   0.40977   4.21626   0.18593   0.18871   0.11417   0.13630   0.05461   0.02125   1.51431   0.04058   0.04766  
 32  0.0468   6594.455853  x:  2.38019   3.68432   8.11930   3.11925   1.96792   0.36278   1.23758   1.29178   0.96665   0.33859   0.16112   0.40960   4.29918   0.18641   0.18955   0.11532   0.13626   0.05568   0.02186   1.50914   0.03999   0.04701  
 33  0.0440   6594.444914  x:  2.34646   3.72042   8.17124   3.11889   1.97376   0.35976   1.24100   1.29525   0.96542   0.33374   0.16098   0.40820   4.30315   0.18909   0.18770   0.11460   0.13727   0.05472   0.02187   1.50452   0.03993   0.04639  
 34  0.0302   6594.435639  x:  2.36309   3.74919   8.28596   3.16014   1.98426   0.36001   1.24614   1.30254   0.97003   0.33383   0.16069   0.41032   4.32077   0.18861   0.18671   0.11392   0.13684   0.05561   0.02199   1.50773   0.03961   0.04543  
 35  0.0410   6594.432767  x:  2.36583   3.76023   8.32612   3.17612   1.98914   0.36039   1.24941   1.30506   0.97410   0.33733   0.15937   0.41131   4.33512   0.18791   0.18885   0.11480   0.13701   0.05563   0.02168   1.50645   0.03947   0.04509  
 36  0.0227   6594.432186  x:  2.35271   3.75233   8.32177   3.17281   1.98824   0.36034   1.24747   1.30199   0.97527   0.33771   0.15955   0.41131   4.33321   0.18806   0.18836   0.11476   0.13689   0.05567   0.02170   1.50702   0.03952   0.04488  
 37  0.0068   6594.431965  x:  2.35290   3.75439   8.31517   3.17724   1.98907   0.36150   1.24702   1.30194   0.97549   0.33819   0.15923   0.41166   4.33554   0.18815   0.18831   0.11455   0.13699   0.05558   0.02169   1.50626   0.03949   0.04474  
 38  0.0029   6594.431854  x:  2.35153   3.75675   8.31467   3.18038   1.98987   0.36179   1.24746   1.30242   0.97533   0.33789   0.15931   0.41159   4.33670   0.18819   0.18830   0.11465   0.13696   0.05566   0.02173   1.50662   0.03950   0.04455  
 39  0.0021   6594.431826  x:  2.35115   3.75662   8.31429   3.18154   1.98994   0.36157   1.24790   1.30252   0.97516   0.33771   0.15942   0.41141   4.33624   0.18810   0.18841   0.11471   0.13695   0.05565   0.02173   1.50682   0.03949   0.04449  
 40  0.0008   6594.431817  x:  2.35065   3.75468   8.31209   3.18112   1.98940   0.36131   1.24773   1.30230   0.97488   0.33767   0.15947   0.41133   4.33483   0.18806   0.18844   0.11468   0.13695   0.05565   0.02171   1.50673   0.03951   0.04446  
 41  0.0017   6594.431813  x:  2.35105   3.75478   8.31308   3.18118   1.98951   0.36128   1.24783   1.30274   0.97492   0.33767   0.15945   0.41139   4.33544   0.18810   0.18840   0.11467   0.13696   0.05567   0.02170   1.50672   0.03950   0.04442  
 42  0.0005   6594.431811  x:  2.35100   3.75474   8.31208   3.18069   1.98930   0.36127   1.24759   1.30266   0.97497   0.33767   0.15941   0.41142   4.33477   0.18813   0.18838   0.11468   0.13695   0.05566   0.02170   1.50677   0.03951   0.04439  
 43  0.0004   6594.431810  x:  2.35116   3.75466   8.31211   3.18056   1.98926   0.36125   1.24761   1.30266   0.97497   0.33769   0.15943   0.41140   4.33459   0.18810   0.18841   0.11468   0.13695   0.05566   0.02171   1.50672   0.03951   0.04437  
 44  0.0002   6594.431810  x:  2.35123   3.75479   8.31230   3.18049   1.98934   0.36132   1.24768   1.30257   0.97498   0.33769   0.15945   0.41138   4.33478   0.18810   0.18841   0.11468   0.13695   0.05566   0.02170   1.50673   0.03950   0.04437  
 45  0.0001   6594.431810  x:  2.35125   3.75469   8.31218   3.18042   1.98929   0.36132   1.24765   1.30254   0.97496   0.33768   0.15944   0.41138   4.33471   0.18810   0.18840   0.11468   0.13695   0.05566   0.02170   1.50673   0.03951   0.04436  
 46  0.0001   6594.431810  x:  2.35125   3.75467   8.31217   3.18041   1.98928   0.36132   1.24764   1.30253   0.97495   0.33768   0.15944   0.41138   4.33472   0.18810   0.18840   0.11468   0.13695   0.05566   0.02170   1.50673   0.03951   0.04436  
 47  0.0000   6594.431810  x:  2.35124   3.75467   8.31217   3.18040   1.98928   0.36132   1.24764   1.30252   0.97494   0.33768   0.15944   0.41139   4.33473   0.18810   0.18840   0.11468   0.13695   0.05566   0.02170   1.50673   0.03951   0.04436  
 48  0.0000   6594.431810  x:  2.35124   3.75468   8.31217   3.18040   1.98928   0.36131   1.24764   1.30252   0.97495   0.33768   0.15944   0.41139   4.33475   0.18810   0.18840   0.11468   0.13695   0.05566   0.02170   1.50673   0.03951   0.04436  
 49  0.0000   6594.431810  x:  2.35124   3.75468   8.31216   3.18040   1.98928   0.36131   1.24764   1.30252   0.97495   0.33768   0.15944   0.41139   4.33475   0.18810   0.18840   0.11468   0.13695   0.05566   0.02170   1.50673   0.03951   0.04436  
 50  0.0000   6594.431810  x:  2.35124   3.75468   8.31216   3.18040   1.98928   0.36131   1.24764   1.30252   0.97495   0.33768   0.15944   0.41139   4.33475   0.18810   0.18840   0.11468   0.13695   0.05566   0.02170   1.50673   0.03951   0.04436  
 51  0.0000   6594.431810  x:  2.35124   3.75468   8.31216   3.18040   1.98928   0.36131   1.24764   1.30252   0.97495   0.33768   0.15944   0.41139   4.33475   0.18810   0.18840   0.11468   0.13695   0.05566   0.02170   1.50673   0.03951   0.04436  
 52  0.0000   6594.431810  x:  2.35124   3.75468   8.31216   3.18040   1.98928   0.36131   1.24764   1.30252   0.97495   0.33768   0.15944   0.41139   4.33475   0.18810   0.18840   0.11468   0.13695   0.05566   0.02170   1.50673   0.03951   0.04436  
check convergence!
