   11
BAM_024890  0.000000  1.902598  1.775148  2.237863  2.141898  0.977997
  0.695301  1.113364  0.697994  1.791797  1.857600
BA_4659xxx  1.902598  0.000000  0.052500  2.481839  1.917719  1.679593
  1.755183  1.765648  1.760636  0.028524  0.110331
BC_4420xxx  1.775148  0.052500  0.000000  2.397507  1.785318  1.612155
  1.654863  1.712109  1.636662  0.061008  0.121413
NT03BC1781  2.237863  2.481839  2.397507  0.000000  2.057827  1.655779
  1.897954  2.145487  1.920770  2.388058  2.543143
BH1221xxxx  2.141898  1.917719  1.785318  2.057827  0.000000  1.701457
  1.861796  1.923224  1.823031  1.852445  1.807410
NT03BL3093  0.977997  1.679593  1.612155  1.655779  1.701457  0.000000
  0.823934  0.907657  0.912307  1.590647  1.692907
Bmo2673xxx  0.695301  1.755183  1.654863  1.897954  1.861796  0.823934
  0.000000  0.949522  0.167270  1.647853  1.667377
BPUM_2424x  1.113364  1.765648  1.712109  2.145487  1.923224  0.907657
  0.949522  0.000000  0.987734  1.709933  1.787713
BG13781xxx  0.697994  1.760636  1.636662  1.920770  1.823031  0.912307
  0.167270  0.987734  0.000000  1.650819  1.699412
NT02BT4420  1.791797  0.028524  0.061008  2.388058  1.852445  1.590647
  1.647853  1.709933  1.650819  0.000000  0.114530
KBAB4_4273  1.857600  0.110331  0.121413  2.543143  1.807410  1.692907
  1.667377  1.787713  1.699412  0.114530  0.000000
