

TREE # 1

  0  0.0000  10683.389464  x:  0.00000   0.39203   0.43827   0.12635   0.24156   0.03824   0.23264   0.12014   0.20454   0.09460   0.09918   0.09980   0.25263   0.07205   0.11151   0.05701   0.05959   0.04759   0.06479   2.00000   0.20000   0.20000   0.20000  
  1 99.0000   9210.660172  x:  2.90869   0.58161   0.60134   0.53676   0.44837   0.40744   0.42258   0.32492   0.36377   0.25960   0.22387   0.26390   0.52953   0.17056   0.17943   0.18039   0.10654   0.02506   0.04716   1.94766   0.77437   0.13541   0.19531  
  2 10365.2840   9082.468676  x:  2.91871   0.63579   0.65148   0.58567   0.48767   0.43749   0.49338   0.37085   0.42087   0.28574   0.22773   0.27426   0.57243   0.17480   0.19526   0.17113   0.08890   0.04485   0.07975   1.94570   0.60833   0.01926   0.19129  
  3 627.6834   8876.207700  x:  2.94291   0.75458   0.76154   0.69431   0.57249   0.50248   0.64425   0.46798   0.54116   0.33954   0.23520   0.29633   0.66765   0.19321   0.23861   0.16128   0.06430   0.05021   0.12439   1.93706   0.22158   0.04131   0.18195  
  4 2191.6313   8845.614387  x:  2.91508   0.80200   0.80724   0.74161   0.60536   0.52509   0.69417   0.50047   0.57719   0.35364   0.23645   0.30576   0.71166   0.19696   0.24888   0.17028   0.08342   0.00408   0.08892   1.91229   0.21791   0.03756   0.17690  
  5 402.6537   8810.202450  x:  2.85454   0.89668   0.89886   0.83751   0.67032   0.56922   0.79062   0.56303   0.64527   0.37902   0.23804   0.32415   0.80128   0.20334   0.26727   0.19086   0.12412   0.03094   0.02253   1.85738   0.23870   0.04699   0.16894  
  6 1412.2675   8801.500480  x:  2.83075   0.93229   0.93397   0.87755   0.69279   0.58370   0.81954   0.58088   0.66181   0.38158   0.23617   0.32946   0.83892   0.20281   0.26960   0.19730   0.13745   0.03137   0.06193   1.82687   0.25903   0.05544   0.16293  
  7 523.2345   8771.844116  x:  2.80138   1.05211   1.06277   1.09334   0.72464   0.59017   0.77395   0.52593   0.54065   0.24921   0.18068   0.31075   1.04073   0.13630   0.17906   0.19714   0.12797   0.03563   0.06028   1.55254   0.21516   0.05476   0.12217  
  8 155.3400   8763.594439  x:  2.78515   1.07439   1.09454   1.17716   0.71292   0.57306   0.72117   0.48726   0.51196   0.25222   0.24299   0.33467   1.11882   0.20174   0.22329   0.18484   0.09333   0.03773   0.05787   1.40864   0.20119   0.05034   0.09245  
  9 130.1868   8761.203942  x:  2.78359   1.05936   1.08929   1.20743   0.69271   0.55624   0.69322   0.47759   0.53519   0.30458   0.23817   0.31976   1.14554   0.20804   0.21275   0.19081   0.11983   0.03943   0.05866   1.34382   0.18894   0.04786   0.06443  
 10 58.3716   8760.462391  x:  2.78211   1.04931   1.08501   1.21961   0.68481   0.55084   0.69196   0.48215   0.54890   0.32316   0.23031   0.31371   1.15544   0.20598   0.20344   0.18073   0.09952   0.03933   0.05713   1.32402   0.19142   0.04984   0.05074  
 11 49.1696   8759.561899  x:  2.77844   1.00013   1.06201   1.25115   0.66422   0.54349   0.71865   0.51460   0.55339   0.30812   0.22523   0.33273   1.17661   0.21731   0.19296   0.19254   0.09684   0.03990   0.05696   1.31018   0.18806   0.04950   0.03226  
 12 14.3030   8758.933682  x:  2.77504   0.95979   1.05011   1.28446   0.65006   0.54079   0.73656   0.53373   0.55937   0.30175   0.22159   0.33038   1.19780   0.23043   0.18639   0.18024   0.10048   0.03941   0.05763   1.30468   0.18640   0.04960   0.06471  
 13 26.8775   8756.338423  x:  2.75729   0.88220   1.09532   1.39618   0.64925   0.56950   0.75160   0.51554   0.57013   0.30671   0.26901   0.27718   1.25084   0.24877   0.15559   0.18845   0.09102   0.03974   0.05756   1.39496   0.18447   0.05066   0.05764  
 14 12.4672   8752.880550  x:  2.74155   0.83473   1.18979   1.48973   0.64923   0.59915   0.75177   0.48589   0.58201   0.32459   0.22065   0.32469   1.27060   0.27960   0.15588   0.14458   0.10104   0.04127   0.05652   1.48201   0.18035   0.05074   0.03728  
 15 29.7009   8749.860802  x:  2.72969   0.82164   1.28317   1.53673   0.64470   0.61398   0.75508   0.48171   0.60018   0.34963   0.18965   0.36560   1.25569   0.28382   0.15318   0.19388   0.06892   0.04055   0.05753   1.51135   0.17372   0.05019   0.06856  
 16 43.2438   8742.027776  x:  2.71955   0.85411   1.49884   1.55439   0.63683   0.62698   0.82819   0.56955   0.63383   0.34957   0.25645   0.37758   1.13990   0.23163   0.14337   0.16060   0.07171   0.04182   0.05751   1.47790   0.15350   0.05279   0.07325  
 17 36.9603   8738.733331  x:  2.71932   0.87958   1.56937   1.55429   0.64341   0.62695   0.87004   0.60642   0.64491   0.32773   0.23223   0.31513   1.09511   0.24409   0.19657   0.16236   0.06842   0.04287   0.05688   1.45813   0.14719   0.05018   0.05754  
 18 66.4362   8734.897923  x:  2.71925   1.02713   1.39567   1.54110   0.75865   0.53663   0.95168   0.51496   0.73493   0.29228   0.23945   0.32721   1.17718   0.15003   0.28272   0.16099   0.06602   0.04295   0.05665   1.46119   0.14303   0.05059   0.05981  
 19 14.2300   8732.280773  x:  2.70844   1.21574   1.22804   1.51502   0.82790   0.49507   0.96696   0.57873   0.65057   0.36682   0.23470   0.33114   1.28755   0.17143   0.26608   0.15888   0.06256   0.04301   0.05655   1.50911   0.13925   0.05068   0.06159  
 20 18.8423   8730.551985  x:  2.70305   1.36242   1.16692   1.48499   0.77351   0.49467   0.93517   0.60943   0.72454   0.31930   0.23433   0.32897   1.36003   0.25058   0.19690   0.15967   0.06516   0.04264   0.05678   1.54960   0.14070   0.05033   0.06199  
 21 11.8681   8727.471539  x:  2.67425   1.42092   1.10195   1.42798   0.76398   0.74355   0.97884   0.57218   0.75569   0.31854   0.23127   0.33488   1.42106   0.29273   0.15936   0.16336   0.06996   0.04187   0.05690   1.51078   0.13674   0.04891   0.06128  
 22  6.6629   8719.338191  x:  2.64054   1.50129   1.24119   1.45634   0.59325   0.79478   1.15499   0.56862   0.72277   0.39113   0.24034   0.33547   1.57289   0.17663   0.28428   0.17179   0.09143   0.03860   0.05695   1.57115   0.14900   0.04659   0.06391  
 23  9.2548   8712.029371  x:  2.60651   1.41359   1.41271   1.54102   0.94911   0.68581   1.05130   0.75038   0.81079   0.36277   0.24184   0.34687   1.60321   0.16736   0.30850   0.18104   0.10971   0.03567   0.05707   1.59323   0.15147   0.04390   0.06567  
 24 15.6513   8711.324633  x:  2.60896   1.41059   1.44335   1.54795   0.99984   0.62569   1.13257   0.69726   0.79974   0.37516   0.23860   0.34467   1.57431   0.24081   0.23957   0.18299   0.11186   0.03528   0.05724   1.57842   0.15168   0.04346   0.06488  
 25  7.2171   8705.252540  x:  2.51180   1.64614   1.52175   2.25772   0.95690   0.66745   1.21693   0.74393   0.84359   0.38284   0.23362   0.35995   1.44602   0.23748   0.22898   0.18076   0.11301   0.03393   0.05781   1.55716   0.13027   0.03746   0.06036  
 26  0.6843   8702.828210  x:  2.49449   1.57614   1.74001   2.11319   0.99832   0.64308   1.25957   0.76700   0.86599   0.38079   0.23278   0.36311   1.82116   0.23737   0.22294   0.17837   0.11100   0.03346   0.05784   1.53783   0.11788   0.03578   0.05802  
 27  5.0644   8700.658900  x:  2.46698   1.64485   1.82235   2.11803   1.05452   0.64412   1.30887   0.79881   0.88852   0.37615   0.23194   0.36006   2.03376   0.23827   0.20891   0.16700   0.08789   0.03147   0.05812   1.52857   0.11949   0.04295   0.05655  
 28  0.2565   8699.802134  x:  2.42364   1.78760   1.88605   2.28252   1.17354   0.61927   1.36358   0.84711   0.90073   0.38358   0.23161   0.37514   2.20933   0.24708   0.19289   0.18325   0.09749   0.03131   0.06140   1.53433   0.11165   0.04229   0.06028  
 29  0.1634   8699.622162  x:  2.42051   1.82688   1.89624   2.31256   1.21111   0.62239   1.36974   0.85709   0.89957   0.38275   0.23123   0.37264   2.26587   0.24656   0.19886   0.17591   0.09336   0.03264   0.06150   1.53615   0.11143   0.04011   0.05961  
 30  0.0507   8699.381327  x:  2.43373   1.86316   1.91671   2.37076   1.26327   0.62287   1.36991   0.85610   0.89245   0.38484   0.23284   0.37087   2.31843   0.24842   0.20200   0.16749   0.09325   0.03501   0.06042   1.54327   0.10832   0.04338   0.05852  
 31  0.0324   8698.645286  x:  2.54364   1.83572   1.92559   2.34871   1.32992   0.61187   1.33545   0.80115   0.86547   0.39142   0.23823   0.36976   2.32177   0.25168   0.20714   0.17946   0.10204   0.04043   0.05549   1.55996   0.11150   0.04376   0.05641  
 32  0.0338   8696.802510  x:  2.79860   1.86083   1.99603   2.44944   1.33371   0.64973   1.31724   0.75277   0.89180   0.39155   0.23693   0.37472   2.30291   0.24140   0.19796   0.18532   0.08803   0.04643   0.04678   1.53431   0.10369   0.03815   0.04347  
 33  0.0682   8691.487707  x:  3.67311   2.04303   2.10961   2.64824   1.17298   0.76378   1.38046   0.87126   1.02002   0.40479   0.21729   0.40638   2.18396   0.18364   0.21720   0.16288   0.09091   0.04417   0.05002   1.58169   0.10098   0.04866   0.05000  
 34  0.1477   8688.810139  x:  4.09125   2.22272   2.25345   2.85306   1.29219   0.80025   1.50131   0.96993   1.05652   0.42837   0.22120   0.41273   2.38741   0.24092   0.19723   0.17405   0.09837   0.04268   0.05547   1.61388   0.08604   0.04559   0.05125  
 35  0.4190   8687.479421  x:  4.45062   2.25156   2.26873   2.86184   1.34349   0.83023   1.58147   1.02614   1.04936   0.44574   0.23292   0.40267   2.43125   0.28125   0.19064   0.18100   0.09893   0.03788   0.05992   1.63988   0.08726   0.04033   0.05350  
 36  0.2698   8686.882478  x:  4.84801   2.33297   2.34073   2.99574   1.41828   0.88043   1.67100   1.09269   1.06636   0.46347   0.23983   0.40519   2.53948   0.27598   0.18810   0.17668   0.09367   0.03409   0.06128   1.64354   0.07991   0.04096   0.05804  
 37  0.3322   8686.671454  x:  4.97219   2.31366   2.32893   3.02202   1.44782   0.89380   1.68832   1.09878   1.06130   0.46578   0.24009   0.40649   2.54539   0.25457   0.19285   0.17473   0.09302   0.03243   0.06030   1.63984   0.08054   0.04312   0.06116  
 38  0.1002   8686.628616  x:  5.05004   2.31859   2.33615   3.07341   1.48641   0.89972   1.70634   1.10673   1.06686   0.46548   0.23731   0.41004   2.57940   0.24997   0.19453   0.17688   0.09526   0.03264   0.06000   1.64240   0.07917   0.04247   0.06160  
 39  0.0660   8686.613029  x:  5.02613   2.30295   2.32578   3.09345   1.49128   0.89681   1.70746   1.10299   1.07317   0.45956   0.23459   0.41152   2.58139   0.25464   0.19331   0.17645   0.09463   0.03330   0.05996   1.64413   0.07956   0.04230   0.06036  
 40  0.0179   8686.608616  x:  5.02826   2.29565   2.32507   3.10583   1.48592   0.89803   1.71284   1.10546   1.07821   0.45869   0.23547   0.41181   2.58155   0.25496   0.19224   0.17602   0.09423   0.03316   0.06004   1.64359   0.07933   0.04262   0.06006  
 41  0.0097   8686.607444  x:  5.02188   2.28805   2.32311   3.10351   1.48012   0.89702   1.71270   1.10505   1.07793   0.45943   0.23645   0.41092   2.57835   0.25436   0.19269   0.17635   0.09468   0.03323   0.05994   1.64326   0.07949   0.04250   0.06007  
 42  0.0069   8686.607240  x:  5.02295   2.28654   2.32368   3.10371   1.48032   0.89682   1.71283   1.10552   1.07693   0.46024   0.23643   0.41049   2.58039   0.25430   0.19290   0.17621   0.09454   0.03335   0.05983   1.64356   0.07947   0.04249   0.06012  
 43  0.0017   8686.607214  x:  5.02263   2.28607   2.32381   3.10324   1.48007   0.89661   1.71264   1.10594   1.07660   0.46038   0.23627   0.41065   2.58080   0.25451   0.19262   0.17625   0.09455   0.03335   0.05983   1.64355   0.07948   0.04252   0.06010  
 44  0.0006   8686.607210  x:  5.02262   2.28605   2.32385   3.10318   1.47999   0.89661   1.71254   1.10621   1.07656   0.46035   0.23626   0.41072   2.58102   0.25453   0.19263   0.17624   0.09455   0.03335   0.05983   1.64348   0.07948   0.04251   0.06007  
 45  0.0002   8686.607209  x:  5.02261   2.28606   2.32379   3.10316   1.47996   0.89662   1.71245   1.10625   1.07654   0.46030   0.23628   0.41071   2.58099   0.25448   0.19268   0.17624   0.09455   0.03336   0.05983   1.64346   0.07948   0.04251   0.06006  
 46  0.0001   8686.607209  x:  5.02266   2.28609   2.32375   3.10318   1.47995   0.89661   1.71245   1.10627   1.07654   0.46028   0.23628   0.41070   2.58097   0.25450   0.19266   0.17624   0.09455   0.03336   0.05982   1.64346   0.07948   0.04251   0.06006  
 47  0.0000   8686.607209  x:  5.02265   2.28609   2.32373   3.10317   1.47993   0.89660   1.71245   1.10626   1.07653   0.46028   0.23628   0.41070   2.58095   0.25450   0.19265   0.17624   0.09455   0.03336   0.05983   1.64346   0.07948   0.04251   0.06006  
 48  0.0000   8686.607209  x:  5.02264   2.28609   2.32371   3.10316   1.47993   0.89660   1.71245   1.10625   1.07652   0.46027   0.23628   0.41070   2.58094   0.25450   0.19266   0.17624   0.09455   0.03336   0.05983   1.64347   0.07948   0.04251   0.06006  
 49  0.0000   8686.607209  x:  5.02263   2.28609   2.32371   3.10316   1.47993   0.89659   1.71245   1.10625   1.07652   0.46027   0.23628   0.41070   2.58094   0.25450   0.19266   0.17624   0.09455   0.03336   0.05983   1.64346   0.07948   0.04251   0.06006  
 50  0.0000   8686.607209  x:  5.02263   2.28609   2.32371   3.10315   1.47993   0.89659   1.71245   1.10625   1.07652   0.46027   0.23628   0.41070   2.58094   0.25450   0.19266   0.17624   0.09455   0.03336   0.05983   1.64346   0.07948   0.04251   0.06006  
 51  0.0000   8686.607209  x:  5.02263   2.28609   2.32371   3.10315   1.47993   0.89659   1.71245   1.10625   1.07652   0.46027   0.23628   0.41070   2.58094   0.25450   0.19266   0.17624   0.09455   0.03336   0.05983   1.64346   0.07948   0.04251   0.06006  