

TREE # 1

  0  0.0000   3679.800275  x:  0.26406   0.32365   0.31763   0.13390   0.38964   0.15861   0.36534   0.05270   0.20661   0.11628   0.15583   0.09443   0.48274   0.07116   0.04934   0.04333   0.08199   0.00000   0.08682   2.00000   0.20000   0.20000   0.20000  
  1 99.0000   3669.176021  x:  0.26559   0.32459   0.31909   0.13551   0.38994   0.15909   0.36558   0.05389   0.20717   0.11674   0.15611   0.09475   0.48384   0.07089   0.04936   0.04361   0.08187   0.03637   0.08651   1.99970   0.19909   0.19948   0.19990  
  2 5012.4812   3571.941909  x:  0.47162   0.45200   0.51605   0.35086   0.43024   0.22424   0.39786   0.21098   0.28248   0.17750   0.19374   0.13690   0.63312   0.03326   0.05453   0.06933   0.02244   0.03708   0.00000   1.95885   0.07823   0.13442   0.18661  
  3 503.5313   3568.242171  x:  0.48321   0.45918   0.52713   0.36297   0.43251   0.22790   0.39967   0.21980   0.28671   0.18091   0.19586   0.13926   0.64153   0.03116   0.05484   0.07077   0.01920   0.03707   0.00089   1.95655   0.07181   0.13075   0.18586  
  4 11335.4282   3498.518650  x:  0.62678   0.54870   0.66519   0.51050   0.46240   0.27298   0.42257   0.32362   0.33826   0.22155   0.22170   0.16652   0.74803   0.00830   0.06313   0.08701   0.00000   0.03688   0.00186   1.92509   0.12767   0.08129   0.17664  
  5 2747.8782   3478.761668  x:  0.68839   0.58711   0.72444   0.57373   0.47521   0.29225   0.43232   0.36797   0.36027   0.23883   0.23274   0.17804   0.79380   0.00000   0.06748   0.09418   0.01334   0.03661   0.00208   1.91152   0.14791   0.05974   0.17269  
  6 18348.2676   3471.255401  x:  0.74367   0.62151   0.77780   0.62889   0.48689   0.30854   0.44017   0.40399   0.37836   0.25201   0.24184   0.18573   0.83622   0.04919   0.07702   0.09778   0.02026   0.03641   0.00228   1.89792   0.16398   0.03709   0.16934  
  7 2163.6360   3466.065597  x:  0.75792   0.62964   0.79338   0.63226   0.49061   0.30488   0.43494   0.38480   0.36994   0.23725   0.23782   0.16689   0.85696   0.04804   0.08441   0.08105   0.02006   0.03643   0.00227   1.88432   0.16310   0.00819   0.16650  
  8 137.8978   3454.139857  x:  0.81397   0.66125   0.85459   0.64499   0.50536   0.29009   0.41431   0.30807   0.33772   0.17970   0.22317   0.09369   0.93907   0.04476   0.11108   0.02715   0.02009   0.03660   0.00229   1.82945   0.16049   0.02047   0.15633  
  9 341.7268   3446.081469  x:  0.86106   0.68644   0.90678   0.64856   0.51851   0.27272   0.39383   0.22682   0.30972   0.12814   0.21348   0.03090   1.01432   0.04325   0.12522   0.06146   0.01893   0.03657   0.00222   1.77479   0.15791   0.02239   0.14732  
 10 408.5427   3438.240612  x:  0.90677   0.70308   0.96004   0.61972   0.53585   0.23509   0.36974   0.09345   0.31456   0.12928   0.24533   0.07574   1.11510   0.04408   0.10495   0.06441   0.01916   0.03662   0.00213   1.68049   0.15346   0.02305   0.13556  
 11 121.7369   3428.199228  x:  0.94164   0.67019   1.01361   0.43033   0.58955   0.12750   0.43396   0.11098   0.34340   0.18634   0.25377   0.03434   1.34073   0.04783   0.04056   0.06246   0.02056   0.03661   0.00202   1.38657   0.14586   0.02297   0.09814  
 12 61.0147   3425.189441  x:  0.95083   0.64908   1.02742   0.35406   0.61492   0.09744   0.45543   0.12346   0.35200   0.20512   0.26700   0.03904   1.42746   0.04233   0.09492   0.06889   0.01849   0.03663   0.00198   1.26745   0.14112   0.02355   0.07541  
 13 171.4668   3423.519777  x:  0.95404   0.60918   1.01440   0.33293   0.65107   0.16086   0.44504   0.14403   0.32977   0.16940   0.29055   0.05963   1.48236   0.04265   0.08711   0.06917   0.01858   0.03662   0.00196   1.18917   0.13901   0.02353   0.05704  
 14 30.2095   3422.061087  x:  0.96846   0.54588   0.98051   0.37756   0.65275   0.18535   0.40061   0.14232   0.37052   0.18612   0.24320   0.05594   1.53868   0.04234   0.08915   0.06990   0.01845   0.03660   0.00193   1.15153   0.13720   0.02357   0.03892  
 15 11.7086   3418.320896  x:  1.02542   0.45263   0.94660   0.48791   0.59699   0.10514   0.37713   0.18999   0.35968   0.14178   0.27757   0.08267   1.67070   0.04149   0.08920   0.07195   0.01826   0.03652   0.00186   1.15213   0.13278   0.02330   0.08236  
 16 12.7189   3392.553328  x:  1.27546   0.46476   1.12315   0.78388   0.64317   0.26162   0.73307   0.14024   0.34536   0.30377   0.34373   0.05387   2.21640   0.02955   0.12992   0.09101   0.01358   0.03620   0.00096   1.39772   0.07514   0.02400   0.25977  
 17 17.1974   3383.761747  x:  1.32641   0.67837   1.26539   0.81114   0.66562   0.25054   0.58417   0.22949   0.42373   0.25002   0.31044   0.09922   2.22251   0.02719   0.12881   0.09732   0.01254   0.03604   0.00068   1.35418   0.05774   0.02435   0.28776  
 18 25.8765   3380.817234  x:  1.46781   0.65012   1.35024   0.91055   0.64694   0.20905   0.56716   0.22422   0.29534   0.34770   0.34941   0.07308   1.97759   0.02906   0.11848   0.09728   0.01294   0.03595   0.00067   1.18375   0.05583   0.02463   0.17235  
 19  9.8434   3378.938401  x:  1.56963   0.59907   1.40581   0.93994   0.67480   0.17081   0.61268   0.20956   0.38215   0.28459   0.41025   0.04812   1.82680   0.03106   0.10762   0.09291   0.01347   0.03593   0.00067   1.13658   0.05525   0.02463   0.04635  
 20 12.6906   3374.740177  x:  1.81813   0.51363   1.57115   0.83231   0.87054   0.10192   0.50026   0.26845   0.37021   0.23609   0.29010   0.12588   1.69469   0.03311   0.09665   0.09625   0.01447   0.03586   0.00078   1.23829   0.06022   0.02438   0.06172  
 21  4.2842   3369.158338  x:  1.81567   0.73913   1.57809   0.86257   0.69929   0.20151   0.38846   0.29178   0.47950   0.23432   0.38155   0.05530   1.67012   0.03344   0.10471   0.08971   0.01523   0.03584   0.00099   1.15609   0.06714   0.02089   0.16725  
 22  5.2337   3367.548714  x:  1.72763   0.86348   1.53887   0.97495   0.74281   0.15463   0.46863   0.28984   0.45395   0.17765   0.28817   0.12262   1.69570   0.03493   0.09680   0.09172   0.01570   0.03580   0.00105   1.10118   0.06777   0.02069   0.11833  
 23  8.4422   3366.706393  x:  1.67636   0.90785   1.52754   1.01836   0.81154   0.11752   0.44191   0.29928   0.43272   0.19802   0.32105   0.10787   1.74192   0.03636   0.08913   0.09101   0.01615   0.03579   0.00107   1.12635   0.06816   0.02081   0.04013  
 24  6.7664   3365.536567  x:  1.62306   0.91948   1.55207   1.12611   1.00932   0.06771   0.42137   0.28805   0.46708   0.22152   0.39543   0.04966   1.78375   0.03489   0.09618   0.08595   0.01606   0.03578   0.00111   1.09689   0.06521   0.01810   0.13995  
 25  4.7297   3348.721311  x:  1.96661   0.82286   2.35414   1.27176   1.01641   0.18287   0.43495   0.32815   0.54651   0.14329   0.36708   0.02230   2.60181   0.03736   0.07583   0.06792   0.02015   0.03560   0.00161   1.24184   0.05048   0.00277   0.15933  
 26  3.3690   3341.408962  x:  2.61406   1.06197   2.20497   1.25632   1.12238   0.22096   0.46674   0.33953   0.57300   0.13662   0.37157   0.00000   2.96860   0.03783   0.06719   0.06329   0.02211   0.03551   0.00186   1.30264   0.04117   0.01022   0.15943  
 27  4.5664   3335.388104  x:  2.39448   0.79859   3.25718   1.53556   1.00214   0.27631   0.47568   0.38601   0.54284   0.14590   0.29819   0.04200   3.36661   0.04295   0.05743   0.06614   0.02577   0.03535   0.00240   1.27284   0.04160   0.02256   0.09096  
 28  1.7189   3324.646363  x:  3.53244   1.26271   3.31664   1.73105   1.14303   0.31529   0.55067   0.42431   0.49536   0.21647   0.27780   0.03923   3.96607   0.04612   0.06464   0.06488   0.03101   0.03510   0.00333   1.18278   0.03506   0.02259   0.00671  
 29  2.4702   3319.751628  x:  4.69541   1.75022   3.35500   1.94428   1.33632   0.36448   0.61669   0.46202   0.47148   0.29839   0.27808   0.02268   4.61688   0.04311   0.09041   0.06391   0.03528   0.03485   0.00428   1.10695   0.02649   0.02093   0.12197  
 30  7.0035   3317.567266  x:  5.04917   1.89942   3.44481   2.02941   1.39934   0.37777   0.63364   0.47625   0.51830   0.27377   0.34785   0.00870   4.85491   0.04348   0.08902   0.06183   0.03768   0.03477   0.00474   1.14470   0.02876   0.02264   0.14184  
 31  0.7209   3313.531323  x:  5.78787   2.12480   4.15134   2.39732   1.59336   0.39830   0.67074   0.53359   0.63036   0.19975   0.45676   0.00420   5.62489   0.04586   0.07531   0.05793   0.04419   0.03447   0.00585   1.16852   0.02192   0.02678   0.13846  
 32  2.2605   3309.751400  x:  7.79818   2.78147   5.67480   3.20471   2.08044   0.39597   0.68440   0.67308   0.77970   0.04649   0.41040   0.07251   7.42539   0.04417   0.06256   0.05891   0.05961   0.03377   0.00901   1.15523   0.01811   0.03511   0.16641  
 33  0.7804   3308.829627  x:  8.32421   2.95228   6.02999   3.42081   2.20336   0.40299   0.69913   0.70378   0.77429   0.08170   0.41047   0.06348   7.88734   0.04212   0.07113   0.05997   0.06288   0.03358   0.00978   1.14884   0.01578   0.03602   0.17053  
 34  1.3185   3307.534021  x:  8.70079   3.06274   6.24789   3.57935   2.29523   0.39636   0.70380   0.71524   0.69005   0.20888   0.37394   0.03109   8.20513   0.03517   0.09607   0.06285   0.06407   0.03344   0.01042   1.16109   0.01612   0.03399   0.17321  
 35  0.5721   3306.639084  x:  9.69210   3.37013   6.97478   4.01628   2.55754   0.37969   0.74226   0.76008   0.69147   0.23683   0.37234   0.00878   9.11566   0.02739   0.09399   0.05762   0.07048   0.03304   0.01208   1.16188   0.01374   0.03222   0.17413  
 36  0.8818   3305.373778  x: 10.48325   3.60588   7.60680   4.42094   2.80486   0.32328   0.80466   0.77933   0.68973   0.22803   0.38926   0.00404   9.88440   0.01334   0.08175   0.05287   0.07486   0.03265   0.01367   1.17246   0.01343   0.02449   0.16280  
 37  0.5994   3304.991416  x: 10.91443   3.74619   7.92365   4.62944   2.91715   0.30517   0.84293   0.79558   0.70145   0.20365   0.38652   0.02513  10.27236   0.00692   0.09430   0.05814   0.07665   0.03245   0.01447   1.16182   0.01268   0.02162   0.16308  
 38  0.6591   3304.869815  x: 10.68495   3.67102   7.77919   4.54180   2.85027   0.31107   0.84421   0.78415   0.71081   0.18195   0.38741   0.03719  10.06476   0.01016   0.09851   0.06116   0.07511   0.03253   0.01412   1.15136   0.01302   0.02165   0.16307  
 39  0.4607   3304.712348  x: 10.85356   3.69699   8.01070   4.68198   2.88539   0.30618   0.89052   0.77932   0.72466   0.16103   0.39428   0.03772  10.26638   0.00992   0.10132   0.06079   0.07575   0.03238   0.01464   1.13343   0.01257   0.01673   0.16071  
 40  0.1285   3304.585586  x: 10.79436   3.63364   8.15663   4.72817   2.85480   0.32353   0.90359   0.77366   0.71540   0.18308   0.38640   0.02502  10.32485   0.01338   0.09614   0.05874   0.07554   0.03233   0.01483   1.15690   0.01270   0.01469   0.15968  
 41  0.0726   3304.498549  x: 10.79302   3.59421   8.38246   4.79867   2.83561   0.34664   0.89675   0.78478   0.72253   0.18476   0.37982   0.03207  10.44656   0.01651   0.09257   0.06044   0.07585   0.03226   0.01510   1.16298   0.01245   0.01699   0.16195  
 42  0.1096   3304.372563  x: 10.84712   3.52414   8.88701   5.00805   2.82440   0.37000   0.91623   0.79226   0.73180   0.17861   0.38015   0.04239  10.74437   0.01747   0.09430   0.06313   0.07555   0.03204   0.01594   1.15157   0.01237   0.01590   0.16124  
 43  0.2806   3304.268674  x: 11.17590   3.56646   9.44586   5.28182   2.89427   0.38647   0.93312   0.81154   0.73660   0.18893   0.38983   0.03366  11.22618   0.01526   0.09539   0.06001   0.07673   0.03178   0.01707   1.14338   0.01164   0.01533   0.16264  
 44  0.3838   3304.195117  x: 11.27853   3.58107   9.63412   5.37093   2.92141   0.39621   0.91952   0.82346   0.73015   0.20059   0.39439   0.02859  11.40547   0.01184   0.09736   0.05765   0.07610   0.03168   0.01755   1.14938   0.01165   0.01715   0.16536  
 45  0.1719   3303.900070  x: 11.44225   3.57701  10.11261   5.61561   2.92608   0.45631   0.92925   0.84668   0.74021   0.16023   0.37703   0.06041  11.84955   0.01113   0.10231   0.06197   0.06995   0.03126   0.01923   1.16647   0.01134   0.01779   0.18518  
 46  0.0902   3303.387486  x: 11.65336   3.64907  10.28907   5.83789   2.93031   0.57352   0.92589   0.87080   0.72210   0.11248   0.34034   0.08747  12.33331   0.00934   0.10381   0.06325   0.05118   0.03049   0.02220   1.18372   0.01103   0.01757   0.24268  
 47  0.2389   3303.055746  x: 11.53675   3.72280   9.51977   5.57640   2.92016   0.57080   0.90446   0.84862   0.69452   0.17030   0.36707   0.03990  11.90307   0.01162   0.09735   0.06061   0.04559   0.03057   0.02173   1.15541   0.01130   0.01688   0.26187  
 48  0.4493   3302.979442  x: 11.78071   3.83800   9.47606   5.61124   2.99901   0.54861   0.91053   0.85555   0.70622   0.18228   0.39134   0.03004  11.98987   0.00871   0.10090   0.06140   0.04664   0.03051   0.02191   1.14480   0.01109   0.01682   0.26610  
 49  0.2048   3302.892489  x: 11.98688   3.93355   9.42783   5.65035   3.05499   0.54285   0.92439   0.86448   0.73484   0.18301   0.40458   0.03386  12.07077   0.01104   0.10000   0.06521   0.04512   0.03032   0.02242   1.14790   0.01105   0.01699   0.28119  
 50  0.1313   3302.809080  x: 12.65650   4.12013   9.98345   6.01150   3.21586   0.55500   0.95807   0.90139   0.75926   0.19016   0.39220   0.03824  12.75818   0.00962   0.10094   0.06297   0.04284   0.02971   0.02461   1.15490   0.01040   0.01682   0.30728  
 51  0.4726   3302.768133  x: 12.85146   4.19259  10.01278   6.04861   3.28030   0.52205   0.97574   0.90709   0.77194   0.19054   0.38248   0.03950  12.82758   0.00988   0.10042   0.06099   0.04528   0.02967   0.02472   1.15211   0.01043   0.01661   0.30757  
 52  0.1743   3302.740441  x: 13.18111   4.30539  10.15815   6.17063   3.37174   0.50041   1.00394   0.92299   0.78722   0.17406   0.37610   0.04578  13.05556   0.01049   0.10024   0.06077   0.04578   0.02946   0.02546   1.14294   0.01011   0.01677   0.31714  
 53  0.2017   3302.714859  x: 13.32237   4.36882  10.13400   6.20183   3.41747   0.48541   1.01894   0.93206   0.78088   0.15762   0.37390   0.04892  13.12359   0.01001   0.10128   0.06154   0.04411   0.02936   0.02594   1.14470   0.01013   0.01735   0.32652  
 54  0.0976   3302.686203  x: 13.54773   4.41144  10.39974   6.33394   3.48092   0.46072   1.04487   0.94913   0.76292   0.16609   0.38049   0.04136  13.34845   0.00996   0.10079   0.06204   0.04625   0.02927   0.02649   1.15591   0.00994   0.01770   0.32599  
 55  0.1886   3302.674498  x: 13.65984   4.43368  10.50858   6.40653   3.50422   0.45725   1.05654   0.95848   0.75144   0.18030   0.38441   0.03894  13.45971   0.01033   0.10028   0.06239   0.04516   0.02917   0.02704   1.14778   0.00986   0.01706   0.33239  
 56  0.0805   3302.662880  x: 13.82661   4.47341  10.66451   6.48234   3.53982   0.43938   1.07027   0.97878   0.74864   0.17629   0.37778   0.05121  13.59287   0.01002   0.10116   0.06189   0.04575   0.02913   0.02757   1.14597   0.00974   0.01731   0.33633  
 57  0.0685   3302.638683  x: 13.51399   4.38810  10.33177   6.25309   3.43746   0.42466   1.05070   0.98563   0.72604   0.18476   0.37558   0.05298  13.19263   0.01047   0.10036   0.06001   0.04540   0.02961   0.02685   1.15510   0.01008   0.01736   0.33159  
 58  0.1287   3302.605182  x: 13.33052   4.33613  10.09643   6.07654   3.35233   0.41263   1.04157   1.00426   0.72899   0.18659   0.37898   0.04938  12.89144   0.01045   0.10121   0.06027   0.04450   0.03003   0.02662   1.15210   0.01014   0.01697   0.33298  
 59  0.1523   3302.553071  x: 13.48718   4.31151  10.42673   6.14424   3.33633   0.37438   1.07386   1.06134   0.75506   0.17220   0.37720   0.04928  12.98471   0.00963   0.10216   0.06300   0.04485   0.03022   0.02787   1.14228   0.01004   0.01701   0.34043  
 60  0.1133   3302.541589  x: 13.27339   4.23470  10.30614   6.02896   3.26147   0.38467   1.05941   1.06311   0.75994   0.17049   0.37631   0.04569  12.78792   0.00986   0.10063   0.06205   0.04407   0.03042   0.02760   1.14943   0.01024   0.01721   0.33857  
 61  0.2436   3302.517856  x: 13.43988   4.28928  10.37514   6.07865   3.31141   0.39300   1.07511   1.06872   0.76567   0.16845   0.38271   0.04300  12.90846   0.00977   0.10051   0.06050   0.04409   0.03007   0.02827   1.15057   0.01016   0.01720   0.34802  
 62  0.0294   3302.439851  x: 13.72159   4.35365  10.47410   6.01862   3.36997   0.45867   1.12519   1.10471   0.77905   0.16064   0.40121   0.03794  12.98165   0.00946   0.10198   0.05703   0.04556   0.02875   0.03088   1.15198   0.01005   0.01707   0.38426  
 63  0.1232   3302.334104  x: 13.43077   4.22660  10.35223   5.75497   3.27094   0.54652   1.12061   1.12079   0.75180   0.16783   0.37449   0.05188  12.66400   0.00913   0.10221   0.06285   0.04663   0.02794   0.03210   1.14552   0.01020   0.01710   0.40099  
 64  0.1655   3302.321075  x: 13.25731   4.19614  10.14042   5.61574   3.24955   0.56259   1.10342   1.10993   0.74998   0.16626   0.36831   0.05265  12.46203   0.00900   0.10057   0.06080   0.04725   0.02785   0.03195   1.14869   0.01036   0.01716   0.40210  
 65  0.1695   3302.252625  x: 13.00725   4.16900  10.08577   5.63873   3.34747   0.55344   1.05992   1.06690   0.75305   0.16337   0.37613   0.04855  12.43711   0.00893   0.10005   0.06037   0.04716   0.02779   0.03238   1.14641   0.01047   0.01684   0.40439  
 66  0.0356   3302.156813  x: 11.92470   3.92536   9.61009   5.33209   3.38004   0.48713   0.94054   1.01269   0.74975   0.15987   0.38523   0.04220  11.72781   0.00925   0.10081   0.06139   0.04670   0.02866   0.03310   1.14420   0.01107   0.01637   0.40773  
 67  0.9901   3302.123796  x: 11.99801   3.92953   9.72535   5.33893   3.39546   0.41612   0.96321   1.05984   0.74809   0.16250   0.37783   0.04555  11.70119   0.00917   0.10254   0.06190   0.04669   0.02910   0.03441   1.14618   0.01105   0.01657   0.42013  
 68  0.1049   3302.093404  x: 11.66056   3.85373   9.40834   5.12636   3.29796   0.42593   0.96409   1.04122   0.74413   0.16530   0.36905   0.04704  11.36218   0.00920   0.10163   0.06150   0.04650   0.02926   0.03456   1.15202   0.01127   0.01685   0.42558  
 69  0.1689   3301.994579  x: 11.74977   3.94047   9.52730   5.35150   3.29684   0.42101   1.06298   0.95522   0.74501   0.17783   0.36550   0.04792  11.73217   0.00877   0.10064   0.06127   0.04578   0.02903   0.03641   1.15486   0.01107   0.01750   0.44379  
 70  0.1313   3301.946257  x: 10.98203   3.78091   9.05994   5.10762   3.21420   0.36407   1.03320   0.88841   0.73552   0.18214   0.38233   0.04135  11.18462   0.00862   0.10157   0.06152   0.04603   0.02978   0.03671   1.14683   0.01161   0.01727   0.44382  
 71  0.8387   3301.897971  x: 10.68006   3.68620   8.74163   4.86330   3.03860   0.38660   1.01518   0.87531   0.72323   0.18379   0.38797   0.03874  10.81333   0.00833   0.10274   0.06149   0.04675   0.02974   0.03648   1.13664   0.01218   0.01720   0.44357  
 72  0.2005   3301.854344  x:  9.97810   3.54640   8.20785   4.60617   2.87543   0.35681   0.94898   0.80384   0.71604   0.18636   0.38093   0.03624  10.31027   0.00878   0.10171   0.06121   0.04645   0.03047   0.03587   1.14545   0.01286   0.01738   0.43650  
 73  0.6385   3301.811973  x: 10.11272   3.62017   8.20756   4.67132   2.87311   0.33605   0.91067   0.79355   0.72089   0.18340   0.37538   0.03619  10.45749   0.00888   0.10102   0.06123   0.04624   0.03039   0.03659   1.15671   0.01295   0.01740   0.44546  
 74  0.1446   3301.746266  x:  9.82850   3.56767   7.82182   4.38707   2.67158   0.36852   0.85488   0.76780   0.71474   0.18160   0.38672   0.03117  10.12232   0.00827   0.10162   0.06190   0.04686   0.02973   0.03908   1.15649   0.01341   0.01689   0.47884  
 75  0.3403   3301.712258  x: 10.26194   3.66353   8.22473   4.59941   2.77149   0.36882   0.88982   0.78890   0.71473   0.18316   0.39133   0.03196  10.52227   0.00862   0.10206   0.06181   0.04808   0.02897   0.04141   1.14319   0.01283   0.01661   0.50171  
 76  0.4984   3301.697374  x: 10.33189   3.69135   8.23218   4.64491   2.78909   0.35502   0.86748   0.78153   0.71848   0.18276   0.38838   0.03156  10.58809   0.00843   0.10238   0.06131   0.04802   0.02895   0.04166   1.14287   0.01268   0.01684   0.50461  
 77  0.0799   3301.692919  x: 10.43792   3.69498   8.25928   4.66220   2.76493   0.37161   0.87584   0.78723   0.72031   0.18242   0.38726   0.03155  10.62745   0.00855   0.10195   0.06144   0.04771   0.02885   0.04121   1.14825   0.01262   0.01693   0.50091  
 78  0.0697   3301.671675  x: 10.32424   3.56784   8.13469   4.61872   2.74271   0.36301   0.84212   0.76400   0.71373   0.18323   0.38981   0.03124  10.39403   0.00832   0.10213   0.06224   0.04757   0.02874   0.04021   1.15123   0.01289   0.01662   0.48881  
 79  0.0402   3301.646467  x: 10.30218   3.37776   8.05877   4.58464   2.72537   0.33127   0.84750   0.74041   0.71176   0.18419   0.39078   0.03065  10.07305   0.00830   0.10231   0.06216   0.04771   0.02821   0.04071   1.14698   0.01310   0.01664   0.49341  
 80  0.2276   3301.642526  x: 10.31630   3.36701   8.10282   4.59323   2.72431   0.34681   0.84801   0.73812   0.71307   0.18504   0.38903   0.03011  10.10022   0.00839   0.10212   0.06160   0.04757   0.02792   0.04152   1.14648   0.01307   0.01691   0.50325  
 81  0.0569   3301.641926  x: 10.31388   3.37412   8.08635   4.58410   2.71962   0.34178   0.84937   0.74199   0.71292   0.18495   0.38871   0.03005  10.08958   0.00840   0.10215   0.06143   0.04741   0.02798   0.04175   1.14685   0.01309   0.01700   0.50654  
 82  0.0208   3301.639846  x: 10.23875   3.36721   8.00094   4.58383   2.71421   0.34107   0.85012   0.73114   0.71253   0.18470   0.38955   0.03009  10.03575   0.00829   0.10227   0.06147   0.04711   0.02820   0.04201   1.14758   0.01315   0.01704   0.51132  
 83  0.0158   3301.633962  x: 10.21485   3.34069   8.01896   4.65023   2.71590   0.34908   0.84502   0.74980   0.71343   0.18354   0.38900   0.03110  10.00147   0.00828   0.10218   0.06174   0.04730   0.02885   0.04230   1.14779   0.01315   0.01690   0.51609  
 84  0.0304   3301.632520  x: 10.26564   3.36070   8.01197   4.67792   2.71001   0.35222   0.84788   0.74914   0.71295   0.18394   0.38846   0.03049  10.03187   0.00839   0.10204   0.06152   0.04787   0.02895   0.04221   1.14662   0.01311   0.01688   0.51564  
 85  0.0599   3301.632424  x: 10.27025   3.35932   8.01904   4.68308   2.71095   0.35184   0.84868   0.74975   0.71332   0.18352   0.38805   0.03076  10.03513   0.00830   0.10217   0.06145   0.04793   0.02893   0.04220   1.14641   0.01310   0.01692   0.51534  
 86  0.0072   3301.632147  x: 10.25275   3.35394   8.00827   4.68641   2.71206   0.35005   0.84715   0.75022   0.71347   0.18350   0.38833   0.03071  10.02397   0.00842   0.10218   0.06138   0.04798   0.02882   0.04211   1.14610   0.01311   0.01696   0.51481  
 87  0.0039   3301.631584  x: 10.25205   3.36343   8.00333   4.70009   2.71240   0.35105   0.84976   0.75373   0.71346   0.18385   0.38856   0.03052  10.04502   0.00834   0.10219   0.06147   0.04792   0.02850   0.04214   1.14633   0.01310   0.01692   0.51656  
 88  0.0100   3301.631546  x: 10.23818   3.35740   7.99469   4.69509   2.70766   0.35044   0.84838   0.75265   0.71343   0.18345   0.38813   0.03074  10.03222   0.00834   0.10213   0.06147   0.04796   0.02848   0.04216   1.14641   0.01312   0.01691   0.51678  
 89  0.0268   3301.631543  x: 10.23666   3.35644   7.99258   4.69358   2.70800   0.35027   0.84818   0.75256   0.71340   0.18336   0.38803   0.03079  10.02929   0.00833   0.10212   0.06146   0.04798   0.02847   0.04216   1.14641   0.01312   0.01691   0.51692  
 90  0.0038   3301.631530  x: 10.22834   3.35254   7.98793   4.68942   2.70718   0.34958   0.84777   0.75199   0.71318   0.18346   0.38799   0.03077  10.02360   0.00832   0.10210   0.06145   0.04803   0.02847   0.04217   1.14636   0.01313   0.01691   0.51745  
 91  0.0020   3301.631423  x: 10.22825   3.34482   7.98000   4.67961   2.70799   0.34929   0.84771   0.75269   0.71343   0.18306   0.38792   0.03094  10.03560   0.00830   0.10214   0.06143   0.04807   0.02850   0.04216   1.14614   0.01314   0.01692   0.52233  
 92  0.0025   3301.631379  x: 10.23955   3.34702   7.98919   4.68668   2.70858   0.34980   0.84831   0.75321   0.71338   0.18346   0.38813   0.03071  10.04819   0.00830   0.10217   0.06146   0.04799   0.02852   0.04217   1.14627   0.01312   0.01691   0.52271  
 93  0.0143   3301.631369  x: 10.24209   3.34812   7.98938   4.68635   2.70952   0.34986   0.84854   0.75353   0.71377   0.18306   0.38794   0.03098  10.05047   0.00830   0.10215   0.06147   0.04800   0.02851   0.04218   1.14626   0.01312   0.01691   0.52339  
 94  0.0012   3301.631275  x: 10.23933   3.34573   7.98605   4.68387   2.70931   0.34959   0.84815   0.75331   0.71352   0.18314   0.38799   0.03083  10.04719   0.00828   0.10214   0.06147   0.04802   0.02851   0.04219   1.14631   0.01312   0.01690   0.52687  
 95  0.0009   3301.630209  x: 10.21598   3.32467   7.95998   4.66413   2.70758   0.34689   0.84489   0.75113   0.71102   0.18428   0.38832   0.02952  10.01826   0.00783   0.10215   0.06150   0.04824   0.02846   0.04229   1.14691   0.01316   0.01683   0.59722  
 96  0.0442   3301.624909  x: 10.24074   3.35167   7.99742   4.69131   2.71063   0.34937   0.84824   0.75263   0.71322   0.18305   0.38816   0.03044  10.03680   0.00711   0.10315   0.06151   0.04808   0.02849   0.04206   1.14680   0.01312   0.01682   0.83864  
 97  0.0312   3301.622033  x: 10.23753   3.36428   8.00028   4.69798   2.70350   0.35186   0.84961   0.75251   0.71417   0.18389   0.38772   0.03193  10.03794   0.00654   0.10431   0.06140   0.04779   0.02856   0.04187   1.14571   0.01312   0.01683   1.24065  
 98  0.1493   3301.620699  x: 10.24226   3.36039   8.00558   4.69813   2.70887   0.35068   0.84936   0.75291   0.71421   0.18264   0.38817   0.03097  10.04316   0.00675   0.10386   0.06147   0.04793   0.02853   0.04195   1.14640   0.01311   0.01683   1.40965  
 99  0.1059   3301.619400  x: 10.24189   3.35075   7.99957   4.69104   2.71249   0.34915   0.84821   0.75294   0.71362   0.18224   0.38846   0.03005  10.04210   0.00631   0.10392   0.06153   0.04810   0.02849   0.04209   1.14695   0.01312   0.01679   1.69857  
100  0.4064   3301.618432  x: 10.23131   3.34550   7.98027   4.68156   2.70584   0.34955   0.84721   0.75198   0.71235   0.18461   0.38780   0.03090  10.02675   0.00601   0.10425   0.06146   0.04806   0.02850   0.04210   1.14637   0.01314   0.01676   2.17716  
101  0.2430   3301.617324  x: 10.23198   3.35509   7.99138   4.69030   2.70447   0.35056   0.84849   0.75219   0.71385   0.18366   0.38798   0.03126  10.03429   0.00614   0.10445   0.06144   0.04790   0.02854   0.04199   1.14603   0.01313   0.01680   2.77814  
102  0.2098   3301.616548  x: 10.23760   3.35594   7.99941   4.69342   2.70835   0.35017   0.84877   0.75265   0.71414   0.18259   0.38827   0.03075  10.04058   0.00583   0.10465   0.06148   0.04795   0.02853   0.04201   1.14641   0.01312   0.01679   3.56022  
103  0.6210   3301.615957  x: 10.23944   3.34596   7.98640   4.68386   2.70981   0.34929   0.84731   0.75246   0.71195   0.18429   0.38786   0.03053  10.03026   0.00577   0.10436   0.06149   0.04816   0.02848   0.04212   1.14680   0.01313   0.01673   4.73857  
104  0.4364   3301.615324  x: 10.23045   3.35375   7.99350   4.69045   2.70567   0.35001   0.84846   0.75223   0.71460   0.18271   0.38831   0.03085  10.03712   0.00572   0.10478   0.06148   0.04792   0.02854   0.04202   1.14622   0.01313   0.01679   6.49371  
105  0.5491   3301.614900  x: 10.24315   3.35162   7.99377   4.68896   2.71017   0.35001   0.84814   0.75275   0.71204   0.18394   0.38781   0.03081  10.03512   0.00562   0.10465   0.06148   0.04809   0.02849   0.04205   1.14668   0.01312   0.01674   9.29502  
106  0.8510   3301.614650  x: 10.23294   3.35021   7.98971   4.68740   2.70701   0.34961   0.84782   0.75223   0.71390   0.18333   0.38824   0.03060  10.03321   0.00570   0.10465   0.06148   0.04802   0.02852   0.04206   1.14644   0.01313   0.01676  12.14857  
107  1.1225   3301.614469  x: 10.23922   3.35382   7.99678   4.69189   2.70807   0.34992   0.84850   0.75279   0.71449   0.18304   0.38830   0.03068  10.04273   0.00558   0.10482   0.06148   0.04798   0.02853   0.04205   1.14629   0.01312   0.01676  15.28179  
108  2.9807   3301.614342  x: 10.25982   3.35949   8.01001   4.69901   2.71345   0.35076   0.84969   0.75412   0.71283   0.18349   0.38783   0.03104  10.05628   0.00555   0.10480   0.06148   0.04802   0.02850   0.04204   1.14644   0.01309   0.01675  20.37087  
109  2.4549   3301.614161  x: 10.23613   3.35065   7.99056   4.68803   2.70770   0.34959   0.84766   0.75236   0.71432   0.18348   0.38836   0.03038  10.03310   0.00556   0.10473   0.06148   0.04805   0.02851   0.04206   1.14642   0.01313   0.01674  31.19264  
110  2.4908   3301.614080  x: 10.24476   3.35515   8.00032   4.69347   2.70979   0.35022   0.84895   0.75314   0.71324   0.18326   0.38797   0.03097  10.04586   0.00553   0.10485   0.06148   0.04800   0.02852   0.04205   1.14641   0.01311   0.01676  39.74235  
111  4.3141   3301.613998  x: 10.25482   3.35671   8.00301   4.69514   2.71218   0.35044   0.84868   0.75359   0.71371   0.18368   0.38817   0.03055  10.04735   0.00553   0.10479   0.06148   0.04805   0.02850   0.04204   1.14642   0.01310   0.01673  70.44129  
112  5.5563   3301.613945  x: 10.23871   3.35303   7.99648   4.69122   2.70836   0.34991   0.84865   0.75274   0.71337   0.18321   0.38801   0.03093  10.04100   0.00552   0.10484   0.06149   0.04800   0.02852   0.04205   1.14644   0.01312   0.01676  92.25910  
113  9.9393   3301.613925  x: 10.24953   3.35597   8.00112   4.69409   2.71089   0.35034   0.84873   0.75335   0.71359   0.18345   0.38811   0.03073  10.04633   0.00552   0.10484   0.06148   0.04802   0.02851   0.04204   1.14639   0.01311   0.01675  119.56220  
114  9.9800   3301.613879  x: 10.23572   3.35138   7.99516   4.69013   2.70774   0.34967   0.84862   0.75250   0.71322   0.18329   0.38799   0.03091  10.03811   0.00551   0.10481   0.06149   0.04803   0.02852   0.04206   1.14653   0.01312   0.01675  294.16014  
115 21.8247   3301.613873  x: 10.24297   3.35398   7.99824   4.69225   2.70938   0.35005   0.84867   0.75296   0.71345   0.18334   0.38805   0.03083  10.04267   0.00551   0.10483   0.06148   0.04802   0.02851   0.04205   1.14644   0.01311   0.01675  308.70999  
116 14.7026   3301.613872  x: 10.24602   3.35497   7.99956   4.69312   2.71007   0.35019   0.84869   0.75315   0.71353   0.18338   0.38808   0.03079  10.04446   0.00551   0.10484   0.06148   0.04801   0.02851   0.04205   1.14641   0.01311   0.01675  344.16968  
117 36.6688   3301.613870  x: 10.24869   3.35584   8.00072   4.69389   2.71068   0.35032   0.84872   0.75331   0.71359   0.18341   0.38810   0.03075  10.04603   0.00551   0.10485   0.06148   0.04801   0.02851   0.04205   1.14638   0.01311   0.01675  423.96083  
118 101.4735   3301.613855  x: 10.24720   3.35520   8.00012   4.69341   2.71036   0.35024   0.84872   0.75320   0.71352   0.18342   0.38809   0.03076  10.04495   0.00551   0.10484   0.06148   0.04802   0.02851   0.04205   1.14643   0.01311   0.01675  999.00000  
119 75.7103   3301.613853  x: 10.24295   3.35397   7.99818   4.69223   2.70937   0.35004   0.84865   0.75296   0.71345   0.18334   0.38805   0.03082  10.04261   0.00551   0.10484   0.06148   0.04802   0.02851   0.04205   1.14643   0.01311   0.01675  999.00000  
120  0.0028   3301.613853  x: 10.24269   3.35390   7.99806   4.69215   2.70931   0.35003   0.84865   0.75295   0.71345   0.18334   0.38805   0.03083  10.04246   0.00551   0.10484   0.06148   0.04802   0.02851   0.04205   1.14644   0.01311   0.01675  999.00000  
121  0.5798   3301.613853  x: 10.24175   3.35365   7.99755   4.69186   2.70909   0.35000   0.84862   0.75289   0.71344   0.18332   0.38805   0.03084  10.04190   0.00551   0.10484   0.06148   0.04802   0.02851   0.04205   1.14643   0.01312   0.01675  999.00000  
122  0.0027   3301.613853  x: 10.24081   3.35337   7.99698   4.69153   2.70887   0.34996   0.84859   0.75283   0.71343   0.18331   0.38804   0.03085  10.04121   0.00551   0.10484   0.06148   0.04802   0.02852   0.04205   1.14643   0.01312   0.01675  999.00000  
123  0.0033   3301.613853  x: 10.23950   3.35297   7.99610   4.69101   2.70856   0.34992   0.84852   0.75274   0.71341   0.18330   0.38804   0.03085  10.04013   0.00551   0.10484   0.06148   0.04802   0.02852   0.04205   1.14643   0.01312   0.01675  999.00000  
124  0.0047   3301.613853  x: 10.23813   3.35253   7.99506   4.69040   2.70825   0.34987   0.84844   0.75265   0.71339   0.18330   0.38804   0.03085  10.03884   0.00551   0.10484   0.06148   0.04802   0.02852   0.04205   1.14643   0.01312   0.01675  999.00000  
125  0.0056   3301.613852  x: 10.23687   3.35210   7.99399   4.68977   2.70797   0.34984   0.84835   0.75255   0.71337   0.18331   0.38805   0.03084  10.03747   0.00551   0.10484   0.06148   0.04802   0.02852   0.04205   1.14644   0.01312   0.01675  999.00000  
126  0.0057   3301.613852  x: 10.23601   3.35178   7.99313   4.68926   2.70778   0.34982   0.84826   0.75248   0.71336   0.18332   0.38806   0.03082  10.03637   0.00551   0.10484   0.06148   0.04802   0.02852   0.04205   1.14645   0.01312   0.01675  999.00000  
127  0.0047   3301.613852  x: 10.23553   3.35158   7.99251   4.68890   2.70768   0.34982   0.84820   0.75243   0.71335   0.18334   0.38806   0.03080  10.03555   0.00551   0.10484   0.06148   0.04802   0.02851   0.04205   1.14645   0.01312   0.01675  999.00000  
128  0.0031   3301.613852  x: 10.23537   3.35148   7.99213   4.68868   2.70765   0.34983   0.84815   0.75240   0.71334   0.18336   0.38807   0.03079  10.03504   0.00551   0.10484   0.06148   0.04802   0.02851   0.04205   1.14646   0.01312   0.01675  999.00000  
129  0.0016   3301.613852  x: 10.23541   3.35145   7.99193   4.68856   2.70766   0.34984   0.84812   0.75239   0.71334   0.18337   0.38808   0.03077  10.03475   0.00551   0.10484   0.06148   0.04802   0.02851   0.04205   1.14647   0.01312   0.01675  999.00000  
130  0.0007   3301.613852  x: 10.23567   3.35149   7.99188   4.68853   2.70773   0.34985   0.84810   0.75240   0.71334   0.18339   0.38808   0.03076  10.03464   0.00551   0.10484   0.06148   0.04802   0.02851   0.04205   1.14647   0.01312   0.01675  999.00000  
131  0.0003   3301.613852  x: 10.23627   3.35171   7.99249   4.68889   2.70786   0.34987   0.84815   0.75245   0.71335   0.18338   0.38808   0.03077  10.03543   0.00551   0.10484   0.06148   0.04802   0.02851   0.04205   1.14647   0.01312   0.01675  999.00000  