

TREE # 1

  0  0.0000   8744.454212  x:  0.05974   2.00634   1.60041   0.36159   1.41746   0.37517   1.51427   0.41407   1.19636   0.42038   0.28502   0.36606   1.16262   0.22781   0.00750   0.05288   0.06925   0.00891   0.00617   2.00000   0.20000   0.20000  
  1 99.0000   8737.646043  x:  0.07296   2.00793   1.60333   0.37026   1.41706   0.37675   1.51356   0.41518   1.19417   0.41867   0.28413   0.36387   1.16588   0.22841   0.01254   0.05349   0.06893   0.00000   0.02065   1.99644   0.20527   0.19992  
  2 508.1843   8728.662262  x:  0.12789   2.01451   1.61549   0.40646   1.41534   0.38328   1.51053   0.41980   1.18494   0.41145   0.28040   0.35463   1.17947   0.23066   0.03291   0.05585   0.06802   0.01472   0.06803   1.98157   0.22449   0.19964  
  3 1716.7971   8638.361310  x:  0.49812   2.05760   1.69955   0.66162   1.39685   0.42474   1.48289   0.44851   1.10914   0.35148   0.25225   0.28301   1.27556   0.22302   0.12665   0.05944   0.06044   0.00852   0.03194   1.87675   0.13653   0.19678  
  4 668.4246   8610.574330  x:  0.58905   2.06858   1.72098   0.72543   1.39243   0.43545   1.47629   0.45657   1.09007   0.33702   0.24699   0.26639   1.30027   0.21802   0.14457   0.05948   0.06003   0.00390   0.00359   1.84883   0.15108   0.19601  
  5 2925.5433   8589.897260  x:  0.66409   2.07992   1.74975   0.80248   1.38015   0.44542   1.46297   0.47145   1.05086   0.31510   0.26599   0.25954   1.33790   0.14555   0.04722   0.03749   0.07816   0.00405   0.00623   1.79588   0.15136   0.19370  
  6 291.7086   8587.195306  x:  0.66669   2.08207   1.75892   0.82121   1.37339   0.44634   1.45711   0.47856   1.03304   0.30966   0.28306   0.26548   1.35140   0.14681   0.02679   0.06826   0.07496   0.00407   0.00628   1.77146   0.15063   0.19241  
  7 155.0712   8578.482408  x:  0.64365   2.08643   1.78652   0.86919   1.34877   0.44592   1.43689   0.50299   0.97182   0.29560   0.34141   0.28750   1.39435   0.18950   0.00000   0.06056   0.05294   0.00420   0.00657   1.68725   0.14891   0.18793  
  8 179.2934   8578.482408  x:  0.64365   2.08643   1.78652   0.86919   1.34877   0.44592   1.43689   0.50299   0.97182   0.29560   0.34141   0.28750   1.39435   0.18950   0.00000   0.06056   0.05294   0.00420   0.00657   1.68725   0.14891   0.18793  
  9 370.7529   8572.934108  x:  0.64706   2.08709   1.78787   0.87193   1.34852   0.44655   1.43669   0.50395   0.97084   0.29580   0.34067   0.28642   1.39597   0.19386   0.00941   0.06042   0.05639   0.00190   0.02041   1.68469   0.16706   0.18785  
 10 512.6539   8571.005909  x:  0.65456   2.08824   1.79062   0.87793   1.34736   0.44740   1.43565   0.50561   0.96795   0.29567   0.33859   0.28345   1.39929   0.20156   0.02535   0.05946   0.06280   0.01169   0.01497   1.67967   0.17238   0.18767  
 11 254.9612   8567.224493  x:  0.66813   2.09022   1.79556   0.88876   1.34507   0.44872   1.43358   0.50843   0.96244   0.29524   0.33476   0.27799   1.40519   0.21262   0.04916   0.05763   0.07169   0.00361   0.00664   1.67078   0.17144   0.18728  
 12 451.2543   8564.177587  x:  0.68615   2.09274   1.80204   0.90310   1.34181   0.45025   1.43061   0.51201   0.95487   0.29450   0.32974   0.27076   1.41291   0.22305   0.07372   0.05490   0.07977   0.00179   0.01357   1.65923   0.15738   0.18676  
 13 568.3086   8546.019340  x:  0.87375   2.12071   1.87181   1.05232   1.31086   0.46755   1.40251   0.55191   0.88014   0.29204   0.29117   0.21027   1.49266   0.18717   0.10072   0.02831   0.03806   0.00228   0.01281   1.53632   0.14859   0.18117  
 14 185.6899   8527.496261  x:  1.12713   2.15859   1.96674   1.25390   1.26857   0.49042   1.36426   0.60599   0.77979   0.29087   0.25097   0.14210   1.60026   0.12447   0.11107   0.07587   0.04964   0.00266   0.01271   1.37063   0.13633   0.17336  
 15 1419.5250   8513.493173  x:  1.33313   2.18978   2.04703   1.41756   1.23212   0.50689   1.33224   0.65045   0.70694   0.30476   0.30890   0.20195   1.68696   0.09055   0.09990   0.04331   0.09748   0.00180   0.01337   1.24502   0.12471   0.16598  
 16 373.8501   8506.980977  x:  1.43965   2.20636   2.09132   1.50194   1.21197   0.51387   1.31529   0.67322   0.67998   0.32353   0.35620   0.25441   1.73082   0.11866   0.10048   0.07646   0.06279   0.00198   0.01335   1.19415   0.11677   0.16127  
 17 285.5183   8500.362914  x:  1.58178   2.23153   2.16877   1.61377   1.17753   0.51439   1.29067   0.69893   0.71541   0.40377   0.35199   0.24303   1.78220   0.25611   0.00000   0.06608   0.08226   0.00190   0.01483   1.23589   0.11545   0.14804  
 18 68.2104   8497.754212  x:  1.68218   2.25949   2.26241   1.69752   1.15536   0.52793   1.28897   0.71104   0.78181   0.40865   0.34813   0.26164   1.81681   0.21671   0.02490   0.07071   0.07977   0.00186   0.01450   1.40539   0.11301   0.12406  
 19 28.2388   8497.255898  x:  1.69358   2.27393   2.31941   1.71273   1.16646   0.53778   1.31174   0.70482   0.78521   0.34710   0.34691   0.26633   1.81202   0.23291   0.01363   0.07033   0.08111   0.00192   0.01465   1.42520   0.11353   0.10037  
 20 10.6549   8496.206678  x:  1.68678   2.31856   2.51331   1.73431   1.21957   0.56756   1.40453   0.69514   0.85677   0.34408   0.35655   0.25969   1.77860   0.22964   0.01672   0.07022   0.08128   0.00175   0.01484   1.39491   0.10685   0.00010  
 21 11.2318   8495.453152  x:  1.65499   2.34895   2.69384   1.75248   1.23367   0.53377   1.43161   0.67527   0.79386   0.38524   0.32411   0.28420   1.75188   0.22606   0.02009   0.07039   0.08026   0.00185   0.01482   1.40628   0.10702   0.00010  
 22  8.0685   8494.966531  x:  1.63207   2.35598   2.78630   1.77097   1.23302   0.51077   1.41634   0.67912   0.76724   0.39499   0.37123   0.24722   1.74865   0.22285   0.02321   0.06993   0.07921   0.00193   0.01476   1.41722   0.10801   0.00010  
 23  9.3475   8492.897682  x:  1.55611   2.32109   3.01313   1.88300   1.24542   0.51514   1.26679   0.83488   0.84197   0.36716   0.35085   0.26706   1.81787   0.21704   0.02797   0.07038   0.07527   0.00217   0.01472   1.38817   0.10786   0.00010  
 24  5.9711   8488.375011  x:  1.71107   2.27595   3.10648   2.11687   1.41623   0.77760   1.45236   0.77439   0.82202   0.42956   0.36573   0.27041   2.12417   0.21993   0.02556   0.07077   0.06875   0.00269   0.01478   1.43724   0.10491   0.00010  
 25  5.4748   8485.739026  x:  1.92447   2.43026   3.09146   2.13714   1.36316   0.60726   1.64807   0.78136   0.91098   0.40744   0.36178   0.28154   2.24647   0.20863   0.03496   0.07141   0.06418   0.00319   0.01461   1.41411   0.10488   0.00010  
 26  9.8104   8483.891120  x:  2.15816   2.76741   3.06366   2.05602   1.53278   0.60548   1.69220   0.99867   0.86499   0.42802   0.37608   0.27325   2.24306   0.21044   0.03772   0.06975   0.06374   0.00350   0.01475   1.45276   0.09827   0.00010  
 27  7.9316   8482.729288  x:  2.28649   3.03152   3.06649   2.05879   1.64232   0.61421   1.56318   0.89801   0.90499   0.42765   0.37151   0.27954   2.25234   0.20495   0.04466   0.06887   0.06314   0.00393   0.01466   1.43287   0.09609   0.00010  
 28  7.0578   8479.989422  x:  2.27017   3.42877   3.12992   2.45132   1.51243   0.73477   1.65662   0.93980   0.89864   0.44111   0.36981   0.27696   2.40030   0.21317   0.05097   0.06132   0.06669   0.00500   0.01464   1.41037   0.08467   0.00010  
 29  2.5941   8476.779966  x:  2.91163   2.94535   3.42257   2.69781   1.56001   0.71431   1.68841   0.96769   0.92223   0.44478   0.36538   0.27553   2.04137   0.19674   0.08351   0.05241   0.07114   0.00533   0.01359   1.37263   0.08093   0.00010  
 30  2.7710   8475.929981  x:  3.03688   2.94220   3.60624   2.58325   1.50471   0.77050   1.69152   0.97751   0.91790   0.44975   0.36107   0.27167   2.34344   0.19762   0.08433   0.05074   0.07199   0.00259   0.01308   1.37138   0.07906   0.00010  
 31  0.9616   8475.511376  x:  3.05233   2.98350   3.61245   2.76075   1.59371   0.70620   1.72158   0.98616   0.92559   0.45212   0.35928   0.27161   2.36177   0.19328   0.08755   0.05135   0.07189   0.00129   0.01285   1.38585   0.07851   0.00010  
 32  1.1594   8474.996728  x:  3.12126   3.06595   3.65436   2.93431   1.52296   0.76969   1.74727   0.98454   0.93396   0.45755   0.35677   0.27070   2.29177   0.18575   0.09196   0.05275   0.07102   0.00191   0.01276   1.39393   0.07985   0.00010  
 33  0.9600   8474.541052  x:  3.19808   3.09416   3.75417   3.08876   1.66910   0.68990   1.80272   1.00705   0.95493   0.45950   0.35609   0.26990   2.45941   0.17916   0.09551   0.05417   0.07066   0.00355   0.01299   1.41093   0.07669   0.00010  
 34  1.6470   8474.092152  x:  3.45658   3.30502   3.98618   3.25828   1.69292   0.80433   1.88493   1.07275   0.99114   0.47806   0.35915   0.27025   2.56282   0.17028   0.10118   0.05769   0.06924   0.00342   0.01315   1.41565   0.07077   0.00010  
 35  0.4506   8473.880768  x:  3.61076   3.31558   4.12391   3.27469   1.73455   0.84258   1.92610   1.10493   1.01332   0.48353   0.35969   0.27147   2.62908   0.17369   0.09936   0.05856   0.07141   0.00306   0.01353   1.41126   0.07022   0.00010  
 36  0.1685   8473.817057  x:  3.69747   3.40825   4.22220   3.35959   1.80364   0.84948   1.98067   1.13448   1.03614   0.49114   0.36073   0.27611   2.68506   0.17847   0.09793   0.05772   0.07264   0.00302   0.01364   1.41015   0.06769   0.00010  
 37  0.1510   8473.803482  x:  3.68522   3.43115   4.23635   3.37497   1.82184   0.84214   1.99649   1.13507   1.04239   0.49419   0.36124   0.27953   2.68852   0.18039   0.09644   0.05736   0.07224   0.00296   0.01353   1.41306   0.06773   0.00010  
 38  0.0276   8473.801961  x:  3.68477   3.43737   4.25328   3.38004   1.82147   0.84548   2.00248   1.13496   1.04518   0.49626   0.36117   0.28018   2.69837   0.17996   0.09645   0.05725   0.07203   0.00296   0.01345   1.41391   0.06751   0.00010  
 39  0.0141   8473.801796  x:  3.67994   3.43202   4.25408   3.37644   1.81855   0.84604   2.00081   1.13364   1.04485   0.49637   0.36101   0.28001   2.69762   0.17990   0.09645   0.05720   0.07206   0.00296   0.01344   1.41372   0.06759   0.00010  
 40  0.0063   8473.801771  x:  3.67914   3.43161   4.25588   3.37713   1.81930   0.84619   2.00077   1.13401   1.04506   0.49642   0.36102   0.28000   2.69712   0.18001   0.09644   0.05722   0.07209   0.00297   0.01345   1.41368   0.06757   0.00010  
 41  0.0013   8473.801770  x:  3.67874   3.43172   4.25584   3.37722   1.81925   0.84613   2.00066   1.13403   1.04503   0.49639   0.36102   0.28000   2.69689   0.17998   0.09646   0.05723   0.07208   0.00297   0.01345   1.41372   0.06758   0.00010  
 42  0.0004   8473.801769  x:  3.67871   3.43176   4.25595   3.37722   1.81925   0.84610   2.00065   1.13406   1.04503   0.49637   0.36102   0.27999   2.69697   0.17996   0.09648   0.05723   0.07209   0.00297   0.01345   1.41370   0.06758   0.00010  
 43  0.0001   8473.801769  x:  3.67871   3.43176   4.25594   3.37722   1.81925   0.84610   2.00065   1.13406   1.04503   0.49637   0.36102   0.27999   2.69697   0.17996   0.09648   0.05723   0.07209   0.00297   0.01345   1.41370   0.06758   0.00010  
 44  0.0000   8473.801769  x:  3.67871   3.43176   4.25594   3.37722   1.81925   0.84610   2.00065   1.13406   1.04503   0.49637   0.36102   0.27999   2.69697   0.17996   0.09648   0.05723   0.07209   0.00297   0.01345   1.41370   0.06758   0.00010  
 45  0.0000   8473.801769  x:  3.67872   3.43175   4.25594   3.37722   1.81926   0.84610   2.00065   1.13406   1.04503   0.49637   0.36102   0.27999   2.69697   0.17996   0.09648   0.05723   0.07209   0.00297   0.01345   1.41370   0.06758   0.00010  
 46  0.0000   8473.801769  x:  3.67872   3.43175   4.25594   3.37722   1.81926   0.84610   2.00065   1.13406   1.04503   0.49637   0.36102   0.27999   2.69697   0.17996   0.09648   0.05723   0.07209   0.00297   0.01345   1.41370   0.06758   0.00010  
 47  0.0000   8473.801769  x:  3.67872   3.43175   4.25594   3.37722   1.81926   0.84610   2.00065   1.13406   1.04503   0.49637   0.36102   0.27999   2.69697   0.17996   0.09648   0.05723   0.07209   0.00297   0.01345   1.41370   0.06758   0.00010  
 48  0.0000   8473.801769  x:  3.67872   3.43175   4.25594   3.37722   1.81926   0.84610   2.00065   1.13406   1.04503   0.49637   0.36102   0.27999   2.69697   0.17996   0.09648   0.05723   0.07209   0.00297   0.01345   1.41370   0.06758   0.00010  
check convergence!
