

TREE # 1

  0  0.0000  11418.905636  x:  0.00000   0.20539   0.20614   0.05519   0.09039   0.05678   0.07633   0.05898   0.12359   0.10680   0.13650   0.04408   0.04359   0.08043   0.10495   0.08930   0.05920   2.00000   0.20000   0.20000   0.20000  
  1 99.0000   8747.019492  x:  9.80223   0.56094   0.55138   0.91300   0.59221   0.45414   0.62012   0.47548   0.40665   0.36267   0.62631   0.25029   0.24760   0.14555   0.10419   0.04782   0.04158   1.95316   0.73725   0.19158   0.14813  
  2 39161.1963   8614.142506  x:  9.80277   0.64102   0.63034   0.93361   0.60128   0.46671   0.65151   0.48913   0.47088   0.41390   0.64595   0.21268   0.22949   0.14980   0.08459   0.01739   0.07225   1.95744   0.53515   0.14969   0.01378  
  3 537.9645   8460.910791  x:  9.80437   0.76455   0.75200   0.96848   0.61652   0.48747   0.70195   0.51131   0.56748   0.49008   0.67909   0.15915   0.21165   0.16809   0.06916   0.00990   0.10772   1.96040   0.19394   0.08980   0.02697  
  4 1878.7134   8444.610630  x:  9.78794   0.84151   0.82717   1.00745   0.64116   0.51482   0.74654   0.53986   0.62440   0.53407   0.71624   0.14940   0.21803   0.18425   0.09005   0.09319   0.08819   1.93968   0.16251   0.06849   0.01715  
  5 402.4379   8378.890054  x:  9.71513   1.14350   1.12250   1.15581   0.73449   0.61794   0.91686   0.64730   0.84959   0.70881   0.85807   0.10965   0.22945   0.21521   0.10917   0.09665   0.01828   1.86308   0.18283   0.00010   0.04928  
  6 897.0171   8353.451139  x:  9.64823   1.39242   1.36489   1.31318   0.83029   0.71907   1.07436   0.74916   1.01728   0.83169   1.00722   0.11539   0.29668   0.22074   0.13774   0.09173   0.04951   1.77390   0.16926   0.18848   0.06587  
  7 818.8446   8345.103999  x:  9.63913   1.41477   1.38601   1.34443   0.84873   0.73675   1.09729   0.76601   1.02383   0.83272   1.03617   0.12364   0.31336   0.21215   0.14060   0.08335   0.01368   1.75404   0.15441   0.21004   0.06427  
  8 369.1447   8313.489117  x:  9.58821   1.47766   1.44082   1.55652   0.97397   0.84991   1.22602   0.87166   0.98295   0.76608   1.23026   0.16456   0.40506   0.13049   0.14660   0.05099   0.03468   1.61354   0.10146   0.17484   0.06558  
  9 286.0104   8301.784525  x:  9.56886   1.50297   1.46224   1.67701   1.02262   0.88595   1.27597   0.90154   0.93389   0.69949   1.33808   0.04938   0.39540   0.16869   0.07013   0.05586   0.03020   1.57305   0.09443   0.19355   0.06784  
 10 129.6026   8300.517019  x:  9.56632   1.50924   1.46792   1.70068   1.02548   0.88536   1.28059   0.89965   0.92265   0.68382   1.35860   0.02780   0.39206   0.18184   0.09211   0.04930   0.02988   1.57630   0.09338   0.19528   0.06697  
 11 85.0520   8294.782630  x:  9.55207   1.60455   1.56067   1.88766   0.97518   0.79935   1.27009   0.80262   0.84859   0.56059   1.51493   0.04862   0.37533   0.17770   0.09814   0.05237   0.03100   1.72255   0.10064   0.19222   0.06709  
 12 47.2604   8293.710648  x:  9.54680   1.58148   1.53602   1.97043   0.94968   0.75834   1.25577   0.78340   0.86654   0.61147   1.57175   0.02857   0.38994   0.15391   0.10040   0.05465   0.03019   1.74890   0.10207   0.19178   0.06789  
 13 16.5147   8292.905953  x:  9.54121   1.55806   1.51118   2.04193   0.93047   0.72614   1.24513   0.77148   0.88198   0.65539   1.61908   0.03717   0.40421   0.17733   0.09585   0.05151   0.03127   1.76651   0.10103   0.18819   0.06665  
 14 71.9134   8292.467172  x:  9.53794   1.54774   1.49945   2.08241   0.92851   0.72266   1.25049   0.78656   0.89120   0.66390   1.62262   0.05308   0.35347   0.17421   0.09935   0.05175   0.03130   1.76589   0.09930   0.19445   0.06730  
 15  6.1972   8282.878865  x:  9.47163   1.53110   1.44086   2.80712   0.90014   0.75766   1.40031   1.14091   1.02830   0.55745   1.22780   0.05228   0.38443   0.17229   0.09084   0.02374   0.04476   1.80677   0.09921   0.18877   0.05162  
 16  6.4545   8277.748325  x:  9.44446   1.58854   1.47370   3.16514   1.03432   0.85366   1.33521   1.02967   0.92415   0.65689   1.02726   0.06247   0.36746   0.17266   0.08981   0.01099   0.05180   1.66630   0.09706   0.18629   0.04316  
 17 21.7247   8275.795339  x:  9.42626   1.58391   1.43761   3.30407   1.20247   0.91866   1.37296   0.89928   1.05169   0.60899   0.97628   0.06409   0.36436   0.17273   0.08882   0.01515   0.05318   1.70062   0.09539   0.18828   0.04171  
 18  2.9011   8268.461832  x:  9.37483   1.79974   1.52074   3.75135   1.31188   0.76286   1.53699   0.95467   0.84019   0.76121   0.82277   0.06798   0.35513   0.17524   0.08421   0.03579   0.06007   1.55470   0.08913   0.19435   0.03319  
 19  5.4421   8266.480511  x:  9.35999   1.86668   1.57851   3.82487   1.28134   0.95119   1.29760   1.09074   0.84153   0.77608   0.92712   0.06842   0.35852   0.17384   0.08312   0.04030   0.06135   1.60478   0.08644   0.19840   0.03236  
 20  6.0126   8264.515339  x:  9.35321   1.90587   1.65001   3.78998   1.09280   1.06699   1.30624   1.03558   0.94642   0.70981   1.14816   0.06819   0.35878   0.17282   0.08330   0.04095   0.06376   1.48682   0.08262   0.19981   0.02960  
 21  4.7027   8260.641623  x:  9.31836   1.93945   1.77542   3.64032   0.95177   1.35450   1.60249   0.96907   0.93885   0.78453   1.61682   0.07160   0.36439   0.16770   0.08385   0.04135   0.06733   1.62497   0.07565   0.20959   0.02684  
 22 12.6061   8257.179069  x:  9.29039   2.00080   1.95375   3.45393   1.28640   1.07535   1.62831   1.08273   1.05418   0.74577   2.05027   0.07041   0.37687   0.16165   0.08576   0.04090   0.06968   1.65365   0.06782   0.21818   0.02542  
 23  6.4468   8249.194446  x:  9.24445   2.20358   2.20578   2.87235   1.53507   0.96179   1.80671   1.19840   1.25364   0.76517   3.07155   0.06049   0.35205   0.18388   0.09227   0.04410   0.07396   1.84203   0.07230   0.25067   0.02975  
 24  1.9082   8242.697453  x:  9.10464   2.60726   2.59543   4.23544   1.52023   1.15251   2.01419   1.24189   1.44483   0.85204   2.32624   0.06594   0.34561   0.18275   0.10761   0.04814   0.07367   1.88277   0.06228   0.29026   0.04192  
 25  1.4193   8236.897697  x:  8.95230   2.95041   3.10049   4.49770   1.81031   1.32354   2.30418   1.42310   1.60101   1.02501   3.11534   0.03157   0.42031   0.18813   0.10248   0.04985   0.06698   1.82969   0.05186   0.33753   0.03116  
 26  0.6303   8233.995527  x:  8.88535   3.20754   3.22647   4.49417   1.99641   1.36380   2.43265   1.52224   1.66852   1.12272   3.56616   0.06317   0.40748   0.17459   0.10743   0.04755   0.05940   1.77061   0.05109   0.35877   0.02789  
 27  0.6926   8232.322343  x:  8.79533   3.42630   3.56063   4.61513   2.18349   1.43673   2.61090   1.62993   1.78174   1.21936   4.05567   0.06127   0.37791   0.17716   0.09690   0.04460   0.05421   1.74661   0.04532   0.39745   0.03380  
 28  0.7965   8231.590265  x:  8.75126   3.51536   3.71350   4.82662   2.26695   1.45017   2.67964   1.67824   1.83690   1.25172   4.10205   0.04392   0.37631   0.18131   0.08868   0.04091   0.05181   1.74574   0.04530   0.41590   0.03614  
 29  0.5462   8231.173247  x:  8.67021   3.73758   3.89552   5.12026   2.42398   1.51021   2.81482   1.78092   1.93251   1.31577   4.32863   0.04054   0.38787   0.17685   0.09758   0.03644   0.05332   1.76054   0.04251   0.43520   0.03454  
 30  0.4045   8231.016697  x:  8.65011   3.73569   3.97401   5.17356   2.46420   1.53132   2.84000   1.81458   1.95217   1.32830   4.43170   0.04636   0.38348   0.17805   0.10008   0.03453   0.05778   1.77386   0.04262   0.43579   0.03414  
 31  0.1288   8230.977147  x:  8.62902   3.82245   3.98574   5.21754   2.50481   1.54751   2.86863   1.84416   1.97286   1.34305   4.55750   0.04539   0.38094   0.18074   0.09640   0.03369   0.05963   1.76722   0.04187   0.44057   0.03428  
 32  0.1366   8230.964857  x:  8.62476   3.78728   4.02664   5.24290   2.50836   1.54757   2.86540   1.84959   1.97156   1.34251   4.58473   0.04400   0.38507   0.17943   0.09630   0.03420   0.05999   1.76000   0.04181   0.43936   0.03458  
 33  0.0419   8230.952829  x:  8.61968   3.82394   3.97866   5.29892   2.51046   1.54258   2.85810   1.85394   1.96826   1.33702   4.60117   0.04520   0.38451   0.17894   0.09689   0.03510   0.05951   1.75970   0.04177   0.43792   0.03446  
 34  0.0318   8230.948004  x:  8.61580   3.79365   4.01040   5.32445   2.51547   1.54168   2.86088   1.85605   1.96905   1.33562   4.62182   0.04511   0.38303   0.17960   0.09675   0.03511   0.05898   1.76338   0.04171   0.43815   0.03442  
 35  0.0428   8230.946554  x:  8.61647   3.79843   3.99537   5.31975   2.51505   1.53802   2.86108   1.85300   1.96762   1.33320   4.63054   0.04459   0.38359   0.17955   0.09674   0.03485   0.05882   1.76519   0.04179   0.43738   0.03453  
 36  0.0160   8230.945941  x:  8.61735   3.79153   3.99163   5.31545   2.51360   1.53635   2.86225   1.84928   1.96579   1.33171   4.63285   0.04488   0.38394   0.17943   0.09671   0.03460   0.05895   1.76416   0.04179   0.43617   0.03455  
 37  0.0054   8230.945714  x:  8.61865   3.78571   3.98600   5.31671   2.50985   1.53590   2.86106   1.84625   1.96341   1.33030   4.62204   0.04490   0.38352   0.17959   0.09668   0.03459   0.05910   1.76378   0.04183   0.43509   0.03451  
 38  0.0071   8230.945306  x:  8.61731   3.78632   3.98388   5.32302   2.51042   1.53876   2.86496   1.84746   1.96254   1.33244   4.61877   0.04474   0.38349   0.17922   0.09703   0.03460   0.05914   1.76440   0.04181   0.43293   0.03460  
 39  0.0012   8230.943701  x:  8.61577   3.77878   3.97987   5.31508   2.51182   1.54099   2.86885   1.85097   1.95892   1.33567   4.62391   0.04553   0.38323   0.17975   0.09637   0.03471   0.05887   1.76367   0.04183   0.42545   0.03454  
 40  0.0026   8230.937590  x:  8.60745   3.77317   3.96240   5.31673   2.51782   1.54048   2.88160   1.85929   1.95659   1.34064   4.61520   0.04660   0.38208   0.17912   0.09712   0.03480   0.05881   1.76341   0.04178   0.39303   0.03461  
 41  0.0054   8230.917069  x:  8.58379   3.74993   3.92693   5.29918   2.53277   1.51947   2.89626   1.87693   1.95872   1.34043   4.59963   0.05176   0.37668   0.17839   0.09800   0.03498   0.05874   1.76153   0.04180   0.28496   0.03478  
 42  0.0545   8230.901925  x:  8.57147   3.74254   3.91936   5.28770   2.53910   1.50516   2.89490   1.88264   1.96459   1.33585   4.59668   0.05593   0.37239   0.17822   0.09815   0.03504   0.05877   1.76075   0.04184   0.22799   0.03494  
 43  0.1005   8230.832620  x:  8.55721   3.76266   3.96408   5.26610   2.54347   1.47094   2.85373   1.87593   1.99650   1.31022   4.61961   0.06641   0.36136   0.17867   0.09730   0.03487   0.05911   1.76063   0.04191   0.16428   0.03542  
 44  0.1008   8230.802805  x:  8.56157   3.77707   3.98971   5.26759   2.53730   1.47099   2.83599   1.86559   2.00404   1.30310   4.63049   0.06809   0.35964   0.17913   0.09664   0.03474   0.05923   1.76139   0.04194   0.18428   0.03550  
 45  0.1254   8230.689484  x:  8.54926   3.76251   3.97926   5.27522   2.50246   1.50631   2.82198   1.83361   1.98652   1.30496   4.60988   0.08672   0.34259   0.18014   0.09460   0.03465   0.05906   1.76298   0.04221   0.11584   0.03606  
 46  0.0605   8230.541934  x:  8.54097   3.76271   3.94356   5.33156   2.43332   1.63550   2.84363   1.77902   1.92036   1.34967   4.57191   0.11658   0.31574   0.17965   0.09388   0.03460   0.05827   1.76756   0.04231   0.08815   0.03686  
 47  0.0986   8230.499711  x:  8.53743   3.79511   3.97010   5.33559   2.44605   1.63075   2.84234   1.78764   1.93009   1.35171   4.59971   0.12158   0.31010   0.17847   0.09528   0.03457   0.05834   1.76718   0.04208   0.09704   0.03715  
 48  0.0750   8230.376555  x:  8.51917   3.87335   4.03831   5.33887   2.46899   1.61966   2.82687   1.79912   1.95486   1.35201   4.66602   0.14515   0.28530   0.17561   0.09820   0.03445   0.05850   1.76637   0.04160   0.07096   0.03838  
 49  0.3974   8230.305673  x:  8.51406   3.89364   4.05523   5.32960   2.47900   1.59759   2.81986   1.80469   1.95275   1.34927   4.68459   0.16934   0.26132   0.17506   0.09847   0.03432   0.05857   1.76478   0.04155   0.05555   0.03944  
 50  0.0732   8230.020836  x:  8.52260   3.88228   4.04591   5.24277   2.55840   1.40322   2.81302   1.87145   1.94514   1.31085   4.69585   0.23926   0.19332   0.17598   0.09709   0.03396   0.05919   1.75581   0.04178   0.04860   0.04232  
 51  0.1595   8229.901868  x:  8.52444   3.83276   3.96522   5.29087   2.53057   1.45777   2.85795   1.86423   1.89354   1.33513   4.61306   0.26903   0.17173   0.17586   0.09463   0.03439   0.05861   1.76271   0.04209   0.04269   0.04330  
 52  0.1263   8229.880588  x:  8.52576   3.82198   3.94880   5.30109   2.52302   1.47498   2.86631   1.86057   1.88928   1.33870   4.59656   0.26821   0.17421   0.17584   0.09427   0.03450   0.05849   1.76436   0.04213   0.04596   0.04320  
 53  0.1484   8229.832732  x:  8.52213   3.84234   3.95082   5.30260   2.51495   1.50561   2.86354   1.84742   1.92347   1.32552   4.60403   0.30108   0.14674   0.17346   0.09501   0.03474   0.05821   1.76734   0.04198   0.04310   0.04482  
 54  0.0263   8229.821699  x:  8.51797   3.84038   3.96311   5.29754   2.51829   1.52668   2.85925   1.84227   1.94979   1.32215   4.65467   0.29627   0.15214   0.17438   0.09443   0.03487   0.05799   1.76327   0.04189   0.04350   0.04495  
 55  0.0367   8229.817689  x:  8.51896   3.82456   3.94645   5.30091   2.52289   1.52659   2.86435   1.84193   1.95728   1.32345   4.63583   0.29634   0.14979   0.17460   0.09449   0.03496   0.05799   1.76325   0.04192   0.04309   0.04500  
 56  0.0155   8229.816746  x:  8.51880   3.82348   3.94242   5.30099   2.52982   1.51945   2.86530   1.84459   1.96116   1.32500   4.63608   0.29417   0.15245   0.17424   0.09464   0.03497   0.05801   1.76353   0.04189   0.04349   0.04481  
 57  0.0084   8229.816435  x:  8.51820   3.82380   3.94406   5.30068   2.53265   1.51636   2.86358   1.84427   1.96310   1.32663   4.64285   0.29607   0.15114   0.17426   0.09452   0.03499   0.05802   1.76368   0.04189   0.04325   0.04478  
 58  0.0039   8229.816298  x:  8.51832   3.82333   3.94327   5.30208   2.53145   1.51651   2.86276   1.84207   1.96211   1.32910   4.64160   0.29571   0.15117   0.17437   0.09456   0.03497   0.05804   1.76370   0.04189   0.04340   0.04474  
 59  0.0022   8229.816269  x:  8.51806   3.82413   3.94331   5.30289   2.53111   1.51654   2.86300   1.84195   1.96225   1.32991   4.64239   0.29563   0.15132   0.17428   0.09458   0.03496   0.05802   1.76361   0.04189   0.04333   0.04479  
 60  0.0009   8229.816259  x:  8.51797   3.82375   3.94366   5.30323   2.53069   1.51604   2.86301   1.84240   1.96251   1.32987   4.64209   0.29576   0.15116   0.17431   0.09455   0.03497   0.05803   1.76373   0.04189   0.04334   0.04482  
 61  0.0005   8229.816235  x:  8.51792   3.82300   3.94213   5.30279   2.52808   1.51639   2.86273   1.84267   1.96221   1.32973   4.64121   0.29563   0.15136   0.17433   0.09456   0.03496   0.05804   1.76380   0.04190   0.04334   0.04480  
 62  0.0004   8229.816208  x:  8.51708   3.82323   3.94376   5.30307   2.52693   1.51767   2.86258   1.84345   1.96299   1.32978   4.64245   0.29566   0.15122   0.17428   0.09459   0.03496   0.05802   1.76355   0.04189   0.04336   0.04477  
 63  0.0009   8229.815996  x:  8.51502   3.82251   3.94249   5.30284   2.52716   1.51719   2.86182   1.84301   1.96258   1.32943   4.64095   0.29577   0.15109   0.17424   0.09457   0.03493   0.05802   1.76338   0.04190   0.04336   0.04479  
 64  0.0004   8229.811693  x:  8.43041   3.78653   3.89519   5.27230   2.51707   1.50093   2.82665   1.82793   1.94237   1.31534   4.58141   0.29765   0.14873   0.17344   0.09426   0.03438   0.05802   1.75903   0.04238   0.04337   0.04506  
 65  0.0688   8229.792138  x:  8.14772   3.63927   3.75522   5.06809   2.40938   1.46019   2.70169   1.77783   1.86299   1.26726   4.40344   0.29465   0.15214   0.17419   0.09447   0.03440   0.05814   1.75550   0.04414   0.04331   0.04496  
 66  0.0605   8229.781308  x:  7.88636   3.53929   3.66772   4.90516   2.33242   1.42928   2.62486   1.73908   1.80962   1.23510   4.30648   0.29096   0.15621   0.17516   0.09480   0.03472   0.05830   1.75283   0.04551   0.04324   0.04467  
 67  0.1802   8229.767389  x:  7.78940   3.53330   3.66435   4.88048   2.32555   1.41442   2.64272   1.71988   1.80731   1.23050   4.31312   0.28988   0.15735   0.17544   0.09494   0.03515   0.05830   1.75084   0.04586   0.04328   0.04441  
 68  0.0658   8229.758448  x:  7.60541   3.45086   3.57197   4.78053   2.27231   1.37319   2.59626   1.66927   1.76287   1.19733   4.19254   0.29061   0.15622   0.17484   0.09478   0.03507   0.05821   1.74481   0.04702   0.04338   0.04442  
 69  0.3764   8229.757281  x:  7.61448   3.44955   3.56885   4.78394   2.27145   1.37014   2.59642   1.66607   1.76204   1.19603   4.18094   0.29186   0.15470   0.17433   0.09455   0.03500   0.05804   1.74307   0.04709   0.04343   0.04450  
 70  0.0149   8229.756739  x:  7.54667   3.41838   3.53850   4.73838   2.24916   1.35974   2.57209   1.65361   1.74558   1.18556   4.14462   0.29147   0.15503   0.17431   0.09451   0.03499   0.05802   1.74146   0.04757   0.04342   0.04448  
 71  0.0572   8229.756601  x:  7.54757   3.41783   3.53761   4.73825   2.24915   1.36039   2.57064   1.65424   1.74546   1.18562   4.14465   0.29115   0.15542   0.17443   0.09457   0.03498   0.05808   1.74183   0.04760   0.04341   0.04447  
 72  0.0023   8229.756599  x:  7.54445   3.41626   3.53598   4.73655   2.24802   1.35965   2.56964   1.65330   1.74463   1.18501   4.14201   0.29111   0.15546   0.17444   0.09458   0.03498   0.05809   1.74176   0.04762   0.04342   0.04447  
 73  0.0066   8229.756599  x:  7.54439   3.41624   3.53596   4.73651   2.24800   1.35964   2.56963   1.65329   1.74461   1.18500   4.14197   0.29111   0.15546   0.17444   0.09458   0.03498   0.05809   1.74176   0.04762   0.04342   0.04447  
 74  0.0012   8229.756599  x:  7.54439   3.41624   3.53596   4.73651   2.24800   1.35964   2.56963   1.65329   1.74461   1.18500   4.14197   0.29111   0.15546   0.17444   0.09458   0.03498   0.05809   1.74176   0.04762   0.04342   0.04447  
 75  0.0011   8229.756599  x:  7.54439   3.41624   3.53596   4.73651   2.24800   1.35964   2.56963   1.65329   1.74461   1.18500   4.14197   0.29111   0.15546   0.17444   0.09458   0.03498   0.05809   1.74176   0.04762   0.04342   0.04447  
 76  0.0012   8229.756599  x:  7.54439   3.41624   3.53596   4.73651   2.24800   1.35964   2.56963   1.65329   1.74461   1.18500   4.14197   0.29111   0.15546   0.17444   0.09458   0.03498   0.05809   1.74176   0.04762   0.04342   0.04447  
 77  0.0012   8229.756599  x:  7.54439   3.41624   3.53596   4.73651   2.24800   1.35964   2.56963   1.65329   1.74461   1.18500   4.14197   0.29111   0.15546   0.17444   0.09458   0.03498   0.05809   1.74176   0.04762   0.04342   0.04447  
 78  0.0528   8229.756599  x:  7.54439   3.41624   3.53596   4.73651   2.24800   1.35964   2.56963   1.65329   1.74461   1.18500   4.14197   0.29111   0.15546   0.17444   0.09458   0.03498   0.05809   1.74176   0.04762   0.04342   0.04447  
 79  0.0056   8229.756599  x:  7.54439   3.41624   3.53596   4.73651   2.24800   1.35964   2.56963   1.65329   1.74461   1.18500   4.14197   0.29111   0.15546   0.17444   0.09458   0.03498   0.05809   1.74176   0.04762   0.04342   0.04447  
 80  0.0032   8229.756599  x:  7.54439   3.41624   3.53596   4.73651   2.24800   1.35964   2.56963   1.65329   1.74461   1.18500   4.14197   0.29111   0.15546   0.17444   0.09458   0.03498   0.05809   1.74176   0.04762   0.04342   0.04447  
 81  0.0019   8229.756599  x:  7.54439   3.41624   3.53596   4.73651   2.24800   1.35964   2.56963   1.65329   1.74461   1.18500   4.14197   0.29111   0.15546   0.17445   0.09459   0.03498   0.05809   1.74176   0.04762   0.04342   0.04447  
 82  0.0022   8229.756599  x:  7.54439   3.41624   3.53596   4.73651   2.24800   1.35964   2.56963   1.65329   1.74462   1.18500   4.14197   0.29112   0.15546   0.17445   0.09458   0.03498   0.05809   1.74176   0.04762   0.04342   0.04447  
 83  0.0021   8229.756599  x:  7.54439   3.41624   3.53596   4.73651   2.24800   1.35963   2.56963   1.65329   1.74462   1.18500   4.14197   0.29112   0.15546   0.17445   0.09458   0.03498   0.05809   1.74175   0.04762   0.04342   0.04447  
 84  0.0041   8229.756599  x:  7.54438   3.41624   3.53596   4.73651   2.24800   1.35963   2.56964   1.65328   1.74462   1.18500   4.14196   0.29112   0.15545   0.17444   0.09459   0.03498   0.05809   1.74175   0.04762   0.04342   0.04447  
 85  0.0058   8229.756599  x:  7.54438   3.41624   3.53596   4.73651   2.24800   1.35963   2.56964   1.65328   1.74462   1.18500   4.14196   0.29112   0.15545   0.17444   0.09458   0.03498   0.05809   1.74174   0.04762   0.04342   0.04447  
 86  0.0015   8229.756599  x:  7.54438   3.41624   3.53596   4.73651   2.24799   1.35962   2.56965   1.65327   1.74462   1.18499   4.14196   0.29112   0.15545   0.17444   0.09458   0.03498   0.05809   1.74175   0.04762   0.04342   0.04447  
 87  0.0009   8229.756599  x:  7.54437   3.41624   3.53596   4.73652   2.24799   1.35961   2.56966   1.65327   1.74462   1.18500   4.14195   0.29112   0.15546   0.17444   0.09458   0.03498   0.05809   1.74175   0.04762   0.04342   0.04447  
 88  0.0003   8229.756599  x:  7.54436   3.41624   3.53596   4.73652   2.24800   1.35961   2.56966   1.65327   1.74461   1.18500   4.14193   0.29112   0.15545   0.17444   0.09458   0.03498   0.05809   1.74175   0.04762   0.04342   0.04447  
 89  0.0003   8229.756599  x:  7.54436   3.41624   3.53595   4.73652   2.24800   1.35961   2.56966   1.65326   1.74461   1.18500   4.14193   0.29112   0.15545   0.17444   0.09458   0.03498   0.05809   1.74175   0.04762   0.04342   0.04447  