

TREE # 1

  0  0.0000   8619.770158  x:  0.00000   0.39799   0.53678   0.19395   0.43915   0.05854   0.30407   0.14155   0.25241   0.18682   0.16632   0.10588   0.33399   0.10818   0.05734   0.12784   0.06677   0.04319   0.02446   2.00000   0.20000   0.20000  
  1 99.0000   8365.644834  x:  0.40070   0.45876   0.59215   0.27031   0.47047   0.12141   0.35399   0.20910   0.28855   0.20619   0.19379   0.15276   0.39679   0.12056   0.08536   0.14572   0.08724   0.08310   0.05191   1.98617   0.09324   0.18055  
  2 2381.0639   8323.638582  x:  0.44288   0.47424   0.60919   0.28874   0.48045   0.13557   0.36970   0.22685   0.29940   0.21216   0.20073   0.16347   0.41355   0.12308   0.09065   0.14907   0.09133   0.08464   0.04970   1.98021   0.15063   0.17310  
  3 1606.9571   8246.273759  x:  0.40283   0.54076   0.69600   0.36200   0.52832   0.18595   0.44803   0.30144   0.35065   0.23701   0.22612   0.20120   0.48777   0.12362   0.09864   0.16169   0.09515   0.05293   0.00000   1.94788   0.13698   0.12346  
  4 603.4028   8142.062985  x:  0.29401   0.68811   0.88991   0.52260   0.63409   0.29388   0.62061   0.46367   0.46262   0.29051   0.27986   0.28093   0.65170   0.12386   0.11515   0.18980   0.10618   0.00957   0.04668   1.87459   0.10698   0.00871  
  5 4881.8801   8131.793239  x:  0.28441   0.69960   0.90525   0.53481   0.64212   0.30151   0.63365   0.47562   0.47077   0.29411   0.28326   0.28611   0.66436   0.12344   0.11607   0.19225   0.10642   0.02077   0.04739   1.86855   0.10469   0.00133  
  6 3060.2164   8103.305971  x:  0.21042   0.79096   1.02755   0.63133   0.70526   0.36033   0.73605   0.56887   0.53396   0.32136   0.30830   0.32482   0.76458   0.11948   0.12288   0.21195   0.10710   0.09362   0.05671   1.81977   0.08656   0.04225  
  7 4000.8995   8079.962638  x:  0.20839   0.86520   1.14274   0.67841   0.72459   0.32400   0.76500   0.56579   0.51213   0.27462   0.23329   0.23733   0.82898   0.07443   0.09685   0.20159   0.04005   0.09309   0.05890   1.74948   0.08578   0.04201  
  8 201.1218   8065.678429  x:  0.20335   0.92745   1.24437   0.71228   0.73525   0.27485   0.78054   0.54807   0.48364   0.22627   0.17207   0.16027   0.88042   0.07806   0.12030   0.20338   0.07901   0.09181   0.05716   1.68094   0.08339   0.04150  
  9 434.6179   8047.754504  x:  0.20065   1.02862   1.43288   0.74198   0.72921   0.10894   0.76663   0.45142   0.41209   0.13658   0.23989   0.19375   0.95122   0.08435   0.16172   0.19776   0.07012   0.08995   0.05573   1.52193   0.08084   0.04056  
 10 180.2672   8043.392497  x:  0.20478   1.05108   1.48981   0.73842   0.72977   0.04755   0.75158   0.41014   0.42857   0.17777   0.24157   0.20584   0.96061   0.05522   0.14034   0.20841   0.09299   0.08872   0.05465   1.45659   0.08046   0.04016  
 11 113.3265   8041.909796  x:  0.20631   1.05476   1.51524   0.72982   0.73829   0.03266   0.74082   0.39050   0.44263   0.21158   0.23272   0.20571   0.95673   0.07622   0.15384   0.20470   0.07894   0.08869   0.05466   1.41651   0.07979   0.04004  
 12 71.1766   8040.444390  x:  0.20834   1.04164   1.55552   0.70012   0.78127   0.08060   0.71854   0.36868   0.42816   0.22196   0.23635   0.20719   0.92710   0.08237   0.14202   0.19819   0.08324   0.08853   0.05434   1.32884   0.07899   0.03995  
 13 32.2495   8040.250955  x:  0.20937   1.03115   1.56516   0.69350   0.78785   0.07542   0.71677   0.38456   0.42949   0.21829   0.23874   0.20393   0.91436   0.08393   0.14182   0.21424   0.08049   0.08805   0.05442   1.31518   0.07901   0.03973  
 14 11.5876   8040.045265  x:  0.21100   1.01505   1.57974   0.68784   0.79547   0.06325   0.71692   0.40954   0.43530   0.21294   0.23995   0.20309   0.89758   0.08246   0.14163   0.20236   0.08260   0.08841   0.05443   1.30371   0.07884   0.03987  
 15 14.6956   8039.710680  x:  0.21165   0.98214   1.62099   0.69948   0.81275   0.06024   0.72064   0.40282   0.44512   0.20217   0.22241   0.22129   0.88143   0.07944   0.14554   0.20491   0.08227   0.08834   0.05445   1.32285   0.07899   0.03980  
 16  4.2418   8039.159399  x:  0.21267   0.93834   1.68093   0.72418   0.82893   0.06113   0.72773   0.38846   0.45333   0.20794   0.24487   0.20002   0.86784   0.08019   0.14449   0.20445   0.08253   0.08830   0.05439   1.35598   0.07894   0.03971  
 17 14.0816   8037.168817  x:  0.20555   0.90145   1.76833   0.78893   0.78162   0.07291   0.73607   0.42630   0.38043   0.26343   0.23472   0.21483   0.88772   0.10597   0.11659   0.20443   0.08514   0.08828   0.05461   1.37516   0.07755   0.03941  
 18  6.1229   8026.553715  x:  0.16785   0.97079   1.95094   0.95112   0.61083   0.17639   0.80728   0.49921   0.49267   0.26228   0.23857   0.22146   1.00414   0.00000   0.23579   0.21086   0.07864   0.08764   0.05611   1.32318   0.06994   0.03781  
 19 11.8415   8018.042571  x:  0.14142   1.12565   2.08691   1.07107   0.57002   0.20574   0.93705   0.53967   0.67851   0.18380   0.24026   0.23377   1.13035   0.10410   0.11607   0.21267   0.09074   0.08706   0.05685   1.29904   0.06270   0.03608  
 20 57.8521   8006.525370  x:  0.11847   1.42478   2.13147   1.10291   0.95948   0.08687   1.18480   0.60097   0.62004   0.26043   0.24585   0.24940   1.24955   0.07476   0.14595   0.21649   0.09462   0.08602   0.05732   1.38131   0.05334   0.03414  
 21 36.5058   8003.550660  x:  0.13126   1.38112   2.21089   0.93740   0.96945   0.07816   1.31892   0.60560   0.61154   0.26705   0.24298   0.25203   1.42333   0.06886   0.15210   0.21608   0.09414   0.08549   0.05723   1.39497   0.05667   0.03348  
 22  2.3114   7998.551371  x:  0.12027   1.47845   2.23549   1.19963   1.12185   0.03498   1.13722   0.65669   0.63061   0.25556   0.24682   0.24819   1.44733   0.06832   0.15061   0.21572   0.09427   0.08315   0.05658   1.37820   0.06028   0.03142  
 23  5.6461   7997.662312  x:  0.12240   1.56457   2.27804   1.24151   1.07459   0.03972   1.25030   0.63197   0.61324   0.26632   0.24501   0.24785   1.30695   0.06835   0.15255   0.21560   0.09299   0.08258   0.05634   1.37013   0.06083   0.03087  
 24  4.1780   7981.858273  x:  0.13155   2.10056   3.48338   1.21267   1.09608   0.05125   1.20528   0.80748   0.60435   0.25592   0.25045   0.23094   1.61734   0.04451   0.19556   0.21753   0.07825   0.05742   0.04728   1.39048   0.04616   0.01267  
 25  1.1967   7979.455979  x:  0.13780   2.00302   3.52836   1.35993   1.13578   0.00000   1.34928   0.77157   0.59057   0.24081   0.24567   0.22398   1.72750   0.03627   0.20278   0.21758   0.07430   0.05370   0.04620   1.24819   0.04270   0.00982  
 26 11.2768   7979.455979  x:  0.13780   2.00302   3.52836   1.35993   1.13578   0.00000   1.34928   0.77157   0.59057   0.24081   0.24567   0.22398   1.72750   0.03627   0.20278   0.21758   0.07430   0.05370   0.04620   1.24819   0.04270   0.00982  
 27  0.1800   7978.739361  x:  0.13807   2.00305   3.52836   1.35998   1.13580   0.00003   1.34931   0.77160   0.59058   0.24081   0.24572   0.22405   1.72752   0.03630   0.20279   0.21763   0.07441   0.05415   0.04607   1.24819   0.04523   0.00990  
 28 566.3915   7976.449195  x:  0.15813   2.00441   3.52841   1.36322   1.13642   0.00307   1.35081   0.77324   0.59081   0.24001   0.24931   0.22889   1.72874   0.03864   0.20310   0.22161   0.08288   0.08946   0.03536   1.24985   0.04482   0.01513  
 29 126.2737   7975.842013  x:  0.16671   2.00500   3.52842   1.36466   1.13670   0.00439   1.35149   0.77398   0.59092   0.23966   0.25058   0.23068   1.72929   0.03930   0.20295   0.22242   0.08500   0.09352   0.03083   1.25055   0.04475   0.00858  
 30 140.0975   7974.413950  x:  0.20620   2.00773   3.52851   1.37146   1.13807   0.01041   1.35479   0.77751   0.59148   0.23805   0.25553   0.23789   1.73188   0.04149   0.20162   0.22545   0.09045   0.08844   0.01677   1.25364   0.04443   0.01109  
 31 122.8923   7968.336235  x:  0.45622   2.02507   3.52902   1.41544   1.14700   0.04807   1.37636   0.80038   0.59531   0.22779   0.28293   0.27914   1.74869   0.05442   0.19265   0.24096   0.11951   0.07176   0.04061   1.27333   0.04228   0.01183  
 32 327.6530   7965.256198  x:  0.56919   2.03308   3.52949   1.43937   1.15215   0.06232   1.38954   0.81311   0.59847   0.22347   0.27168   0.27114   1.75822   0.04542   0.17556   0.22748   0.07559   0.07641   0.04318   1.28129   0.04148   0.01194  
 33 136.6174   7964.198082  x:  0.61451   2.03637   3.53008   1.45445   1.15555   0.06434   1.39955   0.82127   0.60221   0.22320   0.24609   0.24260   1.76468   0.06170   0.18889   0.21815   0.07313   0.07657   0.04327   1.28364   0.04103   0.01220  
 34 63.8981   7963.994524  x:  0.62230   2.03706   3.53071   1.46291   1.15761   0.06110   1.40639   0.82589   0.60588   0.22546   0.23945   0.23149   1.76861   0.05309   0.18369   0.21950   0.08082   0.07607   0.04331   1.28323   0.04088   0.01223  
 35 23.4875   7963.258659  x:  0.63848   2.04046   3.54111   1.57774   1.18615   0.00000   1.50528   0.88819   0.65698   0.26101   0.27380   0.20720   1.82356   0.03600   0.20794   0.21746   0.07842   0.07635   0.04322   1.27124   0.03878   0.01220  
 36 14.7077   7963.258659  x:  0.63848   2.04046   3.54111   1.57774   1.18615   0.00000   1.50528   0.88819   0.65698   0.26101   0.27380   0.20720   1.82356   0.03600   0.20794   0.21746   0.07842   0.07635   0.04322   1.27124   0.03878   0.01220  
 37 23.6560   7962.938196  x:  0.63851   2.04046   3.54112   1.57776   1.18616   0.00002   1.50530   0.88820   0.65696   0.26098   0.27381   0.20726   1.82357   0.03602   0.20794   0.21748   0.07847   0.07635   0.04306   1.27123   0.04028   0.01207  
 38 427.2587   7962.722827  x:  0.63935   2.04059   3.54126   1.57821   1.18634   0.00051   1.50566   0.88842   0.65627   0.26007   0.27390   0.20875   1.82380   0.03651   0.20775   0.21821   0.07994   0.07646   0.03851   1.27137   0.04025   0.00871  
 39 63.4892   7962.486229  x:  0.64117   2.04087   3.54157   1.57920   1.18673   0.00157   1.50647   0.88888   0.65478   0.25808   0.27406   0.21193   1.82432   0.03753   0.20731   0.21989   0.08281   0.07720   0.03056   1.27166   0.04023   0.01053  
 40 98.3107   7962.177810  x:  0.64917   2.04212   3.54293   1.58357   1.18844   0.00600   1.51002   0.89092   0.64843   0.24961   0.27382   0.22431   1.82657   0.04113   0.20491   0.22527   0.09164   0.08763   0.03050   1.27290   0.04014   0.01041  
 41 37.3680   7961.577730  x:  0.67793   2.04671   3.54800   1.59932   1.19444   0.02009   1.52287   0.89819   0.62771   0.22199   0.26573   0.25559   1.83477   0.04592   0.19093   0.23069   0.08928   0.07697   0.03447   1.27661   0.03996   0.01037  
 42 36.8854   7961.316191  x:  0.69812   2.05008   3.55186   1.61058   1.19837   0.02657   1.53206   0.90316   0.61865   0.21006   0.25267   0.25920   1.84073   0.05279   0.18773   0.22594   0.07986   0.08302   0.03211   1.27867   0.03983   0.01033  
 43 33.0948   7961.105581  x:  0.72202   2.05422   3.55681   1.62414   1.20276   0.03102   1.54318   0.90897   0.61417   0.20450   0.23927   0.25477   1.84801   0.06112   0.18856   0.22235   0.08665   0.07991   0.03316   1.28071   0.03962   0.01051  
 44 32.7768   7960.673153  x:  0.78545   2.06578   3.57124   1.66111   1.21390   0.03535   1.57371   0.92433   0.61785   0.21081   0.23272   0.24623   1.86812   0.05237   0.17214   0.21910   0.09376   0.08186   0.03247   1.28502   0.03904   0.01065  
 45 30.2194   7959.195431  x:  1.04070   2.11405   3.63325   1.81354   1.25852   0.04106   1.70007   0.98670   0.64753   0.25439   0.26453   0.24200   1.95169   0.07419   0.17133   0.21504   0.08749   0.08063   0.03303   1.29995   0.03634   0.01073  
 46 84.2321   7958.938638  x:  1.07716   2.12692   3.65441   1.84515   1.26636   0.02242   1.72824   0.99759   0.64766   0.24689   0.26502   0.23369   1.97110   0.06430   0.18481   0.23741   0.08187   0.08048   0.03318   1.29260   0.03592   0.01014  
 47 19.6825   7958.657191  x:  1.09797   2.13930   3.67721   1.87179   1.27287   0.00000   1.75317   1.00624   0.64702   0.23620   0.26866   0.23528   1.98856   0.05053   0.19929   0.23038   0.08379   0.08097   0.03292   1.28250   0.03556   0.01031  
 48 25.2324   7958.657191  x:  1.09797   2.13930   3.67721   1.87179   1.27287   0.00000   1.75317   1.00624   0.64702   0.23620   0.26866   0.23528   1.98856   0.05053   0.19929   0.23038   0.08379   0.08097   0.03292   1.28250   0.03556   0.01031  
 49  9.5164   7958.629405  x:  1.09796   2.13930   3.67722   1.87179   1.27287   0.00000   1.75318   1.00624   0.64702   0.23620   0.26865   0.23529   1.98857   0.05053   0.19928   0.23037   0.08380   0.08097   0.03291   1.28249   0.03596   0.01031  
 50 140.4001   7958.588788  x:  1.09652   2.14019   3.67940   1.87296   1.27353   0.00053   1.75461   1.00688   0.64654   0.23497   0.26621   0.23716   1.98956   0.04820   0.19592   0.22676   0.08550   0.08069   0.03067   1.28209   0.03595   0.00978  
 51 10.1566   7958.570674  x:  1.09568   2.14071   3.68068   1.87365   1.27392   0.00083   1.75544   1.00725   0.64627   0.23427   0.26484   0.23824   1.99014   0.04722   0.19430   0.22487   0.08649   0.08085   0.03051   1.28187   0.03594   0.01091  
 52 50.6673   7958.537992  x:  1.09385   2.14184   3.68346   1.87514   1.27474   0.00144   1.75725   1.00806   0.64572   0.23281   0.26205   0.24049   1.99140   0.04633   0.19186   0.22131   0.08856   0.08182   0.03265   1.28141   0.03592   0.01057  
 53 38.7755   7958.475809  x:  1.08796   2.14552   3.69249   1.87995   1.27735   0.00306   1.76309   1.01065   0.64441   0.22883   0.25506   0.24689   1.99549   0.05257   0.19219   0.21599   0.09137   0.07987   0.03244   1.28014   0.03584   0.01075  
 54 14.8458   7958.396390  x:  1.07796   2.15199   3.70823   1.88825   1.28173   0.00502   1.77320   1.01508   0.64326   0.22369   0.24724   0.25539   2.00260   0.05750   0.18902   0.21660   0.08573   0.08385   0.03132   1.27833   0.03573   0.01069  
 55 18.9430   7958.283008  x:  1.06148   2.16308   3.73494   1.90219   1.28890   0.00694   1.79017   1.02243   0.64310   0.21791   0.24000   0.26478   2.01461   0.05984   0.18170   0.22626   0.08468   0.07905   0.03340   1.27591   0.03555   0.01043  
 56 30.3768   7958.167409  x:  1.04238   2.17689   3.76770   1.91901   1.29714   0.00670   1.81061   1.03110   0.64610   0.21627   0.24041   0.26620   2.02925   0.06259   0.17925   0.23239   0.09191   0.08414   0.03092   1.27419   0.03530   0.01031  
 57 27.6145   7957.369865  x:  0.94872   2.24794   3.93467   2.00408   1.33779   0.00000   1.91365   1.07457   0.66673   0.21807   0.25670   0.25289   2.10367   0.06807   0.17329   0.22612   0.08992   0.08255   0.03177   1.26763   0.03409   0.01045  
 58 66.1317   7957.211704  x:  0.93800   2.27425   3.98940   2.03035   1.34724   0.00000   1.94213   1.08659   0.66539   0.21859   0.24316   0.24377   2.12752   0.05426   0.18991   0.22802   0.08920   0.08261   0.03173   1.27200   0.03376   0.01041  
 59 18.3467   7956.990748  x:  0.93594   2.31486   4.06996   2.06801   1.35839   0.00000   1.98036   1.10281   0.66027   0.22118   0.24527   0.25799   2.16225   0.03018   0.21835   0.22760   0.08854   0.08251   0.03173   1.28166   0.03322   0.01046  
 60 34.6196   7956.084325  x:  1.10431   2.55114   4.49779   2.25822   1.38212   0.00000   2.13547   1.17215   0.62290   0.26243   0.24626   0.26000   2.34390   0.05070   0.19582   0.22566   0.08948   0.08257   0.03177   1.33364   0.03034   0.01061  
 61 13.1853   7955.720940  x:  1.19113   2.64419   4.67274   2.33219   1.39750   0.00000   2.19521   1.19930   0.65694   0.24376   0.24689   0.26135   2.41451   0.04929   0.19884   0.22569   0.08976   0.08284   0.03179   1.27296   0.02868   0.01050  
 62 16.3380   7955.626560  x:  1.20988   2.66264   4.72894   2.34907   1.42080   0.00000   2.21578   1.21210   0.68096   0.21095   0.24833   0.26117   2.43040   0.05095   0.19699   0.22508   0.08984   0.08282   0.03178   1.28844   0.02856   0.01054  
 63  3.9146   7955.557157  x:  1.22035   2.67325   4.77557   2.36043   1.44660   0.00000   2.23372   1.22586   0.70578   0.21566   0.23902   0.27020   2.44160   0.05288   0.19486   0.22499   0.08989   0.08281   0.03178   1.29522   0.02841   0.01056  
 64  6.2855   7955.367358  x:  1.23608   2.69331   4.91351   2.38888   1.53364   0.00000   2.29205   1.27536   0.68113   0.21794   0.23380   0.27851   2.47275   0.05814   0.18909   0.22406   0.09033   0.08294   0.03176   1.27235   0.02804   0.01053  
 65  5.2413   7955.201931  x:  1.23335   2.69907   5.02030   2.43528   1.45788   0.00000   2.36891   1.32750   0.69162   0.21863   0.23791   0.27528   2.56260   0.05783   0.18949   0.22264   0.08988   0.08263   0.03191   1.27019   0.02795   0.01055  
 66  0.5635   7954.909305  x:  1.28786   2.76710   5.17788   2.53301   1.58158   0.00000   2.49296   1.35378   0.70814   0.23317   0.26471   0.24930   2.68806   0.05312   0.19609   0.22002   0.08848   0.08188   0.03231   1.27279   0.02677   0.01062  
 67  1.5017   7954.842093  x:  1.26093   2.88940   5.25482   2.56742   1.58926   0.00000   2.47260   1.35457   0.71178   0.23496   0.26796   0.24621   2.66102   0.05346   0.19585   0.21971   0.08841   0.08183   0.03235   1.27062   0.02667   0.01062  
 68  0.9429   7954.827182  x:  1.26847   2.92512   5.28956   2.58542   1.59696   0.00000   2.50132   1.39840   0.71380   0.23468   0.26796   0.24632   2.67024   0.05316   0.19631   0.22000   0.08863   0.08196   0.03229   1.27180   0.02632   0.01062  
 69  0.3721   7954.798885  x:  1.27683   2.98709   5.39558   2.63551   1.61239   0.00000   2.57880   1.39378   0.71532   0.23524   0.26433   0.25029   2.73462   0.05336   0.19618   0.22095   0.08931   0.08234   0.03212   1.27323   0.02577   0.01060  
 70  0.6581   7954.791319  x:  1.27944   2.98116   5.44763   2.65936   1.62184   0.00000   2.56481   1.40549   0.71609   0.23505   0.26393   0.25050   2.75880   0.05258   0.19704   0.22139   0.08949   0.08247   0.03207   1.27404   0.02565   0.01060  
 71  0.2996   7954.786540  x:  1.28851   2.97448   5.49047   2.65693   1.62388   0.00000   2.57977   1.40937   0.71673   0.23509   0.26383   0.25020   2.74859   0.05205   0.19769   0.22172   0.08957   0.08253   0.03204   1.27473   0.02564   0.01059  
 72  0.1479   7954.782324  x:  1.29688   2.99442   5.49790   2.67228   1.63299   0.00000   2.59435   1.42016   0.71780   0.23431   0.26276   0.25108   2.76818   0.05177   0.19806   0.22188   0.08963   0.08258   0.03202   1.27457   0.02558   0.01059  
 73  0.0710   7954.782022  x:  1.29941   3.00116   5.50696   2.66851   1.63611   0.00000   2.59682   1.42314   0.71818   0.23430   0.26298   0.25102   2.77562   0.05185   0.19803   0.22169   0.08958   0.08255   0.03203   1.27417   0.02554   0.01059  
 74  0.0299   7954.781793  x:  1.30350   3.00530   5.51585   2.67707   1.63857   0.00000   2.60176   1.42506   0.71840   0.23450   0.26321   0.25098   2.77683   0.05193   0.19801   0.22145   0.08952   0.08251   0.03205   1.27376   0.02548   0.01060  
 75  0.0338   7954.781781  x:  1.30414   3.00535   5.51607   2.67710   1.63850   0.00000   2.60124   1.42464   0.71829   0.23462   0.26327   0.25096   2.77690   0.05202   0.19790   0.22148   0.08953   0.08251   0.03205   1.27392   0.02549   0.01060  
 76  0.0008   7954.781781  x:  1.30429   3.00538   5.51597   2.67706   1.63840   0.00000   2.60125   1.42468   0.71829   0.23463   0.26326   0.25096   2.77690   0.05204   0.19788   0.22149   0.08953   0.08252   0.03205   1.27392   0.02549   0.01060  