

TREE # 1

  0  0.0000   7398.620627  x:  0.17789   1.46708   1.59980   0.25524   1.29665   0.29322   1.26754   0.31181   0.75368   0.49014   0.27112   0.35335   1.34425   0.19257   0.03087   0.18378   0.11059   0.00000   0.00000   2.00000   0.20000   0.20000   0.20000  
  1 99.0000   7398.619898  x:  0.17789   1.46708   1.59980   0.25524   1.29665   0.29322   1.26754   0.31181   0.75368   0.49014   0.27112   0.35335   1.34425   0.19257   0.03088   0.18378   0.11059   0.00000   0.00000   2.00000   0.20000   0.20000   0.20000  
  2 508.2420   7358.766326  x:  0.31230   1.48435   1.63382   0.46074   1.32206   0.35932   1.27852   0.35776   0.71509   0.47574   0.26599   0.32043   1.40458   0.17664   0.07041   0.14384   0.18090   0.00000   0.00000   1.92385   0.19998   0.21981   0.05614  
  3 344.5855   7333.117425  x:  0.51774   1.51019   1.69751   0.76443   1.36702   0.45432   1.30128   0.43208   0.64717   0.45355   0.27787   0.28246   1.51320   0.16623   0.11318   0.18671   0.09558   0.00000   0.00000   1.77077   0.17212   0.24064   0.16501  
  4 243.8134   7329.395869  x:  0.53915   1.51394   1.71518   0.78979   1.37684   0.45849   1.30986   0.44360   0.64044   0.45765   0.29624   0.29687   1.53654   0.13736   0.06211   0.19916   0.08710   0.00000   0.00000   1.73330   0.16417   0.24750   0.16639  
  5 106.5620   7327.270800  x:  0.55057   1.51807   1.74243   0.79355   1.39053   0.45204   1.32449   0.45557   0.63792   0.46947   0.31995   0.32086   1.56824   0.15706   0.03801   0.20963   0.11875   0.00000   0.00000   1.68046   0.16042   0.25710   0.18105  
  6 79.2610   7323.199116  x:  0.56330   1.52803   1.81413   0.77598   1.42544   0.42505   1.36384   0.48152   0.63850   0.50289   0.35727   0.36495   1.64784   0.22169   0.01267   0.18787   0.09257   0.00000   0.00000   1.55523   0.14414   0.27235   0.16347  
  7 110.0920   7318.485323  x:  0.55995   1.54774   1.94989   0.70535   1.49222   0.36602   1.43668   0.51557   0.63907   0.54332   0.30010   0.32124   1.79675   0.20885   0.02608   0.22645   0.09094   0.00000   0.00000   1.38394   0.12928   0.28447   0.14350  
  8 62.7653   7316.702867  x:  0.55478   1.56074   2.03487   0.67928   1.53701   0.34473   1.47329   0.52343   0.62256   0.53278   0.30917   0.31594   1.89244   0.17254   0.04112   0.17118   0.10349   0.00000   0.00000   1.37686   0.12604   0.27671   0.16620  
  9 33.1086   7314.312477  x:  0.54488   1.58754   2.19569   0.65518   1.62467   0.32434   1.53540   0.53127   0.59906   0.50468   0.35133   0.33268   2.07161   0.16292   0.06495   0.19699   0.10085   0.00000   0.00000   1.44767   0.11732   0.23175   0.15280  
 10 46.8538   7313.105050  x:  0.53686   1.60255   2.27998   0.66008   1.67045   0.32641   1.56169   0.52954   0.60381   0.50280   0.32877   0.31293   2.16255   0.19664   0.02539   0.18958   0.10420   0.00000   0.00000   1.49921   0.11372   0.20587   0.15662  
 11 42.2426   7312.716128  x:  0.51723   1.60901   2.31442   0.68305   1.68204   0.34092   1.55514   0.50662   0.64135   0.53629   0.31460   0.33284   2.19238   0.18953   0.03104   0.18754   0.10457   0.00000   0.00000   1.51473   0.11057   0.21489   0.15994  
 12  9.3446   7312.211828  x:  0.45758   1.61524   2.35814   0.72503   1.67191   0.35557   1.51266   0.44131   0.63055   0.52606   0.32056   0.32449   2.20621   0.19158   0.03089   0.18957   0.10445   0.00000   0.00000   1.49392   0.11321   0.20886   0.15566  
 13  5.2750   7310.597391  x:  0.36301   1.64634   2.46204   0.78724   1.60430   0.42003   1.41086   0.53979   0.60556   0.48783   0.31943   0.31566   2.15475   0.19368   0.03635   0.19333   0.10294   0.00000   0.00000   1.48393   0.11031   0.26405   0.14411  
 14  4.2451   7307.823331  x:  0.42423   1.66859   2.54787   0.86146   1.49586   0.38417   1.30267   0.58555   0.58803   0.53026   0.32025   0.30984   2.06065   0.18104   0.04897   0.18574   0.11449   0.00000   0.00000   1.47200   0.10951   0.15801   0.13332  
 15  9.6307   7304.854164  x:  0.58030   1.63846   2.56316   0.93196   1.43609   0.31278   1.28713   0.50519   0.53052   0.52810   0.30993   0.29316   1.96718   0.19073   0.05367   0.19306   0.11284   0.00000   0.00000   1.49711   0.10952   0.25837   0.11102  
 16 13.0924   7300.573305  x:  0.66897   1.47290   2.40821   1.02029   1.51697   0.42959   1.43982   0.43218   0.53795   0.45951   0.29810   0.29112   1.87727   0.18453   0.07095   0.19045   0.12244   0.00000   0.00000   1.44935   0.10406   0.21915   0.08115  
 17 14.3060   7299.816455  x:  0.63421   1.42308   2.31769   1.07890   1.53047   0.38085   1.44678   0.46360   0.53201   0.49397   0.32628   0.25531   1.93055   0.18436   0.07377   0.19110   0.12341   0.00000   0.00000   1.45967   0.10471   0.22406   0.07569  
 18  8.0406   7299.385869  x:  0.61340   1.40396   2.25760   1.11564   1.53812   0.34131   1.44017   0.48400   0.51232   0.49088   0.29776   0.28256   1.97432   0.18450   0.07493   0.19087   0.12420   0.00000   0.00000   1.46368   0.10654   0.22050   0.07289  
 19 14.9513   7298.884345  x:  0.62911   1.47935   2.18652   1.11902   1.56492   0.32561   1.39385   0.49362   0.57047   0.44341   0.30003   0.28093   2.04384   0.18587   0.07463   0.18986   0.12537   0.00000   0.00000   1.45985   0.10554   0.22182   0.07032  
 20  3.9881   7298.037225  x:  0.64349   1.63405   2.12814   1.09993   1.61072   0.39484   1.38547   0.49350   0.51892   0.50961   0.29757   0.28235   2.11344   0.18409   0.07699   0.18662   0.12789   0.00000   0.00000   1.48067   0.10380   0.22279   0.06827  
 21  4.1037   7294.967074  x:  0.64262   1.81997   2.32098   1.24258   1.56558   0.40378   1.67414   0.52628   0.63106   0.51398   0.28811   0.29859   2.15084   0.17008   0.08509   0.16934   0.14035   0.00000   0.00000   1.57560   0.10148   0.22180   0.07642  
 22  3.0976   7293.908866  x:  0.70435   1.70118   2.44416   1.24294   1.71206   0.42341   1.58119   0.55372   0.65268   0.52909   0.28434   0.30263   2.14331   0.16627   0.08811   0.16530   0.14374   0.00000   0.00000   1.60345   0.10331   0.23110   0.07682  
 23  5.0272   7292.098303  x:  0.81631   1.70756   2.63715   1.35838   1.75805   0.45671   1.65315   0.58876   0.66232   0.55377   0.31973   0.32346   2.41814   0.16216   0.07806   0.16175   0.15111   0.00000   0.00000   1.54863   0.09073   0.21645   0.07648  
 24  0.2995   7291.986421  x:  0.80423   1.75190   2.65439   1.39665   1.83077   0.42027   1.67153   0.59622   0.66152   0.55623   0.32169   0.32392   2.38298   0.16124   0.07790   0.16195   0.15160   0.00000   0.00000   1.54423   0.08922   0.21332   0.07713  
 25  1.2433   7291.291284  x:  0.86298   1.81200   2.74744   1.50746   1.87248   0.42676   1.73314   0.60701   0.65831   0.55574   0.32113   0.31088   2.43172   0.17271   0.07011   0.17420   0.15069   0.00000   0.00000   1.52156   0.08857   0.20854   0.06890  
 26  0.2551   7291.071930  x:  0.89863   1.83024   2.74937   1.55968   1.90342   0.43657   1.75927   0.61544   0.65913   0.55995   0.31754   0.30718   2.48718   0.17459   0.06670   0.17049   0.15218   0.00000   0.00000   1.52416   0.08729   0.20586   0.07898  
 27  0.2044   7290.900608  x:  0.94553   1.86446   2.83710   1.62763   1.92889   0.45704   1.80113   0.63636   0.67284   0.57345   0.31162   0.30963   2.53932   0.17799   0.06689   0.16982   0.14796   0.00000   0.00000   1.54249   0.08332   0.21478   0.07690  
 28  0.1553   7290.844219  x:  0.95939   1.87959   2.85608   1.66437   1.94040   0.46235   1.81195   0.64393   0.67650   0.57781   0.31636   0.31292   2.52866   0.17398   0.07128   0.16940   0.14312   0.00000   0.00000   1.55136   0.08337   0.22207   0.07616  
 29  0.0424   7290.840782  x:  0.96171   1.88327   2.86016   1.67087   1.94222   0.46418   1.81494   0.64487   0.67758   0.57869   0.31622   0.31316   2.53350   0.17322   0.07171   0.17112   0.14213   0.00000   0.00000   1.54821   0.08303   0.22211   0.07635  
 30  0.0104   7290.840571  x:  0.95989   1.88290   2.85807   1.67016   1.94115   0.46424   1.81384   0.64399   0.67739   0.57814   0.31598   0.31286   2.53354   0.17312   0.07195   0.17086   0.14193   0.00000   0.00000   1.54725   0.08309   0.22200   0.07641  
 31  0.0026   7290.840546  x:  0.95880   1.88245   2.85749   1.66984   1.94085   0.46419   1.81322   0.64366   0.67737   0.57794   0.31604   0.31287   2.53342   0.17307   0.07204   0.17093   0.14189   0.00000   0.00000   1.54749   0.08311   0.22217   0.07638  
 32  0.0010   7290.840544  x:  0.95867   1.88239   2.85759   1.67031   1.94089   0.46422   1.81319   0.64367   0.67735   0.57795   0.31603   0.31287   2.53341   0.17308   0.07201   0.17092   0.14190   0.00000   0.00000   1.54748   0.08311   0.22219   0.07638  
 33  0.0003   7290.840544  x:  0.95864   1.88239   2.85756   1.67031   1.94084   0.46423   1.81318   0.64366   0.67734   0.57795   0.31603   0.31287   2.53338   0.17309   0.07200   0.17092   0.14191   0.00000   0.00000   1.54748   0.08311   0.22217   0.07639  
 34  0.0001   7290.840544  x:  0.95864   1.88239   2.85756   1.67031   1.94083   0.46423   1.81317   0.64367   0.67734   0.57795   0.31603   0.31287   2.53336   0.17309   0.07200   0.17092   0.14191   0.00000   0.00000   1.54748   0.08311   0.22217   0.07638  
 35  0.0000   7290.840544  x:  0.95864   1.88239   2.85756   1.67031   1.94083   0.46423   1.81317   0.64367   0.67734   0.57795   0.31603   0.31287   2.53336   0.17309   0.07200   0.17092   0.14191   0.00000   0.00000   1.54748   0.08311   0.22217   0.07638  
 36  0.0000   7290.840544  x:  0.95864   1.88239   2.85756   1.67031   1.94083   0.46423   1.81317   0.64367   0.67734   0.57795   0.31603   0.31287   2.53336   0.17309   0.07200   0.17092   0.14191   0.00000   0.00000   1.54748   0.08311   0.22217   0.07638  