

TREE # 1

  0  0.0000   2252.528715  x:  0.87130   1.08445   0.87604   0.29416   0.98292   0.31029   0.92431   0.35577   0.44200   0.24143   0.32231   0.30871   1.11879   0.23178   0.00000   0.20966   0.13851   0.01545   0.00601   2.00000   0.20000   0.20000   0.20000  
  1 99.0000   2250.358732  x:  0.87299   1.08590   0.87808   0.29666   0.98234   0.31048   0.92481   0.35613   0.44271   0.24200   0.32302   0.30863   1.12009   0.23185   0.00313   0.20877   0.14029   0.00941   0.00000   1.99919   0.20699   0.19921   0.19760  
  2 177.5425   2249.008960  x:  0.87530   1.08789   0.88087   0.30004   0.98122   0.31062   0.92534   0.35643   0.44355   0.24270   0.32389   0.30841   1.12180   0.23133   0.00395   0.20749   0.14238   0.00000   0.00000   1.99833   0.20645   0.19807   0.19391  
  3 227.4744   2247.984308  x:  0.88031   1.09238   0.88713   0.30659   0.97838   0.31082   0.92671   0.35690   0.44521   0.24384   0.32546   0.30782   1.12550   0.22931   0.00000   0.20574   0.14171   0.00000   0.00000   1.99621   0.20762   0.19544   0.18488  
  4 266.3283   2239.359092  x:  0.94448   1.15220   0.96846   0.36891   0.93226   0.30350   0.94717   0.35607   0.45973   0.24854   0.33618   0.29735   1.17323   0.23768   0.02283   0.21707   0.06217   0.00000   0.00000   1.96459   0.20024   0.15978   0.04686  
  5 193.6680   2236.457921  x:  0.98519   1.19424   1.02290   0.38469   0.88959   0.29237   0.96513   0.34936   0.46277   0.24232   0.33446   0.28903   1.20343   0.27678   0.01172   0.28836   0.06499   0.00000   0.00000   1.93636   0.20011   0.16069   0.02019  
  6 58.0531   2230.326139  x:  1.07060   1.27988   1.13512   0.43274   0.80786   0.27354   0.99993   0.33940   0.47331   0.23610   0.33709   0.27348   1.26701   0.33950   0.00000   0.39698   0.04480   0.00000   0.00000   1.88163   0.19612   0.15297   0.02966  
  7 369.4546   2230.326139  x:  1.07060   1.27988   1.13512   0.43274   0.80786   0.27354   0.99993   0.33940   0.47331   0.23610   0.33709   0.27348   1.26701   0.33950   0.00000   0.39698   0.04480   0.00000   0.00000   1.88163   0.19612   0.15297   0.02966  
  8 24.5210   2225.945209  x:  1.08189   1.28926   1.14788   0.44948   0.80324   0.27570   1.00372   0.34257   0.47865   0.24291   0.34410   0.27552   1.27625   0.34441   0.02564   0.38803   0.10673   0.00000   0.00000   1.87579   0.23990   0.15983   0.05623  
  9 119.5731   2222.785573  x:  1.10295   1.30632   1.17160   0.48026   0.79050   0.27789   1.00889   0.34578   0.48686   0.25415   0.35557   0.27800   1.29278   0.33907   0.04808   0.36106   0.15914   0.00000   0.00000   1.86920   0.21952   0.16389   0.02494  
 10 75.4602   2220.765729  x:  1.12692   1.32573   1.19880   0.51453   0.77524   0.28012   1.01469   0.34886   0.49556   0.26564   0.36745   0.27999   1.31134   0.32883   0.06369   0.32977   0.18587   0.00000   0.00000   1.86202   0.18360   0.16331   0.04043  
 11 127.2285   2207.797689  x:  1.30493   1.47132   1.40356   0.76087   0.66672   0.30051   1.06355   0.37424   0.55869   0.34019   0.44659   0.28975   1.44862   0.21077   0.09529   0.08738   0.17895   0.00000   0.00000   1.80345   0.17360   0.11744   0.05214  
 12 121.0222   2201.913885  x:  1.44086   1.58334   1.56288   0.92828   0.57980   0.31329   1.10545   0.38467   0.58648   0.36225   0.47030   0.27209   1.55074   0.11138   0.08863   0.15821   0.18897   0.00000   0.00000   1.76353   0.16120   0.04030   0.05315  
 13 68.5111   2198.736733  x:  1.59239   1.70839   1.74306   1.09429   0.48324   0.32930   1.15721   0.39003   0.59987   0.35763   0.46664   0.23820   1.66173   0.07027   0.10713   0.25001   0.15000   0.00000   0.00000   1.72483   0.15340   0.15079   0.04952  
 14 83.0903   2196.935436  x:  1.67730   1.77811   1.84633   1.16954   0.43589   0.34484   1.19094   0.39095   0.59502   0.33624   0.44664   0.22233   1.72145   0.14718   0.16004   0.28651   0.10950   0.00000   0.00000   1.71420   0.14904   0.14862   0.04281  
 15 58.3352   2195.097134  x:  1.78290   1.86263   1.98392   1.18109   0.42235   0.40452   1.25314   0.39333   0.54743   0.25416   0.37507   0.26193   1.78227   0.22427   0.05378   0.27286   0.13876   0.00000   0.00000   1.75422   0.14219   0.15013   0.04479  
 16 17.8966   2194.208766  x:  1.88271   1.93491   2.11613   1.07808   0.45739   0.48170   1.31803   0.41153   0.54653   0.30159   0.41562   0.33149   1.82684   0.23835   0.05400   0.29150   0.13132   0.00000   0.00000   1.85183   0.13726   0.15823   0.04415  
 17  9.2471   2193.212473  x:  2.00565   2.01621   2.27384   0.91003   0.47927   0.52428   1.38967   0.40742   0.55734   0.31597   0.40102   0.24868   1.88613   0.20009   0.08702   0.27287   0.13651   0.00000   0.00000   1.97714   0.13350   0.15190   0.04552  
 18 14.5586   2192.735551  x:  2.07854   2.04692   2.35072   0.81079   0.44027   0.45590   1.40522   0.36465   0.59314   0.28016   0.43499   0.26306   1.94456   0.19217   0.09281   0.26410   0.14130   0.00000   0.00000   2.01279   0.13438   0.14909   0.04631  
 19  6.8055   2192.057657  x:  2.20802   2.05193   2.44147   0.72008   0.45955   0.35696   1.37918   0.41564   0.64104   0.34708   0.39958   0.26215   2.11457   0.21974   0.05733   0.25495   0.15176   0.00000   0.00000   1.96124   0.12987   0.14665   0.04728  
 20  4.0930   2190.796542  x:  2.44982   2.02676   2.58110   0.62851   0.57535   0.28397   1.32982   0.50973   0.56609   0.29590   0.44200   0.26556   2.45991   0.18528   0.08635   0.23008   0.15604   0.00000   0.00000   1.84286   0.11939   0.13557   0.04843  
 21 10.2940   2188.796391  x:  2.78663   1.90579   2.70071   0.71221   0.60262   0.42887   1.32627   0.32578   0.62106   0.31649   0.40353   0.27815   2.91737   0.15226   0.10824   0.19602   0.16583   0.00000   0.00000   1.86317   0.11897   0.12100   0.05310  
 22  5.7872   2187.584085  x:  2.96063   1.84496   2.76186   0.79625   0.48775   0.50266   1.41803   0.40509   0.65192   0.31227   0.50236   0.20541   3.08685   0.18727   0.05905   0.17772   0.18334   0.00000   0.00000   1.92905   0.11972   0.11501   0.05693  
 23  7.6690   2186.684702  x:  3.07381   1.83861   2.82732   0.86119   0.36839   0.52875   1.54579   0.52679   0.67483   0.28536   0.43856   0.25971   3.13381   0.13634   0.11032   0.15706   0.18424   0.00000   0.00000   1.96110   0.11852   0.10451   0.05905  
 24  7.8485   2185.100550  x:  3.22225   2.11158   3.13758   1.03200   0.40151   0.49834   1.84348   0.46850   0.65047   0.34856   0.46233   0.24817   2.89176   0.13013   0.10838   0.12328   0.20316   0.00000   0.00000   1.74676   0.10203   0.08631   0.06134  
 25  3.5206   2184.055178  x:  3.31215   2.39150   3.42214   1.29629   0.59567   0.41320   1.81660   0.52732   0.80950   0.27961   0.47994   0.24918   2.70530   0.13687   0.11133   0.12450   0.20745   0.00000   0.00000   1.84560   0.09414   0.08345   0.06283  
 26  4.8752   2183.644966  x:  3.33811   2.52025   3.54304   1.40075   0.59323   0.35298   1.74049   0.52861   0.72443   0.32876   0.47658   0.25735   2.65213   0.13717   0.11388   0.12393   0.21076   0.00000   0.00000   1.94241   0.09925   0.08161   0.06427  
 27  4.5083   2182.986694  x:  3.34650   2.75055   3.77082   1.45986   0.42701   0.53533   1.63145   0.56925   0.73404   0.35059   0.49581   0.26634   2.73204   0.14893   0.11783   0.13994   0.21872   0.00000   0.00000   1.91544   0.09271   0.08029   0.06416  
 28  1.5004   2182.597737  x:  3.37874   2.83075   3.89219   1.56968   0.45519   0.50948   1.87283   0.56718   0.72890   0.38688   0.51078   0.27129   2.93286   0.15916   0.11809   0.15858   0.22012   0.00000   0.00000   1.97985   0.08574   0.08215   0.06436  
 29  1.4384   2182.067353  x:  3.63946   2.98082   4.16229   1.60659   0.50146   0.57510   2.07828   0.59665   0.79616   0.37708   0.52967   0.27493   3.12935   0.16186   0.11937   0.17436   0.22466   0.00000   0.00000   1.94554   0.08436   0.07777   0.06642  
 30  0.7225   2181.596900  x:  4.16000   3.15207   4.62760   1.72610   0.49974   0.65334   2.24754   0.65518   0.84175   0.39032   0.54301   0.27333   3.47833   0.14082   0.12014   0.15439   0.24377   0.00000   0.00000   1.99752   0.07339   0.06527   0.07178  
 31  0.8576   2181.374311  x:  4.64191   3.18143   5.08690   1.86093   0.51982   0.64986   2.40270   0.70841   0.84990   0.42332   0.54399   0.27734   3.68002   0.13928   0.11364   0.15834   0.24467   0.00000   0.00000   2.02474   0.06978   0.08619   0.07269  
 32  0.3711   2181.265803  x:  4.83813   3.46127   5.41017   1.94685   0.53699   0.65849   2.56582   0.76255   0.90091   0.43093   0.55076   0.27450   3.96937   0.14452   0.11421   0.15637   0.23404   0.00000   0.00000   1.99955   0.06419   0.07922   0.07130  
 33  0.2449   2181.252216  x:  4.83989   3.47421   5.41692   1.94876   0.53741   0.65213   2.56914   0.76499   0.90078   0.43274   0.55079   0.27463   3.98167   0.14575   0.11398   0.15619   0.23078   0.00000   0.00000   2.00152   0.06497   0.07879   0.07034  
 34  0.0380   2181.241549  x:  4.97493   3.51725   5.51540   1.99321   0.54771   0.64967   2.61940   0.78114   0.90992   0.44505   0.55763   0.27848   4.02936   0.14869   0.11223   0.15847   0.22673   0.00000   0.00000   2.01101   0.06360   0.08179   0.06820  
 35  0.1109   2181.239177  x:  4.96403   3.51696   5.52511   1.99415   0.54593   0.65779   2.62097   0.78189   0.91412   0.44668   0.56002   0.27864   4.03379   0.14605   0.11290   0.15669   0.22765   0.00000   0.00000   2.01390   0.06356   0.08152   0.06728  
 36  0.0104   2181.238640  x:  4.94957   3.51223   5.51029   1.99257   0.54504   0.66035   2.61711   0.78035   0.91476   0.44707   0.56008   0.27855   4.01931   0.14632   0.11357   0.15753   0.22787   0.00000   0.00000   2.01036   0.06365   0.08120   0.06676  
 37  0.0193   2181.238586  x:  4.94830   3.51664   5.50649   1.99445   0.54509   0.66062   2.61789   0.78051   0.91441   0.44743   0.55937   0.27829   4.02096   0.14664   0.11335   0.15750   0.22808   0.00000   0.00000   2.01126   0.06363   0.08112   0.06671  
 38  0.0034   2181.238576  x:  4.94860   3.51595   5.50730   1.99628   0.54526   0.66039   2.61823   0.78076   0.91421   0.44748   0.55914   0.27835   4.02074   0.14660   0.11335   0.15747   0.22811   0.00000   0.00000   2.01082   0.06363   0.08116   0.06668  
 39  0.0011   2181.238573  x:  4.94864   3.51610   5.50760   1.99753   0.54528   0.66053   2.61851   0.78090   0.91430   0.44733   0.55923   0.27840   4.02098   0.14656   0.11338   0.15747   0.22813   0.00000   0.00000   2.01072   0.06362   0.08114   0.06669  
 40  0.0006   2181.238572  x:  4.94829   3.51623   5.50686   1.99775   0.54521   0.66062   2.61835   0.78084   0.91429   0.44729   0.55929   0.27839   4.02082   0.14657   0.11338   0.15748   0.22812   0.00000   0.00000   2.01084   0.06362   0.08114   0.06670  
 41  0.0006   2181.238572  x:  4.94844   3.51633   5.50688   1.99789   0.54520   0.66069   2.61839   0.78083   0.91430   0.44733   0.55930   0.27838   4.02078   0.14657   0.11338   0.15747   0.22810   0.00000   0.00000   2.01082   0.06362   0.08115   0.06670  
 42  0.0001   2181.238572  x:  4.94833   3.51627   5.50686   1.99786   0.54520   0.66069   2.61836   0.78082   0.91430   0.44733   0.55929   0.27838   4.02074   0.14657   0.11338   0.15747   0.22810   0.00000   0.00000   2.01082   0.06362   0.08115   0.06670  
 43  0.0001   2181.238572  x:  4.94833   3.51628   5.50690   1.99788   0.54520   0.66069   2.61837   0.78082   0.91431   0.44734   0.55929   0.27838   4.02075   0.14657   0.11338   0.15747   0.22810   0.00000   0.00000   2.01082   0.06362   0.08115   0.06670  
 44  0.0000   2181.238572  x:  4.94835   3.51629   5.50689   1.99788   0.54520   0.66069   2.61838   0.78082   0.91431   0.44734   0.55929   0.27838   4.02076   0.14657   0.11338   0.15747   0.22810   0.00000   0.00000   2.01082   0.06362   0.08115   0.06670  
 45  0.0000   2181.238572  x:  4.94835   3.51629   5.50689   1.99788   0.54520   0.66069   2.61838   0.78082   0.91431   0.44734   0.55929   0.27838   4.02076   0.14657   0.11338   0.15747   0.22810   0.00000   0.00000   2.01082   0.06362   0.08115   0.06670  
 46  0.0000   2181.238572  x:  4.94835   3.51629   5.50689   1.99788   0.54520   0.66069   2.61838   0.78082   0.91431   0.44734   0.55929   0.27838   4.02076   0.14657   0.11338   0.15747   0.22810   0.00000   0.00000   2.01082   0.06362   0.08115   0.06670  