

TREE # 1

  0  0.0000   7903.402766  x:  0.06009   1.10374   1.13173   0.20253   0.92879   0.02223   0.95838   0.20109   0.69715   0.69336   1.01107   0.13945   0.00945   0.13568   0.10803   0.02345   0.01888   2.00000   0.20000   0.20000  
  1 99.0000   7242.854607  x:  0.06484   1.09881   1.12768   0.20477   0.92313   0.02611   0.95317   0.19616   0.69121   0.68708   1.00822   0.13794   0.01683   0.13496   0.10705   0.02857   0.01395   2.00279   0.02357   0.19374  
  2 3409.4029   7220.953091  x:  0.13241   1.10076   1.13220   0.23602   0.92211   0.07139   0.95267   0.20128   0.68919   0.68294   1.01842   0.14151   0.04428   0.12640   0.11857   0.04454   0.00563   1.99990   0.01633   0.16792  
  3 448.9839   7203.591418  x:  0.15878   1.08277   1.11868   0.25535   0.90020   0.08712   0.93266   0.18396   0.66597   0.65747   1.01266   0.12724   0.06497   0.12290   0.11551   0.04867   0.00000   2.00861   0.01877   0.13003  
  4 382.1717   7168.730674  x:  0.24649   1.02551   1.07625   0.32138   0.82989   0.13871   0.86853   0.12981   0.59164   0.57543   0.99654   0.07724   0.12617   0.11523   0.10941   0.06115   0.03860   2.03556   0.02505   0.00010  
  5 5146.1240   7156.996899  x:  0.29083   1.00403   1.06273   0.36157   0.80136   0.16173   0.84293   0.11621   0.56351   0.54264   0.99926   0.04062   0.12833   0.13780   0.11244   0.01707   0.04498   2.04176   0.02559   0.00010  
  6 468.3150   7153.736791  x:  0.30524   0.99435   1.05854   0.38707   0.78689   0.16461   0.83049   0.11875   0.55289   0.52872   1.00802   0.01790   0.11116   0.16373   0.11669   0.02933   0.04264   2.04035   0.02596   0.00010  
  7 205.0614   7149.516778  x:  0.30846   0.96768   1.05144   0.46458   0.74328   0.13966   0.79481   0.14970   0.53387   0.49822   1.05139   0.05771   0.11193   0.20753   0.12359   0.03322   0.04228   2.02410   0.02653   0.00010  
  8 104.1348   7142.973033  x:  0.31230   0.92529   1.04510   0.60049   0.67104   0.10145   0.73669   0.20916   0.51621   0.45904   1.13939   0.08682   0.06542   0.17099   0.09093   0.03304   0.03998   1.98572   0.02554   0.00010  
  9 168.5407   7141.624134  x:  0.30200   0.91131   1.04162   0.63202   0.65129   0.09791   0.71993   0.21592   0.51627   0.45267   1.16446   0.08772   0.05613   0.15232   0.11848   0.03210   0.03773   1.97268   0.02532   0.00010  
 10 104.5005   7138.951183  x:  0.23005   0.86567   1.03069   0.70133   0.60766   0.16008   0.67770   0.19017   0.55970   0.47500   1.25952   0.06425   0.08253   0.14958   0.11411   0.03278   0.03590   1.90835   0.02542   0.00010  
 11 42.4738   7137.982388  x:  0.25083   0.84773   1.02782   0.69375   0.59426   0.13334   0.66712   0.14415   0.56741   0.48899   1.31856   0.05456   0.09480   0.15000   0.11328   0.03384   0.03415   1.85375   0.02538   0.00010  
 12 18.0522   7136.437887  x:  0.27100   0.78902   1.00059   0.61997   0.59809   0.14786   0.66977   0.16332   0.51237   0.46537   1.41100   0.03985   0.10956   0.14787   0.11335   0.03424   0.03079   1.74116   0.02612   0.00010  
 13 17.1881   7134.243310  x:  0.32865   0.72561   0.94960   0.61622   0.59529   0.17354   0.63861   0.16693   0.57315   0.48342   1.35632   0.07506   0.07141   0.14673   0.11167   0.03619   0.02083   1.75332   0.02784   0.00010  
 14  3.2911   7131.647679  x:  0.33959   0.77371   0.97592   0.68837   0.61029   0.16010   0.67101   0.17277   0.56689   0.47180   1.31015   0.03724   0.11513   0.13494   0.11095   0.03917   0.00742   1.78359   0.02869   0.00010  
 15 10.5698   7131.313508  x:  0.33682   0.79794   0.99577   0.68794   0.59760   0.18033   0.67238   0.15134   0.54380   0.47316   1.31806   0.05628   0.09498   0.13516   0.11018   0.03983   0.00599   1.79152   0.02878   0.00010  
 16  6.3904   7130.621996  x:  0.34475   0.83716   1.02860   0.65986   0.53513   0.19016   0.65525   0.17237   0.52722   0.51545   1.34027   0.05183   0.09825   0.13848   0.11087   0.03892   0.00582   1.81335   0.02889   0.00010  
 17  6.0356   7120.141142  x:  0.39829   1.05719   1.25381   0.57609   0.70410   0.18708   0.64359   0.22077   0.73213   0.35344   1.82222   0.02283   0.11903   0.17317   0.11794   0.03046   0.00706   1.96971   0.02366   0.00010  
 18  3.9434   7110.617068  x:  0.42943   1.08294   1.30358   0.69111   0.88031   0.15982   0.86625   0.22120   0.67723   0.53729   2.08911   0.01610   0.11704   0.19996   0.12427   0.02342   0.00908   1.97131   0.01822   0.00010  
 19 25.7724   7107.564574  x:  0.43434   1.19965   1.38433   0.74291   0.86732   0.16878   0.82800   0.22857   0.71507   0.51108   1.91864   0.02246   0.10939   0.20915   0.12402   0.02202   0.01117   1.64595   0.01682   0.00010  
 20 10.4462   7104.619288  x:  0.46953   1.16638   1.46046   0.76603   0.67608   0.19599   1.08260   0.22458   0.81254   0.41556   1.94093   0.03368   0.10619   0.20415   0.12061   0.02985   0.00951   1.61511   0.01662   0.00010  
 21  0.8892   7094.531653  x:  0.58738   1.29416   1.64096   0.94881   0.89740   0.25171   0.80981   0.27427   0.66111   0.60515   2.13324   0.02146   0.15460   0.16756   0.10988   0.06036   0.00107   1.61562   0.01543   0.00010  
 22  3.9502   7093.438640  x:  0.60792   1.51700   1.37484   0.98175   0.85522   0.27253   0.83643   0.27968   0.67499   0.59319   2.20489   0.02614   0.14932   0.16416   0.11058   0.06055   0.00207   1.60615   0.01530   0.00010  
 23  2.4230   7086.049238  x:  0.74952   1.50573   1.66923   1.15834   0.73711   0.36232   0.91656   0.29505   0.68075   0.57371   2.37126   0.00000   0.17129   0.15005   0.12066   0.05175   0.01101   1.64588   0.01414   0.00010  
 24  0.6962   7080.620258  x:  1.02270   1.61234   1.79837   1.46361   0.53261   0.51544   0.98720   0.31983   0.72744   0.52849   2.60945   0.00000   0.17883   0.15795   0.13026   0.03542   0.00591   1.56842   0.01363   0.00010  
 25  0.5147   7078.890729  x:  1.11999   1.67531   1.86937   1.56118   0.53740   0.56380   0.96215   0.32981   0.73737   0.53595   2.76978   0.00000   0.15446   0.15795   0.12765   0.03396   0.00641   1.59268   0.01188   0.00010  
 26  0.5045   7078.875984  x:  1.12569   1.67892   1.87355   1.56688   0.53774   0.56662   0.96058   0.33039   0.73788   0.53643   2.77908   0.00492   0.15309   0.15795   0.12749   0.03388   0.00644   1.59411   0.01178   0.00010  
 27 16.4444   7076.715116  x:  1.32860   1.69977   2.03871   1.74962   0.62694   0.66147   0.76507   0.33791   0.66304   0.61791   2.96946   0.00745   0.15180   0.15855   0.11708   0.03745   0.01212   1.66220   0.01175   0.00010  
 28  0.4086   7076.403427  x:  1.36462   1.70335   2.05775   1.77702   0.62662   0.67346   0.76763   0.34067   0.66935   0.61795   3.00835   0.00000   0.15898   0.15838   0.11769   0.03764   0.01131   1.65728   0.01159   0.00010  
 29  0.1987   7076.182914  x:  1.41505   1.70431   2.08392   1.81119   0.62885   0.68735   0.77384   0.34435   0.67816   0.61723   3.06212   0.00000   0.17497   0.15842   0.11852   0.03799   0.01031   1.65189   0.01142   0.00010  
 30  0.5867   7075.456343  x:  1.67039   1.73634   2.16753   1.97615   0.62230   0.77755   0.78365   0.35521   0.71851   0.61506   3.29642   0.00000   0.16460   0.16004   0.11872   0.03780   0.00634   1.64272   0.01051   0.00010  
 31  0.4239   7075.253283  x:  1.77627   1.72392   2.18937   2.00476   0.63375   0.80150   0.79116   0.35517   0.72507   0.61445   3.34867   0.00000   0.16263   0.15898   0.12075   0.03841   0.00847   1.63775   0.01064   0.00010  
 32  0.0650   7075.134424  x:  1.87868   1.71531   2.20085   2.00607   0.65653   0.80757   0.81641   0.35983   0.74076   0.60639   3.41274   0.00000   0.16508   0.15769   0.12186   0.03959   0.00862   1.63712   0.01023   0.00010  
 33  0.0622   7074.948187  x:  1.95522   1.65578   2.12527   1.88006   0.69284   0.75838   0.85030   0.36186   0.75182   0.58322   3.35835   0.00000   0.16526   0.15842   0.12180   0.03872   0.00723   1.64847   0.01060   0.00010  
 34  0.0597   7074.806995  x:  1.94751   1.63382   2.06206   1.74597   0.71301   0.69980   0.82696   0.35960   0.73467   0.58148   3.23604   0.00000   0.16259   0.15936   0.11955   0.03781   0.00860   1.62743   0.01075   0.00010  
 35  0.1011   7074.734725  x:  1.97746   1.65072   2.06557   1.74451   0.67566   0.70133   0.79561   0.35276   0.71902   0.60091   3.20585   0.00000   0.16563   0.15720   0.12017   0.03848   0.00834   1.63107   0.01081   0.00010  
 36  0.0232   7074.707140  x:  2.03551   1.64306   2.06501   1.73579   0.65637   0.70111   0.81479   0.34699   0.72299   0.59964   3.19925   0.00000   0.16403   0.15938   0.12091   0.03841   0.00807   1.63831   0.01080   0.00010  
 37  0.0404   7074.702756  x:  2.03366   1.63914   2.06985   1.73374   0.65398   0.69769   0.82109   0.34259   0.72328   0.59611   3.18175   0.00000   0.16388   0.15845   0.12012   0.03857   0.00822   1.63501   0.01080   0.00010  
 38  0.0095   7074.700441  x:  2.02662   1.63790   2.07442   1.74002   0.65570   0.69609   0.82016   0.33819   0.72195   0.59486   3.16676   0.00000   0.16425   0.15909   0.12034   0.03853   0.00816   1.63575   0.01083   0.00010  
 39  0.0085   7074.699996  x:  2.02961   1.63921   2.07038   1.74024   0.65824   0.69488   0.81915   0.33761   0.72231   0.59455   3.16340   0.00000   0.16402   0.15875   0.12049   0.03855   0.00809   1.63686   0.01083   0.00010  
 40  0.0041   7074.699793  x:  2.03121   1.64246   2.06767   1.74437   0.65856   0.69510   0.81933   0.33768   0.72289   0.59502   3.16209   0.00000   0.16407   0.15883   0.12046   0.03852   0.00815   1.63628   0.01082   0.00010  
 41  0.0024   7074.699734  x:  2.02992   1.64165   2.06653   1.74431   0.65856   0.69402   0.82005   0.33793   0.72286   0.59503   3.15920   0.00000   0.16414   0.15882   0.12038   0.03850   0.00814   1.63664   0.01083   0.00010  
 42  0.0016   7074.699700  x:  2.02999   1.64071   2.06753   1.74645   0.65866   0.69399   0.81992   0.33833   0.72276   0.59524   3.15869   0.00000   0.16407   0.15881   0.12042   0.03852   0.00814   1.63661   0.01083   0.00010  
 43  0.0011   7074.699693  x:  2.03060   1.64028   2.06748   1.74615   0.65874   0.69372   0.81981   0.33836   0.72279   0.59507   3.15853   0.00000   0.16409   0.15881   0.12044   0.03852   0.00814   1.63651   0.01083   0.00010  
 44  0.0005   7074.699690  x:  2.03051   1.64027   2.06740   1.74670   0.65855   0.69376   0.81983   0.33838   0.72290   0.59491   3.15910   0.00000   0.16409   0.15881   0.12042   0.03852   0.00814   1.63660   0.01083   0.00010  
 45  0.0003   7074.699689  x:  2.03030   1.64017   2.06707   1.74654   0.65859   0.69352   0.81981   0.33834   0.72286   0.59489   3.15900   0.00000   0.16408   0.15882   0.12042   0.03852   0.00814   1.63655   0.01083   0.00010  
 46  0.0002   7074.699688  x:  2.03025   1.64006   2.06699   1.74658   0.65864   0.69338   0.81989   0.33826   0.72284   0.59494   3.15935   0.00000   0.16409   0.15882   0.12043   0.03852   0.00814   1.63652   0.01083   0.00010  
 47  0.0002   7074.699687  x:  2.03044   1.64011   2.06733   1.74675   0.65866   0.69344   0.81990   0.33826   0.72286   0.59499   3.15960   0.00000   0.16409   0.15881   0.12042   0.03852   0.00814   1.63655   0.01083   0.00010  
 48  0.0002   7074.699687  x:  2.03040   1.64013   2.06723   1.74669   0.65868   0.69338   0.81990   0.33827   0.72286   0.59497   3.15955   0.00000   0.16409   0.15881   0.12043   0.03852   0.00814   1.63654   0.01083   0.00010  
 49  0.0001   7074.699686  x:  2.03045   1.64031   2.06733   1.74668   0.65873   0.69325   0.81993   0.33829   0.72290   0.59493   3.15966   0.00000   0.16409   0.15882   0.12043   0.03852   0.00814   1.63654   0.01083   0.00010  
 50  0.0001   7074.699686  x:  2.03058   1.64044   2.06763   1.74684   0.65873   0.69331   0.81996   0.33830   0.72290   0.59496   3.15986   0.00000   0.16409   0.15881   0.12043   0.03852   0.00814   1.63657   0.01083   0.00010  
 51  0.0001   7074.699686  x:  2.03057   1.64043   2.06761   1.74683   0.65873   0.69331   0.81996   0.33830   0.72290   0.59496   3.15986   0.00000   0.16409   0.15881   0.12043   0.03852   0.00814   1.63657   0.01083   0.00010  
 52  0.0002   7074.699686  x:  2.03057   1.64043   2.06760   1.74683   0.65873   0.69330   0.81996   0.33830   0.72290   0.59496   3.15985   0.00000   0.16409   0.15881   0.12043   0.03852   0.00814   1.63657   0.01083   0.00010  