   10
BAM_013830  0.000000  1.302459  1.293758  0.536990  1.114416  0.399395
  0.414879  0.274614  1.262836  1.269666
BA_5274xxx  1.302459  0.000000  0.060574  1.457985  2.467016  1.413574
  1.436596  1.357653  0.019878  0.074908
BC_5027xxx  1.293758  0.060574  0.000000  1.486069  2.465013  1.489013
  1.484368  1.386503  0.053464  0.046998
NT03BC4002  0.536990  1.457985  1.486069  0.000000  0.831732  0.475843
  0.668257  0.456629  1.433552  1.502722
BH0811xxxx  1.114416  2.467016  2.465013  0.831732  0.000000  0.995343
  1.161347  1.038995  2.426550  2.496062
NT03BL1698  0.399395  1.413574  1.489013  0.475843  0.995343  0.000000
  0.452873  0.296255  1.428520  1.428876
BPUM_1301x  0.414879  1.436596  1.484368  0.668257  1.161347  0.452873
  0.000000  0.417090  1.445371  1.436654
BG13288xxx  0.274614  1.357653  1.386503  0.456629  1.038995  0.296255
  0.417090  0.000000  1.338737  1.322854
NT02BT5037  1.262836  0.019878  0.053464  1.433552  2.426550  1.428520
  1.445371  1.338737  0.000000  0.067618
KBAB4_4858  1.269666  0.074908  0.046998  1.502722  2.496062  1.428876
  1.436654  1.322854  0.067618  0.000000
