

TREE # 1

  0  0.0000   7099.092405  x:  0.00000   0.65516   0.64461   0.06334   0.52014   0.13388   0.45032   0.13631   0.39802   0.30821   0.56927   0.14958   0.09292   0.09440   0.05413   0.06377   0.01719   2.00000   0.20000   0.20000  
  1 99.0000   6900.003234  x:  0.08707   0.68299   0.66704   0.14580   0.54228   0.17006   0.46693   0.16522   0.41491   0.32532   0.59885   0.15768   0.09982   0.11105   0.09080   0.03610   0.00000   1.98909   0.31754   0.19499  
  2 1779.1227   6839.437965  x:  0.12776   0.71626   0.69258   0.20496   0.57017   0.20726   0.48788   0.19768   0.43726   0.34690   0.63465   0.16550   0.10599   0.12536   0.11311   0.00000   0.11028   1.97637   0.33924   0.18709  
  3 1462.5485   6743.992471  x:  0.15792   0.83469   0.78059   0.31467   0.66852   0.30871   0.56096   0.29204   0.51782   0.42042   0.75826   0.17935   0.11455   0.15178   0.11411   0.00000   0.08134   1.93000   0.19560   0.15087  
  4 633.3367   6654.067494  x:  0.00000   1.00592   0.90588   0.30180   0.80467   0.39631   0.66058   0.38391   0.62905   0.51268   0.92893   0.18411   0.11267   0.13930   0.03725   0.00000   0.06461   1.84518   0.23536   0.08200  
  5 590.0765   6654.067494  x:  0.00000   1.00592   0.90588   0.30180   0.80467   0.39631   0.66058   0.38391   0.62905   0.51268   0.92893   0.18411   0.11267   0.13930   0.03725   0.00000   0.06461   1.84518   0.23536   0.08200  
  6 803.3284   6596.743271  x:  0.05687   1.03386   0.92874   0.33809   0.82250   0.40949   0.67068   0.39235   0.63851   0.51937   0.95578   0.18932   0.11786   0.16078   0.14452   0.00000   0.00471   1.82858   0.32529   0.06840  
  7 700.3189   6566.755146  x:  0.22050   1.14727   1.01739   0.47564   0.89494   0.45698   0.70729   0.42025   0.67399   0.54195   1.06438   0.18298   0.10688   0.18857   0.20397   0.00000   0.11693   1.76663   0.28447   0.01144  
  8 325.5660   6529.447152  x:  0.37480   1.27821   1.11754   0.62096   0.97832   0.50820   0.74948   0.45079   0.71556   0.56678   1.18844   0.17529   0.09428   0.20360   0.19397   0.00000   0.07796   1.69199   0.18616   0.08518  
  9 594.2146   6490.788700  x:  0.49933   1.41643   1.22204   0.76115   1.06684   0.55995   0.79570   0.48325   0.76117   0.59314   1.31774   0.17065   0.08554   0.18146   0.06249   0.00000   0.03606   1.60848   0.21319   0.10587  
 10 706.9100   6484.211339  x:  0.49962   1.44638   1.24299   0.78100   1.08525   0.56703   0.80504   0.48783   0.77048   0.59662   1.34394   0.18229   0.09838   0.16305   0.04880   0.00000   0.00778   1.58940   0.19567   0.07160  
 11 231.0026   6473.888194  x:  0.36570   1.56561   1.31928   0.80813   1.15709   0.57961   0.84249   0.49951   0.80857   0.60439   1.44158   0.22652   0.15175   0.09891   0.07169   0.00000   0.01686   1.50224   0.19254   0.08518  
 12 125.0878   6453.362377  x:  0.05419   1.80171   1.46765   0.84379   1.29670   0.59434   0.91315   0.51667   0.87958   0.61337   1.63350   0.22166   0.15986   0.16736   0.09161   0.00000   0.00246   1.33468   0.17855   0.05844  
 13 327.3449   6452.847574  x:  0.04890   1.81582   1.47609   0.83741   1.29996   0.58661   0.91239   0.51178   0.87733   0.60723   1.64501   0.21003   0.15046   0.15781   0.09497   0.00000   0.00143   1.33849   0.17824   0.05705  
 14 34.8704   6448.831599  x:  0.04450   1.98437   1.57272   0.71931   1.32273   0.46625   0.89280   0.43744   0.83742   0.51675   1.77661   0.18562   0.16870   0.16013   0.09597   0.00000   0.00229   1.40472   0.18069   0.05623  
 15 57.4563   6447.683236  x:  0.04153   2.03817   1.59135   0.65263   1.32844   0.43619   0.90386   0.48733   0.86392   0.58961   1.82711   0.18889   0.15158   0.15675   0.09891   0.00000   0.00262   1.45916   0.17860   0.05407  
 16 12.6818   6446.151990  x:  0.00000   2.06363   1.57964   0.66462   1.36028   0.52140   0.90037   0.53523   0.80844   0.56285   1.89366   0.21754   0.09624   0.14786   0.10565   0.00000   0.00326   1.49014   0.17744   0.05197  
 17  4.7691   6446.151990  x:  0.00000   2.06363   1.57964   0.66462   1.36028   0.52140   0.90037   0.53523   0.80844   0.56285   1.89366   0.21754   0.09624   0.14786   0.10565   0.00000   0.00326   1.49014   0.17744   0.05197  
 18  6.8442   6445.414266  x:  0.00055   2.06387   1.57987   0.66507   1.36044   0.52150   0.90045   0.53525   0.80861   0.56297   1.89391   0.21745   0.09623   0.14838   0.10661   0.00000   0.00880   1.48992   0.17882   0.05151  
 19 366.0878   6444.076974  x:  0.00753   2.06700   1.58287   0.67088   1.36251   0.52284   0.90144   0.53549   0.81079   0.56450   1.89705   0.21620   0.09614   0.15505   0.11858   0.00000   0.00805   1.48710   0.19386   0.04562  
 20 128.1650   6441.601441  x:  0.03295   2.07853   1.59364   0.69297   1.36977   0.52672   0.90408   0.53498   0.81846   0.56949   1.90864   0.21007   0.09436   0.17789   0.15425   0.00000   0.00814   1.47794   0.18145   0.02482  
 21 127.0444   6439.087610  x:  0.09764   2.11044   1.62303   0.75193   1.39023   0.53742   0.91218   0.53440   0.83936   0.58288   1.94068   0.19614   0.09286   0.20405   0.17080   0.00000   0.00818   1.45295   0.16974   0.06019  
 22 93.0428   6429.829434  x:  0.32755   2.23616   1.73630   0.97456   1.47152   0.57751   0.94606   0.53378   0.91877   0.63194   2.06632   0.16573   0.11092   0.18869   0.10863   0.00000   0.00827   1.36222   0.14793   0.02891  
 23 161.9170   6428.561624  x:  0.35319   2.26232   1.75728   1.01051   1.48846   0.58290   0.95469   0.53512   0.93033   0.63650   2.09115   0.18646   0.13921   0.16392   0.12062   0.00000   0.00829   1.35480   0.14185   0.03243  
 24 80.6914   6427.503262  x:  0.32661   2.31795   1.79255   1.04870   1.52408   0.58319   0.97816   0.54346   0.93652   0.62615   2.13859   0.17153   0.12358   0.13509   0.13629   0.00000   0.00830   1.38294   0.13869   0.03590  
 25 24.6392   6422.466896  x:  0.12284   2.65073   1.99852   1.25424   1.73436   0.57622   1.11580   0.59316   0.96638   0.56021   2.42011   0.18772   0.12969   0.16942   0.12434   0.00000   0.00835   1.56191   0.12582   0.03335  
 26 97.6477   6421.100642  x:  0.00000   2.77594   2.06830   1.26889   1.77295   0.52858   1.09415   0.57416   1.00496   0.63932   2.53099   0.18589   0.12803   0.17238   0.12870   0.00000   0.00835   1.49091   0.12149   0.03404  
 27 15.8965   6421.100642  x:  0.00000   2.77594   2.06830   1.26889   1.77295   0.52858   1.09415   0.57416   1.00496   0.63932   2.53099   0.18589   0.12803   0.17238   0.12870   0.00000   0.00835   1.49091   0.12149   0.03404  
 28  7.0051   6419.240812  x:  0.00064   2.77625   2.06860   1.26917   1.77313   0.52885   1.09432   0.57438   1.00508   0.63943   2.53131   0.18594   0.12817   0.17245   0.12952   0.00000   0.00720   1.49041   0.13424   0.03436  
 29 305.0327   6419.196849  x:  0.00216   2.77692   2.06922   1.26968   1.77333   0.52924   1.09440   0.57464   1.00504   0.63933   2.53202   0.18579   0.12828   0.17278   0.13206   0.00000   0.00880   1.48956   0.13432   0.03523  
 30 24.4192   6418.967513  x:  0.01204   2.78125   2.07321   1.27302   1.77467   0.53178   1.09486   0.57631   1.00473   0.63865   2.53663   0.18475   0.12890   0.17469   0.14774   0.00000   0.00732   1.48410   0.13340   0.04020  
 31 92.6767   6418.669572  x:  0.03619   2.79228   2.08330   1.28136   1.77817   0.53817   1.09620   0.58060   1.00422   0.63725   2.54830   0.18099   0.12895   0.16975   0.15553   0.00000   0.00739   1.47110   0.13210   0.02972  
 32 27.0797   6417.524702  x:  0.15626   2.84896   2.13475   1.32356   1.79649   0.57056   1.10354   0.60263   1.00261   0.63123   2.60805   0.16535   0.13223   0.15034   0.14694   0.00000   0.00733   1.40715   0.12556   0.04094  
 33 76.5002   6417.032685  x:  0.20896   2.87817   2.16023   1.34354   1.80662   0.58592   1.10839   0.61364   1.00430   0.63115   2.63818   0.17426   0.14857   0.17073   0.13886   0.00000   0.00735   1.38380   0.12242   0.03809  
 34 59.9874   6416.829487  x:  0.22363   2.90263   2.17817   1.35449   1.81743   0.59431   1.11609   0.62146   1.01397   0.64089   2.66120   0.16550   0.13816   0.18359   0.13646   0.00000   0.00736   1.39717   0.12126   0.03694  
 35 13.0746   6415.702637  x:  0.28890   3.07248   2.29865   1.42335   1.89521   0.64602   1.17283   0.67170   1.08604   0.71259   2.81860   0.18470   0.14007   0.17208   0.13863   0.00000   0.00726   1.51763   0.11288   0.03973  
 36 37.8106   6413.858975  x:  0.10252   3.49091   2.56834   1.53952   2.11959   0.69031   1.31380   0.69887   1.13051   0.65677   3.19049   0.18490   0.14205   0.16989   0.14270   0.00000   0.00715   1.49621   0.09930   0.03949  
 37 11.7395   6413.670928  x:  0.07348   3.54404   2.60068   1.55581   2.12563   0.65892   1.29275   0.69388   1.14158   0.71052   3.24168   0.17853   0.14852   0.16918   0.14342   0.00000   0.00714   1.46887   0.09777   0.03925  
 38  5.3422   6413.588030  x:  0.06903   3.57343   2.61679   1.57082   2.11128   0.62959   1.25967   0.69488   1.11489   0.70415   3.27542   0.17909   0.14766   0.16947   0.14334   0.00000   0.00717   1.48387   0.09876   0.03923  
 39  2.2888   6413.458214  x:  0.04232   3.60210   2.61022   1.59393   2.07572   0.65201   1.25350   0.75507   1.12963   0.69970   3.32847   0.18279   0.14367   0.16893   0.14441   0.00000   0.00726   1.47527   0.09872   0.03886  
 40  0.7600   6413.261587  x:  0.03233   3.64303   2.60883   1.62270   2.06703   0.69203   1.27851   0.71078   1.15172   0.70053   3.39407   0.15871   0.16703   0.16892   0.14535   0.00000   0.00743   1.47922   0.09958   0.03825  
 41  1.6233   6413.163817  x:  0.03794   3.66245   2.62392   1.63107   2.09316   0.69000   1.30597   0.69459   1.14728   0.71308   3.41098   0.18930   0.13656   0.16873   0.14602   0.00000   0.00751   1.47255   0.09959   0.03807  
 42  2.0192   6413.058403  x:  0.05046   3.68397   2.66811   1.62952   2.16603   0.65497   1.34284   0.72718   1.13439   0.72649   3.40419   0.17493   0.15085   0.16863   0.14674   0.00000   0.00760   1.47439   0.09908   0.03772  
 43  1.8225   6413.005188  x:  0.05692   3.70129   2.71146   1.63833   2.21265   0.65236   1.31697   0.73594   1.17005   0.71284   3.39697   0.17635   0.14945   0.16856   0.14719   0.00000   0.00764   1.47503   0.09854   0.03756  
 44  1.2909   6412.918247  x:  0.05627   3.75610   2.79932   1.68621   2.24085   0.71382   1.31281   0.75000   1.15054   0.73818   3.41953   0.17444   0.15156   0.16824   0.14831   0.00000   0.00769   1.47989   0.09615   0.03730  
 45  0.6905   6412.762111  x:  0.08953   3.87622   2.92210   1.75390   2.22880   0.71647   1.38762   0.76800   1.19431   0.73875   3.51466   0.17434   0.15216   0.16793   0.14988   0.00000   0.00775   1.48598   0.09168   0.03692  
 46  1.8090   6412.683218  x:  0.12171   3.95053   2.89009   1.74625   2.29810   0.72849   1.39170   0.78623   1.20355   0.74784   3.63684   0.17525   0.15156   0.16769   0.15048   0.00000   0.00775   1.48929   0.08938   0.03685  
 47  1.0494   6412.645411  x:  0.12387   4.02489   2.91678   1.74397   2.31804   0.73465   1.41338   0.79367   1.21790   0.75576   3.68648   0.17576   0.15212   0.16626   0.14950   0.00000   0.00748   1.48112   0.08883   0.03793  
 48  0.0858   6412.638415  x:  0.12023   4.02379   2.92023   1.78055   2.33400   0.72966   1.42185   0.79637   1.22294   0.75773   3.70603   0.17545   0.15277   0.16597   0.14940   0.00000   0.00744   1.48022   0.08841   0.03816  
 49  0.3206   6412.635417  x:  0.11822   4.02761   2.95129   1.78207   2.34461   0.73507   1.42935   0.80083   1.22749   0.76113   3.73540   0.17540   0.15313   0.16597   0.14959   0.00000   0.00748   1.48043   0.08778   0.03823  
 50  0.0879   6412.633330  x:  0.11754   4.06041   2.96315   1.79405   2.35498   0.73975   1.43602   0.80572   1.23183   0.76436   3.74132   0.17537   0.15347   0.16607   0.14984   0.00000   0.00754   1.48075   0.08717   0.03826  
 51  0.1066   6412.633015  x:  0.11678   4.06450   2.96422   1.79499   2.35800   0.74076   1.43690   0.80716   1.23281   0.76520   3.74497   0.17549   0.15341   0.16627   0.14996   0.00000   0.00756   1.48208   0.08717   0.03817  
 52  0.0063   6412.633006  x:  0.11649   4.06508   2.96471   1.79529   2.35830   0.74085   1.43722   0.80739   1.23315   0.76541   3.74588   0.17551   0.15341   0.16624   0.14993   0.00000   0.00755   1.48223   0.08715   0.03816  
 53  0.0012   6412.633006  x:  0.11642   4.06496   2.96457   1.79523   2.35818   0.74080   1.43719   0.80735   1.23316   0.76541   3.74576   0.17551   0.15341   0.16625   0.14993   0.00000   0.00755   1.48222   0.08715   0.03816  
 54  0.0002   6412.633006  x:  0.11640   4.06494   2.96455   1.79522   2.35817   0.74079   1.43718   0.80734   1.23315   0.76541   3.74574   0.17551   0.15341   0.16625   0.14993   0.00000   0.00755   1.48222   0.08715   0.03816  
 55  0.0000   6412.633006  x:  0.11640   4.06494   2.96455   1.79522   2.35817   0.74079   1.43718   0.80734   1.23315   0.76541   3.74574   0.17551   0.15341   0.16625   0.14993   0.00000   0.00755   1.48222   0.08715   0.03816  
 56  0.0000   6412.633006  x:  0.11640   4.06495   2.96455   1.79522   2.35817   0.74079   1.43718   0.80734   1.23315   0.76541   3.74574   0.17551   0.15341   0.16625   0.14993   0.00000   0.00755   1.48222   0.08715   0.03816  
 57  0.0000   6412.633006  x:  0.11640   4.06495   2.96455   1.79522   2.35817   0.74079   1.43718   0.80734   1.23315   0.76541   3.74574   0.17551   0.15341   0.16625   0.14993   0.00000   0.00755   1.48222   0.08715   0.03816  