

TREE # 1

  0  0.0000   8278.020349  x:  0.07689   0.48557   0.45897   0.11220   0.39505   0.00000   0.45922   0.13925   0.31821   0.21459   0.10793   0.10534   0.45655   0.10414   0.06562   0.07798   0.07344   0.06206   0.02264   2.00000   0.20000   0.20000  
  1 99.0000   7828.350171  x:  0.10307   0.48796   0.46531   0.13716   0.40000   0.08505   0.46370   0.14446   0.32236   0.21769   0.12537   0.12193   0.46493   0.10150   0.06480   0.09364   0.08351   0.04790   0.00870   2.00067   0.03484   0.19788  
  2 2954.5111   7778.731290  x:  0.17238   0.50651   0.49295   0.19533   0.41847   0.14079   0.48092   0.15885   0.34223   0.23571   0.16738   0.15871   0.49944   0.10176   0.07029   0.12820   0.10889   0.02206   0.01614   1.99422   0.05837   0.19171  
  3 829.7175   7701.163125  x:  0.29957   0.55647   0.56110   0.29742   0.45811   0.07180   0.51973   0.18303   0.39001   0.28073   0.23210   0.20833   0.58362   0.10311   0.08303   0.16998   0.14013   0.03041   0.06998   1.97345   0.02779   0.17794  
  4 1057.9861   7676.779989  x:  0.34114   0.58642   0.60073   0.33718   0.48175   0.05072   0.54486   0.19358   0.41382   0.30002   0.22791   0.19635   0.63220   0.09010   0.07583   0.14912   0.11999   0.01962   0.01314   1.95957   0.02279   0.16973  
  5 438.8899   7668.904920  x:  0.35562   0.59885   0.61741   0.35271   0.49171   0.05401   0.55571   0.19747   0.42315   0.30702   0.22254   0.18780   0.65274   0.08405   0.07262   0.13746   0.10897   0.03800   0.00000   1.95375   0.02334   0.16560  
  6 883.7161   7656.287992  x:  0.38153   0.62864   0.65696   0.38445   0.51569   0.06776   0.58235   0.20605   0.44420   0.32158   0.19879   0.15697   0.70134   0.06642   0.06166   0.09921   0.07566   0.04776   0.00726   1.93940   0.02342   0.15458  
  7 1087.7628   7648.665716  x:  0.37676   0.65717   0.69378   0.39430   0.53567   0.07900   0.60741   0.20673   0.45824   0.32731   0.16281   0.11599   0.74715   0.08201   0.08891   0.09836   0.09426   0.05063   0.00715   1.92333   0.02250   0.13589  
  8 252.2166   7634.628119  x:  0.24876   0.75324   0.81552   0.34950   0.58638   0.10310   0.68655   0.17620   0.48191   0.31618   0.15747   0.12149   0.90210   0.03541   0.07837   0.15520   0.10376   0.05589   0.00633   1.85838   0.02081   0.03079  
  9 147.6650   7629.452430  x:  0.21974   0.77415   0.84249   0.33769   0.59580   0.10964   0.70305   0.16832   0.48581   0.31216   0.16559   0.13257   0.93725   0.03950   0.08903   0.15055   0.09953   0.05621   0.00602   1.84303   0.02044   0.00010  
 10 466.0046   7628.738477  x:  0.21775   0.78064   0.85252   0.32902   0.59161   0.11168   0.70443   0.16241   0.48203   0.30512   0.16975   0.13597   0.95283   0.03518   0.08544   0.13616   0.11578   0.05674   0.00579   1.83379   0.02043   0.00010  
 11 58.1973   7627.196270  x:  0.25085   0.79042   0.87652   0.29280   0.54905   0.11614   0.68799   0.14061   0.45400   0.26965   0.17217   0.13210   1.00136   0.04109   0.08285   0.13912   0.11047   0.05599   0.00604   1.79539   0.02070   0.00010  
 12 37.5102   7626.239284  x:  0.25811   0.77858   0.87720   0.27191   0.50091   0.12024   0.66283   0.17209   0.45804   0.29249   0.16363   0.14193   1.02950   0.03937   0.08643   0.13856   0.11112   0.05547   0.00674   1.74650   0.02082   0.00010  
 13 20.1102   7625.426187  x:  0.25143   0.75483   0.86035   0.29171   0.48280   0.12042   0.64091   0.17017   0.45726   0.30288   0.19042   0.11855   1.03800   0.03572   0.09199   0.13769   0.11079   0.05430   0.00772   1.69351   0.02116   0.00010  
 14 16.5598   7624.169705  x:  0.25372   0.71740   0.82638   0.33249   0.49161   0.11712   0.61613   0.14673   0.45012   0.30093   0.17219   0.13761   1.03320   0.03626   0.09587   0.13498   0.11138   0.05290   0.00944   1.61296   0.02150   0.00010  
 15 26.3516   7622.607476  x:  0.28976   0.69142   0.78988   0.31174   0.54975   0.11412   0.63117   0.18141   0.44146   0.28217   0.18318   0.13728   0.99253   0.04833   0.09082   0.13241   0.11318   0.05231   0.01181   1.55156   0.02112   0.00010  
 16 16.0509   7620.127158  x:  0.34192   0.70299   0.78433   0.28164   0.54793   0.11603   0.65555   0.13660   0.48507   0.31781   0.19342   0.13905   0.91380   0.03937   0.11034   0.12689   0.11390   0.04891   0.01498   1.59041   0.02205   0.00010  
 17 11.0206   7615.675610  x:  0.34885   0.74987   0.81435   0.36431   0.48274   0.10475   0.68660   0.18924   0.46503   0.27862   0.19560   0.15243   0.83526   0.06955   0.09567   0.11983   0.11800   0.04446   0.01974   1.74258   0.02395   0.00010  
 18 20.7466   7606.741934  x:  0.35988   0.73410   0.74989   0.35034   0.64377   0.11555   0.57576   0.20484   0.43537   0.33173   0.20240   0.15613   1.11614   0.07616   0.09432   0.11935   0.11717   0.03928   0.01871   1.94978   0.02695   0.00010  
 19  9.4514   7593.310628  x:  0.35681   0.77068   0.83909   0.36819   0.64638   0.13278   0.71917   0.21960   0.48429   0.27584   0.19821   0.16497   1.18757   0.00000   0.16470   0.12243   0.10840   0.03971   0.01223   1.81533   0.02787   0.00010  
 20 12.8499   7589.558084  x:  0.34510   0.82277   0.89568   0.37185   0.64776   0.14658   0.76081   0.19390   0.51417   0.31101   0.20156   0.15907   1.19101   0.09497   0.06772   0.12735   0.11218   0.04079   0.00992   1.72822   0.02811   0.00010  
 21 35.3907   7588.418060  x:  0.34473   0.93657   0.92716   0.37904   0.67787   0.15258   0.68891   0.20161   0.46474   0.34473   0.20512   0.15740   1.15213   0.07964   0.08312   0.12738   0.11076   0.04133   0.00922   1.68590   0.02786   0.00010  
 22  8.7362   7585.764981  x:  0.35784   1.06052   0.87717   0.40171   0.67544   0.15825   0.62644   0.21773   0.59818   0.26205   0.21206   0.15776   1.18436   0.07754   0.08689   0.12923   0.11101   0.04360   0.00840   1.66506   0.02683   0.00010  
 23  3.4654   7569.897116  x:  0.49011   1.40991   0.59913   0.54225   0.55237   0.17844   0.91664   0.19956   0.58552   0.32967   0.23729   0.17749   1.49697   0.03679   0.13936   0.13742   0.11056   0.05583   0.00395   1.62185   0.02079   0.00010  
 24 12.2182   7553.577330  x:  0.58362   1.23407   0.96648   0.62724   0.59924   0.19067   0.91353   0.20510   0.62000   0.35371   0.26306   0.18728   1.62753   0.00000   0.18613   0.14495   0.11058   0.06343   0.00067   1.63848   0.01703   0.00010  
 25 18.5152   7539.725602  x:  0.76445   1.09435   1.29983   0.77714   0.67182   0.22590   0.93283   0.23006   0.64022   0.36558   0.28248   0.18804   1.82798   0.00000   0.13877   0.14944   0.12113   0.03513   0.00656   1.65679   0.01925   0.00010  
 26  0.3356   7539.303901  x:  0.77464   1.08660   1.31852   0.78559   0.67589   0.22788   0.93392   0.23147   0.64136   0.36624   0.28357   0.18808   1.83930   0.02182   0.13617   0.14969   0.12172   0.03355   0.00689   1.65779   0.01937   0.00010  
 27 64.6474   7530.520157  x:  0.99443   1.25274   1.49273   0.98186   0.70902   0.27109   0.96813   0.26645   0.66489   0.37391   0.29706   0.18184   2.13955   0.00917   0.15025   0.15311   0.12939   0.03298   0.00833   1.62740   0.01362   0.00010  
 28  0.3514   7528.114480  x:  1.05448   1.27821   1.55847   1.03520   0.72135   0.28573   0.97208   0.27510   0.66107   0.37428   0.29629   0.17848   2.22733   0.00000   0.16040   0.15672   0.12958   0.03737   0.00818   1.62268   0.01359   0.00010  
 29  0.3139   7522.288742  x:  1.47372   1.50228   1.96455   1.40286   0.78136   0.39175   0.99040   0.32967   0.65137   0.37368   0.28002   0.14668   2.81746   0.00000   0.19674   0.15601   0.11846   0.03258   0.00738   1.57553   0.01234   0.00010  
 30  0.7626   7520.835087  x:  1.58001   1.56947   2.06622   1.49663   0.79201   0.41830   0.99069   0.34000   0.65661   0.37520   0.27708   0.14231   2.95583   0.00000   0.15627   0.15590   0.11878   0.03506   0.00798   1.58591   0.01174   0.00010  
 31  0.4790   7520.810081  x:  1.60989   1.58835   2.09471   1.52297   0.79495   0.42575   0.99075   0.34291   0.65808   0.37564   0.27626   0.14112   2.99475   0.01373   0.14511   0.15586   0.11888   0.03578   0.00815   1.58891   0.01156   0.00010  
 32 16.5111   7520.568609  x:  1.61064   1.58847   2.08864   1.52231   0.79090   0.42523   0.98863   0.34276   0.65813   0.37720   0.27642   0.14408   2.99672   0.00000   0.15876   0.15551   0.11954   0.03677   0.00822   1.59602   0.01148   0.00010  
 33  0.0727   7520.466494  x:  1.62124   1.59349   2.09133   1.52988   0.78668   0.42752   0.98525   0.34315   0.65811   0.37860   0.27577   0.14633   3.01062   0.00000   0.16974   0.15501   0.11988   0.03741   0.00830   1.60318   0.01147   0.00010  
 34  0.1882   7519.953799  x:  1.79984   1.69981   2.21853   1.67706   0.76961   0.47127   0.96335   0.35460   0.66548   0.38982   0.26901   0.15783   3.23948   0.00000   0.16329   0.15115   0.12198   0.04199   0.00940   1.66335   0.01095   0.00010  
 35  0.5778   7519.793703  x:  1.87927   1.75415   2.26353   1.74098   0.75308   0.49333   0.95650   0.35757   0.66967   0.39411   0.26836   0.15977   3.33992   0.00000   0.16515   0.15217   0.12060   0.03949   0.00875   1.64778   0.01042   0.00010  
 36  0.1064   7519.653751  x:  1.92358   1.77943   2.26971   1.77091   0.72541   0.50809   0.94125   0.35380   0.66803   0.39707   0.26838   0.16210   3.38349   0.00000   0.16560   0.15371   0.11999   0.03786   0.00800   1.63732   0.01062   0.00010  
 37  0.0633   7519.562874  x:  1.99145   1.80047   2.26822   1.81051   0.68762   0.52885   0.91952   0.34877   0.66079   0.39885   0.27263   0.15851   3.43160   0.00000   0.16184   0.15381   0.12286   0.04004   0.00781   1.64380   0.01051   0.00010  
 38  0.0267   7519.451285  x:  1.96092   1.73016   2.16166   1.75355   0.65579   0.52579   0.90749   0.33417   0.64868   0.39261   0.27976   0.14890   3.31784   0.00000   0.16631   0.15356   0.12195   0.03897   0.00752   1.63940   0.01076   0.00010  
 39  0.0533   7519.346667  x:  1.92096   1.62559   2.05090   1.68139   0.65631   0.51910   0.90861   0.32371   0.65020   0.38726   0.27603   0.15241   3.16938   0.00000   0.16247   0.15259   0.11940   0.03891   0.00814   1.64814   0.01119   0.00010  
 40  0.0600   7519.258088  x:  2.01649   1.62074   2.04131   1.72306   0.64865   0.55010   0.90063   0.32568   0.65673   0.39361   0.26721   0.16339   3.20052   0.00000   0.16285   0.15329   0.12027   0.03916   0.00777   1.63934   0.01105   0.00010  
 41  0.0457   7519.214223  x:  2.02936   1.59443   2.01272   1.71134   0.66317   0.55798   0.90458   0.33135   0.64991   0.39591   0.26862   0.15913   3.15689   0.00000   0.16535   0.15343   0.12199   0.03930   0.00759   1.63161   0.01099   0.00010  
 42  0.0270   7519.187396  x:  2.06943   1.62074   2.04033   1.73735   0.67709   0.57221   0.90251   0.34289   0.64560   0.40113   0.27126   0.15629   3.18198   0.00000   0.16349   0.15338   0.12208   0.03935   0.00757   1.63657   0.01095   0.00010  
 43  0.0304   7519.178635  x:  2.07790   1.61145   2.01705   1.72812   0.67305   0.57925   0.89670   0.34341   0.64659   0.40088   0.27296   0.15640   3.14743   0.00000   0.16420   0.15317   0.12062   0.03908   0.00766   1.63923   0.01100   0.00010  
 44  0.0196   7519.168469  x:  2.07439   1.64504   2.03893   1.72946   0.67215   0.58390   0.89437   0.34719   0.65121   0.40033   0.27506   0.15638   3.14321   0.00000   0.16466   0.15319   0.12065   0.03930   0.00767   1.63786   0.01092   0.00010  
 45  0.0118   7519.158642  x:  2.05597   1.64202   2.02612   1.70513   0.66498   0.58840   0.89358   0.34419   0.65055   0.39917   0.27361   0.15646   3.08764   0.00000   0.16329   0.15327   0.12171   0.03941   0.00757   1.63563   0.01104   0.00010  
 46  0.0208   7519.153073  x:  2.05905   1.64806   2.04300   1.70703   0.65915   0.59477   0.89456   0.34226   0.64710   0.40100   0.27102   0.15734   3.08795   0.00000   0.16453   0.15327   0.12144   0.03914   0.00757   1.63910   0.01102   0.00010  
 47  0.0078   7519.150298  x:  2.06343   1.64274   2.05426   1.70857   0.65731   0.60013   0.89501   0.34161   0.64462   0.40175   0.27175   0.15683   3.08873   0.00000   0.16384   0.15327   0.12086   0.03927   0.00772   1.63990   0.01100   0.00010  
 48  0.0052   7519.147659  x:  2.05727   1.63044   2.06394   1.70547   0.65563   0.60329   0.89613   0.33991   0.64541   0.40106   0.27256   0.15709   3.09189   0.00000   0.16414   0.15337   0.12115   0.03920   0.00766   1.63518   0.01101   0.00010  
 49  0.0052   7519.145365  x:  2.05425   1.62658   2.06709   1.70489   0.65480   0.60887   0.89220   0.34136   0.64748   0.40085   0.27330   0.15647   3.10025   0.00000   0.16424   0.15302   0.12147   0.03930   0.00757   1.64153   0.01101   0.00010  
 50  0.0030   7519.142107  x:  2.04028   1.62702   2.06186   1.70124   0.65342   0.61426   0.88872   0.34333   0.64735   0.40244   0.27190   0.15654   3.11198   0.00000   0.16368   0.15351   0.12112   0.03921   0.00748   1.63831   0.01100   0.00010  
 51  0.0044   7519.140243  x:  2.03379   1.62874   2.05424   1.69928   0.65092   0.61854   0.88587   0.34462   0.64484   0.40390   0.27231   0.15657   3.11536   0.00000   0.16422   0.15336   0.12108   0.03929   0.00769   1.63723   0.01102   0.00010  
 52  0.0061   7519.139781  x:  2.03228   1.63158   2.05209   1.70028   0.65076   0.61965   0.88737   0.34436   0.64393   0.40382   0.27237   0.15691   3.11799   0.00000   0.16400   0.15318   0.12126   0.03912   0.00771   1.63799   0.01101   0.00010  
 53  0.0021   7519.139576  x:  2.03059   1.63271   2.04990   1.70082   0.65101   0.61996   0.88869   0.34361   0.64412   0.40317   0.27232   0.15701   3.11804   0.00000   0.16408   0.15333   0.12120   0.03925   0.00766   1.63825   0.01101   0.00010  
 54  0.0013   7519.139426  x:  2.03089   1.63418   2.05004   1.70398   0.65129   0.62077   0.88841   0.34309   0.64467   0.40292   0.27255   0.15663   3.11861   0.00000   0.16409   0.15326   0.12111   0.03919   0.00768   1.63789   0.01101   0.00010  
 55  0.0008   7519.139320  x:  2.02888   1.63343   2.04952   1.70535   0.65160   0.62063   0.88819   0.34264   0.64506   0.40308   0.27234   0.15673   3.11657   0.00000   0.16408   0.15327   0.12123   0.03919   0.00772   1.63778   0.01101   0.00010  
 56  0.0012   7519.139149  x:  2.02711   1.63294   2.04946   1.70952   0.65161   0.62070   0.88724   0.34280   0.64415   0.40397   0.27259   0.15671   3.11426   0.00000   0.16409   0.15338   0.12119   0.03919   0.00769   1.63817   0.01101   0.00010  
 57  0.0011   7519.139098  x:  2.02502   1.63255   2.04975   1.71017   0.65138   0.62066   0.88732   0.34312   0.64413   0.40370   0.27242   0.15680   3.11273   0.00000   0.16407   0.15324   0.12118   0.03922   0.00767   1.63802   0.01102   0.00010  
 58  0.0011   7519.139078  x:  2.02586   1.63236   2.04964   1.71132   0.65102   0.62065   0.88748   0.34342   0.64424   0.40335   0.27241   0.15682   3.11312   0.00000   0.16409   0.15326   0.12119   0.03921   0.00767   1.63794   0.01101   0.00010  
 59  0.0007   7519.139076  x:  2.02556   1.63235   2.04975   1.71122   0.65098   0.62069   0.88755   0.34346   0.64430   0.40333   0.27240   0.15682   3.11294   0.00000   0.16408   0.15329   0.12119   0.03921   0.00768   1.63802   0.01101   0.00010  
 60  0.0003   7519.139075  x:  2.02550   1.63234   2.04976   1.71125   0.65089   0.62068   0.88767   0.34348   0.64435   0.40334   0.27241   0.15681   3.11293   0.00000   0.16408   0.15329   0.12119   0.03921   0.00768   1.63805   0.01101   0.00010  
 61  0.0001   7519.139075  x:  2.02559   1.63234   2.04971   1.71128   0.65086   0.62068   0.88770   0.34347   0.64436   0.40337   0.27242   0.15681   3.11298   0.00000   0.16408   0.15328   0.12119   0.03921   0.00768   1.63803   0.01101   0.00010  
 62  0.0001   7519.139075  x:  2.02559   1.63234   2.04971   1.71128   0.65087   0.62068   0.88770   0.34347   0.64436   0.40337   0.27242   0.15681   3.11298   0.00000   0.16408   0.15328   0.12119   0.03921   0.00768   1.63803   0.01101   0.00010  