

TREE # 1

  0  0.0000   3626.002856  x:  0.29536   0.38608   0.45507   0.10163   0.45501   0.22890   0.40562   0.04614   0.27721   0.13439   0.19990   0.09974   0.65268   0.06263   0.05173   0.02158   0.05465   0.00000   0.12585   2.00000   0.20000   0.20000  
  1 99.0000   3615.006706  x:  0.29660   0.38670   0.45591   0.10324   0.45517   0.22914   0.40574   0.04721   0.27743   0.13463   0.20002   0.09987   0.65337   0.06244   0.05179   0.02306   0.05508   0.03698   0.12530   1.99973   0.19814   0.20000  
  2 5274.8715   3563.814975  x:  0.36357   0.41965   0.50102   0.18921   0.46355   0.24205   0.41252   0.10395   0.28929   0.14758   0.20621   0.10646   0.69072   0.05216   0.05524   0.08857   0.05008   0.03636   0.08433   1.98530   0.10537   0.19632  
  3 497.5265   3514.049110  x:  0.48378   0.48226   0.58828   0.33012   0.48253   0.26530   0.42613   0.18709   0.31275   0.17070   0.21849   0.11753   0.76345   0.03571   0.06227   0.14070   0.03864   0.03661   0.01344   1.95309   0.16064   0.18912  
  4 759.6247   3483.427863  x:  0.69058   0.59798   0.75695   0.53139   0.51706   0.29553   0.44147   0.27058   0.35073   0.19773   0.23969   0.12203   0.90693   0.01970   0.08312   0.06775   0.03501   0.03611   0.18657   1.88119   0.17770   0.17040  
  5 481.0818   3474.539996  x:  0.72149   0.61657   0.78723   0.54974   0.52253   0.29626   0.44048   0.26431   0.35444   0.19633   0.24238   0.11659   0.93441   0.02038   0.08494   0.01941   0.04028   0.03640   0.17443   1.86439   0.16582   0.16533  
  6 292.5146   3452.831671  x:  0.85246   0.71052   0.96305   0.51899   0.55415   0.27194   0.41530   0.07422   0.36099   0.15249   0.25362   0.05010   1.10504   0.05349   0.09995   0.02560   0.12272   0.03541   0.15465   1.73759   0.14802   0.12357  
  7 171.9368   3444.374776  x:  0.89324   0.74232   1.03737   0.45985   0.57149   0.25614   0.41730   0.02160   0.37238   0.15455   0.26862   0.04802   1.18615   0.02697   0.06958   0.02986   0.06964   0.03621   0.14788   1.66529   0.13798   0.09745  
  8 169.9956   3429.929484  x:  0.94949   0.79504   1.18054   0.28115   0.60876   0.21820   0.42749   0.04486   0.38876   0.15366   0.29365   0.03277   1.35161   0.05279   0.06835   0.03448   0.01495   0.03712   0.13414   1.50663   0.12195   0.03614  
  9 267.2669   3422.810704  x:  0.97332   0.81660   1.24867   0.18762   0.62918   0.20070   0.43897   0.06371   0.40123   0.16701   0.31026   0.04204   1.43576   0.03583   0.04566   0.03552   0.03100   0.03698   0.12808   1.42261   0.11454   0.00010  
 10 521.2693   3420.793357  x:  0.97023   0.80593   1.26516   0.16079   0.64588   0.20282   0.45804   0.05201   0.41158   0.20111   0.32177   0.07607   1.48478   0.02886   0.08465   0.03495   0.03434   0.03700   0.12338   1.36563   0.10939   0.00010  
 11 73.9458   3418.084716  x:  0.94420   0.76599   1.26065   0.16462   0.67057   0.21606   0.47990   0.05314   0.40011   0.20177   0.31065   0.05445   1.55117   0.00000   0.10804   0.03460   0.03465   0.03702   0.12194   1.28357   0.10686   0.00010  
 12 47.9441   3415.549161  x:  0.89992   0.67676   1.23266   0.20079   0.70822   0.23339   0.50727   0.04546   0.38736   0.21530   0.30703   0.05777   1.67533   0.05167   0.06078   0.03419   0.03425   0.03704   0.12190   1.13788   0.10316   0.00010  
 13 60.4120   3414.433156  x:  0.90538   0.62169   1.20420   0.21669   0.69592   0.17637   0.45397   0.05471   0.39943   0.17702   0.33263   0.08511   1.76777   0.04195   0.06847   0.03410   0.03444   0.03707   0.12172   1.13087   0.10382   0.00010  
 14 10.7067   3412.548522  x:  0.96362   0.56426   1.15745   0.19735   0.68402   0.15953   0.44071   0.05617   0.43620   0.22274   0.27365   0.05826   1.91989   0.04364   0.06604   0.03393   0.03405   0.03715   0.11848   1.20228   0.10079   0.00010  
 15 10.1923   3409.149962  x:  1.05236   0.55342   1.09549   0.15493   0.69377   0.25527   0.49515   0.05646   0.36801   0.18747   0.32269   0.06965   2.12563   0.04662   0.06426   0.03310   0.03424   0.03733   0.11044   1.31219   0.09196   0.00010  
 16 17.4223   3398.518658  x:  0.99728   0.87661   1.07329   0.21165   0.61556   0.23849   0.51301   0.07141   0.40810   0.19091   0.32556   0.04837   2.30163   0.05058   0.06419   0.03021   0.03682   0.03781   0.08594   1.22442   0.06674   0.00010  
 17  8.7729   3395.946697  x:  1.09253   0.80245   1.16011   0.21178   0.63286   0.25125   0.41543   0.08154   0.32040   0.23027   0.28956   0.06379   2.21405   0.04288   0.06790   0.03006   0.03562   0.03786   0.08208   1.15508   0.06343   0.00010  
 18 11.3208   3393.550663  x:  1.21577   0.64818   1.27009   0.21898   0.65069   0.23221   0.46421   0.08195   0.38582   0.19282   0.31265   0.04308   2.07759   0.04381   0.07315   0.02942   0.03936   0.03777   0.07806   1.09757   0.05908   0.00010  
 19 18.1648   3391.499960  x:  1.21721   0.61032   1.34806   0.27034   0.60603   0.15234   0.53811   0.08297   0.31386   0.22595   0.32853   0.02922   2.05234   0.04560   0.07410   0.03068   0.04346   0.03740   0.07727   1.12983   0.06074   0.00010  
 20  4.2784   3377.594077  x:  1.04159   0.52099   1.80066   0.59611   0.66865   0.34120   0.44684   0.12220   0.41862   0.23102   0.32584   0.05980   1.94122   0.04364   0.07763   0.04103   0.07418   0.03417   0.06464   1.41974   0.06422   0.00010  
 21 10.0190   3367.143073  x:  1.45617   0.72519   1.41883   0.69315   0.73341   0.31489   0.47165   0.14252   0.43562   0.14092   0.18976   0.14082   1.77898   0.02194   0.10442   0.04710   0.09266   0.03220   0.05923   1.27575   0.06928   0.00010  
 22 13.2799   3365.435735  x:  1.53630   0.75994   1.32374   0.70804   0.75695   0.31372   0.42979   0.14780   0.45084   0.21545   0.30616   0.05134   1.75195   0.01720   0.10979   0.04807   0.09623   0.03192   0.05766   1.24353   0.06998   0.00010  
 23 17.6713   3355.733022  x:  1.63862   0.90873   1.54555   0.77909   1.25396   0.07913   0.50858   0.17699   0.42830   0.24415   0.33054   0.05954   2.06422   0.02030   0.08055   0.05926   0.07793   0.03400   0.02410   1.30036   0.05835   0.00010  
 24  1.4874   3351.036940  x:  1.72630   0.93113   1.67928   0.78183   0.97283   0.18404   0.52158   0.19583   0.45424   0.23956   0.33783   0.06819   2.25019   0.01160   0.07550   0.06519   0.06856   0.03505   0.01014   1.22207   0.05720   0.00010  
 25  9.5018   3341.467791  x:  1.94942   1.00766   1.99130   0.81974   0.62457   0.29891   0.56846   0.24062   0.48824   0.23686   0.35999   0.07113   2.71608   0.01251   0.05020   0.07972   0.04720   0.03672   0.03645   1.08778   0.05179   0.00010  
 26  1.6630   3332.718024  x:  2.14361   1.11878   2.22004   0.90385   0.77084   0.28615   0.54509   0.28498   0.48903   0.21888   0.38174   0.00000   3.05491   0.03769   0.06218   0.08396   0.05575   0.03659   0.04024   1.08659   0.04532   0.00010  
 27  1.0954   3322.791913  x:  2.89304   1.33641   2.87073   1.22607   1.36015   0.13838   0.55745   0.40203   0.52130   0.19241   0.40438   0.00866   3.83176   0.03907   0.06410   0.09518   0.04227   0.03752   0.05000   1.13767   0.03159   0.00010  
 28  1.0410   3318.168468  x:  3.25785   1.38332   3.18522   1.37020   1.57348   0.08112   0.53601   0.45905   0.54312   0.16481   0.40649   0.00422   4.10613   0.04058   0.07480   0.09521   0.04172   0.03755   0.05414   1.16966   0.03569   0.00010  
 29  1.5345   3311.870191  x:  4.33198   1.64581   3.93360   1.84682   1.70711   0.17022   0.53088   0.60612   0.62761   0.14965   0.36225   0.04080   5.03648   0.04625   0.09560   0.08782   0.05342   0.03602   0.06165   1.12334   0.02506   0.00010  
 30  0.8014   3308.336667  x:  5.24195   1.80151   4.53439   2.22746   1.83043   0.23806   0.54620   0.71619   0.67483   0.16350   0.33645   0.05320   5.68670   0.05391   0.07947   0.06856   0.04957   0.03524   0.06065   1.14187   0.02543   0.00010  
 31  0.5827   3306.173983  x:  6.13251   2.00419   5.15325   2.59999   2.01111   0.26928   0.57145   0.83033   0.71708   0.16551   0.33785   0.04892   6.41784   0.05859   0.06803   0.05683   0.04535   0.03475   0.06036   1.13725   0.02004   0.00010  
 32  1.6400   3304.898178  x:  7.10130   2.21427   5.74173   3.00246   2.13825   0.31601   0.63258   0.94109   0.72138   0.15045   0.38270   0.03603   7.12504   0.04871   0.05272   0.04482   0.04486   0.03329   0.05026   1.14882   0.01838   0.00010  
 33  0.5271   3304.115616  x:  7.48205   2.32524   5.94442   3.16297   2.14606   0.32732   0.67570   0.98168   0.70123   0.12811   0.40145   0.02894   7.42215   0.03058   0.07715   0.05868   0.05268   0.03172   0.04273   1.13243   0.01797   0.00010  
 34  0.2591   3303.947724  x:  7.79507   2.40415   6.15070   3.29653   2.19681   0.33549   0.69617   1.01845   0.70743   0.12795   0.39747   0.03187   7.67918   0.03093   0.07823   0.05977   0.05230   0.03124   0.04104   1.12986   0.01676   0.00010  
 35  0.8452   3303.639870  x:  8.32155   2.54338   6.49635   3.52745   2.27508   0.34293   0.75464   1.06986   0.70956   0.15032   0.36051   0.05180   8.11424   0.04385   0.06956   0.06346   0.04526   0.03042   0.03693   1.14884   0.01607   0.00010  
 36  0.3539   3303.464653  x:  8.94693   2.72790   6.87841   3.82109   2.38536   0.35857   0.80078   1.13118   0.70720   0.15405   0.35620   0.05418   8.61434   0.03972   0.07824   0.05965   0.05253   0.02841   0.04004   1.14427   0.01522   0.00010  
 37  0.1741   3303.379447  x:  9.41117   2.86540   7.18420   4.02754   2.48887   0.35911   0.84054   1.17711   0.70760   0.15862   0.35943   0.05468   9.00450   0.04105   0.07423   0.05998   0.04920   0.02766   0.04103   1.13945   0.01427   0.00010  
 38  0.4581   3303.330427  x:  9.49100   2.90503   7.24250   4.06721   2.52553   0.35015   0.85395   1.18007   0.70415   0.16159   0.36471   0.05308   9.08683   0.04246   0.07013   0.06094   0.04605   0.02764   0.04269   1.13822   0.01434   0.00010  
 39  0.1604   3303.291656  x:  9.84370   3.04884   7.47444   4.24371   2.61152   0.34650   0.88795   1.20673   0.70338   0.15964   0.37069   0.05056   9.41430   0.04096   0.07311   0.06293   0.04834   0.02676   0.04435   1.13960   0.01381   0.00010  
 40  0.1778   3303.141234  x:  9.68885   3.15682   7.42821   4.23336   2.63549   0.31962   0.88902   1.15476   0.72335   0.15157   0.36632   0.04858   9.44287   0.04623   0.06815   0.06552   0.04741   0.02800   0.04284   1.14923   0.01408   0.00010  
 41  0.0260   3302.936127  x:  9.52399   3.47695   7.45186   4.30437   2.72585   0.26985   0.89288   1.04875   0.77581   0.12819   0.36395   0.04601   9.68039   0.05170   0.06161   0.06576   0.04708   0.03075   0.03984   1.15197   0.01381   0.00010  
 42  0.2490   3302.823377  x:  9.45293   3.54184   7.42944   4.31429   2.72241   0.28016   0.87707   1.01295   0.77561   0.12822   0.37407   0.04673   9.70174   0.04171   0.07189   0.05926   0.05051   0.03121   0.04234   1.13548   0.01366   0.00010  
 43  0.0473   3302.676163  x:  9.03820   3.52713   7.21682   4.17754   2.60763   0.32073   0.84472   0.91221   0.72926   0.17034   0.37903   0.04185   9.49932   0.03288   0.07909   0.05996   0.04460   0.03258   0.04136   1.13920   0.01413   0.00010  
 44  0.0948   3302.583259  x:  9.05979   3.62484   7.26242   4.24417   2.58305   0.35500   0.85033   0.86362   0.69443   0.19385   0.38150   0.03313   9.62594   0.03824   0.07723   0.06328   0.04855   0.03207   0.04141   1.14747   0.01406   0.00010  
 45  0.0813   3302.533122  x:  9.08870   3.59558   7.28142   4.26200   2.55965   0.37906   0.84101   0.84732   0.67888   0.19672   0.38608   0.03510   9.62040   0.04503   0.06714   0.06029   0.04883   0.03153   0.04196   1.13838   0.01394   0.00010  
 46  0.0239   3302.455515  x:  8.56307   3.30226   6.95994   4.03044   2.40329   0.39018   0.76025   0.73186   0.68493   0.16373   0.37614   0.04537   9.08312   0.05164   0.06194   0.05990   0.04909   0.03115   0.04003   1.14609   0.01508   0.00010  
 47  0.1155   3302.351804  x:  9.16790   3.29158   7.30183   4.23976   2.49896   0.38710   0.79878   0.81461   0.68613   0.16682   0.37499   0.04233   9.39788   0.04632   0.06807   0.06254   0.04704   0.02870   0.04229   1.14881   0.01438   0.00010  
 48  0.4426   3302.268801  x:  9.21761   3.29080   7.37421   4.30753   2.51034   0.38442   0.77796   0.73318   0.69687   0.17188   0.37907   0.03314   9.44738   0.03898   0.07498   0.06186   0.04624   0.02802   0.04303   1.14577   0.01415   0.00010  
 49  0.0810   3302.239633  x:  9.16345   3.14182   7.31733   4.26683   2.48338   0.37222   0.75799   0.70419   0.70965   0.16314   0.37975   0.03320   9.26977   0.04167   0.07155   0.06159   0.04721   0.02713   0.04222   1.14537   0.01446   0.00010  
 50  0.1662   3302.213711  x:  9.28596   3.12832   7.36250   4.30967   2.52225   0.34772   0.78287   0.71730   0.71249   0.18225   0.38892   0.02750   9.29762   0.04220   0.06998   0.06201   0.04796   0.02685   0.04166   1.14175   0.01435   0.00010  
 51  0.0684   3302.203869  x:  9.14523   3.08319   7.27411   4.25286   2.49999   0.33846   0.77769   0.68442   0.70494   0.19098   0.39420   0.02459   9.17852   0.04109   0.07211   0.06182   0.04761   0.02733   0.04185   1.14101   0.01453   0.00010  
 52  0.1150   3302.194341  x:  9.12100   3.02730   7.23905   4.21796   2.50490   0.31753   0.78801   0.69255   0.70211   0.18470   0.39478   0.02582   9.10374   0.04227   0.07215   0.06147   0.04743   0.02775   0.04217   1.14201   0.01461   0.00010  
 53  0.0443   3302.189894  x:  9.16665   3.03347   7.26585   4.24031   2.50799   0.31557   0.79585   0.68413   0.69477   0.18451   0.39092   0.02577   9.13437   0.04286   0.07086   0.06149   0.04766   0.02784   0.04191   1.14365   0.01458   0.00010  
 54  0.0296   3302.187628  x:  9.18190   3.02672   7.26557   4.24117   2.50517   0.31269   0.79819   0.68558   0.69516   0.18475   0.38626   0.02877   9.12937   0.04129   0.07202   0.06097   0.04775   0.02810   0.04173   1.14284   0.01458   0.00010  
 55  0.0084   3302.184331  x:  9.22727   3.03005   7.27985   4.25279   2.49406   0.31641   0.79873   0.68669   0.69306   0.18545   0.38651   0.03065   9.14844   0.04143   0.07178   0.06196   0.04777   0.02865   0.04221   1.14321   0.01455   0.00010  
 56  0.0092   3302.182385  x:  9.25698   3.01927   7.28759   4.25758   2.48720   0.31705   0.79348   0.68620   0.69855   0.18401   0.38841   0.02792   9.14597   0.04175   0.07112   0.06167   0.04799   0.02897   0.04212   1.14316   0.01454   0.00010  
 57  0.0154   3302.181871  x:  9.27476   3.03008   7.29600   4.26382   2.48704   0.31972   0.79378   0.68862   0.69739   0.18526   0.38912   0.02721   9.16231   0.04179   0.07154   0.06150   0.04779   0.02913   0.04200   1.14336   0.01452   0.00010  
 58  0.0135   3302.181683  x:  9.29790   3.03010   7.30633   4.27325   2.49258   0.31857   0.79419   0.68749   0.69789   0.18495   0.38948   0.02761   9.16995   0.04188   0.07158   0.06145   0.04776   0.02910   0.04192   1.14300   0.01450   0.00010  
 59  0.0109   3302.181351  x:  9.31253   3.04046   7.30621   4.27832   2.50153   0.32095   0.79228   0.68996   0.69707   0.18469   0.38891   0.02790   9.17452   0.04186   0.07150   0.06148   0.04787   0.02914   0.04188   1.14325   0.01448   0.00010  
 60  0.0037   3302.181236  x:  9.30263   3.03420   7.29368   4.27181   2.50318   0.31908   0.79154   0.68804   0.69693   0.18522   0.38903   0.02764   9.15603   0.04184   0.07155   0.06154   0.04780   0.02920   0.04191   1.14320   0.01450   0.00010  
 61  0.0165   3302.181156  x:  9.30463   3.03334   7.28684   4.27024   2.50232   0.32044   0.79198   0.68800   0.69739   0.18481   0.38877   0.02770   9.14699   0.04180   0.07154   0.06149   0.04779   0.02918   0.04200   1.14268   0.01451   0.00010  
 62  0.0019   3302.181075  x:  9.30654   3.03789   7.28302   4.27056   2.49997   0.32208   0.79377   0.68745   0.69773   0.18478   0.38897   0.02759   9.14571   0.04184   0.07157   0.06153   0.04778   0.02917   0.04194   1.14301   0.01451   0.00010  
 63  0.0030   3302.181063  x:  9.30431   3.03636   7.27944   4.26862   2.49944   0.32151   0.79351   0.68731   0.69749   0.18483   0.38914   0.02764   9.14056   0.04177   0.07160   0.06151   0.04780   0.02918   0.04193   1.14327   0.01451   0.00010  
 64  0.0021   3302.181020  x:  9.30499   3.04071   7.27430   4.26735   2.49783   0.32037   0.79276   0.68721   0.69747   0.18479   0.38909   0.02764   9.13620   0.04178   0.07156   0.06151   0.04778   0.02914   0.04194   1.14352   0.01452   0.00010  
 65  0.0014   3302.181011  x:  9.30548   3.04079   7.27429   4.26734   2.49717   0.32043   0.79260   0.68716   0.69728   0.18491   0.38900   0.02760   9.13602   0.04182   0.07156   0.06152   0.04778   0.02912   0.04195   1.14317   0.01452   0.00010  
 66  0.0008   3302.181011  x:  9.30538   3.04097   7.27426   4.26726   2.49741   0.32029   0.79265   0.68719   0.69733   0.18488   0.38902   0.02760   9.13607   0.04182   0.07157   0.06152   0.04778   0.02913   0.04194   1.14313   0.01452   0.00010  
 67  0.0002   3302.181009  x:  9.30509   3.04044   7.27401   4.26645   2.49702   0.32040   0.79256   0.68712   0.69724   0.18491   0.38902   0.02761   9.13501   0.04181   0.07156   0.06152   0.04778   0.02913   0.04194   1.14313   0.01452   0.00010  
 68  0.0002   3302.181004  x:  9.30613   3.04001   7.27556   4.26384   2.49659   0.32067   0.79248   0.68701   0.69714   0.18494   0.38902   0.02761   9.13381   0.04181   0.07156   0.06152   0.04777   0.02912   0.04193   1.14313   0.01452   0.00010  
 69  0.0016   3302.181000  x:  9.30863   3.04148   7.27830   4.26411   2.49779   0.32048   0.79278   0.68716   0.69736   0.18490   0.38901   0.02760   9.13667   0.04181   0.07157   0.06152   0.04778   0.02913   0.04195   1.14317   0.01451   0.00010  
 70  0.0022   3302.181000  x:  9.30847   3.04138   7.27810   4.26411   2.49771   0.32049   0.79276   0.68715   0.69734   0.18491   0.38901   0.02760   9.13651   0.04181   0.07157   0.06152   0.04778   0.02913   0.04195   1.14317   0.01451   0.00010  
 71  0.0008   3302.181000  x:  9.30830   3.04127   7.27786   4.26409   2.49763   0.32050   0.79274   0.68714   0.69733   0.18491   0.38902   0.02760   9.13635   0.04181   0.07157   0.06152   0.04778   0.02913   0.04194   1.14316   0.01451   0.00010  
 72  0.0007   3302.181000  x:  9.30808   3.04112   7.27748   4.26403   2.49751   0.32052   0.79271   0.68712   0.69730   0.18491   0.38902   0.02761   9.13618   0.04181   0.07157   0.06152   0.04778   0.02913   0.04194   1.14316   0.01451   0.00010  
 73  0.0006   3302.181000  x:  9.30786   3.04090   7.27687   4.26385   2.49735   0.32054   0.79266   0.68710   0.69727   0.18492   0.38902   0.02761   9.13611   0.04181   0.07157   0.06152   0.04778   0.02912   0.04194   1.14316   0.01452   0.00010  
 74  0.0005   3302.180999  x:  9.30803   3.04073   7.27603   4.26330   2.49727   0.32055   0.79263   0.68706   0.69725   0.18493   0.38902   0.02761   9.13678   0.04181   0.07157   0.06152   0.04778   0.02912   0.04194   1.14315   0.01452   0.00010  
 75  0.0005   3302.180998  x:  9.30937   3.04131   7.27685   4.26288   2.49776   0.32049   0.79274   0.68711   0.69734   0.18491   0.38902   0.02760   9.13854   0.04181   0.07158   0.06152   0.04778   0.02912   0.04195   1.14316   0.01451   0.00010  
 76  0.0008   3302.180998  x:  9.30926   3.04127   7.27683   4.26293   2.49773   0.32049   0.79273   0.68711   0.69734   0.18491   0.38902   0.02760   9.13838   0.04181   0.07158   0.06152   0.04778   0.02912   0.04194   1.14316   0.01451   0.00010  
 77  0.0007   3302.180998  x:  9.30926   3.04127   7.27683   4.26293   2.49772   0.32049   0.79273   0.68711   0.69734   0.18491   0.38902   0.02760   9.13838   0.04181   0.07158   0.06152   0.04778   0.02912   0.04194   1.14316   0.01451   0.00010  
 78  0.0005   3302.180998  x:  9.30926   3.04127   7.27683   4.26293   2.49772   0.32049   0.79273   0.68711   0.69734   0.18491   0.38902   0.02760   9.13838   0.04181   0.07158   0.06152   0.04778   0.02912   0.04194   1.14316   0.01451   0.00010  
 79  0.0004   3302.180998  x:  9.30926   3.04127   7.27683   4.26293   2.49772   0.32049   0.79273   0.68711   0.69734   0.18491   0.38902   0.02760   9.13838   0.04181   0.07158   0.06152   0.04778   0.02912   0.04194   1.14316   0.01451   0.00010  
 80  0.0004   3302.180998  x:  9.30926   3.04127   7.27683   4.26293   2.49772   0.32049   0.79273   0.68711   0.69734   0.18491   0.38902   0.02760   9.13838   0.04181   0.07158   0.06152   0.04778   0.02912   0.04194   1.14316   0.01451   0.00010  
 81  0.0005   3302.180998  x:  9.30926   3.04127   7.27683   4.26293   2.49772   0.32049   0.79273   0.68711   0.69734   0.18491   0.38902   0.02760   9.13838   0.04181   0.07158   0.06152   0.04778   0.02912   0.04194   1.14316   0.01451   0.00010  
 82  0.0138   3302.180998  x:  9.30926   3.04127   7.27683   4.26293   2.49772   0.32049   0.79273   0.68711   0.69734   0.18491   0.38902   0.02760   9.13838   0.04181   0.07158   0.06152   0.04778   0.02912   0.04194   1.14316   0.01451   0.00010  