

TREE # 1

  0  0.0000   7903.402766  x:  0.06009   1.10374   1.13173   0.20253   0.92879   0.02223   0.95838   0.20109   0.69715   0.69336   1.01107   0.13945   0.00945   0.13568   0.10803   0.02345   0.01888   2.00000   0.20000  
  1 99.0000   7217.651277  x:  0.06469   1.09896   1.12781   0.20470   0.92330   0.02599   0.95333   0.19631   0.69140   0.68728   1.00831   0.13798   0.01660   0.13498   0.10708   0.02840   0.01410   2.00271   0.02307  
  2 3526.8648   7198.788130  x:  0.12798   1.10095   1.13220   0.23390   0.92258   0.06842   0.95307   0.20128   0.68975   0.68361   1.01795   0.13976   0.04106   0.14253   0.11427   0.04361   0.00576   1.99949   0.01645  
  3 433.1926   7187.210843  x:  0.15244   1.08396   1.11949   0.25262   0.90185   0.08244   0.93414   0.18493   0.66777   0.65944   1.01275   0.12575   0.05976   0.13975   0.11006   0.04667   0.00000   2.00744   0.01873  
  4 298.0582   7172.688155  x:  0.22814   1.03316   1.08197   0.31205   0.83945   0.12523   0.87724   0.13683   0.60177   0.58645   0.99896   0.08075   0.11219   0.13298   0.10069   0.05667   0.03339   2.03058   0.02435  
  5 3352.4482   7164.888304  x:  0.25634   1.01855   1.07315   0.34121   0.81985   0.13835   0.85965   0.12829   0.58259   0.56378   1.00219   0.05483   0.11021   0.13744   0.10704   0.01926   0.03938   2.03408   0.02439  
  6 384.6016   7162.408930  x:  0.26369   1.01056   1.07049   0.36571   0.80739   0.13581   0.84891   0.13218   0.57375   0.55153   1.01249   0.03520   0.08982   0.14522   0.12014   0.02688   0.03725   2.03160   0.02436  
  7 148.9361   7156.684654  x:  0.25756   0.97739   1.06534   0.48143   0.75130   0.09246   0.80177   0.17225   0.54511   0.50479   1.07911   0.07593   0.07884   0.17122   0.15875   0.02755   0.03556   2.00785   0.02440  
  8 117.9240   7151.382310  x:  0.25311   0.94938   1.06700   0.59727   0.70124   0.06855   0.75986   0.21903   0.53110   0.47058   1.15884   0.10155   0.04699   0.14273   0.11428   0.02935   0.03552   1.97424   0.02337  
  9 175.8605   7149.473541  x:  0.19435   0.92202   1.06282   0.64101   0.67019   0.12606   0.72868   0.21796   0.54930   0.47055   1.22626   0.09420   0.05518   0.13953   0.11399   0.02944   0.03534   1.93542   0.02341  
 10 42.2078   7148.436321  x:  0.19456   0.90255   1.06155   0.64220   0.64339   0.11400   0.70182   0.18147   0.57834   0.49087   1.29492   0.07699   0.07225   0.15323   0.10475   0.02996   0.03529   1.88706   0.02320  
 11 27.4820   7148.068121  x:  0.19797   0.89400   1.06041   0.63766   0.63448   0.10918   0.69257   0.16869   0.58624   0.49680   1.32211   0.07277   0.07706   0.13945   0.11388   0.02981   0.03509   1.86633   0.02315  
 12 55.9794   7147.197071  x:  0.21712   0.84942   1.04325   0.56940   0.62819   0.12104   0.68049   0.17166   0.55435   0.47696   1.40381   0.08491   0.06292   0.14341   0.11428   0.02938   0.03540   1.78639   0.02340  
 13 16.0036   7146.930037  x:  0.21541   0.83408   1.03380   0.56839   0.64339   0.11165   0.69556   0.19166   0.54133   0.47965   1.41780   0.06280   0.08536   0.14190   0.11399   0.02919   0.03548   1.76265   0.02330  
 14  5.4202   7145.780059  x:  0.21838   0.78971   1.00460   0.61671   0.71969   0.10659   0.74792   0.14798   0.52988   0.49119   1.42464   0.07178   0.07752   0.14194   0.11237   0.02989   0.03438   1.70627   0.02275  
 15  4.7993   7140.056582  x:  0.29386   0.71458   0.95704   0.66700   0.77419   0.11662   0.72084   0.22929   0.68581   0.56273   1.37281   0.09695   0.04757   0.14508   0.11781   0.02623   0.03318   1.59079   0.02210  
 16  6.0403   7116.170390  x:  0.42170   1.38791   1.49864   0.84107   0.96924   0.15825   0.80047   0.24884   0.84599   0.36790   1.70025   0.02815   0.11493   0.14844   0.12213   0.02129   0.01774   1.28987   0.01500  
 17 20.9926   7107.457968  x:  0.48188   1.49803   1.63093   0.87409   0.90150   0.19934   0.95946   0.25681   0.69595   0.63937   2.03233   0.04398   0.09565   0.15074   0.12684   0.01861   0.01294   1.55021   0.01315  
 18 28.9164   7106.343638  x:  0.49878   1.44821   1.62261   0.85691   0.96109   0.19084   0.99915   0.26574   0.80067   0.53587   2.14736   0.03518   0.10627   0.15016   0.12684   0.02030   0.01242   1.68658   0.01311  
 19  4.2685   7098.078382  x:  0.57919   1.52730   1.73701   0.91526   0.77143   0.25457   1.09634   0.27265   0.71924   0.62115   2.26908   0.04887   0.11440   0.15156   0.11909   0.04499   0.01221   1.67600   0.01507  
 20  0.7331   7097.399013  x:  0.58810   1.56936   1.72611   0.93080   0.90938   0.25716   0.92277   0.28269   0.66684   0.67161   2.31903   0.04396   0.12102   0.15072   0.11820   0.04642   0.01182   1.70785   0.01503  
 21  3.4575   7089.389537  x:  0.81482   2.00484   1.46554   1.25071   0.80210   0.35725   0.96971   0.33537   0.78640   0.52779   2.86902   0.00000   0.16596   0.15795   0.12016   0.05043   0.00108   1.63243   0.01228  
 22  0.5698   7087.829559  x:  0.85127   1.87310   1.71990   1.29559   0.80622   0.37101   0.95212   0.33871   0.78606   0.51630   2.90818   0.00000   0.18121   0.15953   0.12095   0.05043   0.00000   1.62965   0.01190  
 23  4.5072   7083.090525  x:  1.02917   1.62579   2.15724   1.49151   0.69765   0.46131   0.87776   0.34097   0.75662   0.48067   3.07579   0.00000   0.16889   0.15851   0.12479   0.03710   0.01223   1.67692   0.01260  
 24  0.6728   7081.173887  x:  1.17623   1.70119   2.27559   1.66840   0.65170   0.53313   0.81768   0.34643   0.70855   0.55972   3.25953   0.00000   0.15149   0.15037   0.11856   0.03754   0.01232   1.61040   0.01092  
 25  0.3260   7081.106120  x:  1.18842   1.70751   2.28522   1.68305   0.64790   0.53908   0.81272   0.34689   0.70462   0.56623   3.27480   0.00964   0.15009   0.14970   0.11805   0.03757   0.01232   1.60493   0.01078  
 26 46.0255   7080.053701  x:  1.28319   1.79998   2.22183   1.77759   0.63292   0.58028   0.79827   0.35370   0.71260   0.57535   3.41737   0.00000   0.15985   0.15144   0.12063   0.03626   0.01171   1.61424   0.01073  
 27  0.3572   7078.997175  x:  1.54221   1.91989   2.19428   2.00780   0.62763   0.68210   0.81129   0.36595   0.75006   0.59093   3.75144   0.00000   0.18145   0.15459   0.12219   0.03635   0.00915   1.65221   0.01019  
 28  0.4402   7078.499081  x:  1.68348   1.91419   2.28801   2.12554   0.62521   0.74047   0.81170   0.36622   0.75003   0.61645   3.88272   0.00000   0.16158   0.15462   0.12122   0.03721   0.00695   1.66367   0.00980  
 29  0.3975   7078.146942  x:  1.80464   1.80919   2.40563   2.17226   0.69636   0.76882   0.81356   0.36826   0.75124   0.61620   3.86439   0.00000   0.16581   0.15379   0.12069   0.04028   0.00822   1.66410   0.00986  
 30  0.0771   7077.989224  x:  1.88585   1.80395   2.42262   2.20428   0.70713   0.78628   0.84169   0.37335   0.75860   0.60734   3.84111   0.00000   0.16540   0.15493   0.12279   0.03957   0.00883   1.64417   0.00944  
 31  0.0627   7077.672260  x:  1.96863   1.79667   2.31984   2.12981   0.72476   0.77677   0.87267   0.38122   0.73875   0.60589   3.55560   0.00000   0.16194   0.15358   0.12249   0.03618   0.00891   1.60623   0.00985  
 32  0.0956   7077.417393  x:  1.97607   1.82560   2.16327   1.99951   0.75332   0.74054   0.82463   0.38733   0.72918   0.61008   3.30169   0.00000   0.16668   0.15381   0.11951   0.03739   0.00856   1.63752   0.01010  
 33  0.1289   7077.251444  x:  2.00578   1.75357   2.18951   1.93890   0.67672   0.73718   0.81805   0.37363   0.73533   0.60929   3.22939   0.00000   0.16232   0.15503   0.12223   0.03995   0.00777   1.66737   0.01030  
 34  0.0509   7077.193141  x:  2.05495   1.71650   2.17392   1.90882   0.64330   0.74025   0.82547   0.36374   0.73674   0.59772   3.18841   0.00000   0.16581   0.15308   0.12172   0.03844   0.00815   1.64906   0.01038  
 35  0.0447   7077.156681  x:  2.07796   1.70091   2.15857   1.89238   0.66341   0.74337   0.80022   0.35103   0.72781   0.60240   3.25035   0.00000   0.16563   0.15399   0.12089   0.03808   0.00808   1.64152   0.01035  
 36  0.0303   7077.135434  x:  2.07620   1.68364   2.11994   1.82969   0.65989   0.73015   0.81858   0.34127   0.72577   0.60070   3.23776   0.00000   0.16428   0.15440   0.12127   0.03873   0.00801   1.64148   0.01043  
 37  0.0388   7077.131187  x:  2.06823   1.68512   2.12642   1.82587   0.66569   0.72746   0.82451   0.34378   0.72789   0.60093   3.26630   0.00000   0.16505   0.15357   0.12145   0.03859   0.00817   1.64186   0.01042  
 38  0.0155   7077.126379  x:  2.08078   1.68250   2.12962   1.80275   0.66735   0.72263   0.81858   0.34906   0.72830   0.60329   3.26540   0.00000   0.16482   0.15371   0.12148   0.03834   0.00820   1.64248   0.01043  
 39  0.0087   7077.124319  x:  2.09768   1.68791   2.14554   1.81349   0.66557   0.72691   0.82132   0.35216   0.73067   0.60250   3.29202   0.00000   0.16455   0.15412   0.12133   0.03850   0.00813   1.64088   0.01037  
 40  0.0206   7077.123151  x:  2.10523   1.69851   2.14271   1.81027   0.66875   0.72492   0.82206   0.35273   0.73034   0.60037   3.29292   0.00000   0.16492   0.15396   0.12133   0.03863   0.00812   1.64147   0.01035  
 41  0.0051   7077.121858  x:  2.10898   1.70506   2.15489   1.81254   0.66739   0.72233   0.82212   0.35044   0.72923   0.59996   3.29872   0.00000   0.16463   0.15385   0.12161   0.03855   0.00814   1.64340   0.01035  
 42  0.0049   7077.121138  x:  2.11153   1.70883   2.15941   1.81485   0.67129   0.71919   0.82483   0.34964   0.73045   0.60108   3.29538   0.00000   0.16470   0.15407   0.12130   0.03846   0.00817   1.64259   0.01034  
 43  0.0035   7077.120795  x:  2.11215   1.70761   2.15834   1.81465   0.67013   0.71678   0.82503   0.34867   0.73221   0.60105   3.29751   0.00000   0.16486   0.15396   0.12135   0.03854   0.00813   1.64295   0.01034  
 44  0.0018   7077.120283  x:  2.11486   1.70451   2.15506   1.82025   0.67250   0.71320   0.82559   0.34925   0.73244   0.60020   3.29564   0.00000   0.16464   0.15386   0.12159   0.03853   0.00812   1.64164   0.01034  
 45  0.0022   7077.120122  x:  2.11372   1.70382   2.15377   1.82107   0.67208   0.71134   0.82592   0.34954   0.73171   0.60002   3.29686   0.00000   0.16470   0.15397   0.12139   0.03853   0.00814   1.64253   0.01034  
 46  0.0020   7077.120117  x:  2.11410   1.70327   2.15391   1.82114   0.67201   0.71142   0.82600   0.34948   0.73148   0.60014   3.29691   0.00000   0.16472   0.15397   0.12140   0.03852   0.00814   1.64263   0.01034  
 47  0.0005   7077.120116  x:  2.11412   1.70341   2.15400   1.82122   0.67207   0.71142   0.82599   0.34951   0.73149   0.60017   3.29698   0.00000   0.16472   0.15396   0.12140   0.03853   0.00814   1.64267   0.01034  
 48  0.0001   7077.120116  x:  2.11411   1.70341   2.15399   1.82121   0.67207   0.71142   0.82599   0.34951   0.73149   0.60017   3.29697   0.00000   0.16472   0.15396   0.12140   0.03853   0.00814   1.64267   0.01034  