

TREE # 1

  0  0.0000   6539.470094  x:  0.05011   1.12856   1.29420   0.28967   0.88764   0.19823   0.70893   0.15827   0.49115   0.55300   0.98935   0.15636   0.08434   0.11997   0.09730   0.09218   0.00000   2.00000   0.20000   0.20000   0.20000  
  1 99.0000   6530.513675  x:  0.05911   1.13055   1.29711   0.29555   0.88819   0.19919   0.70872   0.16227   0.49143   0.55264   0.99180   0.15845   0.08716   0.12010   0.10035   0.09015   0.04433   1.99815   0.20412   0.19794   0.19489  
  2 1255.3594   6474.864468  x:  0.21304   1.16544   1.34886   0.39932   0.89750   0.21557   0.70429   0.23255   0.49597   0.54543   1.03545   0.19355   0.13442   0.11425   0.12307   0.01679   0.04149   1.96477   0.25433   0.16193   0.10442  
  3 422.6197   6440.796172  x:  0.32057   1.19091   1.38922   0.47613   0.90307   0.22478   0.69795   0.28275   0.49768   0.53733   1.06922   0.21612   0.16398   0.10751   0.13890   0.05650   0.03729   1.93837   0.22879   0.13101   0.02938  
  4 962.5319   6413.735714  x:  0.43242   1.21917   1.43680   0.55998   0.90835   0.23199   0.68825   0.33542   0.49868   0.52619   1.10824   0.24031   0.19353   0.09530   0.15759   0.06408   0.03615   1.90587   0.15612   0.09267   0.05675  
  5 727.0655   6408.547905  x:  0.45593   1.23146   1.46162   0.58785   0.91101   0.23159   0.68248   0.34989   0.50024   0.52064   1.12706   0.23615   0.18605   0.08892   0.15668   0.09031   0.03395   1.88619   0.17770   0.07038   0.08451  
  6 236.1610   6397.027539  x:  0.46031   1.25747   1.52493   0.63112   0.91539   0.22040   0.66366   0.36227   0.50411   0.50494   1.17103   0.19180   0.12433   0.09589   0.13056   0.09031   0.03497   1.83328   0.17308   0.00645   0.08989  
  7 180.3418   6391.903268  x:  0.45637   1.28524   1.59477   0.67315   0.92022   0.20748   0.64348   0.37270   0.50910   0.48892   1.21832   0.16230   0.07841   0.12684   0.10907   0.09207   0.03559   1.77392   0.16937   0.03061   0.09580  
  8 210.5549   6377.272532  x:  0.30537   1.38221   1.87068   0.76232   0.93762   0.14197   0.56596   0.36221   0.53430   0.43560   1.39134   0.21284   0.11792   0.23490   0.07418   0.09298   0.03639   1.53159   0.16251   0.00743   0.09797  
  9 157.0071   6368.643926  x:  0.17581   1.45525   2.08465   0.80481   0.95826   0.11166   0.53484   0.36766   0.55659   0.42148   1.51330   0.22149   0.12786   0.12782   0.12415   0.07945   0.03716   1.36142   0.14819   0.03459   0.08014  
 10 153.8298   6365.583954  x:  0.13320   1.51869   2.24912   0.75992   0.99891   0.18225   0.62949   0.41171   0.56682   0.49683   1.56318   0.21022   0.14088   0.13027   0.11330   0.08057   0.03767   1.35296   0.13738   0.03442   0.08141  
 11 34.3807   6364.609234  x:  0.13989   1.55483   2.32771   0.72844   1.00435   0.18558   0.65239   0.39245   0.55297   0.50228   1.57795   0.20386   0.13756   0.14121   0.14526   0.08138   0.03618   1.37773   0.13637   0.03158   0.08174  
 12 35.3948   6362.855694  x:  0.16631   1.62598   2.47581   0.66880   1.00729   0.17702   0.68138   0.34306   0.52166   0.49800   1.60066   0.20799   0.14300   0.12479   0.12638   0.08173   0.03681   1.43806   0.13424   0.03607   0.08127  
 13 77.8289   6362.204778  x:  0.15389   1.65817   2.54149   0.65895   0.99478   0.15907   0.64860   0.38589   0.55413   0.49358   1.58233   0.22188   0.13313   0.12342   0.12683   0.08124   0.03677   1.49973   0.13401   0.03613   0.08096  
 14 10.5673   6361.542164  x:  0.13421   1.68418   2.59152   0.69932   0.99680   0.21287   0.61850   0.38615   0.55622   0.46119   1.53177   0.20438   0.14745   0.12183   0.12735   0.08063   0.03669   1.53077   0.13321   0.03664   0.08065  
 15  6.2952   6358.939918  x:  0.14592   1.76023   2.71599   0.83003   0.94742   0.19770   0.63445   0.35183   0.57162   0.53375   1.33048   0.20697   0.13851   0.11971   0.12885   0.08181   0.03556   1.48672   0.12801   0.03352   0.07967  
 16  7.7548   6356.047978  x:  0.16230   1.79576   2.79045   0.86100   0.94445   0.16990   0.68509   0.43920   0.48871   0.47432   1.24981   0.22964   0.11527   0.11748   0.13013   0.08080   0.03448   1.42429   0.12394   0.02965   0.07667  
 17 12.5865   6344.961569  x:  0.36472   1.81606   2.94233   0.85823   1.06197   0.16259   0.64192   0.51919   0.63195   0.40994   1.46200   0.13599   0.16036   0.10567   0.13336   0.08406   0.02913   1.29516   0.10032   0.01886   0.07129  
 18 11.4704   6341.517466  x:  0.38456   1.78366   2.98463   0.94469   1.08101   0.20383   0.62522   0.51015   0.61029   0.44450   1.60949   0.22115   0.08897   0.09715   0.13995   0.08183   0.02765   1.33091   0.09349   0.01471   0.06649  
 19 27.4614   6339.500806  x:  0.36883   1.73077   3.01915   1.04077   1.03451   0.17206   0.62247   0.53435   0.53460   0.50128   1.72904   0.17328   0.12679   0.09596   0.14006   0.07987   0.02699   1.39644   0.09282   0.01470   0.06482  
 20 22.8513   6337.096748  x:  0.41202   1.53823   3.13325   1.07569   0.87564   0.20800   0.69657   0.53395   0.60296   0.43367   1.78398   0.17963   0.12328   0.09818   0.13864   0.07946   0.02565   1.40341   0.09566   0.01379   0.06306  
 21  4.3389   6331.363145  x:  0.54461   1.26678   3.34157   1.08074   1.01099   0.21902   0.54628   0.57336   0.53764   0.51160   1.78960   0.19584   0.11610   0.11277   0.13116   0.08050   0.02202   1.38287   0.10381   0.01112   0.06019  
 22  7.2706   6323.706028  x:  0.56973   1.49483   3.33001   1.33024   1.30323   0.07618   0.71630   0.56792   0.65507   0.40847   1.92027   0.20805   0.12763   0.12868   0.12478   0.07892   0.01753   1.51820   0.10477   0.01232   0.05517  
 23  9.9458   6319.623964  x:  0.60952   1.89615   3.21919   1.31094   1.11717   0.18840   0.64242   0.61367   0.62091   0.45113   2.05098   0.21939   0.12759   0.13839   0.12074   0.07821   0.01496   1.48160   0.10605   0.01215   0.05219  
 24 12.6159   6311.376366  x:  0.84437   1.96524   4.02605   1.52477   1.19522   0.23776   0.70501   0.69163   0.69024   0.45080   2.16854   0.20958   0.18099   0.15905   0.11151   0.06836   0.00820   1.42554   0.07986   0.01753   0.04442  
 25  0.5437   6304.700919  x:  1.07762   2.24901   4.88225   1.83588   1.32152   0.25415   0.80153   0.77483   0.73706   0.48834   2.43539   0.17752   0.18164   0.09940   0.14337   0.06024   0.01104   1.41146   0.06783   0.00626   0.06113  
 26  0.5427   6301.595726  x:  1.27849   2.47017   5.39412   2.04805   1.39506   0.27383   0.84524   0.83695   0.75102   0.51082   2.68691   0.18680   0.19174   0.10752   0.13190   0.05317   0.01852   1.45827   0.06553   0.03298   0.06573  
 27  0.5140   6300.417713  x:  1.38879   2.59999   5.69980   2.17357   1.43925   0.28585   0.87691   0.88041   0.77312   0.51221   2.82873   0.18485   0.19274   0.12366   0.12689   0.04891   0.02038   1.45688   0.05824   0.03277   0.06341  
 28  0.7573   6298.836191  x:  1.55442   2.77238   6.05160   2.34902   1.50498   0.28755   0.91578   0.94499   0.80381   0.50064   3.04857   0.18281   0.16900   0.14053   0.12580   0.04376   0.02295   1.44859   0.05593   0.01987   0.05141  
 29  0.4192   6297.861110  x:  1.74009   2.93454   6.43694   2.52223   1.58104   0.30183   0.96280   1.01368   0.84300   0.49912   3.26140   0.18291   0.16115   0.14168   0.12118   0.05592   0.02368   1.44595   0.05087   0.01195   0.05588  
 30  0.4897   6297.455531  x:  1.83385   2.99585   6.62661   2.59915   1.62440   0.31193   0.98544   1.04426   0.85880   0.50731   3.36321   0.18825   0.16888   0.12147   0.12705   0.05850   0.02293   1.45020   0.05004   0.01655   0.05750  
 31  0.1928   6297.193411  x:  2.03248   3.17041   7.06224   2.78601   1.71170   0.32918   1.03944   1.11742   0.89308   0.51923   3.60346   0.18931   0.17403   0.12291   0.12872   0.05624   0.02264   1.44998   0.04595   0.01351   0.05490  
 32  0.3395   6297.112792  x:  2.07805   3.20477   7.14225   2.82092   1.73043   0.33330   1.05212   1.13432   0.89884   0.52393   3.65767   0.18803   0.17649   0.12833   0.12723   0.05606   0.02219   1.45142   0.04603   0.01252   0.05522  
 33  0.2056   6297.059662  x:  2.15508   3.27392   7.31466   2.88602   1.76618   0.34284   1.07758   1.16385   0.91015   0.53320   3.75370   0.18331   0.18099   0.12969   0.12528   0.05503   0.02181   1.45352   0.04467   0.01531   0.05626  
 34  0.1979   6297.042329  x:  2.19302   3.31535   7.40717   2.91550   1.78785   0.34824   1.09501   1.18168   0.91733   0.53678   3.80764   0.18031   0.17894   0.12684   0.12590   0.05495   0.02146   1.45170   0.04404   0.01483   0.05593  
 35  0.0743   6297.031957  x:  2.19495   3.33869   7.43229   2.90821   1.79626   0.35267   1.10724   1.19061   0.91971   0.53768   3.82603   0.18198   0.17561   0.12932   0.12595   0.05601   0.02125   1.45151   0.04388   0.01468   0.05639  
 36  0.0144   6297.021401  x:  2.17013   3.35437   7.43014   2.87775   1.79863   0.35579   1.11587   1.19567   0.91975   0.53743   3.82580   0.18526   0.17454   0.12810   0.12548   0.05543   0.02127   1.45232   0.04386   0.01505   0.05575  
 37  0.0142   6297.017325  x:  2.15354   3.36013   7.42903   2.86335   1.79733   0.35495   1.11505   1.19881   0.91989   0.53746   3.82667   0.18252   0.17750   0.12789   0.12623   0.05530   0.02140   1.45324   0.04392   0.01471   0.05623  
 38  0.0084   6297.015445  x:  2.15644   3.37279   7.45769   2.86983   1.80137   0.35399   1.11482   1.20583   0.92221   0.53815   3.84756   0.18100   0.17873   0.12851   0.12514   0.05532   0.02150   1.45194   0.04375   0.01468   0.05604  
 39  0.0130   6297.013936  x:  2.14742   3.37451   7.46450   2.86896   1.80151   0.35201   1.11152   1.20794   0.92297   0.53763   3.85690   0.18196   0.17798   0.12808   0.12599   0.05553   0.02147   1.45156   0.04377   0.01491   0.05586  
 40  0.0059   6297.013342  x:  2.14731   3.37806   7.47882   2.87563   1.80404   0.35177   1.11203   1.20936   0.92404   0.53751   3.86637   0.18254   0.17737   0.12811   0.12598   0.05548   0.02144   1.45208   0.04365   0.01483   0.05602  
 41  0.0099   6297.012913  x:  2.13979   3.37423   7.47547   2.87587   1.80344   0.35145   1.11155   1.20722   0.92350   0.53717   3.86532   0.18276   0.17698   0.12816   0.12563   0.05535   0.02140   1.45237   0.04373   0.01478   0.05614  
 42  0.0050   6297.012552  x:  2.13633   3.37560   7.48239   2.88096   1.80506   0.35282   1.11404   1.20629   0.92354   0.53768   3.86863   0.18220   0.17751   0.12828   0.12583   0.05536   0.02134   1.45164   0.04368   0.01480   0.05602  
 43  0.0030   6297.012470  x:  2.13483   3.37581   7.48212   2.88235   1.80470   0.35315   1.11391   1.20569   0.92345   0.53776   3.86783   0.18220   0.17768   0.12817   0.12575   0.05549   0.02138   1.45175   0.04368   0.01481   0.05603  
 44  0.0014   6297.012417  x:  2.13500   3.37991   7.48604   2.88517   1.80493   0.35386   1.11428   1.20628   0.92367   0.53810   3.86861   0.18232   0.17754   0.12818   0.12579   0.05543   0.02143   1.45211   0.04366   0.01480   0.05602  
 45  0.0017   6297.012397  x:  2.13471   3.38172   7.48695   2.88598   1.80499   0.35398   1.11427   1.20680   0.92384   0.53809   3.86819   0.18230   0.17753   0.12818   0.12577   0.05543   0.02141   1.45171   0.04365   0.01482   0.05604  
 46  0.0007   6297.012390  x:  2.13396   3.38142   7.48532   2.88611   1.80478   0.35382   1.11398   1.20668   0.92381   0.53792   3.86665   0.18231   0.17754   0.12818   0.12578   0.05544   0.02139   1.45179   0.04366   0.01480   0.05603  
 47  0.0011   6297.012388  x:  2.13400   3.38156   7.48566   2.88634   1.80502   0.35373   1.11408   1.20690   0.92385   0.53792   3.86676   0.18228   0.17755   0.12819   0.12577   0.05545   0.02139   1.45190   0.04366   0.01481   0.05603  
 48  0.0002   6297.012387  x:  2.13410   3.38138   7.48584   2.88668   1.80517   0.35365   1.11419   1.20703   0.92383   0.53796   3.86677   0.18229   0.17755   0.12818   0.12578   0.05544   0.02140   1.45185   0.04366   0.01481   0.05603  
 49  0.0001   6297.012387  x:  2.13403   3.38128   7.48562   2.88661   1.80511   0.35365   1.11416   1.20704   0.92383   0.53794   3.86666   0.18230   0.17754   0.12819   0.12578   0.05544   0.02140   1.45184   0.04366   0.01481   0.05603  
 50  0.0002   6297.012387  x:  2.13401   3.38117   7.48552   2.88660   1.80503   0.35369   1.11415   1.20707   0.92384   0.53793   3.86664   0.18230   0.17754   0.12819   0.12578   0.05544   0.02140   1.45184   0.04366   0.01481   0.05603  
 51  0.0001   6297.012387  x:  2.13405   3.38119   7.48560   2.88665   1.80504   0.35371   1.11416   1.20708   0.92384   0.53794   3.86670   0.18230   0.17755   0.12818   0.12578   0.05544   0.02140   1.45185   0.04366   0.01481   0.05603  
 52  0.0001   6297.012387  x:  2.13405   3.38119   7.48559   2.88664   1.80504   0.35371   1.11416   1.20708   0.92384   0.53794   3.86669   0.18230   0.17755   0.12818   0.12578   0.05544   0.02140   1.45185   0.04366   0.01481   0.05603  
 53  0.0000   6297.012387  x:  2.13405   3.38119   7.48559   2.88664   1.80504   0.35371   1.11416   1.20708   0.92384   0.53794   3.86669   0.18230   0.17755   0.12818   0.12578   0.05544   0.02140   1.45185   0.04366   0.01481   0.05603  
 54  0.0000   6297.012387  x:  2.13405   3.38119   7.48558   2.88664   1.80504   0.35370   1.11416   1.20708   0.92384   0.53794   3.86669   0.18230   0.17754   0.12818   0.12578   0.05544   0.02140   1.45185   0.04366   0.01481   0.05603  