

TREE # 1

  0  0.0000   3553.848839  x:  0.29320   0.77992   0.67023   0.21409   0.59194   0.13263   0.57743   0.16791   0.38064   0.24785   0.08605   0.18458   0.49702   0.10265   0.03572   0.15554   0.05210   0.00000   0.03600   2.00000   0.20000   0.20000  
  1 99.0000   3547.155207  x:  0.30063   0.78362   0.67485   0.22521   0.59558   0.13972   0.57884   0.17204   0.38365   0.25134   0.08936   0.18720   0.50430   0.10427   0.03923   0.15537   0.06536   0.12401   0.03108   1.99714   0.22435   0.19762  
  2 2148.1072   3503.322161  x:  0.33924   0.80297   0.69908   0.28206   0.61437   0.17580   0.58570   0.19318   0.39915   0.26928   0.10579   0.20036   0.54254   0.10958   0.05382   0.15310   0.11327   0.11568   0.00000   1.98274   0.31200   0.18499  
  3 473.8731   3482.322883  x:  0.41512   0.84168   0.74745   0.39159   0.65113   0.24474   0.59832   0.23364   0.42935   0.30401   0.13570   0.22474   0.61834   0.11553   0.07647   0.14762   0.19325   0.10217   0.08390   1.95521   0.43631   0.15867  
  4 1399.7167   3387.759095  x:  0.69206   1.00056   0.94245   0.75232   0.77943   0.45628   0.62398   0.35493   0.53144   0.41523   0.18395   0.27354   0.90678   0.04047   0.04025   0.11251   0.23580   0.11253   0.05283   1.86890   0.18054   0.01944  
  5 288.6902   3380.773154  x:  0.71810   1.02311   0.96892   0.77712   0.79124   0.46693   0.62471   0.36179   0.54036   0.42137   0.17136   0.26638   0.93629   0.06293   0.07221   0.12612   0.19377   0.11384   0.05103   1.85313   0.17166   0.00010  
  6 186.0869   3374.294077  x:  0.76814   1.06770   1.02110   0.82316   0.81394   0.48582   0.62580   0.37420   0.55740   0.43253   0.14544   0.25152   0.99341   0.09158   0.11527   0.14857   0.10869   0.11630   0.04805   1.82163   0.16184   0.03296  
  7 606.6623   3371.280503  x:  0.78503   1.08875   1.04505   0.83118   0.82145   0.48468   0.62462   0.37461   0.56247   0.43300   0.12854   0.24120   1.01478   0.07707   0.10233   0.15569   0.06750   0.11688   0.04837   1.80558   0.17456   0.02763  
  8 165.0997   3367.251151  x:  0.81284   1.15216   1.11509   0.81138   0.83246   0.44799   0.61515   0.35744   0.56659   0.41672   0.06912   0.20296   1.05944   0.06570   0.09176   0.20265   0.08476   0.11640   0.04856   1.75024   0.17367   0.02711  
  9 74.2603   3359.641520  x:  0.86892   1.34876   1.32888   0.69707   0.85826   0.29818   0.58462   0.29076   0.57000   0.35594   0.14404   0.22937   1.17742   0.06214   0.07812   0.25317   0.09193   0.11630   0.04732   1.56338   0.16938   0.02717  
 10 85.2190   3357.065723  x:  0.86763   1.41755   1.40076   0.63779   0.88143   0.26564   0.58766   0.29213   0.57590   0.34637   0.12535   0.22297   1.21364   0.08605   0.07801   0.15802   0.10024   0.11615   0.04695   1.48331   0.16834   0.02572  
 11 47.4759   3355.976002  x:  0.81230   1.45686   1.43247   0.57122   0.92684   0.31307   0.62177   0.34284   0.58408   0.37084   0.12066   0.24041   1.22118   0.08934   0.07018   0.16873   0.10059   0.11618   0.04622   1.40979   0.16383   0.02537  
 12 16.0722   3355.276402  x:  0.72736   1.49227   1.44103   0.60085   0.96441   0.35480   0.62634   0.30316   0.55658   0.36092   0.14131   0.20430   1.24356   0.07648   0.08066   0.16342   0.10172   0.11584   0.04630   1.38149   0.16259   0.02523  
 13  5.5922   3354.371211  x:  0.62777   1.53882   1.45001   0.66215   0.98828   0.35284   0.61941   0.27170   0.55360   0.36896   0.10945   0.26113   1.27236   0.06439   0.09161   0.15994   0.10297   0.11520   0.04640   1.37791   0.16264   0.02514  
 14  9.8939   3351.948268  x:  0.46894   1.64601   1.47809   0.79050   0.99672   0.25837   0.62657   0.36087   0.61023   0.43075   0.12939   0.23027   1.32396   0.05467   0.09865   0.15961   0.11014   0.11311   0.04655   1.43862   0.16439   0.02439  
 15 11.3589   3344.219977  x:  0.53756   1.84653   1.57911   0.92408   1.02442   0.34967   0.63829   0.53915   0.55517   0.25170   0.12865   0.26333   1.35804   0.07222   0.08450   0.14990   0.12885   0.10604   0.04737   1.66604   0.17457   0.02113  
 16  8.1444   3331.149837  x:  0.91789   2.06793   1.71543   1.02869   0.99930   0.60611   0.56915   0.43192   0.63511   0.55655   0.15168   0.25855   1.34837   0.03519   0.12099   0.11734   0.17210   0.09160   0.04800   1.88988   0.19077   0.01548  
 17 22.3099   3322.411423  x:  1.16645   1.81153   1.59400   1.32290   0.86147   0.56532   0.76519   0.43799   0.67738   0.51773   0.15163   0.25976   1.42967   0.09633   0.04634   0.12965   0.17833   0.08456   0.04557   1.43017   0.17626   0.00860  
 18 14.9481   3321.281855  x:  1.19815   1.74131   1.59290   1.34304   0.87855   0.54940   0.73715   0.47548   0.69448   0.49174   0.14959   0.26087   1.45597   0.00000   0.12983   0.11855   0.18134   0.08356   0.04502   1.36792   0.17232   0.00978  
 19 11.3799   3318.698884  x:  1.21503   1.48650   1.70992   1.37903   1.06160   0.52973   0.50945   0.53789   0.74360   0.46690   0.15764   0.25353   1.59784   0.02229   0.10772   0.12976   0.18345   0.08085   0.04257   1.33034   0.16795   0.00851  
 20  7.7354   3314.560172  x:  1.24284   1.29792   1.94219   1.42073   1.18245   0.48622   0.62083   0.53535   0.68353   0.50692   0.15389   0.26244   1.74759   0.00000   0.12722   0.13239   0.18640   0.07764   0.03888   1.41698   0.15864   0.00845  
 21  8.4043   3314.560172  x:  1.24284   1.29792   1.94219   1.42073   1.18245   0.48622   0.62083   0.53535   0.68353   0.50692   0.15389   0.26244   1.74759   0.00000   0.12722   0.13239   0.18640   0.07764   0.03888   1.41698   0.15864   0.00845  
 22  5.7345   3307.825253  x:  1.24363   1.29908   1.94259   1.42201   1.18207   0.48698   0.62054   0.53463   0.68296   0.50594   0.15324   0.26184   1.74819   0.00342   0.13130   0.13517   0.18551   0.05432   0.01801   1.41869   0.12322   0.01184  
 23 244.8189   3305.012357  x:  1.24472   1.30054   1.94334   1.42353   1.18220   0.48819   0.62081   0.53455   0.68297   0.50559   0.15307   0.26163   1.74910   0.00603   0.13445   0.13718   0.18513   0.03488   0.00311   1.41897   0.12503   0.01272  
 24 239.8928   3302.518870  x:  1.24630   1.30267   1.94443   1.42576   1.18235   0.48995   0.62118   0.53439   0.68296   0.50504   0.15281   0.26129   1.75042   0.00938   0.13867   0.14000   0.18457   0.00698   0.00464   1.41946   0.12545   0.01351  
 25 285.4054   3302.007556  x:  1.25874   1.31947   1.95289   1.44311   1.18354   0.50357   0.62402   0.53323   0.68301   0.50084   0.15115   0.25902   1.76077   0.02051   0.15798   0.15659   0.17939   0.00904   0.00520   1.42336   0.12468   0.00707  
 26 23.6637   3301.737871  x:  1.26908   1.33344   1.95992   1.45748   1.18449   0.51477   0.62637   0.53233   0.68317   0.49751   0.15017   0.25747   1.76937   0.02248   0.16702   0.16705   0.17541   0.01054   0.00571   1.42652   0.12472   0.01583  
 27 88.3985   3300.112053  x:  1.30796   1.38602   1.98641   1.51139   1.18786   0.55625   0.63514   0.52930   0.68435   0.48584   0.14859   0.25344   1.80175   0.00000   0.17219   0.18803   0.16240   0.00976   0.00548   1.43838   0.12214   0.01429  
 28 81.7432   3296.916009  x:  1.49622   1.63864   2.11809   1.77584   1.19838   0.74831   0.67598   0.51843   0.69699   0.44450   0.16455   0.25563   1.96088   0.00000   0.25719   0.17661   0.20285   0.00855   0.00498   1.49610   0.10754   0.01365  
 29 131.8794   3295.446553  x:  1.54181   1.69783   2.15441   1.84345   1.19159   0.77935   0.68301   0.52403   0.71354   0.46312   0.16711   0.26189   2.00268   0.00000   0.23519   0.11217   0.19499   0.00943   0.00533   1.51109   0.10356   0.01671  
 30 30.8781   3294.798140  x:  1.56345   1.72384   2.17658   1.87982   1.17805   0.77709   0.68276   0.53413   0.73186   0.49555   0.16926   0.27001   2.02620   0.00000   0.19755   0.11398   0.23816   0.00989   0.00540   1.52066   0.10113   0.01707  
 31 22.6148   3294.023143  x:  1.61692   1.78188   2.24785   1.98557   1.11456   0.72030   0.67006   0.57358   0.78397   0.60109   0.15431   0.27217   2.09709   0.00000   0.21626   0.12506   0.22234   0.00943   0.00544   1.56229   0.09841   0.01663  
 32 10.8502   3293.693443  x:  1.62659   1.78466   2.28755   2.03363   1.08456   0.66715   0.66498   0.58860   0.76434   0.58495   0.18656   0.28174   2.13114   0.00000   0.21273   0.12777   0.21721   0.00939   0.00562   1.59602   0.10028   0.01656  
 33  5.8499   3293.350772  x:  1.63189   1.78077   2.33045   2.08270   1.06274   0.61708   0.66429   0.60440   0.74084   0.55771   0.16851   0.25821   2.16627   0.00000   0.20723   0.12269   0.22452   0.00932   0.00579   1.62411   0.10286   0.01650  
 34 15.8599   3292.305606  x:  1.61212   1.71898   2.48761   2.24013   1.12771   0.58567   0.72425   0.67149   0.74606   0.52237   0.11102   0.33860   2.27934   0.00000   0.20121   0.12602   0.21968   0.00867   0.00644   1.57201   0.09988   0.01561  
 35  5.3020   3290.665838  x:  1.56931   1.61295   2.73823   2.47524   1.27962   0.60010   0.80279   0.73430   0.79505   0.54154   0.17892   0.25448   2.44582   0.00000   0.19159   0.13103   0.21189   0.00755   0.00752   1.47248   0.09335   0.01410  
 36 16.9509   3289.615870  x:  1.55774   1.59538   2.86669   2.56024   1.38019   0.66812   0.71946   0.62082   0.82881   0.58675   0.17012   0.26577   2.49936   0.00000   0.18375   0.13251   0.20906   0.00697   0.00831   1.54183   0.09862   0.01311  
 37  6.4894   3288.454582  x:  1.73617   1.94303   2.92795   2.41341   1.32193   0.74659   0.75297   0.67193   0.76677   0.63272   0.16905   0.27006   2.40331   0.00000   0.17804   0.13282   0.20682   0.00691   0.00925   1.47496   0.09783   0.01146  
 38  2.3824   3288.165618  x:  1.80353   1.99994   2.90810   2.38690   1.31088   0.77262   0.79186   0.71587   0.86848   0.58483   0.17340   0.26654   2.40377   0.00000   0.17658   0.13342   0.20623   0.00712   0.00947   1.53342   0.09811   0.01129  
 39  2.7217   3287.374138  x:  2.09232   2.05930   2.80185   2.50369   1.27302   0.79744   0.75923   0.64566   0.94734   0.53005   0.17708   0.26348   2.62170   0.00000   0.16967   0.13777   0.19980   0.00822   0.00988   1.46277   0.09234   0.01021  
 40  1.5725   3286.606141  x:  2.31794   2.09544   2.72224   2.64525   1.30917   0.89829   0.82739   0.68309   0.85854   0.60196   0.17424   0.26645   2.82163   0.00000   0.16540   0.14373   0.19216   0.00909   0.01016   1.56561   0.08827   0.00972  
 41  5.2263   3286.033641  x:  2.24212   2.30010   2.94093   2.81781   1.36243   0.94847   0.74999   0.74928   0.87768   0.57981   0.17778   0.26319   2.84388   0.00000   0.16289   0.14766   0.18742   0.00840   0.00990   1.59106   0.08206   0.01003  
 42  1.5858   3285.834628  x:  2.18310   2.38498   3.01562   2.90800   1.32887   0.95657   0.84080   0.67275   0.89590   0.58455   0.17588   0.26506   2.83050   0.00000   0.16253   0.14932   0.18568   0.00780   0.00965   1.60091   0.08080   0.01028  
 43  2.3921   3285.660433  x:  2.12276   2.44235   2.97012   3.07635   1.23753   1.04904   0.82730   0.70576   0.90058   0.58250   0.17438   0.26618   2.78976   0.00000   0.16418   0.14961   0.18682   0.00650   0.00891   1.59184   0.08162   0.01104  
 44  0.7285   3285.454239  x:  2.25478   2.57908   3.06255   3.19693   1.41651   0.99800   0.85267   0.71819   0.91361   0.59896   0.17447   0.26612   2.81803   0.00000   0.17333   0.15081   0.19201   0.00669   0.00743   1.60350   0.07946   0.01290  
 45  0.4303   3285.359504  x:  2.33804   2.58643   3.24163   3.17746   1.36732   1.08833   0.86754   0.73544   0.92194   0.60503   0.17432   0.26774   2.93102   0.00000   0.17516   0.15098   0.19424   0.00759   0.00697   1.60352   0.07744   0.01351  
 46  0.5674   3285.312094  x:  2.39019   2.66354   3.28220   3.25253   1.40074   1.10040   0.88837   0.75302   0.94533   0.61555   0.17665   0.27065   3.02574   0.00000   0.17117   0.14797   0.19527   0.00672   0.00752   1.59709   0.07479   0.01303  
 47  0.1616   3285.303323  x:  2.38933   2.68266   3.29091   3.29285   1.40678   1.10253   0.89350   0.75606   0.95157   0.61765   0.17736   0.27055   3.02505   0.00000   0.17070   0.14772   0.19494   0.00744   0.00782   1.59519   0.07455   0.01267  
 48  0.1144   3285.299659  x:  2.40784   2.68096   3.31576   3.31017   1.41017   1.10397   0.89806   0.75654   0.95598   0.61889   0.17796   0.26968   3.02204   0.00000   0.17169   0.14760   0.19468   0.00716   0.00791   1.59626   0.07455   0.01241  
 49  0.0465   3285.299140  x:  2.40803   2.68813   3.32376   3.32057   1.41368   1.10429   0.90016   0.75887   0.95819   0.62016   0.17823   0.26937   3.03597   0.00000   0.17246   0.14758   0.19510   0.00716   0.00786   1.59781   0.07432   0.01248  
 50  0.0198   3285.299063  x:  2.41063   2.68537   3.32769   3.32489   1.41399   1.10346   0.90025   0.75948   0.95839   0.62051   0.17825   0.26949   3.03415   0.00000   0.17224   0.14756   0.19520   0.00716   0.00784   1.59818   0.07429   0.01253  
 51  0.0073   3285.299045  x:  2.40861   2.68448   3.32722   3.32430   1.41380   1.10253   0.89997   0.75952   0.95823   0.62053   0.17822   0.26954   3.03566   0.00000   0.17219   0.14757   0.19517   0.00717   0.00784   1.59836   0.07432   0.01253  
 52  0.0032   3285.299042  x:  2.40854   2.68382   3.32713   3.32444   1.41354   1.10225   0.89984   0.75952   0.95816   0.62048   0.17819   0.26953   3.03529   0.00000   0.17223   0.14759   0.19514   0.00717   0.00785   1.59826   0.07432   0.01252  
 53  0.0009   3285.299042  x:  2.40849   2.68387   3.32707   3.32443   1.41349   1.10218   0.89983   0.75950   0.95814   0.62045   0.17818   0.26953   3.03528   0.00000   0.17223   0.14758   0.19515   0.00716   0.00785   1.59823   0.07432   0.01252  
 54  0.0001   3285.299042  x:  2.40853   2.68391   3.32709   3.32443   1.41349   1.10217   0.89983   0.75951   0.95813   0.62045   0.17818   0.26953   3.03529   0.00000   0.17223   0.14758   0.19515   0.00717   0.00785   1.59823   0.07432   0.01252  
 55  0.0000   3285.299042  x:  2.40853   2.68392   3.32709   3.32443   1.41349   1.10217   0.89983   0.75951   0.95813   0.62045   0.17818   0.26953   3.03529   0.00000   0.17223   0.14758   0.19515   0.00717   0.00785   1.59823   0.07432   0.01252  
 56  0.0000   3285.299042  x:  2.40854   2.68392   3.32708   3.32443   1.41348   1.10217   0.89983   0.75951   0.95813   0.62045   0.17818   0.26953   3.03529   0.00000   0.17223   0.14758   0.19515   0.00717   0.00785   1.59823   0.07432   0.01252  
 57  0.0000   3285.299042  x:  2.40854   2.68392   3.32708   3.32443   1.41348   1.10217   0.89983   0.75951   0.95813   0.62045   0.17818   0.26953   3.03529   0.00000   0.17223   0.14758   0.19515   0.00717   0.00785   1.59823   0.07432   0.01252  
 58  0.0000   3285.299042  x:  2.40854   2.68393   3.32708   3.32443   1.41348   1.10217   0.89983   0.75951   0.95813   0.62045   0.17818   0.26953   3.03529   0.00000   0.17223   0.14758   0.19515   0.00717   0.00785   1.59823   0.07432   0.01252  