

TREE # 1

  0  0.0000   6125.274288  x:  0.00000   0.41438   0.37443   0.28178   0.24866   0.06744   0.22048   0.10372   0.18688   0.09898   0.30225   0.07344   0.03524   0.08426   0.05570   0.07156   0.01100   2.00000   0.20000   0.20000  
  1 99.0000   5754.333547  x:  0.97373   0.56762   0.51339   0.41347   0.33819   0.16964   0.36585   0.24734   0.30188   0.23826   0.43308   0.15485   0.15131   0.12411   0.10747   0.05217   0.14847   1.98256   0.36989   0.17899  
  2 2729.7169   5653.319676  x:  1.02447   0.65680   0.57221   0.46598   0.37614   0.19962   0.43684   0.27878   0.34045   0.26881   0.47828   0.14845   0.11488   0.11048   0.08158   0.00000   0.07602   1.98256   0.16357   0.14480  
  3 579.0706   5650.401132  x:  1.02733   0.66270   0.57608   0.46945   0.37864   0.20157   0.44149   0.28081   0.34296   0.27076   0.48127   0.14796   0.11245   0.10968   0.08001   0.00305   0.07141   1.98253   0.15090   0.14251  
  4 4376.6818   5614.765966  x:  0.99645   0.75714   0.63587   0.52593   0.41776   0.22698   0.50891   0.30730   0.37678   0.29179   0.52866   0.13074   0.07160   0.11143   0.06822   0.00480   0.01558   1.97517   0.16777   0.10113  
  5 442.0279   5566.657100  x:  0.91646   0.93717   0.74879   0.63256   0.48985   0.27068   0.63377   0.35337   0.43757   0.32716   0.61762   0.10842   0.00000   0.11347   0.05163   0.00501   0.05756   1.96121   0.17436   0.01546  
  6 1485.6871   5554.394160  x:  0.89458   0.97805   0.77432   0.65673   0.50561   0.27938   0.66112   0.36281   0.45037   0.33398   0.63774   0.11098   0.01338   0.11521   0.05257   0.00503   0.06332   1.95787   0.17419   0.00010  
  7 1477.8953   5525.500299  x:  0.73878   1.28118   0.96334   0.83566   0.61611   0.33378   0.85462   0.42641   0.53707   0.37626   0.78684   0.15656   0.05799   0.13950   0.09493   0.00454   0.10797   1.93165   0.17089   0.11137  
  8 1260.4602   5511.498279  x:  0.73841   1.45447   1.06623   0.94099   0.57747   0.20206   0.81403   0.36225   0.44494   0.25787   0.87175   0.21088   0.02995   0.19309   0.18351   0.00307   0.09932   1.90407   0.15762   0.08450  
  9 95.6096   5505.454007  x:  0.74274   1.54134   1.11567   0.99343   0.55010   0.11771   0.77393   0.32677   0.41052   0.22355   0.91220   0.24192   0.03095   0.13799   0.12792   0.00408   0.09935   1.88419   0.16359   0.09075  
 10 118.6409   5504.162773  x:  0.73961   1.57223   1.12620   1.01108   0.53922   0.08484   0.72542   0.31812   0.42320   0.26555   0.92178   0.23758   0.03260   0.15773   0.11518   0.00402   0.09979   1.86767   0.16132   0.09230  
 11 34.7640   5503.279708  x:  0.73761   1.60501   1.12795   1.02954   0.55231   0.10503   0.65780   0.32760   0.41973   0.27794   0.92742   0.21800   0.03575   0.13759   0.12948   0.00379   0.10011   1.83932   0.15803   0.09382  
 12 20.4510   5502.861925  x:  0.73723   1.62250   1.12312   1.03713   0.56229   0.12111   0.63292   0.33994   0.41285   0.26802   0.92652   0.21556   0.03809   0.15279   0.11131   0.00381   0.10095   1.82022   0.15598   0.09644  
 13 18.0829   5500.492434  x:  0.73252   1.71889   1.03942   1.04783   0.56621   0.08236   0.65678   0.42431   0.44272   0.24853   0.87670   0.23024   0.03415   0.14361   0.11432   0.00338   0.09928   1.69173   0.14514   0.09347  
 14  7.8843   5496.792741  x:  0.73522   1.84422   0.96450   1.06853   0.58039   0.12727   0.73452   0.30394   0.43812   0.27799   0.84523   0.22600   0.03638   0.13747   0.10326   0.00290   0.09960   1.62237   0.13258   0.09555  
 15 14.4016   5491.911726  x:  0.71603   1.92801   1.05515   1.08204   0.53760   0.14425   0.75981   0.37325   0.44231   0.28612   0.87878   0.19339   0.04662   0.12839   0.08713   0.00231   0.10255   1.85860   0.11875   0.10407  
 16 11.6865   5491.307230  x:  0.70871   1.92327   1.08974   1.07201   0.56124   0.15226   0.74612   0.37414   0.46400   0.28958   0.88071   0.25658   0.03121   0.12294   0.09006   0.00243   0.09834   1.88199   0.11859   0.09361  
 17 13.6401   5490.664917  x:  0.70592   1.87955   1.18673   1.04029   0.63125   0.11969   0.75072   0.36584   0.47417   0.28062   0.89134   0.24353   0.03342   0.12372   0.08943   0.00232   0.09879   1.85006   0.11507   0.09483  
 18  6.5758   5490.014556  x:  0.69560   1.85114   1.26042   1.02778   0.60135   0.13704   0.77176   0.38439   0.42827   0.31414   0.91899   0.25948   0.02858   0.12177   0.09059   0.00238   0.09748   1.80234   0.11348   0.09079  
 19  4.4097   5488.236631  x:  0.68019   1.83065   1.37143   1.04486   0.49757   0.18948   0.79142   0.37296   0.50990   0.27814   0.97847   0.25496   0.02680   0.12380   0.09110   0.00252   0.09693   1.74416   0.11110   0.08694  
 20  7.0410   5468.943738  x:  0.58059   2.05317   1.62342   1.39922   0.62928   0.16744   0.96033   0.40034   0.54463   0.32105   1.07204   0.27933   0.00000   0.12731   0.09893   0.00492   0.08911   1.92669   0.11641   0.04660  
 21  5.4854   5467.045132  x:  0.57086   2.23744   1.59419   1.15549   0.66307   0.15985   0.96923   0.40716   0.55084   0.32372   1.26693   0.28270   0.00000   0.12828   0.10058   0.00537   0.08746   1.96293   0.11839   0.03882  
 22  6.6498   5463.009605  x:  0.53265   2.33656   1.61800   1.33364   0.71146   0.14174   1.01379   0.42293   0.55950   0.33059   1.42048   0.31925   0.00000   0.13159   0.10743   0.00592   0.07943   1.96237   0.10847   0.01294  
 23  1.2548   5462.546997  x:  0.52616   2.35446   1.62286   1.36373   0.71946   0.13883   1.02145   0.42557   0.56096   0.33177   1.44533   0.32539   0.01854   0.13216   0.10859   0.00601   0.07806   1.96239   0.10680   0.00852  
 24 158.7361   5461.079144  x:  0.52173   2.50496   1.73289   1.35816   0.69548   0.15917   1.03787   0.42272   0.55998   0.33374   1.29634   0.32103   0.02439   0.13427   0.10902   0.00641   0.07647   1.97729   0.10739   0.00231  
 25  7.0735   5455.174605  x:  0.49371   3.00525   1.94450   1.50639   0.68544   0.17670   1.10156   0.42916   0.55730   0.33226   1.04428   0.22271   0.03205   0.13706   0.08988   0.00764   0.07743   2.00572   0.09708   0.01141  
 26  1.8286   5453.341463  x:  0.46851   3.13985   1.93008   1.63197   0.74226   0.14238   1.13044   0.44809   0.56213   0.32726   1.25856   0.19860   0.03701   0.12716   0.07162   0.00871   0.07421   1.98996   0.08971   0.00902  
 27  0.5687   5450.863693  x:  0.46577   3.38096   1.95183   1.70095   0.77556   0.11452   1.12509   0.47565   0.54558   0.31134   1.43536   0.19259   0.05744   0.12873   0.08925   0.01099   0.06459   1.97625   0.09361   0.00494  
 28  0.1728   5449.345233  x:  0.45789   3.70805   2.07681   1.83592   0.78714   0.12910   1.14674   0.50278   0.55126   0.31337   1.48790   0.19059   0.07173   0.13971   0.09696   0.01300   0.05620   1.98286   0.08259   0.00242  
 29  0.2569   5447.789338  x:  0.46842   4.07630   2.30387   1.95511   0.77791   0.16066   1.17716   0.52138   0.56891   0.32224   1.45551   0.20222   0.08477   0.13048   0.07140   0.01660   0.04775   2.00271   0.08007   0.00285  
 30  0.3650   5445.752428  x:  0.51768   4.55148   2.60752   2.10232   0.78413   0.19899   1.24393   0.54894   0.61058   0.34271   1.49808   0.16293   0.09059   0.11604   0.10460   0.02173   0.04709   2.04975   0.07266   0.00874  
 31  0.2146   5443.415026  x:  0.63840   4.72995   2.77038   2.19759   0.83566   0.20862   1.31483   0.57913   0.64173   0.36918   1.63182   0.22509   0.07889   0.13608   0.09207   0.02805   0.05353   2.08436   0.07187   0.01571  
 32  0.1160   5442.014001  x:  0.72248   4.92933   2.88232   2.34708   0.88654   0.20301   1.39218   0.61191   0.65953   0.37788   1.74802   0.23355   0.07085   0.13109   0.08619   0.03266   0.05406   2.08180   0.06284   0.01857  
 33  0.2570   5439.844998  x:  0.92163   4.73908   2.75488   2.42126   0.94688   0.15724   1.48395   0.63126   0.65199   0.36725   1.85620   0.22040   0.03612   0.10919   0.08541   0.03770   0.05866   2.06007   0.06415   0.02196  
 34  0.1754   5437.924464  x:  1.21164   4.67772   2.60860   2.54447   0.96421   0.15784   1.56963   0.66881   0.63589   0.35162   1.90216   0.25334   0.01287   0.14295   0.09144   0.04527   0.04881   2.06020   0.06075   0.02041  
 35  0.1279   5436.554285  x:  1.38395   4.64920   2.49427   2.52016   0.88294   0.20552   1.55899   0.66074   0.62613   0.34668   1.70858   0.28291   0.01983   0.11986   0.09537   0.04837   0.03475   2.07976   0.06340   0.01324  
 36  0.1333   5435.777608  x:  1.50415   4.60858   2.42474   2.43145   0.82870   0.24291   1.54541   0.63778   0.64461   0.36076   1.51466   0.25549   0.02335   0.11055   0.09056   0.04947   0.04170   2.08241   0.06357   0.01156  
 37  0.1055   5435.391790  x:  1.58367   4.55551   2.30909   2.34690   0.81490   0.24630   1.50020   0.62103   0.64334   0.36387   1.46068   0.23829   0.03649   0.13103   0.08899   0.04981   0.04413   2.07562   0.06526   0.00929  
 38  0.0918   5435.061853  x:  1.70286   4.57530   2.21302   2.34667   0.85588   0.21647   1.46555   0.62113   0.63839   0.36450   1.56821   0.23317   0.05176   0.12294   0.09021   0.05251   0.04357   2.06903   0.06437   0.00863  
 39  0.0710   5435.024695  x:  1.72330   4.56849   2.20889   2.32564   0.84769   0.21950   1.44907   0.61581   0.63823   0.36438   1.53443   0.22172   0.05585   0.12106   0.08939   0.05252   0.04382   2.07588   0.06499   0.00891  
 40  0.0337   5435.005880  x:  1.73508   4.53953   2.22181   2.33926   0.84860   0.21766   1.44351   0.61947   0.63344   0.36013   1.53410   0.22161   0.05598   0.12268   0.08936   0.05254   0.04204   2.07985   0.06492   0.00956  
 41  0.0131   5434.993869  x:  1.73361   4.47308   2.22818   2.33206   0.84335   0.21996   1.43667   0.61769   0.63337   0.36066   1.51803   0.22461   0.05511   0.12129   0.08946   0.05176   0.04293   2.07442   0.06522   0.00986  
 42  0.0194   5434.972591  x:  1.71931   4.43436   2.24625   2.33170   0.84974   0.21644   1.43511   0.61620   0.63556   0.36312   1.53801   0.21729   0.05764   0.12401   0.08981   0.05012   0.04392   2.06857   0.06502   0.00888  
 43  0.0064   5434.932315  x:  1.74230   4.49638   2.28709   2.34916   0.85151   0.22137   1.44517   0.62002   0.63882   0.36646   1.54551   0.21733   0.06328   0.12076   0.08905   0.04945   0.04237   2.08459   0.06462   0.00769  
 44  0.0213   5434.838903  x:  1.84466   4.57939   2.36024   2.40436   0.87711   0.22311   1.49403   0.63806   0.64701   0.37282   1.59930   0.21082   0.06532   0.12410   0.08796   0.04673   0.04576   2.10381   0.06294   0.00878  
 45  0.0353   5434.760577  x:  1.91427   4.65876   2.33353   2.43151   0.86536   0.23583   1.52692   0.64781   0.64720   0.36929   1.56899   0.21346   0.06384   0.12421   0.09048   0.04406   0.04580   2.09170   0.06175   0.00771  
 46  0.0468   5434.717744  x:  1.89651   4.67839   2.29178   2.42575   0.85909   0.23282   1.51686   0.64571   0.64272   0.36306   1.55579   0.21604   0.06153   0.12333   0.08985   0.04136   0.04684   2.08039   0.06255   0.00887  
 47  0.0268   5434.705401  x:  1.88391   4.68814   2.28171   2.42689   0.86313   0.22832   1.50463   0.64243   0.64444   0.36443   1.56865   0.21389   0.06261   0.12408   0.08882   0.04032   0.04725   2.08386   0.06234   0.00896  
 48  0.0161   5434.701042  x:  1.88892   4.66674   2.26138   2.42108   0.86026   0.22824   1.49440   0.63853   0.64499   0.36612   1.56103   0.21585   0.06098   0.12418   0.08921   0.04027   0.04709   2.08939   0.06272   0.00882  
 49  0.0160   5434.699469  x:  1.89293   4.68267   2.27447   2.43084   0.86115   0.22965   1.49712   0.63991   0.64631   0.36751   1.56242   0.21783   0.05899   0.12390   0.08936   0.04023   0.04699   2.09060   0.06252   0.00913  
 50  0.0113   5434.698902  x:  1.89498   4.68545   2.27495   2.43074   0.86219   0.22887   1.49369   0.63953   0.64600   0.36749   1.56389   0.21752   0.05879   0.12402   0.08918   0.04030   0.04694   2.08742   0.06250   0.00906  
 51  0.0029   5434.698781  x:  1.89543   4.68466   2.27675   2.43001   0.86195   0.22910   1.49234   0.63955   0.64576   0.36715   1.56300   0.21789   0.05884   0.12403   0.08925   0.04026   0.04703   2.08720   0.06250   0.00902  
 52  0.0014   5434.698756  x:  1.89505   4.68530   2.27678   2.42983   0.86201   0.22901   1.49221   0.63959   0.64563   0.36692   1.56313   0.21786   0.05874   0.12403   0.08924   0.04027   0.04707   2.08780   0.06251   0.00902  
 53  0.0006   5434.698755  x:  1.89498   4.68519   2.27689   2.42987   0.86201   0.22902   1.49227   0.63961   0.64561   0.36691   1.56322   0.21786   0.05873   0.12403   0.08923   0.04026   0.04707   2.08780   0.06251   0.00902  
 54  0.0002   5434.698755  x:  1.89494   4.68515   2.27687   2.42982   0.86198   0.22903   1.49226   0.63961   0.64560   0.36691   1.56325   0.21787   0.05873   0.12403   0.08923   0.04027   0.04707   2.08780   0.06251   0.00902  
 55  0.0000   5434.698755  x:  1.89496   4.68516   2.27687   2.42980   0.86196   0.22904   1.49226   0.63961   0.64559   0.36692   1.56326   0.21787   0.05873   0.12403   0.08923   0.04026   0.04707   2.08780   0.06251   0.00902  
 56  0.0000   5434.698755  x:  1.89496   4.68516   2.27687   2.42979   0.86196   0.22904   1.49226   0.63961   0.64559   0.36692   1.56328   0.21787   0.05873   0.12403   0.08923   0.04026   0.04707   2.08780   0.06251   0.00902  
 57  0.0000   5434.698755  x:  1.89496   4.68516   2.27687   2.42979   0.86196   0.22904   1.49226   0.63961   0.64559   0.36692   1.56327   0.21787   0.05873   0.12403   0.08923   0.04026   0.04707   2.08780   0.06251   0.00902  