   11
BAM_014830  0.000000  1.235423  1.222075  1.382003  1.348334  0.348380
  0.283551  0.584452  0.301220  1.241345  1.228503
BA_4146xxx  1.235423  0.000000  0.041758  1.396085  1.320301  1.293324
  1.279616  1.200793  1.276983  0.006904  0.092439
BC_3936xxx  1.222075  0.041758  0.000000  1.319562  1.255700  1.262615
  1.220380  1.153825  1.217580  0.048865  0.062990
NT03BC2710  1.382003  1.396085  1.319562  0.000000  0.851430  1.308433
  1.284153  1.376752  1.229377  1.386789  1.329129
BH2601xxxx  1.348334  1.320301  1.255700  0.851430  0.000000  1.259683
  1.297535  1.299310  1.266876  1.326685  1.217217
NT03BL1804  0.348380  1.293324  1.262615  1.308433  1.259683  0.000000
  0.338872  0.454125  0.328321  1.299825  1.244852
Bmo2388xxx  0.283551  1.279616  1.220380  1.284153  1.297535  0.338872
  0.000000  0.541890  0.099997  1.280985  1.213881
BPUM_1389x  0.584452  1.200793  1.153825  1.376752  1.299310  0.454125
  0.541890  0.000000  0.509644  1.206745  1.120612
BG13356xxx  0.301220  1.276983  1.217580  1.229377  1.266876  0.328321
  0.099997  0.509644  0.000000  1.283421  1.191392
NT02BT3919  1.241345  0.006904  0.048865  1.386789  1.326685  1.299825
  1.280985  1.206745  1.283421  0.000000  0.099861
KBAB4_3763  1.228503  0.092439  0.062990  1.329129  1.217217  1.244852
  1.213881  1.120612  1.191392  0.099861  0.000000
