

TREE # 1

  0  0.0000   4090.073848  x:  0.41534   1.51871   1.31682   0.13795   1.50990   0.31655   1.12936   0.35745   0.68822   0.69049   1.34856   0.25111   0.14290   0.11007   0.16659   0.00514   0.00180   2.00000   0.20000   0.20000  
  1 99.0000   4089.672139  x:  0.41599   1.51879   1.31682   0.13883   1.50997   0.31680   1.12951   0.35775   0.68787   0.69020   1.34879   0.25103   0.14320   0.10990   0.16657   0.00584   0.00000   1.99969   0.20006   0.19998  
  2 172.6092   4071.451951  x:  0.55724   1.53626   1.31627   0.32668   1.52477   0.37098   1.16104   0.42336   0.61418   0.62763   1.39923   0.23304   0.20649   0.07245   0.16344   0.00041   0.00000   1.93302   0.20794   0.19534  
  3 444.4209   4066.893885  x:  0.59887   1.54062   1.31456   0.37685   1.52841   0.38506   1.17105   0.44165   0.58861   0.60602   1.41483   0.22379   0.22178   0.07028   0.16222   0.00029   0.00000   1.91150   0.16750   0.19313  
  4 380.2836   4062.628781  x:  0.67166   1.54822   1.30318   0.39568   1.53722   0.39619   1.20865   0.47087   0.52086   0.55186   1.45459   0.16210   0.20762   0.17410   0.15607   0.00020   0.00000   1.84028   0.16514   0.18723  
  5 69.8680   4062.421455  x:  0.67512   1.54855   1.30250   0.39573   1.53766   0.39655   1.21066   0.47220   0.51749   0.54922   1.45665   0.15924   0.20703   0.17754   0.15503   0.00020   0.00413   1.83645   0.16502   0.18710  
  6 246.1213   4060.949420  x:  0.68998   1.54957   1.29715   0.38297   1.53997   0.39474   1.22325   0.47639   0.50131   0.53781   1.46862   0.14916   0.20651   0.17094   0.14588   0.00038   0.00000   1.81250   0.16428   0.18943  
  7 55.2800   4056.648495  x:  0.79746   1.55146   1.24980   0.28886   1.55666   0.37844   1.30880   0.49883   0.42465   0.49504   1.56247   0.19103   0.28361   0.16913   0.16745   0.00131   0.00000   1.62674   0.15559   0.22196  
  8 86.9717   4052.984624  x:  0.92839   1.54157   1.18369   0.28766   1.57751   0.36738   1.37181   0.50501   0.50162   0.59303   1.67903   0.17056   0.21917   0.14666   0.20926   0.00201   0.00000   1.44188   0.13848   0.24492  
  9 31.3262   4052.199074  x:  0.95757   1.53103   1.15918   0.30924   1.58257   0.35763   1.37101   0.48758   0.51257   0.60187   1.71494   0.20074   0.19919   0.15812   0.15761   0.00238   0.00000   1.42953   0.13671   0.25241  
 10 15.2687   4051.018673  x:  0.99271   1.49833   1.10450   0.35899   1.58852   0.32624   1.34094   0.43128   0.48903   0.56225   1.78361   0.22164   0.14177   0.14025   0.17751   0.00290   0.00000   1.48225   0.14128   0.23945  
 11 12.0844   4050.177180  x:  1.00411   1.47002   1.06431   0.38351   1.59241   0.32344   1.31194   0.44348   0.50506   0.55870   1.82889   0.16565   0.19413   0.13473   0.16365   0.00346   0.00000   1.55035   0.14268   0.18233  
 12  8.4668   4049.450539  x:  0.97896   1.46722   1.07657   0.41342   1.59884   0.37562   1.30687   0.53027   0.50283   0.55277   1.82383   0.13405   0.19779   0.12880   0.16150   0.00396   0.00000   1.60649   0.14010   0.26063  
 13  4.7645   4047.034808  x:  0.96167   1.60674   1.32374   0.55314   1.58177   0.37038   1.38438   0.48260   0.46009   0.57936   1.69539   0.08025   0.23397   0.10910   0.15094   0.00488   0.00000   1.56016   0.13827   0.26506  
 14  3.3904   4045.580105  x:  0.98845   1.64624   1.35506   0.57755   1.61068   0.40568   1.47962   0.55376   0.47385   0.54973   1.67014   0.13848   0.19090   0.09318   0.15135   0.00516   0.00000   1.54711   0.13831   0.16866  
 15  6.6980   4042.051763  x:  1.22587   1.67155   1.19352   0.59278   1.75671   0.38114   1.69836   0.51215   0.57355   0.48535   1.78374   0.10648   0.26810   0.08260   0.15909   0.00491   0.00000   1.58988   0.14540   0.31022  
 16  6.4616   4041.354044  x:  1.27823   1.69336   1.19285   0.57467   1.80825   0.40768   1.66060   0.52293   0.46736   0.60012   1.87956   0.11628   0.27042   0.08164   0.16128   0.00486   0.00000   1.60913   0.14546   0.31636  
 17  5.2845   4040.760316  x:  1.31205   1.76808   1.29083   0.55933   1.85951   0.43290   1.53411   0.54527   0.50253   0.55654   2.03996   0.12493   0.27192   0.08302   0.16485   0.00492   0.00000   1.57790   0.14064   0.32579  
 18  2.9352   4039.918549  x:  1.35794   1.82241   1.39637   0.62517   1.87817   0.31625   1.64256   0.62067   0.51132   0.56113   2.16959   0.13659   0.28123   0.09263   0.17288   0.00506   0.00000   1.63231   0.13066   0.34985  
 19  1.9183   4038.778031  x:  1.38220   1.80841   1.41010   0.73372   1.96661   0.44831   1.77961   0.55117   0.50260   0.55434   2.18822   0.13097   0.30939   0.10449   0.17983   0.00543   0.00000   1.60993   0.11742   0.35934  
 20  2.8053   4037.996199  x:  1.46213   1.76687   1.29388   0.81935   1.86296   0.41451   1.68112   0.60793   0.46795   0.55267   2.05679   0.13046   0.31520   0.10903   0.18070   0.00575   0.00000   1.49010   0.11874   0.37567  
 21  2.7793   4037.785779  x:  1.61375   1.78953   1.30990   0.79042   1.82290   0.44646   1.67227   0.60982   0.47983   0.55624   2.00044   0.13680   0.30804   0.10808   0.17950   0.00598   0.00000   1.53002   0.11713   0.38594  
 22  1.7910   4036.948107  x:  1.81928   1.61764   1.46092   0.87411   1.89752   0.46611   1.81140   0.64604   0.50573   0.57312   2.18195   0.11219   0.30996   0.09768   0.16931   0.00699   0.00000   1.51190   0.11015   0.44754  
 23  0.4687   4036.500717  x:  1.87201   1.85101   1.38084   0.94605   2.01791   0.46104   1.89736   0.66780   0.51606   0.58682   2.26413   0.09705   0.31215   0.09325   0.16481   0.00757   0.00000   1.52283   0.10324   0.48075  
 24  1.9092   4036.327495  x:  1.88981   1.92426   1.36449   0.97373   1.93875   0.51253   1.95038   0.65534   0.51550   0.59238   2.32106   0.10098   0.30584   0.09756   0.16455   0.00769   0.00000   1.53088   0.10439   0.49866  
 25  0.3675   4036.093530  x:  1.99178   1.96223   1.40219   1.01437   2.11640   0.48483   1.96961   0.68083   0.51383   0.59747   2.27851   0.11195   0.29148   0.10415   0.16623   0.00794   0.00000   1.53410   0.10284   0.52964  
 26  0.7337   4035.927827  x:  2.10220   2.02969   1.49510   1.09030   2.15701   0.50903   2.05570   0.70998   0.51540   0.60458   2.37340   0.12041   0.28682   0.10213   0.17434   0.00838   0.00000   1.52434   0.09537   0.58665  
 27  0.2276   4035.850320  x:  2.17200   2.06940   1.56030   1.15286   2.20742   0.52396   2.11867   0.73526   0.52131   0.60961   2.43340   0.10672   0.29820   0.09930   0.17462   0.00872   0.00000   1.52097   0.09277   0.64978  
 28  0.1082   4035.814161  x:  2.22281   2.12909   1.60592   1.18703   2.26654   0.53166   2.17508   0.75772   0.53101   0.61741   2.47921   0.11182   0.29918   0.10123   0.16939   0.00878   0.00000   1.52329   0.09003   0.71571  
 29  0.0723   4035.774767  x:  2.23637   2.16573   1.62112   1.18778   2.30810   0.54036   2.21418   0.77771   0.53655   0.62450   2.50803   0.10506   0.30489   0.10037   0.17775   0.00845   0.00000   1.52909   0.08911   0.81127  
 30  0.0364   4035.700896  x:  2.24810   2.16971   1.62082   1.14883   2.31368   0.55308   2.23762   0.79544   0.53399   0.62702   2.53910   0.10103   0.30561   0.10016   0.17257   0.00765   0.00000   1.51786   0.08711   1.01151  
 31  0.0478   4035.663879  x:  2.20761   2.12605   1.58593   1.09980   2.26404   0.54767   2.19305   0.78200   0.52518   0.61947   2.50018   0.10134   0.30405   0.09978   0.16993   0.00702   0.00000   1.51539   0.09026   1.09110  
 32  0.1331   4035.624154  x:  2.23072   2.11273   1.59446   1.11350   2.25178   0.54681   2.18391   0.77101   0.52330   0.61284   2.48019   0.09212   0.31284   0.10300   0.17308   0.00651   0.00000   1.52278   0.09060   1.25271  
 33  0.0734   4035.593415  x:  2.24925   2.11844   1.59856   1.14640   2.24946   0.53444   2.17012   0.75605   0.52466   0.61056   2.46599   0.09630   0.30948   0.10098   0.17464   0.00626   0.00000   1.52653   0.09039   1.37392  
 34  0.0754   4035.576598  x:  2.24058   2.13584   1.59731   1.17302   2.26792   0.53124   2.17950   0.75606   0.53035   0.61656   2.47838   0.09149   0.31289   0.10024   0.17119   0.00592   0.00000   1.52578   0.08990   1.52470  
 35  0.0954   4035.569405  x:  2.20589   2.12697   1.58833   1.18203   2.26453   0.53536   2.17435   0.75626   0.53001   0.61913   2.47523   0.09268   0.31130   0.10143   0.17223   0.00578   0.00000   1.52692   0.09024   1.58295  
 36  0.0291   4035.562875  x:  2.19023   2.10974   1.59318   1.19721   2.25416   0.54188   2.16584   0.76016   0.52684   0.61581   2.46448   0.08995   0.31337   0.09998   0.17300   0.00587   0.00000   1.52970   0.09048   1.65057  
 37  0.0242   4035.546138  x:  2.17794   2.10316   1.59101   1.19434   2.23776   0.54419   2.14460   0.76552   0.53090   0.61142   2.42878   0.09074   0.31409   0.10207   0.16892   0.00652   0.00000   1.52889   0.09091   1.73102  
 38  0.0141   4035.505455  x:  2.16425   2.12921   1.57090   1.15627   2.22979   0.53647   2.13326   0.76023   0.53237   0.61736   2.41258   0.08380   0.31986   0.09964   0.17452   0.00698   0.00000   1.53012   0.09156   2.22055  
 39  0.1122   4035.463773  x:  2.15304   2.09981   1.57388   1.14878   2.22747   0.53048   2.14427   0.73386   0.51986   0.61921   2.45815   0.08532   0.31948   0.10079   0.17186   0.00750   0.00000   1.52798   0.09192   2.97439  
 40  0.1991   4035.448005  x:  2.16967   2.10613   1.58417   1.16355   2.25001   0.53176   2.15769   0.74371   0.52656   0.61606   2.46523   0.07958   0.32355   0.10137   0.17196   0.00766   0.00000   1.52731   0.09117   3.59357  
 41  0.3846   4035.430666  x:  2.20893   2.12135   1.58898   1.16386   2.27690   0.53264   2.17396   0.76437   0.53609   0.61137   2.47192   0.08238   0.31961   0.10059   0.17396   0.00771   0.00000   1.52570   0.09016   4.55370  
 42  0.3480   4035.411668  x:  2.20605   2.11157   1.58040   1.16270   2.25173   0.53691   2.16981   0.75511   0.52652   0.61588   2.47709   0.07803   0.32542   0.10173   0.17143   0.00724   0.00000   1.52962   0.09058   6.46307  
 43  0.6212   4035.399451  x:  2.19592   2.12541   1.58734   1.16851   2.25428   0.53774   2.16725   0.75851   0.52796   0.62029   2.47007   0.08069   0.32354   0.10038   0.17302   0.00709   0.00000   1.52835   0.09052   8.64614  
 44  0.7181   4035.390748  x:  2.19643   2.12420   1.59385   1.16788   2.25940   0.53805   2.16761   0.75915   0.53022   0.61686   2.46469   0.07674   0.32593   0.10090   0.17288   0.00721   0.00000   1.52761   0.09035  11.73916  
 45  1.4301   4035.383779  x:  2.18673   2.11442   1.59246   1.16207   2.25348   0.53692   2.16651   0.74943   0.52684   0.61468   2.46652   0.07822   0.32413   0.10185   0.17130   0.00733   0.00000   1.52825   0.09069  16.89949  
 46  1.4918   4035.378840  x:  2.19399   2.12887   1.59243   1.17077   2.26396   0.53707   2.17497   0.75690   0.52983   0.61729   2.47211   0.07645   0.32591   0.10048   0.17318   0.00732   0.00000   1.52811   0.09029  23.03291  
 47  2.5113   4035.374801  x:  2.19991   2.11649   1.58517   1.16622   2.25240   0.53666   2.16621   0.75744   0.52883   0.61618   2.46500   0.07745   0.32597   0.10170   0.17208   0.00724   0.00000   1.52828   0.09054  35.13275  
 48  3.0693   4035.372548  x:  2.19817   2.12228   1.59053   1.16879   2.26152   0.53669   2.17258   0.75722   0.52897   0.61759   2.47494   0.07614   0.32657   0.10060   0.17260   0.00731   0.00000   1.52885   0.09035  47.36438  
 49  4.8862   4035.370517  x:  2.19517   2.12174   1.59149   1.16600   2.25930   0.53728   2.16782   0.75580   0.52973   0.61623   2.46888   0.07719   0.32548   0.10148   0.17268   0.00731   0.00000   1.52782   0.09043  74.91820  
 50  6.3224   4035.369423  x:  2.19577   2.12271   1.59126   1.16826   2.25875   0.53799   2.16997   0.75618   0.52868   0.61690   2.47128   0.07602   0.32662   0.10096   0.17231   0.00727   0.00000   1.52847   0.09040  99.83375  
 51 11.1127   4035.368446  x:  2.19937   2.12486   1.59073   1.16877   2.26129   0.53723   2.17334   0.75811   0.52945   0.61721   2.47143   0.07692   0.32588   0.10091   0.17281   0.00728   0.00000   1.52845   0.09032  165.08599  
 52 13.4513   4035.367939  x:  2.19703   2.12145   1.59073   1.16826   2.25881   0.53709   2.17143   0.75640   0.52899   0.61667   2.47014   0.07609   0.32659   0.10123   0.17236   0.00729   0.00000   1.52834   0.09039  216.28370  
 53 24.1538   4035.367507  x:  2.19519   2.12270   1.59093   1.16839   2.25953   0.53689   2.17052   0.75653   0.52905   0.61717   2.47116   0.07652   0.32617   0.10072   0.17261   0.00730   0.00000   1.52845   0.09041  350.03061  
 54 28.0809   4035.367258  x:  2.19698   2.12203   1.59063   1.16785   2.25914   0.53731   2.17016   0.75656   0.52924   0.61670   2.47031   0.07616   0.32656   0.10127   0.17247   0.00728   0.00000   1.52842   0.09039  470.98245  
 55 51.6383   4035.367068  x:  2.19773   2.12317   1.59111   1.16843   2.26016   0.53766   2.17150   0.75702   0.52888   0.61706   2.47261   0.07639   0.32629   0.10083   0.17248   0.00728   0.00000   1.52840   0.09035  731.81691  
 56 62.5692   4035.366949  x:  2.19749   2.12276   1.59096   1.16804   2.25973   0.53750   2.17093   0.75673   0.52924   0.61682   2.47088   0.07623   0.32647   0.10121   0.17252   0.00728   0.00000   1.52837   0.09037  999.00000  
 57 105.1309   4035.366937  x:  2.19717   2.12264   1.59093   1.16818   2.25963   0.53742   2.17096   0.75673   0.52910   0.61689   2.47116   0.07628   0.32641   0.10106   0.17250   0.00729   0.00000   1.52839   0.09038  999.00000  
 58  0.0005   4035.366936  x:  2.19687   2.12245   1.59081   1.16813   2.25943   0.53732   2.17082   0.75666   0.52909   0.61687   2.47089   0.07627   0.32643   0.10106   0.17250   0.00729   0.00000   1.52841   0.09039  999.00000  
 59  0.0004   4035.366936  x:  2.19688   2.12246   1.59081   1.16816   2.25944   0.53730   2.17086   0.75667   0.52910   0.61687   2.47087   0.07627   0.32643   0.10106   0.17250   0.00729   0.00000   1.52841   0.09039  999.00000  
 60  0.0000   4035.366936  x:  2.19690   2.12246   1.59082   1.16816   2.25945   0.53730   2.17088   0.75667   0.52909   0.61687   2.47088   0.07627   0.32642   0.10106   0.17250   0.00729   0.00000   1.52841   0.09038  999.00000  