    7
BAM_007250  0.000000  0.814281  0.784040  0.833998  0.359427  0.784040
  0.801763
BA_0804xxx  0.814281  0.000000  0.012449  0.967668  0.860376  0.012449
  0.131383
BC_0822xxx  0.784040  0.012449  0.000000  0.934089  0.785816  0.000010
  0.147905
NT03BL1214  0.833998  0.967668  0.934089  0.000000  0.744049  0.934089
  0.874733
BG11800xxx  0.359427  0.860376  0.785816  0.744049  0.000000  0.785816
  0.856588
NT02BT0850  0.784040  0.012449  0.000010  0.934089  0.785816  0.000000
  0.147905
KBAB4_0717  0.801763  0.131383  0.147905  0.874733  0.856588  0.147905
  0.000000
