

TREE # 1

  0  0.0000   8289.354555  x:  0.06958   0.46653   0.48758   0.13990   0.35529   0.00000   0.41765   0.11175   0.29803   0.22274   0.10716   0.12669   0.45855   0.08614   0.05941   0.06731   0.06499   0.04638   0.06459   2.00000   0.20000   0.20000  
  1 99.0000   7840.614903  x:  0.09766   0.46964   0.49296   0.16149   0.36315   0.10151   0.42417   0.12029   0.30379   0.22611   0.12350   0.13807   0.46696   0.08725   0.06198   0.09034   0.08020   0.03413   0.04283   2.00064   0.03518   0.19461  
  2 3007.5959   7798.244517  x:  0.14740   0.48350   0.51052   0.19735   0.37855   0.14224   0.43869   0.13375   0.31937   0.23908   0.15174   0.15761   0.49091   0.07988   0.07655   0.11873   0.10165   0.02352   0.00970   1.99615   0.05716   0.18518  
  3 890.3793   7750.453287  x:  0.19621   0.50186   0.53302   0.23301   0.39468   0.12001   0.45515   0.14563   0.33795   0.25555   0.17786   0.17473   0.52098   0.06572   0.09339   0.13606   0.11574   0.03783   0.00000   1.98912   0.04698   0.17420  
  4 1150.1265   7690.756428  x:  0.35319   0.56187   0.60693   0.35006   0.44953   0.08060   0.51088   0.18601   0.39840   0.30773   0.25745   0.22625   0.61984   0.01761   0.14488   0.19043   0.16109   0.06295   0.07247   1.96593   0.02667   0.13861  
  5 4518.6338   7677.952488  x:  0.36750   0.57431   0.62241   0.36598   0.46066   0.08019   0.52314   0.19075   0.40762   0.31379   0.25179   0.21827   0.64031   0.00000   0.14270   0.17364   0.14469   0.04964   0.07192   1.96003   0.02446   0.13415  
  6 368.6663   7659.325471  x:  0.39739   0.61335   0.67224   0.41254   0.49384   0.11410   0.56171   0.20012   0.43344   0.32842   0.22173   0.18174   0.70870   0.00000   0.15992   0.11378   0.09012   0.09227   0.07267   1.94056   0.02883   0.13305  
  7 634.9832   7650.933484  x:  0.37815   0.64763   0.71584   0.42778   0.51459   0.12022   0.59157   0.19219   0.44340   0.32676   0.17328   0.13557   0.77007   0.00000   0.20467   0.11910   0.11276   0.08742   0.06927   1.91674   0.02603   0.16244  
  8 181.9228   7634.614189  x:  0.21390   0.76304   0.86644   0.42731   0.56141   0.14697   0.68220   0.13053   0.45519   0.29582   0.19993   0.19173   0.98898   0.00000   0.21018   0.14325   0.09903   0.08263   0.06451   1.81684   0.02205   0.32457  
  9 136.4825   7631.662993  x:  0.20531   0.78286   0.89535   0.42249   0.55947   0.15251   0.69251   0.13104   0.45776   0.29229   0.19930   0.18502   1.03492   0.00000   0.16030   0.13879   0.12889   0.09315   0.06345   1.79097   0.02264   0.37458  
 10 105.6396   7626.018738  x:  0.27307   0.80089   0.93764   0.37491   0.49999   0.15829   0.67046   0.17319   0.45343   0.28858   0.21511   0.15580   1.12575   0.00000   0.13354   0.14988   0.10580   0.08957   0.06433   1.71177   0.01989   0.59931  
 11 67.1724   7625.282622  x:  0.28179   0.80015   0.94084   0.37182   0.49148   0.15989   0.66464   0.17382   0.45570   0.29218   0.21831   0.16191   1.13565   0.00000   0.13939   0.13049   0.11494   0.08572   0.06416   1.70042   0.01914   0.63337  
 12 72.9451   7624.592358  x:  0.28859   0.78724   0.93656   0.39497   0.48719   0.16116   0.65023   0.14819   0.47297   0.31506   0.19778   0.17660   1.13920   0.00000   0.13306   0.13227   0.11219   0.08426   0.06429   1.68726   0.01886   0.67130  
 13 20.8727   7623.671133  x:  0.27173   0.75311   0.92317   0.45389   0.50426   0.16135   0.63910   0.14206   0.47853   0.32728   0.22644   0.14743   1.13480   0.00000   0.13002   0.13070   0.11152   0.08099   0.06401   1.66931   0.01849   0.71062  
 14 11.5097   7621.713789  x:  0.26318   0.70560   0.91689   0.52499   0.53453   0.16475   0.63636   0.20104   0.45034   0.29942   0.19896   0.17689   1.13192   0.00000   0.12785   0.13275   0.11191   0.08043   0.06191   1.63944   0.01799   0.74116  
 15 11.2875   7599.138339  x:  0.45509   0.57582   1.03030   0.59624   0.49760   0.29718   0.63726   0.07435   0.37410   0.21616   0.23411   0.17564   1.17251   0.00000   0.15409   0.14432   0.12279   0.05634   0.04461   1.51056   0.01973   0.67916  
 16  7.6219   7575.148560  x:  0.54080   0.48721   1.14196   0.58907   0.42833   0.46863   0.66864   0.15025   0.47470   0.38237   0.27872   0.17746   1.18777   0.00000   0.19186   0.17632   0.13905   0.02909   0.01941   1.41583   0.02066   0.61716  
 17 92.1351   7565.713654  x:  0.59118   0.78066   1.08357   0.67441   0.48148   0.52323   0.62378   0.16268   0.50300   0.36183   0.29032   0.17974   1.10285   0.00000   0.18877   0.18056   0.14323   0.01761   0.01129   1.61535   0.01988   0.73145  
 18 35.3212   7564.422520  x:  0.61994   0.82898   0.99845   0.66090   0.51571   0.53241   0.73085   0.14621   0.48589   0.38165   0.28916   0.18261   1.06969   0.00000   0.18485   0.18177   0.14406   0.02213   0.00965   1.59362   0.01931   0.76271  
 19  9.5036   7562.093265  x:  0.61488   0.90398   0.87282   0.71252   0.42009   0.55390   0.71770   0.16702   0.57031   0.31283   0.29216   0.18115   1.15420   0.00000   0.18796   0.18252   0.14395   0.02866   0.00734   1.58644   0.01979   0.74081  
 20  4.9427   7559.119418  x:  0.61133   0.95998   0.91444   0.77281   0.36265   0.58231   0.63487   0.18711   0.44769   0.40669   0.29407   0.17923   1.23572   0.00000   0.18785   0.18077   0.14305   0.03608   0.00555   1.68474   0.02044   0.74479  
 21  8.6222   7557.120358  x:  0.63699   0.93066   1.04117   0.74027   0.46469   0.59805   0.57658   0.19493   0.50039   0.38761   0.29681   0.17805   1.21848   0.00000   0.18268   0.18038   0.14301   0.04564   0.00391   1.77629   0.02017   0.79827  
 22 10.7588   7555.904873  x:  0.64302   0.89984   1.13489   0.78467   0.39084   0.59613   0.67573   0.19696   0.53157   0.35485   0.29325   0.17833   1.18975   0.00000   0.17706   0.17601   0.14055   0.04536   0.00463   1.86371   0.02013   0.86645  
 23  5.7221   7543.950072  x:  0.72125   1.15154   1.22412   0.84646   0.49065   0.58235   0.74747   0.23662   0.52919   0.35174   0.26258   0.16288   1.38615   0.00000   0.14485   0.13347   0.10926   0.04195   0.01790   1.59697   0.01978   1.28071  
 24  2.2138   7542.857845  x:  0.74443   1.08813   1.14813   0.81531   0.54450   0.57963   0.77968   0.23278   0.52509   0.35830   0.25693   0.16557   1.55033   0.00000   0.14007   0.13025   0.10752   0.03885   0.01854   1.70713   0.01971   1.34061  
 25  7.5256   7534.289737  x:  0.87888   1.19366   1.29642   0.91787   0.51380   0.70958   0.81967   0.25722   0.55318   0.38054   0.25179   0.15179   1.81964   0.00000   0.15452   0.14477   0.10416   0.04361   0.00195   1.61072   0.01567   1.70072  
 26  0.5910   7530.568057  x:  0.99409   1.32924   1.39545   1.03122   0.50877   0.75729   0.83234   0.28594   0.58202   0.39475   0.24877   0.14778   2.07091   0.00000   0.16580   0.15482   0.11280   0.03953   0.01420   1.58607   0.01324   2.01051  
 27  0.5454   7526.262671  x:  1.16020   1.43576   1.54848   1.20094   0.48400   0.86474   0.83570   0.32215   0.60872   0.41603   0.25735   0.15416   2.36963   0.00000   0.16455   0.15499   0.13246   0.03692   0.01424   1.60157   0.01435   2.27108  
 28  0.4386   7523.587663  x:  1.38440   1.57730   1.78803   1.41654   0.49013   0.99760   0.84732   0.36812   0.63007   0.43384   0.26877   0.15826   2.76121   0.00000   0.16145   0.14939   0.12808   0.03689   0.00911   1.61190   0.01155   2.83389  
 29  0.5340   7522.647415  x:  1.52484   1.63721   1.93473   1.55828   0.51987   1.05762   0.81456   0.39632   0.62436   0.44244   0.27211   0.15725   2.98445   0.00000   0.16458   0.15031   0.11342   0.03698   0.00875   1.64350   0.01167   3.10889  
 30  0.2492   7522.242551  x:  1.67130   1.70541   2.08140   1.69335   0.55735   1.11769   0.78049   0.42028   0.61684   0.45145   0.27430   0.15544   3.20262   0.00000   0.16189   0.15365   0.11985   0.03770   0.00810   1.63964   0.01065   3.40690  
 31  0.2382   7522.052278  x:  1.72056   1.70168   2.12160   1.73582   0.58694   1.11013   0.75189   0.41914   0.60291   0.44879   0.27051   0.15523   3.23944   0.00000   0.16237   0.15340   0.12318   0.03747   0.00981   1.63518   0.01085   3.46900  
 32  0.0633   7521.778755  x:  1.81007   1.67438   2.17930   1.80455   0.62778   1.07605   0.73863   0.39996   0.59076   0.43828   0.26377   0.15926   3.26513   0.00000   0.16728   0.14935   0.11643   0.03676   0.01056   1.62685   0.01048   3.61198  
 33  0.0510   7521.171752  x:  1.79167   1.49465   2.05376   1.74065   0.62922   0.91003   0.78794   0.30713   0.59211   0.40926   0.26360   0.16552   2.93572   0.00000   0.16348   0.15063   0.12094   0.03667   0.00873   1.63273   0.01129   3.42971  
 34  0.1229   7520.706340  x:  1.84041   1.51363   2.00898   1.77145   0.55800   0.84582   0.84334   0.29860   0.62802   0.42226   0.28200   0.14605   2.87297   0.00000   0.16209   0.15903   0.12119   0.03934   0.00791   1.62360   0.01127   3.48391  
 35  0.0415   7520.278877  x:  2.07679   1.57916   2.11025   1.94968   0.58306   0.78312   0.84258   0.32710   0.63350   0.42649   0.27856   0.14520   3.08512   0.00000   0.16546   0.15124   0.11895   0.03836   0.01004   1.61973   0.01076   3.90707  
 36  0.1972   7520.035692  x:  2.09894   1.54479   2.01960   1.90467   0.59489   0.68058   0.88419   0.32643   0.64242   0.41422   0.27168   0.15959   3.03110   0.00000   0.16286   0.15059   0.12182   0.03750   0.00839   1.64543   0.01095   3.90458  
 37  0.0687   7519.912143  x:  2.07004   1.59895   2.00162   1.84683   0.62364   0.69729   0.87542   0.36810   0.64161   0.41399   0.26757   0.16297   3.11127   0.00000   0.16294   0.15377   0.12187   0.03798   0.00806   1.64809   0.01085   3.88873  
 38  0.0747   7519.848137  x:  2.05576   1.58779   1.96589   1.79373   0.64233   0.63924   0.88132   0.36373   0.64203   0.40514   0.26820   0.15881   3.05751   0.00000   0.16421   0.15422   0.12021   0.03865   0.00847   1.63428   0.01101   3.84511  
 39  0.0720   7519.806260  x:  2.03812   1.59181   1.99957   1.74734   0.66476   0.63453   0.87483   0.35513   0.64023   0.40166   0.27479   0.15346   3.05556   0.00000   0.16387   0.15211   0.12108   0.03887   0.00808   1.62631   0.01101   3.82531  
 40  0.0235   7519.768304  x:  2.06447   1.62251   2.05484   1.73692   0.66392   0.62683   0.88507   0.35222   0.64865   0.40726   0.27661   0.15580   3.11747   0.00000   0.16424   0.15316   0.12143   0.03815   0.00805   1.64455   0.01091   3.89189  
 41  0.0363   7519.756961  x:  2.05408   1.63573   2.07207   1.72111   0.65982   0.62414   0.88660   0.34815   0.64823   0.40673   0.27315   0.15595   3.12268   0.00000   0.16422   0.15345   0.12062   0.03819   0.00845   1.63788   0.01091   3.88642  
 42  0.0158   7519.754460  x:  2.05041   1.63949   2.07309   1.72007   0.65418   0.62527   0.88843   0.34690   0.64661   0.40537   0.27170   0.15726   3.12496   0.00000   0.16389   0.15324   0.12113   0.03834   0.00815   1.63846   0.01091   3.88317  
 43  0.0048   7519.753452  x:  2.05146   1.64398   2.07253   1.72356   0.65151   0.62590   0.88818   0.34700   0.64497   0.40430   0.27255   0.15676   3.13279   0.00000   0.16427   0.15330   0.12104   0.03846   0.00818   1.63944   0.01091   3.88682  
 44  0.0044   7519.753142  x:  2.04960   1.64531   2.06837   1.72116   0.65234   0.62478   0.88939   0.34638   0.64495   0.40379   0.27260   0.15684   3.13723   0.00000   0.16407   0.15331   0.12097   0.03832   0.00823   1.63901   0.01091   3.88619  
 45  0.0028   7519.752986  x:  2.04987   1.64542   2.06645   1.72401   0.65222   0.62603   0.88924   0.34560   0.64545   0.40423   0.27260   0.15673   3.14068   0.00000   0.16408   0.15331   0.12103   0.03838   0.00822   1.63897   0.01090   3.88788  
 46  0.0020   7519.752942  x:  2.04904   1.64557   2.06593   1.72278   0.65308   0.62479   0.88911   0.34552   0.64559   0.40418   0.27255   0.15676   3.14129   0.00000   0.16415   0.15328   0.12101   0.03842   0.00820   1.63903   0.01090   3.88736  
 47  0.0013   7519.752847  x:  2.04574   1.64588   2.06784   1.72527   0.65342   0.62528   0.88779   0.34602   0.64524   0.40461   0.27250   0.15689   3.14424   0.00000   0.16412   0.15327   0.12098   0.03841   0.00820   1.63899   0.01090   3.88785  
 48  0.0007   7519.752803  x:  2.04430   1.64476   2.06704   1.72585   0.65292   0.62428   0.88839   0.34568   0.64536   0.40446   0.27263   0.15675   3.14189   0.00000   0.16409   0.15331   0.12102   0.03840   0.00820   1.63895   0.01090   3.88626  
 49  0.0021   7519.752782  x:  2.04280   1.64477   2.06753   1.72656   0.65316   0.62433   0.88896   0.34583   0.64555   0.40425   0.27259   0.15674   3.14187   0.00000   0.16413   0.15330   0.12102   0.03840   0.00820   1.63908   0.01090   3.88586  
 50  0.0007   7519.752777  x:  2.04378   1.64527   2.06808   1.72697   0.65338   0.62419   0.88927   0.34585   0.64564   0.40419   0.27258   0.15678   3.14251   0.00000   0.16412   0.15329   0.12102   0.03840   0.00820   1.63903   0.01090   3.88748  
 51  0.0012   7519.752776  x:  2.04354   1.64524   2.06797   1.72696   0.65336   0.62422   0.88922   0.34584   0.64561   0.40421   0.27259   0.15677   3.14228   0.00000   0.16412   0.15330   0.12102   0.03840   0.00820   1.63900   0.01090   3.88715  
 52  0.0004   7519.752776  x:  2.04343   1.64535   2.06789   1.72702   0.65338   0.62422   0.88921   0.34582   0.64557   0.40424   0.27260   0.15678   3.14206   0.00000   0.16412   0.15330   0.12102   0.03840   0.00820   1.63897   0.01090   3.88702  
 53  0.0002   7519.752776  x:  2.04353   1.64557   2.06788   1.72709   0.65343   0.62420   0.88921   0.34582   0.64557   0.40425   0.27259   0.15678   3.14200   0.00000   0.16412   0.15330   0.12102   0.03840   0.00820   1.63902   0.01090   3.88717  
 54  0.0001   7519.752776  x:  2.04352   1.64553   2.06789   1.72708   0.65341   0.62421   0.88920   0.34582   0.64559   0.40424   0.27259   0.15677   3.14204   0.00000   0.16412   0.15330   0.12102   0.03840   0.00820   1.63902   0.01090   3.88716  
 55  0.0001   7519.752776  x:  2.04352   1.64554   2.06788   1.72709   0.65341   0.62421   0.88919   0.34582   0.64559   0.40423   0.27259   0.15677   3.14203   0.00000   0.16412   0.15330   0.12102   0.03840   0.00820   1.63902   0.01090   3.88715  
 56  0.0000   7519.752776  x:  2.04352   1.64554   2.06788   1.72709   0.65341   0.62421   0.88919   0.34582   0.64559   0.40423   0.27259   0.15677   3.14203   0.00000   0.16412   0.15330   0.12102   0.03840   0.00820   1.63902   0.01090   3.88715  