

TREE # 1

  0  0.0000   7903.402766  x:  0.06009   1.10374   1.13173   0.20253   0.92879   0.02223   0.95838   0.20109   0.69715   0.69336   1.01107   0.13945   0.00945   0.13568   0.10803   0.02345   0.01888   2.00000   0.20000   0.20000  
  1 99.0000   7241.254377  x:  0.06483   1.09881   1.12768   0.20477   0.92313   0.02611   0.95317   0.19616   0.69121   0.68709   1.00822   0.13794   0.01683   0.13496   0.10705   0.02856   0.01395   2.00279   0.02352   0.19391  
  2 3412.6054   7219.073277  x:  0.12221   1.10038   1.13151   0.23133   0.92222   0.06459   0.95272   0.20047   0.68947   0.68349   1.01689   0.12362   0.05762   0.14328   0.11583   0.04244   0.00625   2.00033   0.01621   0.17368  
  3 488.2206   7207.511064  x:  0.13757   1.08807   1.12212   0.24278   0.90748   0.07359   0.93922   0.18850   0.67386   0.66649   1.01230   0.10757   0.06831   0.14053   0.11192   0.04645   0.00000   2.00634   0.01766   0.15378  
  4 371.8287   7179.674730  x:  0.23837   1.00805   1.06152   0.31984   0.81132   0.13204   0.85122   0.11152   0.57224   0.55549   0.98392   0.00000   0.13496   0.12426   0.09097   0.07488   0.03590   2.04484   0.02555   0.02242  
  5 4944.0116   7179.674730  x:  0.23837   1.00805   1.06152   0.31984   0.81132   0.13204   0.85122   0.11152   0.57224   0.55549   0.98392   0.00000   0.13496   0.12426   0.09097   0.07488   0.03590   2.04484   0.02555   0.02242  
  6 329.2583   7178.484131  x:  0.23887   1.00807   1.06160   0.32023   0.81130   0.13234   0.85121   0.11174   0.57227   0.55548   0.98413   0.00054   0.13528   0.12460   0.09143   0.07377   0.03457   2.04474   0.02288   0.02242  
  7 675.3907   7164.294970  x:  0.25234   1.00893   1.06379   0.33062   0.81104   0.14032   0.85127   0.11796   0.57326   0.55555   0.99000   0.01389   0.14352   0.13346   0.10339   0.04520   0.00000   2.04201   0.02315   0.02235  
  8 656.2329   7159.350738  x:  0.27100   1.01013   1.06687   0.34504   0.81063   0.15126   0.85133   0.12641   0.57464   0.55562   0.99820   0.02732   0.15111   0.14393   0.11813   0.02308   0.01003   2.03823   0.02310   0.02068  
  9 362.2941   7145.557510  x:  0.36231   1.01622   1.08233   0.41613   0.80822   0.20385   0.85135   0.16616   0.58149   0.55582   1.03932   0.06132   0.16113   0.17692   0.15725   0.05383   0.00846   2.01911   0.02220   0.00010  
 10 314.4869   7119.234295  x:  0.59501   1.03403   1.12502   0.60077   0.79858   0.33043   0.84904   0.25515   0.60004   0.55563   1.15319   0.03844   0.06836   0.16428   0.12664   0.03555   0.00767   1.96541   0.01917   0.00010  
 11 352.9438   7113.850875  x:  0.64832   1.04009   1.13712   0.64487   0.79312   0.35441   0.84615   0.26667   0.60499   0.55514   1.18574   0.06900   0.07648   0.13236   0.08803   0.03383   0.00969   1.94907   0.01877   0.00010  
 12 252.7371   7112.322039  x:  0.66375   1.04895   1.14861   0.66362   0.77962   0.34428   0.83674   0.23957   0.60880   0.55336   1.21731   0.07980   0.06694   0.10743   0.10670   0.03387   0.00930   1.92993   0.01871   0.00010  
 13 50.9111   7106.760208  x:  0.71255   1.08788   1.19712   0.73190   0.71849   0.28842   0.79482   0.11276   0.62394   0.54522   1.35124   0.12130   0.03014   0.12792   0.10682   0.03068   0.00954   1.84685   0.01854   0.00010  
 14 133.5631   7104.102414  x:  0.70108   1.13004   1.24314   0.75640   0.65573   0.23855   0.77211   0.15235   0.63150   0.54240   1.48617   0.07891   0.08155   0.13371   0.11154   0.02347   0.00888   1.74944   0.01750   0.00010  
 15 33.4632   7102.761549  x:  0.63966   1.16016   1.27451   0.73223   0.64416   0.27152   0.78270   0.19823   0.62448   0.53154   1.58399   0.12287   0.03889   0.13807   0.11416   0.02293   0.00917   1.67527   0.01723   0.00010  
 16 20.8672   7102.326238  x:  0.61545   1.17796   1.28957   0.71580   0.65585   0.32363   0.79772   0.17553   0.62206   0.52593   1.64119   0.10636   0.05602   0.13776   0.11410   0.02268   0.00904   1.65187   0.01684   0.00010  
 17 11.3253   7101.700639  x:  0.61072   1.21545   1.31663   0.67314   0.64150   0.31119   0.80373   0.17735   0.63394   0.56071   1.75793   0.09773   0.05990   0.13598   0.11015   0.02782   0.00919   1.66094   0.01650   0.00010  
 18  4.6744   7101.124906  x:  0.63034   1.23372   1.33096   0.66217   0.66060   0.29329   0.80096   0.18616   0.59481   0.50622   1.82600   0.09591   0.06159   0.13641   0.10966   0.02951   0.00909   1.70291   0.01666   0.00010  
 19  4.8043   7097.855949  x:  0.74418   1.26880   1.37487   0.69333   0.86068   0.28725   0.81396   0.22290   0.70602   0.53891   2.06481   0.11460   0.05758   0.14843   0.11811   0.02867   0.00781   1.93940   0.01587   0.00010  
 20  6.1826   7089.932485  x:  0.92025   1.23407   1.42508   0.99479   0.75635   0.38058   0.87552   0.21815   0.52993   0.68612   2.09264   0.11150   0.07855   0.15976   0.12239   0.03829   0.00600   1.74915   0.01700   0.00010  
 21  5.0841   7087.713380  x:  0.98395   1.28574   1.48189   1.02935   0.69650   0.42128   0.81894   0.22825   0.68706   0.55471   2.03184   0.10607   0.08550   0.16073   0.12040   0.04293   0.00571   1.63229   0.01719   0.00010  
 22 12.3964   7086.625647  x:  1.09983   1.52371   1.65596   0.99410   0.66155   0.43535   0.91960   0.22601   0.68381   0.55945   1.93516   0.11057   0.08322   0.16191   0.12123   0.04251   0.00558   1.61624   0.01572   0.00010  
 23  4.3392   7085.221780  x:  1.08697   1.66506   1.75378   1.11999   0.65946   0.51083   0.72100   0.24460   0.63986   0.60688   1.96644   0.10802   0.08304   0.16079   0.11864   0.04338   0.00591   1.66203   0.01474   0.00010  
 24  2.0561   7082.660897  x:  1.14070   1.62889   1.71196   1.35162   0.61963   0.50882   0.85704   0.25811   0.70078   0.54942   2.19135   0.10551   0.07935   0.15939   0.11507   0.04550   0.00683   1.65694   0.01261   0.00010  
 25  3.2716   7081.266593  x:  1.38383   1.48081   1.62542   1.17238   0.48854   0.60880   0.80367   0.25834   0.68112   0.56507   2.34807   0.11029   0.07331   0.15831   0.11532   0.04187   0.00716   1.64102   0.01270   0.00010  
 26  4.8496   7081.034629  x:  1.43628   1.44928   1.63471   1.14427   0.55857   0.58886   0.78437   0.26008   0.66882   0.57724   2.37214   0.10733   0.07489   0.15792   0.11465   0.04192   0.00732   1.58227   0.01242   0.00010  
 27  2.8804   7079.304805  x:  1.52741   1.22405   1.98335   1.30008   0.60582   0.60281   0.81237   0.28033   0.68959   0.57615   2.59996   0.08954   0.07800   0.15223   0.11134   0.04039   0.00828   1.64752   0.01250   0.00010  
 28  0.8794   7078.218871  x:  1.61393   1.46083   1.75503   1.43683   0.64925   0.61741   0.81778   0.29821   0.70016   0.58125   2.76640   0.08581   0.07263   0.14867   0.11010   0.03914   0.00894   1.64910   0.01257   0.00010  
 29  2.3560   7077.180628  x:  1.83832   1.62000   1.99082   1.63513   0.65269   0.69048   0.81137   0.33012   0.71144   0.59958   3.00257   0.08469   0.07887   0.15360   0.12391   0.03930   0.00833   1.65489   0.01092   0.00010  
 30  0.3402   7076.950356  x:  1.95828   1.62847   2.03690   1.71522   0.65307   0.71122   0.81141   0.34127   0.71871   0.59489   3.11727   0.08210   0.08467   0.15434   0.12488   0.03884   0.00808   1.62916   0.01098   0.00010  
 31  0.1436   7076.879460  x:  2.04689   1.67093   2.10399   1.78475   0.65924   0.72509   0.81754   0.35000   0.72622   0.59943   3.22047   0.07749   0.08856   0.15327   0.12151   0.03816   0.00811   1.63566   0.01056   0.00010  
 32  0.1417   7076.871114  x:  2.07083   1.68263   2.11855   1.80333   0.66526   0.72046   0.82111   0.35085   0.72861   0.59963   3.24862   0.07566   0.09150   0.15368   0.12053   0.03838   0.00815   1.64606   0.01054   0.00010  
 33  0.0281   7076.868014  x:  2.07474   1.68387   2.11657   1.80036   0.66710   0.71006   0.82211   0.34783   0.72788   0.59860   3.24919   0.07391   0.09313   0.15391   0.12105   0.03875   0.00815   1.64316   0.01052   0.00010  
 34  0.0050   7076.867154  x:  2.07566   1.68269   2.11467   1.79372   0.66611   0.70570   0.82253   0.34578   0.72724   0.59884   3.24730   0.07353   0.09320   0.15367   0.12100   0.03859   0.00813   1.64460   0.01054   0.00010  
 35  0.0054   7076.867037  x:  2.07827   1.68305   2.11542   1.79454   0.66512   0.70565   0.82305   0.34555   0.72784   0.59835   3.24876   0.07393   0.09294   0.15369   0.12102   0.03851   0.00813   1.64460   0.01054   0.00010  
 36  0.0021   7076.867009  x:  2.07729   1.68231   2.11467   1.79481   0.66498   0.70516   0.82311   0.34533   0.72796   0.59807   3.24697   0.07432   0.09257   0.15372   0.12100   0.03852   0.00814   1.64439   0.01054   0.00010  
 37  0.0010   7076.866998  x:  2.07767   1.68244   2.11497   1.79551   0.66519   0.70502   0.82307   0.34529   0.72787   0.59826   3.24681   0.07454   0.09232   0.15371   0.12099   0.03852   0.00814   1.64460   0.01054   0.00010  
 38  0.0005   7076.866997  x:  2.07799   1.68249   2.11499   1.79550   0.66527   0.70510   0.82301   0.34531   0.72780   0.59831   3.24690   0.07451   0.09235   0.15371   0.12101   0.03853   0.00813   1.64456   0.01054   0.00010  
 39  0.0002   7076.866997  x:  2.07805   1.68246   2.11494   1.79547   0.66526   0.70510   0.82302   0.34530   0.72781   0.59829   3.24672   0.07453   0.09234   0.15370   0.12100   0.03853   0.00813   1.64457   0.01054   0.00010  
 40  0.0001   7076.866997  x:  2.07808   1.68244   2.11492   1.79545   0.66526   0.70511   0.82302   0.34530   0.72780   0.59828   3.24665   0.07452   0.09234   0.15370   0.12100   0.03853   0.00813   1.64457   0.01054   0.00010  
 41  0.0001   7076.866997  x:  2.07810   1.68244   2.11491   1.79544   0.66525   0.70511   0.82302   0.34530   0.72780   0.59828   3.24662   0.07452   0.09234   0.15370   0.12100   0.03853   0.00813   1.64457   0.01054   0.00010  
 42  0.0001   7076.866997  x:  2.07810   1.68244   2.11491   1.79543   0.66525   0.70511   0.82302   0.34530   0.72780   0.59828   3.24661   0.07452   0.09235   0.15370   0.12100   0.03853   0.00813   1.64457   0.01054   0.00010  
 43  0.0001   7076.866997  x:  2.07810   1.68243   2.11490   1.79543   0.66525   0.70512   0.82302   0.34530   0.72780   0.59828   3.24660   0.07452   0.09235   0.15370   0.12100   0.03853   0.00813   1.64457   0.01054   0.00010  