   14
BAM_005880  0.000000  2.120252  1.909924  2.212644  2.030873  1.077699
  1.769872  1.476273  2.235927  1.590707  2.345146  3.607540  0.210795
  2.253629
BAM_009440  2.120252  0.000000  2.618147  2.047791  0.580114  1.833728
  2.287779  2.142953  0.389943  2.093013  0.343386  2.525255  2.206198
  1.976866
BAM_037610  1.909924  2.618147  0.000000  0.588853  2.579389  1.999218
  0.509089  3.222517  2.538779  0.381579  2.491196  1.350759  1.770698
  0.623779
BA_3121xxx  2.212644  2.047791  0.588853  0.000000  2.201122  1.721786
  0.600330  2.019233  2.006266  0.545285  1.918482  1.123870  1.918302
  0.025336
BH3888xxxx  2.030873  0.580114  2.579389  2.201122  0.000000  1.986917
  2.387620  2.538655  0.660754  2.110886  0.615815  2.412325  2.122067
  2.179121
NT03BL2052  1.077699  1.833728  1.999218  1.721786  1.986917  0.000000
  1.865251  0.441749  1.917871  1.595928  1.974193  3.421594  1.036528
  1.758358
NT03BL4618  1.769872  2.287779  0.509089  0.600330  2.387620  1.865251
  0.000000  3.247631  2.230921  0.486171  2.232840  1.275347  1.698218
  0.636552
Bmo3201xxx  1.476273  2.142953  3.222517  2.019233  2.538655  0.441749
  3.247631  0.000000  2.751430  2.389828  2.333157  2.708248  1.400583
  2.019233
BPUM_0868x  2.235927  0.389943  2.538779  2.006266  0.660754  1.917871
  2.230921  2.751430  0.000000  2.165631  0.605062  2.277295  2.314733
  1.965032
BG10012xxx  1.590707  2.093013  0.381579  0.545285  2.110886  1.595928
  0.486171  2.389828  2.165631  0.000000  2.027245  1.269227  1.603795
  0.573075
BG11595xxx  2.345146  0.343386  2.491196  1.918482  0.615815  1.974193
  2.232840  2.333157  0.605062  2.027245  0.000000  2.062544  2.369658
  1.939186
BG13779xxx  3.607540  2.525255  1.350759  1.123870  2.412325  3.421594
  1.275347  2.708248  2.277295  1.269227  2.062544  0.000000  3.349329
  1.146321
BG13780xxx  0.210795  2.206198  1.770698  1.918302  2.122067  1.036528
  1.698218  1.400583  2.314733  1.603795  2.369658  3.349329  0.000000
  1.958277
NT02BT3082  2.253629  1.976866  0.623779  0.025336  2.179121  1.758358
  0.636552  2.019233  1.965032  0.573075  1.939186  1.146321  1.958277
  0.000000
