

TREE # 1

  0  0.0000   7398.618575  x:  0.17789   1.46711   1.59983   0.25524   1.29668   0.29323   1.26757   0.31181   0.75370   0.49015   0.27112   0.35335   1.34428   0.19257   0.03087   0.18379   0.11059   0.00000   0.00000   2.00000   0.20000   0.20000  
  1 99.0000   7398.617744  x:  0.17789   1.46711   1.59983   0.25524   1.29668   0.29323   1.26757   0.31181   0.75370   0.49015   0.27112   0.35335   1.34428   0.19257   0.03087   0.18379   0.11059   0.00000   0.00000   2.00000   0.20000   0.20000  
  2 542.7545   7350.114642  x:  0.48592   1.51010   1.68062   0.72207   1.35921   0.44617   1.29762   0.42006   0.67299   0.46171   0.26152   0.28244   1.48231   0.17313   0.13721   0.10413   0.29851   0.00000   0.00000   1.82169   0.18292   0.21783  
  3 256.7496   7320.723083  x:  0.64426   1.53543   1.74236   0.94889   1.40189   0.51422   1.32595   0.48194   0.63352   0.45780   0.30147   0.29053   1.57348   0.08697   0.06716   0.17030   0.15287   0.00000   0.00000   1.69391   0.15321   0.24026  
  4 218.5327   7316.525131  x:  0.67211   1.54143   1.76048   0.98571   1.41259   0.52244   1.33523   0.49424   0.62912   0.46205   0.31266   0.29912   1.59584   0.12226   0.08462   0.18515   0.10550   0.00000   0.00000   1.66147   0.14549   0.24790  
  5 184.1489   7312.371564  x:  0.69143   1.55755   1.82620   0.98981   1.44386   0.50186   1.37296   0.51329   0.64313   0.49873   0.34327   0.34666   1.65761   0.18730   0.02498   0.21506   0.13235   0.00000   0.00000   1.57074   0.13306   0.27928  
  6 57.1585   7309.652039  x:  0.69530   1.57490   1.89736   0.97010   1.47679   0.47138   1.41344   0.52603   0.65733   0.52933   0.32782   0.34739   1.72151   0.19794   0.00363   0.16623   0.12203   0.00000   0.00000   1.49728   0.12461   0.31264  
  7 65.5226   7305.755021  x:  0.69159   1.60834   2.04114   0.91554   1.54281   0.40460   1.49305   0.54384   0.67656   0.57667   0.29601   0.33885   1.85216   0.16021   0.04801   0.17607   0.12839   0.00000   0.00000   1.37122   0.11051   0.38022  
  8 113.6730   7303.208626  x:  0.67241   1.63533   2.20037   0.89839   1.61625   0.35217   1.55191   0.52378   0.60181   0.51108   0.30130   0.28827   2.00595   0.18167   0.02955   0.18874   0.13285   0.00000   0.00000   1.42039   0.10791   0.44424  
  9 26.5248   7302.563760  x:  0.66197   1.63997   2.24896   0.89955   1.63836   0.34217   1.56413   0.51474   0.58802   0.49912   0.33069   0.31074   2.05474   0.17303   0.03923   0.17401   0.13401   0.00000   0.00000   1.44785   0.10634   0.46343  
 10 37.1272   7302.080871  x:  0.63445   1.63036   2.29899   0.92898   1.65850   0.35695   1.55431   0.49898   0.61834   0.53018   0.30977   0.32612   2.10943   0.17428   0.03743   0.17805   0.13305   0.00000   0.00000   1.49929   0.10417   0.47932  
 11 11.8348   7301.825075  x:  0.57696   1.59897   2.33170   0.95582   1.65317   0.37069   1.51174   0.47687   0.61596   0.53471   0.31992   0.31428   2.14400   0.17394   0.03839   0.17594   0.13364   0.00000   0.00000   1.48205   0.10583   0.47393  
 12  5.0105   7301.700914  x:  0.55745   1.58356   2.34976   0.96095   1.64454   0.37803   1.49182   0.50476   0.60804   0.52111   0.30395   0.32908   2.15364   0.17408   0.03889   0.17486   0.13433   0.00000   0.00000   1.47904   0.10626   0.46982  
 13  3.2482   7301.492183  x:  0.55720   1.56934   2.37912   0.96208   1.62514   0.37981   1.46639   0.55788   0.62115   0.52323   0.32095   0.30994   2.15839   0.17475   0.04011   0.17273   0.13609   0.00000   0.00000   1.49211   0.10549   0.46329  
 14  3.4833   7300.701563  x:  0.64468   1.56536   2.45573   0.98146   1.56137   0.33711   1.40962   0.54259   0.61693   0.53584   0.30525   0.31473   2.14483   0.17598   0.04456   0.16434   0.14137   0.00000   0.00000   1.51968   0.10854   0.42064  
 15  2.8186   7298.866936  x:  0.72252   1.58230   2.52422   1.01098   1.61207   0.49777   1.50731   0.48888   0.63683   0.50751   0.29683   0.29928   2.07155   0.18166   0.05618   0.14339   0.15815   0.00000   0.00000   1.54950   0.10588   0.33132  
 16  4.6338   7298.019975  x:  0.66243   1.62395   2.44232   1.13430   1.66615   0.41122   1.60722   0.52231   0.61522   0.53991   0.29395   0.29255   2.08005   0.18256   0.06193   0.13623   0.16423   0.00000   0.00000   1.57736   0.10628   0.26808  
 17  5.1483   7297.729818  x:  0.65857   1.68388   2.39888   1.16518   1.70750   0.38228   1.58280   0.52642   0.67014   0.48964   0.29354   0.29305   2.11874   0.18406   0.06209   0.13604   0.16623   0.00000   0.00000   1.57120   0.10524   0.24003  
 18  3.4780   7297.295784  x:  0.67832   1.78346   2.34969   1.16178   1.76136   0.41238   1.51831   0.54954   0.62418   0.53321   0.29561   0.29254   2.20427   0.18470   0.06330   0.13825   0.16881   0.00000   0.00000   1.56948   0.10324   0.17536  
 19  2.5470   7296.003520  x:  0.72610   1.78374   2.39500   1.22425   1.70564   0.44162   1.59392   0.55659   0.63482   0.53019   0.30258   0.29772   2.31200   0.18327   0.06506   0.15046   0.17103   0.00000   0.00000   1.55948   0.09996   0.00010  
 20  2.0692   7295.218848  x:  0.77697   1.72583   2.55574   1.32573   1.87797   0.39803   1.58649   0.57761   0.63218   0.54048   0.31051   0.30310   2.22350   0.17842   0.06957   0.16363   0.17212   0.00000   0.00000   1.54648   0.09653   0.00010  
 21  3.5466   7294.753393  x:  0.76875   1.85426   2.67502   1.43627   1.81116   0.42866   1.63625   0.58850   0.63727   0.54686   0.31357   0.30725   2.24255   0.17116   0.07386   0.16407   0.17072   0.00000   0.00000   1.53080   0.09190   0.00010  
 22  0.4745   7294.178185  x:  0.87937   1.75671   2.68959   1.50378   1.82710   0.43918   1.69748   0.60157   0.64994   0.55238   0.31386   0.31022   2.42363   0.16369   0.07793   0.15899   0.17042   0.00000   0.00000   1.51719   0.08875   0.00010  
 23  1.9364   7294.075364  x:  0.89071   1.79161   2.73513   1.52312   1.84530   0.44452   1.72698   0.61050   0.66048   0.55724   0.31447   0.31151   2.44789   0.16231   0.07774   0.16051   0.16852   0.00000   0.00000   1.52963   0.08912   0.00010  
 24  0.1454   7294.022475  x:  0.90305   1.78949   2.72117   1.58663   1.84711   0.44532   1.72196   0.60965   0.65221   0.55884   0.31212   0.30765   2.41758   0.16421   0.07566   0.16016   0.16847   0.00000   0.00000   1.53627   0.08914   0.00010  
 25  0.0638   7294.012976  x:  0.90807   1.80541   2.73553   1.59593   1.86567   0.44610   1.73087   0.61457   0.65821   0.56174   0.31278   0.30939   2.42487   0.16674   0.07295   0.15929   0.16810   0.00000   0.00000   1.53779   0.08833   0.00010  
 26  0.0258   7294.011043  x:  0.90780   1.80111   2.73013   1.59396   1.86278   0.44633   1.72962   0.61352   0.65729   0.56123   0.31302   0.30943   2.42385   0.16862   0.07071   0.15899   0.16822   0.00000   0.00000   1.53566   0.08852   0.00010  
 27  0.0056   7294.010868  x:  0.90733   1.80120   2.73092   1.59267   1.86159   0.44654   1.72965   0.61351   0.65707   0.56113   0.31296   0.30924   2.42401   0.16875   0.07029   0.15923   0.16831   0.00000   0.00000   1.53623   0.08851   0.00010  
 28  0.0017   7294.010862  x:  0.90743   1.80110   2.73119   1.59271   1.86159   0.44647   1.72953   0.61356   0.65706   0.56114   0.31296   0.30929   2.42394   0.16864   0.07032   0.15921   0.16835   0.00000   0.00000   1.53625   0.08852   0.00010  
 29  0.0003   7294.010862  x:  0.90745   1.80112   2.73115   1.59272   1.86164   0.44646   1.72952   0.61356   0.65708   0.56114   0.31296   0.30928   2.42392   0.16865   0.07032   0.15920   0.16836   0.00000   0.00000   1.53624   0.08852   0.00010  
 30  0.0001   7294.010862  x:  0.90745   1.80113   2.73114   1.59272   1.86163   0.44646   1.72953   0.61356   0.65708   0.56114   0.31296   0.30928   2.42392   0.16865   0.07032   0.15920   0.16836   0.00000   0.00000   1.53624   0.08852   0.00010  
 31  0.0000   7294.010862  x:  0.90746   1.80113   2.73114   1.59272   1.86163   0.44646   1.72953   0.61356   0.65708   0.56114   0.31296   0.30928   2.42392   0.16865   0.07032   0.15920   0.16836   0.00000   0.00000   1.53624   0.08852   0.00010  
 32  0.0000   7294.010862  x:  0.90746   1.80113   2.73114   1.59272   1.86163   0.44646   1.72953   0.61356   0.65708   0.56114   0.31296   0.30928   2.42392   0.16865   0.07032   0.15920   0.16836   0.00000   0.00000   1.53624   0.08852   0.00010  