

TREE # 1

  0  0.0000  14589.309405  x:  0.17673   2.00331   2.68384   0.26622   1.49766   0.23007   1.30377   0.45607   1.08915   0.29710   0.28810   0.34511   1.83609   0.38818   0.07371   0.26919   0.09192   0.11424   0.08291   2.00000   0.20000   0.20000   0.20000  
  1 99.0000  14342.267039  x:  0.20124   2.01581   2.69549   0.30296   1.50677   0.25000   1.31155   0.47216   1.10142   0.32127   0.28879   0.35033   1.85271   0.38399   0.07361   0.25641   0.10770   0.09521   0.12008   1.97141   0.58300   0.13236   0.20628  
  2 2501.2976  14315.374155  x:  0.21722   2.02432   2.70293   0.32735   1.51020   0.26031   1.31321   0.48064   1.10744   0.33525   0.28147   0.34905   1.86381   0.38555   0.07956   0.24487   0.12151   0.07875   0.13119   1.95785   0.57677   0.06104   0.21252  
  3 474.8990  14263.737098  x:  0.34367   2.09229   2.76328   0.51933   1.53732   0.34009   1.32621   0.54684   1.15532   0.44324   0.22586   0.34105   1.95316   0.44956   0.17916   0.19597   0.24446   0.01154   0.19830   1.83729   0.54297   0.06545   0.26430  
  4 362.0463  14243.170398  x:  0.43090   2.13977   2.80647   0.65063   1.55555   0.39258   1.33460   0.59081   1.18791   0.51409   0.19219   0.33939   2.01611   0.48644   0.23929   0.16088   0.31247   0.07893   0.22882   1.75365   0.52215   0.05630   0.29272  
  5 1254.7629  14219.623388  x:  0.51584   2.18891   2.85659   0.77365   1.57015   0.43053   1.33925   0.62421   1.21641   0.56363   0.19204   0.36192   2.08360   0.49206   0.26286   0.12945   0.29202   0.08937   0.11124   1.67293   0.51239   0.05347   0.29519  
  6 319.5034  14198.370151  x:  0.63882   2.26676   2.94864   0.94283   1.58163   0.45347   1.33587   0.64892   1.24725   0.58838   0.23635   0.41923   2.19499   0.42722   0.21664   0.17011   0.13239   0.08669   0.14127   1.56853   0.48665   0.06729   0.30104  
  7 192.0451  14191.457695  x:  0.69885   2.30895   3.00656   1.02243   1.58129   0.44573   1.32862   0.64803   1.25591   0.57443   0.23382   0.41890   2.25773   0.36918   0.16441   0.26270   0.13628   0.08743   0.13096   1.53553   0.47816   0.07054   0.29274  
  8 168.9624  14185.919944  x:  0.75932   2.36370   3.10286   1.09555   1.56490   0.38562   1.30719   0.61474   1.24933   0.49592   0.19132   0.36312   2.34491   0.33122   0.12651   0.22884   0.13103   0.08537   0.13477   1.55764   0.47654   0.08143   0.27045  
  9 71.4921  14180.219971  x:  0.82704   2.43665   3.24472   1.17151   1.53813   0.28036   1.27683   0.56418   1.24019   0.38350   0.24590   0.37460   2.46487   0.34475   0.13874   0.21029   0.16133   0.08488   0.14181   1.60732   0.47525   0.08044   0.23528  
 10 115.4347  14178.003947  x:  0.83538   2.47625   3.34947   1.17182   1.53127   0.20162   1.27361   0.56860   1.25446   0.39527   0.22742   0.35809   2.53674   0.38586   0.17036   0.24589   0.13376   0.08568   0.13768   1.65813   0.47758   0.07231   0.24156  
 11 42.7705  14174.195058  x:  0.81613   2.55061   3.57772   1.12634   1.54597   0.06218   1.28654   0.62169   1.29490   0.48635   0.23213   0.38326   2.67763   0.38352   0.12953   0.22660   0.14954   0.08633   0.13632   1.75467   0.47416   0.07843   0.27779  
 12 59.2339  14167.485266  x:  0.64989   2.72908   4.20190   0.88663   1.80558   0.11448   1.37909   0.78747   1.28496   0.43960   0.23738   0.36931   3.01942   0.44461   0.08790   0.21932   0.16056   0.08309   0.14464   1.78763   0.46058   0.07554   0.24762  
 13 33.4214  14165.188263  x:  0.54598   2.80296   4.43332   0.78878   1.81902   0.14675   1.34013   0.66899   1.30689   0.44931   0.20916   0.39513   3.11187   0.43235   0.10597   0.21222   0.16911   0.08383   0.13810   1.69299   0.45751   0.07069   0.32737  
 14 20.6813  14163.836470  x:  0.47713   2.86308   4.56444   0.76600   1.77448   0.20536   1.31380   0.59747   1.31481   0.51582   0.24511   0.34892   3.14088   0.40789   0.12753   0.20728   0.17267   0.08222   0.14391   1.67424   0.45338   0.07064   0.27876  
 15 18.5333  14162.236383  x:  0.39361   2.94938   4.70360   0.78498   1.67319   0.29641   1.31221   0.56680   1.28621   0.55319   0.20163   0.40427   3.14307   0.37418   0.15897   0.20528   0.17357   0.08063   0.15001   1.70479   0.44929   0.07118   0.22495  
 16 19.6356  14159.336571  x:  0.22952   3.12781   4.94743   0.87249   1.44782   0.45629   1.35257   0.60161   1.22551   0.55077   0.22864   0.38950   3.10362   0.31416   0.20688   0.20693   0.16954   0.08432   0.13735   1.76608   0.44145   0.06989   0.31772  
 17 29.3827  14154.950361  x:  0.00000   3.32439   5.17715   1.02448   1.27461   0.42193   1.40555   0.72037   1.35070   0.48717   0.22549   0.38075   2.97145   0.32444   0.20100   0.19664   0.17767   0.08111   0.14440   1.64620   0.42368   0.06408   0.27174  
 18 15.8831  14154.950361  x:  0.00000   3.32439   5.17715   1.02448   1.27461   0.42193   1.40555   0.72037   1.35070   0.48717   0.22549   0.38075   2.97145   0.32444   0.20100   0.19664   0.17767   0.08111   0.14440   1.64620   0.42368   0.06408   0.27174  
 19 20.5360  14131.124961  x:  0.00379   3.32526   5.17720   1.03017   1.28013   0.42180   1.40239   0.71910   1.34947   0.48894   0.22044   0.37822   2.97338   0.33041   0.20701   0.19120   0.18098   0.05364   0.13286   1.64944   0.29721   0.05357   0.27395  
 20 291.9834  14129.697943  x:  0.00507   3.32574   5.17743   1.03196   1.28187   0.42252   1.40241   0.71958   1.34995   0.49027   0.22032   0.37850   2.97418   0.33201   0.20856   0.19063   0.18216   0.05579   0.13398   1.64841   0.28548   0.06391   0.27440  
 21 301.8385  14128.516724  x:  0.01173   3.32848   5.17893   1.04099   1.29063   0.42724   1.40401   0.72332   1.35368   0.49807   0.22182   0.38135   2.97852   0.33584   0.21202   0.18678   0.18505   0.07156   0.14224   1.64098   0.27429   0.05978   0.27604  
 22 100.4320  14118.606737  x:  0.11841   3.37269   5.20376   1.18482   1.42910   0.50283   1.43189   0.78358   1.41419   0.62052   0.24328   0.42380   3.04851   0.38996   0.25985   0.14211   0.22145   0.04872   0.14325   1.51905   0.22971   0.05292   0.30046  
 23 118.8766  14116.510688  x:  0.15358   3.38684   5.21261   1.23120   1.46937   0.51844   1.43838   0.79527   1.42867   0.64349   0.22502   0.41344   3.07244   0.38433   0.25213   0.16427   0.21983   0.05945   0.11748   1.50051   0.21940   0.05186   0.30033  
 24 92.7023  14114.330095  x:  0.19904   3.40482   5.22447   1.29063   1.51825   0.53244   1.44467   0.80509   1.44385   0.66291   0.19655   0.39418   3.10391   0.36755   0.23256   0.18991   0.20279   0.05132   0.13523   1.48984   0.20885   0.05281   0.30223  
 25 147.9058  14113.113703  x:  0.23433   3.41801   5.23444   1.33600   1.55077   0.53075   1.44454   0.80244   1.44879   0.66025   0.19449   0.39227   3.12945   0.35563   0.21853   0.16983   0.17635   0.05338   0.13067   1.50636   0.20500   0.05585   0.29973  
 26 59.0724  14109.493499  x:  0.37343   3.46806   5.27597   1.51338   1.66692   0.49302   1.43248   0.76921   1.45344   0.61257   0.22831   0.41252   3.23338   0.33756   0.19319   0.16490   0.21207   0.05072   0.13303   1.62038   0.19963   0.05802   0.28848  
 27 73.7429  14107.712812  x:  0.44639   3.49305   5.30028   1.60602   1.72292   0.45426   1.42326   0.74666   1.45327   0.58341   0.21095   0.39600   3.29123   0.38028   0.23374   0.16502   0.20910   0.05063   0.13442   1.68459   0.20426   0.05527   0.28846  
 28 76.1353  14107.010134  x:  0.47046   3.49722   5.31984   1.63554   1.72747   0.38143   1.42574   0.74443   1.46082   0.59836   0.22524   0.41420   3.32379   0.38563   0.23985   0.18669   0.18695   0.05183   0.13341   1.68275   0.20227   0.05459   0.30921  
 29 13.0759  14105.688824  x:  0.50847   3.50054   5.36055   1.68244   1.73221   0.23091   1.43509   0.74852   1.47528   0.63392   0.20604   0.40959   3.38627   0.37593   0.23153   0.17026   0.20446   0.05366   0.13041   1.66737   0.20315   0.05533   0.34616  
 30 38.4667  14102.480652  x:  0.51561   3.46712   5.48378   1.70903   1.85409   0.10694   1.51561   0.86980   1.44921   0.60457   0.25138   0.36530   3.52257   0.37533   0.23190   0.17288   0.20024   0.05153   0.13971   1.61786   0.19927   0.05577   0.23276  
 31  7.5633  14096.882402  x:  0.49748   3.39809   5.73798   1.72647   2.10912   0.08093   1.62193   1.02795   1.42066   0.53970   0.19312   0.44702   3.76770   0.36134   0.21405   0.18120   0.19397   0.06104   0.13372   1.61962   0.20245   0.05843   0.34094  
 32 23.2975  14091.127138  x:  0.50622   3.38097   6.01888   1.74815   2.22694   0.17365   1.62988   0.98315   1.60608   0.70045   0.26746   0.36019   3.98774   0.35724   0.19356   0.19143   0.18639   0.06751   0.13390   1.71988   0.20697   0.06234   0.37398  
 33 22.6343  14087.419105  x:  0.57591   3.45035   6.21313   1.79939   2.16119   0.25670   1.64226   0.86253   1.74349   0.71346   0.19420   0.45870   4.11115   0.35959   0.18016   0.19290   0.18390   0.06667   0.14364   1.66885   0.20412   0.06368   0.25508  
 34 22.9859  14085.262062  x:  0.67593   3.57385   6.36583   1.86525   2.01992   0.34652   1.72184   0.81520   1.79002   0.62283   0.23589   0.41165   4.18388   0.36118   0.17039   0.19019   0.18535   0.06988   0.14113   1.57374   0.19697   0.06322   0.29464  
 35 18.9292  14083.391972  x:  0.79176   3.76835   6.54508   1.92843   1.80480   0.43917   1.88982   0.93953   1.78400   0.66867   0.22756   0.42565   4.23871   0.36797   0.17447   0.18958   0.18708   0.07010   0.14170   1.64971   0.18955   0.06381   0.29316  
 36 15.1704  14081.230531  x:  0.80094   4.35804   7.05755   1.86580   1.91399   0.44271   1.72417   1.00809   1.66476   0.75867   0.23559   0.42484   4.32133   0.30069   0.23977   0.18838   0.18719   0.07180   0.14216   1.63109   0.18203   0.06421   0.29123  
 37  3.8933  14078.261037  x:  0.67154   5.05531   7.75452   1.77248   2.16648   0.38664   1.84715   1.06976   1.93950   0.73279   0.23119   0.44376   4.49750   0.33379   0.22983   0.18153   0.19262   0.07162   0.14023   1.67483   0.15783   0.06339   0.30890  
 38 14.3296  14076.918778  x:  0.46966   5.25589   8.01536   1.94305   2.25815   0.39450   2.01260   0.94376   1.85521   0.82718   0.23523   0.44558   4.67011   0.42774   0.14349   0.17914   0.19402   0.07140   0.14006   1.66895   0.14895   0.06293   0.30514  
 39  5.7570  14075.189433  x:  0.15011   5.36444   8.18858   2.43779   2.26559   0.40718   1.98018   1.04596   1.96560   0.82937   0.23892   0.45402   4.87144   0.33959   0.23675   0.17535   0.19568   0.07050   0.13950   1.66287   0.13907   0.06235   0.30431  
 40  4.5211  14073.581529  x:  0.20489   5.40456   8.17872   2.78182   2.38056   0.34610   1.91347   1.16116   2.05627   0.83361   0.24243   0.46247   4.71816   0.51370   0.06491   0.17640   0.19358   0.07003   0.13889   1.65392   0.13777   0.06193   0.30527  
 41  2.7783  14070.960226  x:  0.56570   5.37179   8.12800   3.19448   2.72814   0.23122   2.17895   1.08605   2.14567   0.92333   0.24885   0.47814   4.40909   0.36888   0.20862   0.17544   0.19218   0.06775   0.13819   1.65473   0.13454   0.06137   0.30290  
 42  5.3741  14068.022127  x:  1.38953   5.00306   8.47698   3.16700   2.89043   0.30288   2.22060   1.16671   2.27423   1.01837   0.25940   0.49031   5.13491   0.37790   0.20198   0.17114   0.19515   0.06362   0.13709   1.64438   0.11682   0.05995   0.29709  
 43  3.1008  14066.270912  x:  1.37590   5.41222   8.77028   3.24243   3.03506   0.33225   2.28019   1.18186   2.39302   1.07088   0.26831   0.48799   5.98608   0.40278   0.16253   0.17731   0.19423   0.06038   0.13789   1.69254   0.11665   0.06038   0.29498  
 44  0.9049  14064.719283  x:  1.37008   6.13030   9.73064   3.59860   3.35142   0.31828   2.49447   1.23958   2.61433   1.15974   0.27926   0.49763   6.50735   0.42156   0.13191   0.18448   0.19141   0.06196   0.13965   1.73125   0.10023   0.06176   0.29706  
 45  1.8655  14063.357611  x:  1.48486   6.55707  11.45694   4.24852   3.69294   0.33821   2.73325   1.35670   2.87660   1.27169   0.29508   0.50888   6.91424   0.41670   0.16114   0.17543   0.19644   0.07115   0.14207   1.71643   0.08792   0.06328   0.29872  
 46  0.8862  14062.921615  x:  1.49966   6.65512  11.65374   4.31407   3.73440   0.33908   2.77811   1.39023   2.91349   1.28410   0.29492   0.51169   6.94942   0.40618   0.16611   0.17652   0.19400   0.06971   0.14021   1.70991   0.08941   0.06283   0.30085  
 47  0.2879  14062.285955  x:  1.64375   7.31919  12.44550   4.63183   4.04918   0.34215   3.01079   1.51454   3.15082   1.38515   0.30272   0.52942   7.52858   0.39981   0.15671   0.18092   0.18928   0.06402   0.13659   1.71542   0.07954   0.06174   0.30331  
 48  1.2733  14061.913839  x:  1.85599   8.02566  13.24713   4.93520   4.38847   0.37697   3.26461   1.66993   3.41715   1.51792   0.31225   0.55249   8.19860   0.42105   0.14918   0.17846   0.19608   0.06465   0.14013   1.72569   0.07180   0.06182   0.30030  
 49  0.5948  14061.810596  x:  1.88186   8.06782  13.26081   4.92443   4.40463   0.39002   3.28170   1.68534   3.43439   1.53312   0.31270   0.55460   8.24891   0.42193   0.15016   0.17813   0.19631   0.06514   0.14070   1.72887   0.07260   0.06197   0.29982  
 50  0.1522  14061.714473  x:  2.00186   8.46228  13.93421   5.13148   4.62086   0.43290   3.44622   1.77290   3.60907   1.63116   0.32107   0.56487   8.67275   0.40879   0.15584   0.17953   0.19073   0.06561   0.13898   1.73710   0.06814   0.06230   0.30192  
 51  0.5477  14061.686892  x:  2.02536   8.57421  14.26403   5.20799   4.70009   0.46768   3.50308   1.79333   3.67846   1.67803   0.32606   0.56555   8.83573   0.41152   0.15522   0.17872   0.19419   0.06551   0.13897   1.73563   0.06690   0.06226   0.30154  
 52  0.1897  14061.682645  x:  2.02295   8.63422  14.39823   5.24465   4.73499   0.47876   3.52613   1.79887   3.70887   1.69535   0.32802   0.56592   8.90280   0.41259   0.15433   0.17917   0.19313   0.06550   0.13920   1.73618   0.06617   0.06222   0.30173  
 53  0.1416  14061.680230  x:  1.98775   8.60748  14.37158   5.23017   4.72000   0.48123   3.51113   1.78295   3.70044   1.69081   0.32792   0.56400   8.87265   0.41309   0.15352   0.17938   0.19228   0.06545   0.13939   1.73575   0.06654   0.06218   0.30179  
 54  0.0474  14061.679025  x:  1.96450   8.59944  14.33375   5.21841   4.71139   0.48217   3.50164   1.77370   3.69699   1.68756   0.32747   0.56356   8.85496   0.41256   0.15383   0.17892   0.19319   0.06542   0.13927   1.73541   0.06667   0.06224   0.30159  
 55  0.0285  14061.678667  x:  1.96103   8.59470  14.29338   5.20774   4.70528   0.48280   3.49687   1.77279   3.69484   1.68578   0.32698   0.56411   8.84347   0.41243   0.15435   0.17929   0.19286   0.06550   0.13918   1.73520   0.06677   0.06222   0.30173  
 56  0.0190  14061.678521  x:  1.96354   8.59619  14.29617   5.20707   4.70612   0.48613   3.49857   1.77491   3.69782   1.68809   0.32699   0.56444   8.84584   0.41242   0.15403   0.17909   0.19294   0.06548   0.13923   1.73506   0.06672   0.06220   0.30176  
 57  0.0037  14061.678467  x:  1.96274   8.58782  14.29555   5.20468   4.70202   0.48787   3.49711   1.77465   3.69586   1.68770   0.32697   0.56416   8.83822   0.41255   0.15403   0.17915   0.19297   0.06544   0.13925   1.73501   0.06676   0.06223   0.30167  
 58  0.0049  14061.678456  x:  1.96191   8.58396  14.29048   5.20217   4.69924   0.48800   3.49591   1.77414   3.69388   1.68681   0.32691   0.56400   8.83376   0.41238   0.15414   0.17913   0.19294   0.06547   0.13924   1.73501   0.06679   0.06222   0.30170  
 59  0.0057  14061.678452  x:  1.96137   8.58578  14.29083   5.20094   4.69893   0.48852   3.49629   1.77404   3.69368   1.68692   0.32697   0.56395   8.83540   0.41239   0.15415   0.17914   0.19294   0.06547   0.13923   1.73498   0.06679   0.06221   0.30171  
 60  0.0009  14061.678452  x:  1.96129   8.58605  14.29056   5.20075   4.69890   0.48856   3.49630   1.77403   3.69368   1.68691   0.32696   0.56397   8.83562   0.41239   0.15415   0.17913   0.19294   0.06546   0.13924   1.73498   0.06679   0.06222   0.30170  
 61  0.0004  14061.678452  x:  1.96128   8.58596  14.29061   5.20068   4.69883   0.48858   3.49627   1.77402   3.69364   1.68687   0.32695   0.56399   8.83561   0.41238   0.15415   0.17913   0.19294   0.06546   0.13924   1.73498   0.06679   0.06222   0.30170  
 62  0.0001  14061.678452  x:  1.96128   8.58594  14.29072   5.20069   4.69883   0.48861   3.49627   1.77402   3.69367   1.68687   0.32694   0.56400   8.83565   0.41239   0.15415   0.17913   0.19294   0.06546   0.13924   1.73498   0.06679   0.06222   0.30170  
 63  0.0001  14061.678452  x:  1.96129   8.58597  14.29069   5.20071   4.69885   0.48861   3.49628   1.77403   3.69367   1.68687   0.32695   0.56399   8.83565   0.41239   0.15415   0.17913   0.19294   0.06546   0.13924   1.73498   0.06679   0.06222   0.30170  
 64  0.0000  14061.678452  x:  1.96129   8.58596  14.29071   5.20070   4.69885   0.48862   3.49628   1.77403   3.69368   1.68686   0.32695   0.56400   8.83564   0.41239   0.15415   0.17913   0.19294   0.06546   0.13924   1.73498   0.06679   0.06222   0.30170  
 65  0.0000  14061.678452  x:  1.96129   8.58596  14.29069   5.20071   4.69885   0.48862   3.49628   1.77403   3.69368   1.68686   0.32695   0.56399   8.83564   0.41239   0.15415   0.17913   0.19294   0.06546   0.13924   1.73498   0.06679   0.06222   0.30170  
 66  0.0000  14061.678452  x:  1.96129   8.58596  14.29069   5.20071   4.69885   0.48862   3.49628   1.77403   3.69368   1.68686   0.32695   0.56399   8.83564   0.41239   0.15415   0.17913   0.19294   0.06546   0.13924   1.73498   0.06679   0.06222   0.30170  