

TREE # 1

  0  0.0000   2827.221721  x:  0.31157   0.97357   0.80982   0.21407   0.91715   0.00000   0.96124   0.51512   0.49594   0.49697   0.97333   0.17727   0.05499   0.11433   0.13396   0.01913   0.01854   2.00000   0.20000   0.20000   0.20000  
  1 99.0000   2803.758746  x:  0.31929   0.97309   0.80929   0.22857   0.91564   0.00137   0.95941   0.51382   0.49504   0.49602   0.97640   0.17683   0.05742   0.11353   0.13676   0.00060   0.00000   1.99932   0.14927   0.19571   0.19005  
  2 430.9993   2803.574280  x:  0.31957   0.97313   0.80933   0.22903   0.91565   0.00142   0.95942   0.51384   0.49507   0.49604   0.97654   0.17681   0.05746   0.11350   0.13683   0.00000   0.00000   1.99926   0.14924   0.19558   0.18973  
  3 274.5359   2802.531098  x:  0.32214   0.97389   0.81007   0.22982   0.91573   0.00000   0.95993   0.51347   0.49565   0.49655   0.97863   0.17579   0.05880   0.11394   0.13667   0.00000   0.00000   1.99801   0.14886   0.19310   0.18163  
  4 204.4968   2802.531098  x:  0.32214   0.97389   0.81007   0.22982   0.91573   0.00000   0.95993   0.51347   0.49565   0.49655   0.97863   0.17579   0.05880   0.11394   0.13667   0.00000   0.00000   1.99801   0.14886   0.19310   0.18163  
  5 286.6273   2794.435189  x:  0.33314   0.97423   0.81035   0.24933   0.91470   0.00204   0.95863   0.51268   0.49542   0.49616   0.98347   0.17504   0.06164   0.11293   0.14023   0.00000   0.00000   1.99639   0.10606   0.18746   0.16792  
  6 270.9158   2762.097201  x:  0.47119   0.98752   0.82289   0.48304   0.91133   0.02890   0.95328   0.51147   0.50157   0.49965   1.04854   0.16499   0.09310   0.10188   0.17992   0.00000   0.00000   1.97004   0.10200   0.12036   0.00010  
  7 216.7104   2737.448155  x:  0.68954   1.00859   0.84278   0.85245   0.90600   0.07126   0.94489   0.50951   0.51132   0.50521   1.15152   0.14897   0.14300   0.08461   0.24268   0.00000   0.00000   1.92828   0.09737   0.01421   0.00167  
  8 527.0646   2722.870617  x:  1.36608   1.09286   0.92646   1.91240   0.86694   0.10002   0.95519   0.43750   0.55239   0.54317   1.50429   0.14492   0.25152   0.14110   0.31799   0.00000   0.00000   1.75167   0.07958   0.79924   0.00554  
  9 199.1598   2712.985792  x:  1.42875   1.10912   0.94327   2.00166   0.86367   0.08579   0.97469   0.42098   0.55981   0.55398   1.54109   0.02019   0.24002   0.11823   0.28117   0.00000   0.00000   1.73190   0.07659   0.86453   0.00582  
 10 127.0045   2710.444138  x:  1.46071   1.13660   0.97218   2.03321   0.86445   0.04364   1.02702   0.39228   0.57012   0.57482   1.56857   0.03160   0.23753   0.08683   0.18342   0.00000   0.00000   1.71503   0.07307   0.87038   0.00593  
 11 38.9455   2709.025120  x:  1.47956   1.16253   0.99946   2.04521   0.86681   0.00000   1.07968   0.36421   0.57727   0.59359   1.58959   0.02804   0.24804   0.12760   0.14778   0.00000   0.00000   1.70224   0.07023   0.86544   0.00591  
 12 46.1419   2706.336451  x:  1.53443   1.27847   1.12119   2.05286   0.88309   0.00000   1.32511   0.23149   0.59742   0.67343   1.67394   0.02881   0.26248   0.11553   0.19775   0.00000   0.00000   1.65210   0.05935   0.86413   0.00585  
 13 33.0209   2706.053800  x:  1.53347   1.28713   1.13071   2.07373   0.86009   0.00000   1.35909   0.18622   0.55714   0.65188   1.68889   0.03099   0.24352   0.11913   0.20014   0.00000   0.00000   1.66921   0.06089   0.86137   0.00584  
 14  6.7922   2705.936665  x:  1.52837   1.29170   1.13643   2.09316   0.85334   0.00000   1.38505   0.18815   0.53980   0.64318   1.70178   0.02762   0.26898   0.11452   0.19903   0.00000   0.00000   1.68877   0.06143   0.86243   0.00581  
 15  4.4070   2705.509050  x:  1.50915   1.31606   1.16695   2.19983   0.85378   0.00000   1.50450   0.26744   0.51708   0.63931   1.77128   0.02777   0.24914   0.11968   0.20170   0.00000   0.00000   1.77363   0.05976   0.86138   0.00572  
 16  6.8413   2704.870639  x:  1.49087   1.34318   1.20008   2.39620   0.83054   0.00000   1.57000   0.23183   0.62347   0.70227   1.88354   0.02537   0.24901   0.12335   0.21052   0.00000   0.00000   1.81109   0.05986   0.84258   0.00538  
 17  3.7012   2703.879595  x:  1.58946   1.47912   1.33288   2.64851   0.99719   0.00000   1.57745   0.22195   0.58999   0.70817   2.08838   0.02111   0.24693   0.13039   0.21209   0.00000   0.00000   1.66023   0.05497   0.80202   0.00467  
 18  4.8618   2703.506512  x:  1.77055   1.60710   1.42645   2.67915   0.97300   0.00000   1.55086   0.23603   0.63530   0.65824   2.17625   0.02144   0.24580   0.13021   0.21451   0.00000   0.00000   1.70405   0.05192   0.78409   0.00433  
 19  3.1264   2703.332225  x:  1.89628   1.64428   1.42623   2.68833   0.94705   0.00000   1.56018   0.24435   0.59685   0.73819   2.19430   0.02251   0.24400   0.12925   0.21408   0.00000   0.00000   1.72881   0.05105   0.77613   0.00417  
 20  2.3800   2703.084455  x:  2.08982   1.63709   1.35737   2.71683   0.93826   0.00000   1.69744   0.24996   0.61633   0.72634   2.16393   0.02462   0.24077   0.12534   0.20956   0.00000   0.00000   1.69325   0.05019   0.76884   0.00397  
 21  1.7863   2702.903996  x:  2.12460   1.66623   1.43778   2.79504   1.01927   0.00000   1.76136   0.20765   0.63345   0.74030   2.13029   0.02543   0.23888   0.11876   0.19884   0.00000   0.00000   1.75128   0.04908   0.77820   0.00399  
 22  0.8463   2702.717317  x:  2.09247   1.73040   1.57210   2.88647   0.95642   0.00000   1.82476   0.22998   0.63362   0.75777   2.14603   0.02702   0.23802   0.11104   0.19140   0.00000   0.00000   1.70146   0.04731   0.78555   0.00400  
 23  1.4294   2702.551676  x:  2.07014   1.82017   1.55446   2.92285   0.98389   0.00000   1.87965   0.21770   0.64706   0.76382   2.41801   0.03059   0.24470   0.11150   0.18864   0.00000   0.00000   1.71587   0.04567   0.79217   0.00408  
 24  0.5230   2702.332650  x:  2.12857   1.93301   1.65393   2.97340   0.98410   0.00000   1.98535   0.22398   0.65788   0.78205   2.47704   0.02835   0.24903   0.11680   0.19428   0.00000   0.00000   1.73412   0.04590   0.82554   0.00452  
 25  0.3142   2702.164519  x:  2.20454   1.97708   1.72456   3.09409   0.98777   0.00000   2.10210   0.21802   0.67011   0.80630   2.60067   0.02077   0.24557   0.11671   0.19442   0.00000   0.00000   1.73678   0.04344   0.85637   0.00479  
 26  0.4319   2702.007560  x:  2.32598   2.05115   1.84186   3.32124   1.01244   0.00000   2.22150   0.21864   0.68372   0.82871   2.65679   0.02363   0.24814   0.12317   0.20119   0.00000   0.00000   1.73222   0.04030   0.88278   0.00497  
 27  0.4939   2701.717426  x:  2.43594   2.32902   1.80562   3.67487   1.04529   0.00000   2.36803   0.21305   0.70562   0.85552   2.70497   0.02399   0.24316   0.11535   0.19221   0.00000   0.00000   1.72209   0.03867   1.00590   0.00627  
 28  0.2290   2701.561286  x:  2.55613   2.18442   1.95785   3.79251   1.05175   0.00000   2.43345   0.21510   0.71515   0.86717   2.83392   0.02481   0.24402   0.11268   0.19046   0.00000   0.00000   1.72358   0.03818   1.07489   0.00704  
 29  0.6251   2701.406541  x:  2.66794   2.28524   2.03691   4.01337   1.05619   0.00000   2.50895   0.22784   0.73588   0.88800   2.95718   0.01971   0.25269   0.11517   0.19517   0.00000   0.00000   1.73266   0.03565   1.19022   0.00835  
 30  0.2346   2701.267205  x:  2.60139   2.27055   1.95671   3.98367   1.03259   0.00000   2.36624   0.23997   0.73212   0.87192   2.89548   0.01688   0.25735   0.11874   0.19907   0.00000   0.00000   1.74169   0.03763   1.30602   0.00991  
 31  0.1332   2701.110124  x:  2.50044   2.20258   1.89191   3.89206   1.02094   0.00000   2.19976   0.23537   0.72334   0.85554   2.85213   0.01896   0.24843   0.11382   0.18936   0.00000   0.00000   1.74252   0.03839   1.45727   0.01194  
 32  0.1295   2701.035781  x:  2.40593   2.08285   1.84410   3.72263   1.02270   0.00000   2.12972   0.22097   0.70187   0.83773   2.71704   0.01557   0.25736   0.11426   0.19147   0.00000   0.00000   1.73313   0.03954   1.54373   0.01321  
 33  0.1372   2701.014718  x:  2.39094   2.06805   1.82333   3.67512   1.02381   0.00000   2.17322   0.21863   0.69298   0.83120   2.67493   0.01641   0.25474   0.11533   0.19303   0.00000   0.00000   1.73229   0.03999   1.57356   0.01366  
 34  0.0489   2701.011206  x:  2.38932   2.07616   1.81592   3.67874   1.01798   0.00000   2.17576   0.22299   0.69317   0.83012   2.68835   0.01574   0.25466   0.11435   0.19150   0.00000   0.00000   1.73611   0.04004   1.61091   0.01414  
 35  0.0306   2701.010854  x:  2.38723   2.07449   1.81880   3.68087   1.01758   0.00000   2.17336   0.22393   0.69317   0.82998   2.69043   0.01580   0.25518   0.11461   0.19167   0.00000   0.00000   1.73629   0.04002   1.62264   0.01429  
 36  0.0106   2701.010818  x:  2.38848   2.07696   1.82140   3.68445   1.01852   0.00000   2.17637   0.22364   0.69361   0.83070   2.69281   0.01574   0.25511   0.11462   0.19170   0.00000   0.00000   1.73612   0.03997   1.62518   0.01432  
 37  0.0050   2701.010817  x:  2.38830   2.07736   1.82135   3.68438   1.01860   0.00000   2.17627   0.22352   0.69369   0.83079   2.69281   0.01575   0.25511   0.11459   0.19167   0.00000   0.00000   1.73610   0.03997   1.62517   0.01432  
 38  0.0005   2701.010817  x:  2.38835   2.07732   1.82140   3.68422   1.01857   0.00000   2.17623   0.22348   0.69375   0.83084   2.69285   0.01575   0.25511   0.11459   0.19168   0.00000   0.00000   1.73609   0.03997   1.62517   0.01432  
 39  0.0001   2701.010817  x:  2.38834   2.07731   1.82134   3.68415   1.01856   0.00000   2.17621   0.22348   0.69376   0.83085   2.69277   0.01575   0.25511   0.11459   0.19168   0.00000   0.00000   1.73609   0.03997   1.62524   0.01432  
 40  0.0001   2701.010816  x:  2.38849   2.07731   1.82129   3.68422   1.01855   0.00000   2.17629   0.22351   0.69380   0.83089   2.69272   0.01575   0.25511   0.11459   0.19167   0.00000   0.00000   1.73609   0.03997   1.62539   0.01432  
 41  0.0000   2701.010815  x:  2.38834   2.07717   1.82133   3.68430   1.01855   0.00000   2.17624   0.22351   0.69379   0.83089   2.69282   0.01575   0.25510   0.11459   0.19168   0.00000   0.00000   1.73611   0.03997   1.62579   0.01432  
 42  0.0001   2701.010810  x:  2.38755   2.07664   1.82147   3.68501   1.01847   0.00000   2.17624   0.22350   0.69383   0.83097   2.69336   0.01575   0.25507   0.11455   0.19175   0.00000   0.00000   1.73623   0.03997   1.63112   0.01431  
 43  0.0019   2701.010760  x:  2.38663   2.07645   1.82105   3.68478   1.01835   0.00000   2.17629   0.22350   0.69395   0.83106   2.69292   0.01569   0.25514   0.11457   0.19172   0.00000   0.00000   1.73624   0.03997   1.65712   0.01431  
 44  0.0033   2701.010436  x:  2.38096   2.07554   1.81904   3.68410   1.01783   0.00000   2.17664   0.22356   0.69464   0.83159   2.69048   0.01513   0.25585   0.11470   0.19151   0.00000   0.00000   1.73621   0.04002   1.95285   0.01433  
 45  0.2581   2701.009762  x:  2.38139   2.07611   1.81877   3.68178   1.01821   0.00000   2.17566   0.22363   0.69449   0.83126   2.68896   0.01433   0.25665   0.11479   0.19140   0.00000   0.00000   1.73594   0.04003   2.77097   0.01430  
 46  0.1464   2701.009278  x:  2.38854   2.07755   1.82112   3.68195   1.01889   0.00000   2.17527   0.22359   0.69360   0.83054   2.69155   0.01453   0.25633   0.11466   0.19162   0.00000   0.00000   1.73591   0.03999   3.08721   0.01426  
 47  0.2618   2701.009014  x:  2.39053   2.07738   1.82226   3.68351   1.01891   0.00000   2.17556   0.22355   0.69330   0.83043   2.69345   0.01408   0.25670   0.11454   0.19178   0.00000   0.00000   1.73611   0.03996   3.70660   0.01426  
 48  0.5852   2701.008733  x:  2.39039   2.07789   1.82133   3.68525   1.01819   0.00000   2.17668   0.22328   0.69355   0.83082   2.69365   0.01365   0.25714   0.11456   0.19182   0.00000   0.00000   1.73628   0.03995   5.01773   0.01427  
 49  0.3312   2701.008479  x:  2.38696   2.07707   1.81994   3.68494   1.01779   0.00000   2.17690   0.22319   0.69400   0.83117   2.69193   0.01380   0.25708   0.11464   0.19167   0.00000   0.00000   1.73625   0.03998   5.70912   0.01429  
 50  0.4438   2701.008286  x:  2.38642   2.07635   1.82046   3.68350   1.01831   0.00000   2.17586   0.22334   0.69382   0.83083   2.69116   0.01346   0.25741   0.11466   0.19161   0.00000   0.00000   1.73610   0.03999   7.23557   0.01427  
 51  0.9299   2701.008089  x:  2.38818   2.07701   1.82275   3.68311   1.01943   0.00000   2.17463   0.22400   0.69339   0.83030   2.69309   0.01326   0.25745   0.11455   0.19179   0.00000   0.00000   1.73608   0.03997  10.70417   0.01424  
 52  0.8025   2701.007988  x:  2.38821   2.07703   1.82170   3.68308   1.01890   0.00000   2.17535   0.22373   0.69352   0.83057   2.69261   0.01339   0.25740   0.11457   0.19176   0.00000   0.00000   1.73611   0.03997  11.48971   0.01425  
 53  0.5769   2701.007886  x:  2.38710   2.07669   1.81997   3.68316   1.01809   0.00000   2.17621   0.22330   0.69379   0.83096   2.69134   0.01320   0.25770   0.11463   0.19165   0.00000   0.00000   1.73614   0.03999  14.67684   0.01427  
 54  1.9851   2701.007793  x:  2.38849   2.07792   1.82194   3.68656   1.01850   0.00000   2.17689   0.22336   0.69385   0.83097   2.69353   0.01304   0.25773   0.11465   0.19170   0.00000   0.00000   1.73617   0.03995  21.91022   0.01426  
 55  2.0818   2701.007726  x:  2.38834   2.07706   1.82180   3.68426   1.01870   0.00000   2.17571   0.22350   0.69361   0.83059   2.69257   0.01316   0.25762   0.11461   0.19171   0.00000   0.00000   1.73612   0.03997  25.58470   0.01425  
 56  1.9678   2701.007671  x:  2.38751   2.07663   1.82069   3.68280   1.01844   0.00000   2.17569   0.22346   0.69369   0.83070   2.69138   0.01302   0.25784   0.11461   0.19167   0.00000   0.00000   1.73610   0.03999  34.85771   0.01426  
 57  4.3176   2701.007612  x:  2.38726   2.07840   1.82186   3.68715   1.01866   0.00000   2.17698   0.22367   0.69395   0.83122   2.69435   0.01301   0.25771   0.11464   0.19178   0.00000   0.00000   1.73626   0.03995  61.55349   0.01426  
 58  4.3660   2701.007582  x:  2.38759   2.07651   1.82103   3.68311   1.01855   0.00000   2.17570   0.22346   0.69361   0.83071   2.69185   0.01297   0.25788   0.11461   0.19166   0.00000   0.00000   1.73609   0.03998  75.80828   0.01426  
 59  8.4393   2701.007564  x:  2.38821   2.07741   1.82099   3.68395   1.01840   0.00000   2.17591   0.22342   0.69373   0.83068   2.69183   0.01301   0.25780   0.11463   0.19170   0.00000   0.00000   1.73614   0.03998  106.62345   0.01426  
 60  7.1838   2701.007549  x:  2.38794   2.07740   1.82125   3.68466   1.01845   0.00000   2.17617   0.22345   0.69379   0.83078   2.69234   0.01294   0.25785   0.11462   0.19172   0.00000   0.00000   1.73618   0.03997  144.19397   0.01426  
 61 22.6513   2701.007537  x:  2.38732   2.07605   1.82132   3.68320   1.01866   0.00000   2.17579   0.22347   0.69361   0.83076   2.69211   0.01296   0.25791   0.11459   0.19165   0.00000   0.00000   1.73608   0.03998  213.69556   0.01426  
 62 19.5655   2701.007529  x:  2.38760   2.07744   1.82096   3.68402   1.01851   0.00000   2.17589   0.22353   0.69372   0.83080   2.69226   0.01294   0.25786   0.11464   0.19171   0.00000   0.00000   1.73614   0.03998  286.36794   0.01425  
 63 31.4322   2701.007523  x:  2.38783   2.07667   1.82139   3.68414   1.01853   0.00000   2.17615   0.22342   0.69371   0.83079   2.69228   0.01295   0.25789   0.11459   0.19169   0.00000   0.00000   1.73615   0.03997  428.78272   0.01426  
 64 36.4371   2701.007518  x:  2.38773   2.07729   1.82099   3.68392   1.01848   0.00000   2.17582   0.22350   0.69371   0.83073   2.69206   0.01294   0.25787   0.11464   0.19170   0.00000   0.00000   1.73612   0.03998  627.72715   0.01425  
 65 65.1830   2701.007516  x:  2.38763   2.07688   1.82129   3.68413   1.01856   0.00000   2.17609   0.22347   0.69372   0.83082   2.69235   0.01294   0.25788   0.11460   0.19169   0.00000   0.00000   1.73614   0.03997  884.28998   0.01426  
 66 83.1570   2701.007515  x:  2.38765   2.07693   1.82123   3.68405   1.01854   0.00000   2.17603   0.22347   0.69371   0.83080   2.69228   0.01294   0.25788   0.11461   0.19169   0.00000   0.00000   1.73614   0.03997  999.00000   0.01426  
 67 142.5205   2701.007515  x:  2.38770   2.07704   1.82115   3.68399   1.01852   0.00000   2.17596   0.22348   0.69371   0.83077   2.69220   0.01294   0.25788   0.11462   0.19169   0.00000   0.00000   1.73613   0.03998  999.00000   0.01426  
 68  0.0002   2701.007515  x:  2.38764   2.07701   1.82105   3.68384   1.01850   0.00000   2.17585   0.22348   0.69369   0.83075   2.69209   0.01294   0.25788   0.11462   0.19170   0.00000   0.00000   1.73614   0.03998  999.00000   0.01426  
 69  0.0008   2701.007515  x:  2.38750   2.07684   1.82096   3.68362   1.01848   0.00000   2.17574   0.22347   0.69367   0.83072   2.69196   0.01294   0.25788   0.11462   0.19170   0.00000   0.00000   1.73614   0.03998  999.00000   0.01426  
 70  0.0002   2701.007515  x:  2.38747   2.07680   1.82095   3.68360   1.01848   0.00000   2.17573   0.22347   0.69367   0.83072   2.69194   0.01294   0.25788   0.11462   0.19169   0.00000   0.00000   1.73614   0.03998  999.00000   0.01426  