

TREE # 1

  0  0.0000   6258.926405  x:  0.00000   0.35663   0.29459   0.21440   0.23196   0.06114   0.19538   0.08397   0.11358   0.10000   0.26834   0.12654   0.06567   0.09962   0.11025   0.07725   0.05126   2.00000   0.20000  
  1 99.0000   5754.344355  x:  1.49991   0.55505   0.49597   0.41022   0.34382   0.19804   0.37674   0.28642   0.34457   0.27363   0.43329   0.14217   0.09829   0.11022   0.09296   0.03387   0.02794   1.98070   0.37028  
  2 3839.8464   5651.924786  x:  1.52484   0.62867   0.54515   0.45169   0.37027   0.21474   0.42771   0.30049   0.36288   0.28443   0.46725   0.13362   0.08948   0.10757   0.08334   0.05616   0.07480   1.98302   0.16206  
  3 598.0905   5600.578102  x:  1.45686   0.79518   0.65117   0.55083   0.43523   0.24921   0.53547   0.33180   0.39519   0.30257   0.54920   0.13385   0.08661   0.11961   0.08261   0.00596   0.03114   1.96871   0.13785  
  4 343.9597   5519.434723  x:  1.23269   1.33217   0.99247   0.87119   0.64214   0.35586   0.87889   0.43134   0.49860   0.35975   0.81384   0.13442   0.07724   0.15901   0.08487   0.11375   0.00709   1.92047   0.15273  
  5 2391.8908   5516.984395  x:  1.22517   1.35132   1.00406   0.88319   0.64749   0.35629   0.88797   0.43385   0.50111   0.36022   0.82350   0.13765   0.08053   0.15717   0.08808   0.10582   0.02857   1.91782   0.15746  
  6 393.0778   5511.930416  x:  1.22383   1.40902   1.02921   0.92691   0.62682   0.29874   0.86186   0.42161   0.48895   0.33525   0.85403   0.18084   0.12830   0.09768   0.11017   0.11076   0.02440   1.89897   0.15419  
  7 83.6931   5503.960460  x:  1.23571   1.53184   1.07181   1.02662   0.55570   0.12915   0.76263   0.38552   0.45729   0.27420   0.91871   0.15544   0.10333   0.11208   0.11635   0.11002   0.02534   1.84669   0.15429  
  8 91.2898   5503.429015  x:  1.23355   1.54257   1.06760   1.03802   0.55399   0.12054   0.74476   0.38727   0.46395   0.28315   0.92308   0.15811   0.10507   0.10998   0.09229   0.10965   0.02678   1.83521   0.15431  
  9 29.7598   5502.657019  x:  1.22776   1.56215   1.04616   1.06337   0.55998   0.11903   0.69941   0.39812   0.48428   0.31211   0.92871   0.16762   0.11171   0.12495   0.09808   0.11118   0.02639   1.80325   0.14895  
 10 30.0064   5502.078527  x:  1.22465   1.57815   1.02387   1.08461   0.57066   0.12823   0.66788   0.40919   0.49257   0.32347   0.93162   0.15752   0.09881   0.10821   0.10592   0.11156   0.02652   1.77501   0.14692  
 11 37.3273   5501.163720  x:  1.22734   1.60823   0.97071   1.12231   0.59708   0.15896   0.64216   0.42823   0.46863   0.28914   0.93007   0.16121   0.10115   0.11557   0.09835   0.11321   0.02727   1.72286   0.14172  
 12 20.0993   5498.877852  x:  1.22917   1.68795   0.82094   1.17536   0.58392   0.11514   0.74652   0.44056   0.46616   0.30305   0.87551   0.15174   0.10629   0.11301   0.09938   0.11602   0.02812   1.64996   0.13355  
 13 10.5491   5494.717927  x:  1.23306   1.85280   0.78066   1.20533   0.55572   0.18694   0.76534   0.29759   0.52378   0.29095   0.78551   0.12671   0.12415   0.11448   0.09497   0.11874   0.02968   1.75283   0.12856  
 14 10.2375   5490.123966  x:  1.21766   1.98157   0.87965   1.17740   0.50389   0.21731   0.74605   0.42579   0.46841   0.32020   0.72057   0.12834   0.11721   0.11410   0.09105   0.12338   0.03171   1.92169   0.11790  
 15 18.1107   5488.141415  x:  1.20905   1.89924   0.97723   1.13178   0.59535   0.17184   0.76745   0.40304   0.47777   0.32045   0.84943   0.14203   0.10049   0.11339   0.09013   0.12638   0.03285   1.89845   0.10757  
 16  9.8813   5487.385233  x:  1.20071   1.92221   1.01860   1.07390   0.54483   0.19768   0.78111   0.41569   0.50975   0.30040   0.88531   0.09859   0.13958   0.11476   0.08917   0.12595   0.03317   1.84215   0.10586  
 17  2.1401   5484.536118  x:  1.19004   2.05369   1.09828   0.95803   0.49027   0.24575   0.82246   0.37208   0.46011   0.34456   0.96744   0.17286   0.06127   0.11691   0.08675   0.12208   0.03534   1.77827   0.10691  
 18  5.8563   5472.131988  x:  1.09836   2.43952   1.31850   0.93416   0.79576   0.08944   0.93827   0.43084   0.54846   0.29133   1.12184   0.12278   0.07515   0.12867   0.07429   0.10351   0.04420   2.02636   0.11648  
 19 10.0924   5467.688924  x:  1.04602   2.36373   1.45554   1.26801   0.69170   0.16129   1.03322   0.40699   0.48921   0.35366   1.22329   0.07266   0.10882   0.13424   0.06903   0.09773   0.04778   2.11481   0.11482  
 20 15.8385   5466.571145  x:  1.02784   2.33033   1.51347   1.36284   0.64770   0.17446   1.06214   0.42719   0.55893   0.30595   1.20116   0.12592   0.05782   0.13425   0.06891   0.09648   0.04870   2.11193   0.11294  
 21 15.0583   5465.186455  x:  1.01745   2.32122   1.69978   1.45861   0.69081   0.15982   1.08631   0.39711   0.54877   0.31609   1.00328   0.13254   0.05506   0.13400   0.07045   0.09478   0.04952   1.99219   0.10977  
 22  6.5201   5452.683374  x:  0.87606   3.02865   1.88499   1.70897   0.74095   0.16824   1.21598   0.46482   0.57047   0.33032   1.28084   0.15283   0.13995   0.12202   0.10622   0.07409   0.05545   2.04454   0.08246  
 23  1.0338   5447.049186  x:  0.77505   3.70087   2.03587   1.84908   0.82474   0.14777   1.26190   0.52798   0.58088   0.33496   1.44875   0.13152   0.12436   0.11707   0.09132   0.03155   0.06187   2.01148   0.08026  
 24  0.3758   5446.610566  x:  0.76238   3.79167   2.08264   1.89964   0.82580   0.15042   1.26729   0.53538   0.58388   0.33621   1.45994   0.12826   0.11204   0.12348   0.08936   0.03059   0.06116   2.00326   0.07579  
 25  0.1608   5446.092261  x:  0.77021   3.85327   2.12621   1.94917   0.79322   0.17018   1.24638   0.53629   0.57969   0.34093   1.46565   0.12670   0.09692   0.13675   0.09133   0.03715   0.05377   2.03262   0.07715  
 26  0.0525   5445.315254  x:  0.75182   4.14081   2.31796   2.10913   0.77585   0.19842   1.26083   0.55354   0.59127   0.35163   1.53533   0.14147   0.10994   0.13162   0.08608   0.03915   0.04195   2.06149   0.07286  
 27  0.1319   5444.826381  x:  0.77719   4.24547   2.38673   2.12881   0.82386   0.18003   1.28268   0.56149   0.60326   0.34517   1.55392   0.13292   0.11032   0.11085   0.09352   0.04573   0.03787   2.03575   0.07120  
 28  0.0489   5443.598490  x:  0.88332   4.55373   2.49543   2.15296   0.97219   0.12238   1.40352   0.60036   0.63028   0.34275   1.66545   0.11216   0.12499   0.13648   0.08341   0.05103   0.04080   2.03576   0.06760  
 29  0.0644   5442.407827  x:  0.98790   4.95764   2.68271   2.33586   0.99577   0.16666   1.53526   0.65070   0.65230   0.36092   1.80447   0.11730   0.14075   0.12916   0.09510   0.04982   0.04047   2.09691   0.05953  
 30  0.2029   5441.142686  x:  1.16454   5.10978   2.70233   2.43023   0.95773   0.22410   1.63041   0.68199   0.65674   0.37670   1.85666   0.11977   0.14734   0.11749   0.09959   0.04395   0.04672   2.15287   0.06117  
 31  0.1855   5439.818640  x:  1.45223   5.47517   2.82886   2.66668   0.93734   0.27414   1.77231   0.73951   0.67945   0.38995   1.92185   0.11346   0.13188   0.12368   0.08650   0.04076   0.05283   2.13796   0.05371  
 32  0.2801   5439.044608  x:  1.69941   5.35199   2.73281   2.73962   0.86043   0.29356   1.76174   0.73761   0.67610   0.38684   1.82682   0.12216   0.11746   0.13409   0.08940   0.04377   0.05314   2.09916   0.05591  
 33  0.1516   5438.392229  x:  1.99470   5.40134   2.70263   2.88809   0.84961   0.28801   1.76216   0.75040   0.68535   0.38574   1.78119   0.13778   0.11955   0.12762   0.09505   0.04264   0.05025   2.09381   0.05265  
 34  0.1341   5438.048729  x:  2.05084   5.17615   2.53267   2.79261   0.88742   0.23631   1.64210   0.71791   0.67471   0.37674   1.69030   0.13595   0.11844   0.12370   0.09024   0.04022   0.04696   2.10397   0.05594  
 35  0.1721   5437.979698  x:  2.04379   5.14580   2.48863   2.72784   0.92458   0.22666   1.62215   0.71003   0.67481   0.37862   1.69869   0.12546   0.12335   0.12777   0.09086   0.04067   0.04721   2.11916   0.05599  
 36  0.0590   5437.959489  x:  2.05566   5.13666   2.47095   2.69782   0.91842   0.24557   1.62275   0.70584   0.67605   0.38212   1.71022   0.12081   0.13050   0.12687   0.09100   0.04029   0.04793   2.11967   0.05602  
 37  0.0195   5437.955907  x:  2.06622   5.12219   2.46169   2.68710   0.91445   0.24698   1.61283   0.70150   0.67578   0.38047   1.70430   0.11946   0.13090   0.12677   0.09083   0.04042   0.04708   2.11574   0.05620  
 38  0.0166   5437.954771  x:  2.06205   5.13185   2.47335   2.68171   0.91251   0.24781   1.61739   0.70067   0.67581   0.37915   1.70937   0.11890   0.13127   0.12695   0.09096   0.04052   0.04693   2.11559   0.05614  
 39  0.0072   5437.954326  x:  2.06555   5.12786   2.47224   2.67514   0.91338   0.24588   1.61740   0.69961   0.67530   0.37892   1.70836   0.11909   0.13145   0.12683   0.09085   0.04039   0.04709   2.11677   0.05618  
 40  0.0047   5437.954245  x:  2.06664   5.12706   2.47262   2.67430   0.91232   0.24589   1.61760   0.69982   0.67514   0.37944   1.70714   0.11942   0.13093   0.12689   0.09087   0.04040   0.04714   2.11658   0.05619  
 41  0.0012   5437.954224  x:  2.06556   5.12723   2.47287   2.67310   0.91233   0.24594   1.61710   0.70000   0.67524   0.37966   1.70689   0.11950   0.13089   0.12686   0.09088   0.04040   0.04710   2.11677   0.05620  
 42  0.0009   5437.954222  x:  2.06556   5.12742   2.47284   2.67309   0.91230   0.24590   1.61707   0.70020   0.67533   0.37953   1.70665   0.11954   0.13088   0.12687   0.09087   0.04040   0.04710   2.11668   0.05620  
 43  0.0002   5437.954221  x:  2.06564   5.12749   2.47272   2.67297   0.91231   0.24594   1.61705   0.70023   0.67532   0.37952   1.70665   0.11951   0.13089   0.12687   0.09088   0.04040   0.04711   2.11670   0.05620  
 44  0.0001   5437.954221  x:  2.06566   5.12761   2.47272   2.67301   0.91230   0.24594   1.61706   0.70024   0.67529   0.37953   1.70664   0.11951   0.13090   0.12686   0.09088   0.04040   0.04710   2.11671   0.05620  
 45  0.0001   5437.954221  x:  2.06564   5.12762   2.47269   2.67300   0.91230   0.24593   1.61706   0.70023   0.67529   0.37953   1.70663   0.11951   0.13090   0.12687   0.09088   0.04040   0.04710   2.11670   0.05620  
 46  0.0000   5437.954221  x:  2.06564   5.12764   2.47267   2.67300   0.91230   0.24593   1.61706   0.70023   0.67529   0.37953   1.70662   0.11950   0.13090   0.12686   0.09088   0.04040   0.04710   2.11670   0.05620  
 47  0.0000   5437.954221  x:  2.06564   5.12764   2.47267   2.67300   0.91230   0.24593   1.61706   0.70023   0.67529   0.37953   1.70662   0.11951   0.13090   0.12686   0.09088   0.04040   0.04710   2.11671   0.05620  
 48  0.0000   5437.954221  x:  2.06564   5.12764   2.47267   2.67300   0.91230   0.24593   1.61706   0.70023   0.67529   0.37953   1.70662   0.11951   0.13090   0.12686   0.09088   0.04040   0.04710   2.11671   0.05620  
 49  0.0000   5437.954221  x:  2.06564   5.12764   2.47267   2.67300   0.91230   0.24593   1.61706   0.70023   0.67529   0.37953   1.70662   0.11951   0.13090   0.12686   0.09088   0.04040   0.04710   2.11671   0.05620  
 50  0.0000   5437.954221  x:  2.06564   5.12764   2.47267   2.67300   0.91230   0.24593   1.61706   0.70023   0.67529   0.37953   1.70662   0.11951   0.13090   0.12686   0.09088   0.04040   0.04710   2.11671   0.05620  
 51  0.0000   5437.954221  x:  2.06564   5.12764   2.47267   2.67300   0.91230   0.24593   1.61706   0.70023   0.67529   0.37953   1.70662   0.11951   0.13090   0.12686   0.09088   0.04040   0.04710   2.11671   0.05620  
 52  0.0000   5437.954221  x:  2.06564   5.12764   2.47267   2.67300   0.91230   0.24593   1.61706   0.70023   0.67529   0.37953   1.70662   0.11951   0.13090   0.12686   0.09088   0.04040   0.04710   2.11671   0.05620  