

TREE # 1

  0  0.0000  11328.269288  x:  1.58830   0.22009   1.22451   0.10949   1.09643   0.50014   0.62069   0.56483   1.22529   0.17223   0.02127   0.15572   0.13997   0.00540   0.00537   2.00000   0.20000   0.20000   0.20000   0.20000  
  1 99.0000  11025.597392  x:  1.59039   0.23354   1.21853   0.11170   1.08741   0.49200   0.61101   0.55657   1.22718   0.17019   0.02292   0.15846   0.13630   0.01436   0.00000   2.00210   0.19570   0.16146   0.06688   0.19945  
  2 2103.1062  10997.195590  x:  1.59086   0.23628   1.21764   0.11251   1.08592   0.49071   0.60935   0.55518   1.22768   0.16984   0.02328   0.15901   0.13565   0.01517   0.00621   2.00238   0.19512   0.15420   0.04092   0.19932  
  3 29513.9197  10990.061439  x:  1.59284   0.24314   1.21898   0.11878   1.08573   0.49128   0.60835   0.55482   1.23047   0.16937   0.02432   0.16058   0.13454   0.00304   0.00549   2.00138   0.19728   0.14177   0.03932   0.19886  
  4 549.3166  10975.166722  x:  1.60071   0.27127   1.22369   0.14340   1.08419   0.49280   0.60356   0.55269   1.24206   0.16724   0.02845   0.16732   0.13026   0.00462   0.00766   1.99752   0.20480   0.09312   0.04427   0.19733  
  5 994.4968  10924.814014  x:  1.65420   0.50695   1.26219   0.32714   1.07441   0.50730   0.56910   0.53917   1.35438   0.16237   0.06739   0.22297   0.12135   0.01262   0.00000   1.96099   0.22658   0.08593   0.03379   0.18687  
  6 463.9708  10876.060045  x:  1.71317   0.86196   1.24660   0.50194   0.98003   0.44533   0.44661   0.45316   1.50866   0.12251   0.08732   0.25600   0.10076   0.00396   0.00838   1.93604   0.13179   0.07066   0.05344   0.16966  
  7 958.2124  10864.875952  x:  1.73949   0.95117   1.23997   0.52191   0.94545   0.42404   0.42769   0.45127   1.56008   0.10849   0.06365   0.18569   0.14740   0.00383   0.00861   1.92062   0.16105   0.06780   0.05511   0.16181  
  8 244.9594  10861.746317  x:  1.75122   0.97915   1.24140   0.51987   0.93182   0.42028   0.43837   0.47292   1.58883   0.13308   0.06796   0.15209   0.14947   0.00418   0.00820   1.90759   0.14529   0.06277   0.05511   0.15597  
  9 140.9572  10857.313966  x:  1.78716   1.02077   1.23864   0.48551   0.89043   0.40616   0.46839   0.53171   1.65468   0.14875   0.02342   0.15336   0.12697   0.00418   0.00794   1.87410   0.14083   0.05800   0.05488   0.13729  
 10 112.7788  10854.589661  x:  1.81957   1.04643   1.23063   0.44712   0.85010   0.38915   0.48018   0.56640   1.70410   0.17770   0.01857   0.17515   0.13553   0.00310   0.00880   1.84928   0.15000   0.05342   0.05661   0.11981  
 11 210.9472  10850.368634  x:  1.96908   0.99900   1.26319   0.39302   0.77788   0.42893   0.45337   0.59343   1.83936   0.11550   0.06926   0.17747   0.14445   0.00315   0.00855   1.75931   0.12140   0.04651   0.05535   0.02578  
 12 41.7434  10849.005408  x:  2.00912   0.98603   1.26878   0.38191   0.75826   0.43514   0.44247   0.59395   1.86862   0.10891   0.08197   0.17273   0.13168   0.00320   0.00876   1.74032   0.12462   0.04724   0.05533   0.00010  
 13 242.2180  10845.500941  x:  2.22427   0.90633   1.29902   0.38974   0.69450   0.45741   0.39844   0.56696   1.96625   0.14987   0.04516   0.17078   0.13409   0.00379   0.00870   1.68594   0.09683   0.04724   0.05415   0.00010  
 14 67.1121  10844.258721  x:  2.34570   0.89212   1.27823   0.39061   0.69185   0.43842   0.44432   0.55519   1.99921   0.13556   0.05966   0.16863   0.13418   0.00404   0.00891   1.72111   0.08432   0.04903   0.05425   0.00010  
 15 23.7072  10843.559607  x:  2.39007   0.89526   1.25713   0.35918   0.74126   0.45665   0.44697   0.53106   2.06507   0.14114   0.05613   0.16796   0.13098   0.00434   0.00874   1.75916   0.08250   0.04646   0.05395   0.00010  
 16 13.9140  10842.170943  x:  2.38332   0.85404   1.21419   0.39160   0.76049   0.42746   0.39894   0.59483   2.18912   0.13464   0.06262   0.16786   0.13312   0.00546   0.00866   1.83957   0.08664   0.04628   0.05319   0.00010  
 17  6.4488  10837.664101  x:  2.26202   0.85647   1.12668   0.41955   0.68373   0.46169   0.51347   0.50355   2.40986   0.12907   0.06849   0.16789   0.13806   0.01060   0.00749   1.78206   0.10385   0.04411   0.05117   0.00010  
 18  6.3168  10830.696134  x:  2.27608   1.06567   1.16672   0.28308   0.78559   0.43571   0.45491   0.56935   2.41199   0.10467   0.09291   0.16760   0.13838   0.01924   0.00475   1.61339   0.09814   0.04683   0.04940   0.00010  
 19 11.3607  10828.815576  x:  2.27044   1.13737   1.34984   0.21544   0.73003   0.44629   0.45631   0.56021   2.42892   0.10431   0.09349   0.16875   0.13727   0.02103   0.00396   1.71162   0.10082   0.04712   0.04875   0.00010  
 20 11.8542  10819.724520  x:  2.36822   1.26434   1.37602   0.29551   0.83871   0.26734   0.47517   0.46909   2.62459   0.15118   0.05324   0.18202   0.13885   0.01541   0.00682   1.75683   0.10044   0.04852   0.04671   0.00010  
 21  1.2920  10813.613567  x:  2.48284   1.41685   1.23387   0.35487   0.79219   0.41711   0.43972   0.49207   2.67124   0.19249   0.01630   0.19261   0.14567   0.01126   0.00917   1.88746   0.09651   0.05396   0.04683   0.00010  
 22 26.9516  10799.636269  x:  2.65892   1.87599   1.25357   0.50204   0.69436   0.42478   0.36522   0.56673   2.90384   0.17535   0.04273   0.19764   0.12654   0.01757   0.00704   1.82185   0.07239   0.03924   0.04054   0.00010  
 23  0.5488  10789.787516  x:  2.69961   2.46666   1.23244   0.56912   0.83450   0.43365   0.48360   0.52277   3.25181   0.15055   0.06206   0.20159   0.13754   0.01038   0.00512   1.81388   0.08250   0.03330   0.03243   0.00010  
 24  0.3763  10785.295107  x:  2.89533   2.77881   1.26247   0.60069   0.87201   0.45066   0.49662   0.52838   3.29408   0.14359   0.06925   0.19956   0.14223   0.00520   0.00443   1.81168   0.07104   0.03630   0.03437   0.00010  
 25  0.4413  10782.515184  x:  3.10124   3.10661   1.40269   0.62196   0.87944   0.48248   0.46672   0.55559   3.41130   0.14245   0.07124   0.19745   0.14183   0.00929   0.00166   1.77047   0.05793   0.03535   0.03109   0.00010  
 26  0.4910  10780.871188  x:  3.13312   3.35183   1.53925   0.64319   0.88467   0.50749   0.44624   0.58061   3.49727   0.14810   0.06892   0.19703   0.13787   0.01079   0.00057   1.76569   0.06428   0.03368   0.02902   0.00010  
 27  0.3909  10779.278430  x:  3.39365   3.69377   1.68196   0.68742   0.91049   0.53681   0.42576   0.61448   3.57981   0.17028   0.05233   0.20112   0.13591   0.00811   0.00398   1.79604   0.06032   0.03150   0.02651   0.00010  
 28  0.5319  10777.831840  x:  3.69314   3.95851   1.78055   0.70965   0.95919   0.56420   0.44818   0.62551   3.63847   0.16382   0.05564   0.19957   0.13723   0.00774   0.00439   1.80499   0.04985   0.03173   0.02657   0.00010  
 29  0.3409  10777.203875  x:  3.85745   4.11708   1.87219   0.72523   1.00658   0.58927   0.46991   0.62731   3.67744   0.15459   0.05939   0.19884   0.13892   0.00756   0.00456   1.80546   0.04749   0.03365   0.02455   0.00010  
 30  0.3093  10776.463769  x:  4.04015   4.27949   1.98112   0.74516   1.06959   0.61794   0.50182   0.62258   3.75051   0.14377   0.06504   0.19799   0.14097   0.00838   0.00461   1.79763   0.04844   0.03205   0.02396   0.00010  
 31  0.2731  10776.062856  x:  4.25830   4.45847   2.07474   0.76966   1.12140   0.64257   0.51477   0.62491   3.84653   0.14347   0.06484   0.19798   0.14146   0.00805   0.00448   1.79474   0.04397   0.03004   0.02260   0.00010  
 32  0.5638  10775.574410  x:  4.58022   4.51874   2.18877   0.79518   1.18812   0.67976   0.51468   0.62891   3.91983   0.15366   0.06202   0.19876   0.13780   0.00840   0.00454   1.80703   0.03897   0.03050   0.02227   0.00010  
 33  0.2051  10775.100636  x:  4.74642   4.39821   2.24229   0.81683   1.23096   0.70249   0.50514   0.63084   3.97775   0.16481   0.05713   0.20063   0.13649   0.00816   0.00411   1.81998   0.03999   0.03054   0.02197   0.00010  
 34  0.1756  10774.705004  x:  5.11366   4.30971   2.31917   0.86215   1.28288   0.73479   0.50625   0.64147   4.10952   0.16065   0.05763   0.20087   0.14151   0.00821   0.00342   1.82275   0.03566   0.02914   0.02136   0.00010  
 35  0.2249  10774.441680  x:  5.16177   3.98351   2.22804   0.87800   1.23648   0.72131   0.49881   0.64696   4.11442   0.15045   0.06299   0.19996   0.14211   0.00893   0.00303   1.81606   0.03606   0.02940   0.02268   0.00010  
 36  0.1950  10774.210103  x:  5.19274   3.78890   2.12870   0.89679   1.16302   0.69767   0.49760   0.65107   4.12696   0.14757   0.06607   0.19936   0.13825   0.00895   0.00330   1.80312   0.03547   0.02980   0.02290   0.00010  
 37  0.1201  10774.024884  x:  5.22562   3.74475   2.05161   0.89963   1.10461   0.66700   0.49837   0.64094   4.16707   0.15794   0.06054   0.20015   0.13861   0.00791   0.00396   1.79727   0.03486   0.02873   0.02363   0.00010  
 38  0.0564  10773.725935  x:  5.68410   3.77722   2.07817   0.90930   1.12670   0.65292   0.49803   0.62217   4.32720   0.16402   0.05510   0.20224   0.14447   0.00809   0.00446   1.81415   0.03134   0.02851   0.02383   0.00010  
 39  0.1138  10773.450669  x:  5.96881   3.71895   2.00290   0.90391   1.09919   0.61324   0.49548   0.61025   4.44989   0.15825   0.05835   0.20295   0.14422   0.00840   0.00460   1.81762   0.03112   0.02772   0.02424   0.00010  
 40  0.2211  10773.179523  x:  6.53116   3.67158   1.98909   0.92245   1.11203   0.60214   0.49606   0.61180   4.64835   0.15100   0.06399   0.20300   0.14121   0.00860   0.00443   1.81819   0.02722   0.02631   0.02415   0.00010  
 41  0.6503  10772.858727  x:  7.16949   3.82861   2.03376   0.88824   1.17961   0.61987   0.49342   0.63370   4.79389   0.14611   0.06978   0.20094   0.13557   0.00840   0.00359   1.81377   0.02449   0.02605   0.02347   0.00010  
 42  0.2879  10772.599384  x:  7.43639   3.74611   1.96097   0.83960   1.12941   0.61347   0.48455   0.64284   4.80135   0.15382   0.06483   0.20020   0.13946   0.00835   0.00325   1.80288   0.02451   0.02590   0.02423   0.00010  
 43  0.1706  10772.391503  x:  8.05308   3.65110   1.90566   0.81226   1.09061   0.60239   0.47931   0.64257   4.92936   0.15884   0.06134   0.20055   0.14261   0.00848   0.00316   1.80030   0.02171   0.02516   0.02487   0.00010  
 44  1.1101  10772.115076  x:  8.85876   3.60054   1.95825   0.75006   1.07234   0.64484   0.48472   0.62654   4.92959   0.16015   0.05821   0.20278   0.14186   0.00931   0.00302   1.81941   0.01938   0.02524   0.02516   0.00010  
 45  0.3282  10771.996188  x:  8.82538   3.59568   1.98162   0.74007   1.06118   0.65799   0.48997   0.61793   4.81992   0.15783   0.05898   0.20321   0.14035   0.00921   0.00329   1.82498   0.02013   0.02584   0.02511   0.00010  
 46  0.1762  10771.709655  x:  9.76553   3.59040   1.98475   0.70376   1.03809   0.65689   0.49751   0.61259   4.70764   0.14741   0.06764   0.20133   0.13669   0.00752   0.00401   1.81796   0.01768   0.02629   0.02497   0.00010  
 47  0.3601  10771.241304  x: 10.72694   3.75226   2.11255   0.72819   1.12201   0.65181   0.49112   0.63463   4.30027   0.13956   0.07757   0.19845   0.14023   0.00683   0.00503   1.80118   0.01619   0.02765   0.02383   0.00010  
 48  0.3367  10770.961209  x: 11.50583   3.61701   2.05595   0.73156   1.08719   0.62094   0.47805   0.64008   4.09313   0.14573   0.07214   0.19970   0.14174   0.00779   0.00530   1.80062   0.01465   0.02942   0.02462   0.00010  
 49  0.6095  10770.840886  x: 11.44160   3.57256   2.01389   0.75142   1.07469   0.60440   0.47435   0.64030   4.02782   0.15062   0.06699   0.20070   0.14160   0.00824   0.00512   1.80355   0.01520   0.03007   0.02498   0.00010  
 50  0.2664  10770.538255  x: 12.50032   3.64168   1.97348   0.77307   1.09249   0.59677   0.48438   0.62723   3.84272   0.15806   0.05514   0.20252   0.13686   0.00823   0.00393   1.82369   0.01363   0.03111   0.02517   0.00010  
 51  0.5224  10770.420001  x: 12.74278   3.69030   1.95519   0.79216   1.09883   0.61552   0.49132   0.62578   3.86156   0.15528   0.05866   0.19983   0.13818   0.00876   0.00273   1.82238   0.01354   0.03100   0.02476   0.00010  
 52  0.1568  10770.361415  x: 13.22977   3.73201   1.95767   0.80453   1.08934   0.62110   0.49131   0.62432   3.78802   0.15355   0.06297   0.19855   0.14015   0.00891   0.00292   1.81812   0.01288   0.03130   0.02451   0.00010  
 53  0.3534  10770.283324  x: 13.58301   3.78559   1.96592   0.83017   1.07763   0.63803   0.48808   0.61991   3.86961   0.15323   0.06557   0.19971   0.14107   0.00889   0.00335   1.81974   0.01273   0.03095   0.02434   0.00010  
 54  0.1420  10770.184421  x: 14.60805   3.79010   1.95500   0.86056   1.07678   0.65127   0.48497   0.62151   3.88758   0.15258   0.06486   0.20101   0.13998   0.00881   0.00319   1.82384   0.01155   0.03097   0.02432   0.00010  
 55  0.8337  10770.042836  x: 15.81126   3.74314   1.96740   0.88579   1.10183   0.65486   0.48359   0.64000   3.95966   0.14932   0.06227   0.20169   0.13712   0.00810   0.00345   1.82149   0.01074   0.03028   0.02423   0.00010  
 56  0.5013  10769.857479  x: 17.61767   3.81514   1.96902   0.86638   1.10518   0.64612   0.49016   0.63840   4.04170   0.15698   0.05782   0.19977   0.14002   0.00840   0.00369   1.81979   0.00942   0.02964   0.02404   0.00010  
 57  0.7335  10769.763780  x: 17.92627   3.81131   1.97122   0.83397   1.10451   0.63338   0.49435   0.63402   4.08584   0.16095   0.05594   0.19865   0.14147   0.00862   0.00379   1.81896   0.00950   0.02935   0.02411   0.00010  
 58  0.7612  10769.602225  x: 20.12573   3.71149   1.97124   0.80550   1.10073   0.62481   0.49645   0.62593   4.10071   0.16021   0.05720   0.19870   0.14086   0.00871   0.00381   1.82150   0.00825   0.02938   0.02439   0.00010  
 59  1.6880  10769.439091  x: 22.06977   3.55412   1.97378   0.78573   1.09316   0.61954   0.49015   0.61659   4.01934   0.14910   0.06632   0.20120   0.13750   0.00852   0.00340   1.82403   0.00761   0.03019   0.02495   0.00010  
 60  0.9823  10769.304327  x: 24.22848   3.68433   1.98431   0.78546   1.09735   0.61280   0.48832   0.62297   4.02163   0.14920   0.06707   0.20098   0.13903   0.00851   0.00321   1.81846   0.00679   0.03001   0.02476   0.00010  
 61  1.1650  10769.229696  x: 24.65562   3.77715   1.99001   0.79546   1.09724   0.61320   0.48641   0.62902   4.01471   0.14999   0.06668   0.20075   0.14011   0.00853   0.00311   1.81524   0.00682   0.02992   0.02456   0.00010  
 62  1.4014  10769.101474  x: 27.63205   3.77981   2.00230   0.80910   1.08328   0.61877   0.48281   0.63454   4.00937   0.15121   0.06556   0.20059   0.14061   0.00866   0.00308   1.81493   0.00595   0.02984   0.02442   0.00010  
 63  2.2624  10768.936494  x: 31.21285   3.66001   2.01958   0.83257   1.07076   0.63785   0.48503   0.63272   4.01677   0.15564   0.05969   0.20019   0.13890   0.00876   0.00340   1.82641   0.00530   0.02997   0.02430   0.00010  
 64  1.5901  10768.872999  x: 31.60280   3.67495   2.01329   0.82997   1.08153   0.63567   0.48844   0.62996   4.02095   0.15577   0.05944   0.19998   0.13870   0.00867   0.00343   1.82711   0.00537   0.03001   0.02431   0.00010  
 65  0.4660  10768.721293  x: 35.36577   3.75295   2.00445   0.82211   1.10427   0.62627   0.49411   0.62647   4.02469   0.15520   0.06011   0.19961   0.13883   0.00848   0.00336   1.82565   0.00467   0.03006   0.02430   0.00010  
 66  5.4860  10768.650643  x: 38.55536   3.74052   1.97661   0.81446   1.10536   0.62186   0.49364   0.62536   4.01416   0.15293   0.06330   0.19963   0.13973   0.00850   0.00340   1.82035   0.00423   0.03001   0.02446   0.00010  
 67  2.3890  10768.552778  x: 40.51099   3.69781   1.93520   0.80150   1.09827   0.61777   0.48929   0.62530   3.99868   0.14941   0.06813   0.20019   0.14100   0.00859   0.00344   1.81280   0.00413   0.02990   0.02475   0.00010  
 68  2.5808  10768.473343  x: 44.35706   3.66822   1.92882   0.80365   1.09581   0.62672   0.48656   0.62552   3.99815   0.15029   0.06665   0.20095   0.14030   0.00860   0.00353   1.81704   0.00370   0.02990   0.02479   0.00010  
 69  3.7486  10768.385132  x: 48.58951   3.68756   1.97125   0.82127   1.09835   0.64694   0.48529   0.62832   4.00896   0.15570   0.05853   0.20141   0.13782   0.00846   0.00363   1.83302   0.00339   0.03008   0.02446   0.00010  
 70  2.1267  10768.339972  x: 49.22938   3.71668   1.98426   0.82290   1.09843   0.64300   0.48679   0.62962   4.00452   0.15565   0.05872   0.20061   0.13823   0.00845   0.00357   1.83188   0.00341   0.03014   0.02435   0.00010  
 71  0.6514  10768.319374  x: 50.00000   3.72232   1.98384   0.82209   1.09835   0.64110   0.48707   0.62982   4.00176   0.15532   0.05922   0.20041   0.13847   0.00846   0.00355   1.83077   0.00336   0.03015   0.02435   0.00010  
 72  6.6371  10768.316302  x: 50.00000   3.72226   1.98349   0.82167   1.09820   0.64035   0.48715   0.62976   4.00147   0.15519   0.05943   0.20039   0.13853   0.00846   0.00355   1.83029   0.00334   0.03014   0.02435   0.00010  
 73  0.0191  10768.303659  x: 50.00000   3.71395   1.97162   0.81382   1.09594   0.62843   0.48829   0.62820   3.99889   0.15291   0.06299   0.20014   0.13959   0.00856   0.00344   1.82217   0.00334   0.03006   0.02451   0.00010  
 74  0.0282  10768.302547  x: 50.00000   3.70544   1.97907   0.81352   1.09406   0.62640   0.48884   0.62750   4.00958   0.15300   0.06297   0.20027   0.13945   0.00858   0.00340   1.82229   0.00334   0.02999   0.02451   0.00010  
 75  0.0073  10768.302496  x: 50.00000   3.70996   1.98101   0.81369   1.09437   0.62645   0.48870   0.62789   4.01091   0.15296   0.06299   0.20025   0.13946   0.00857   0.00340   1.82237   0.00334   0.02999   0.02450   0.00010  
 76  0.0035  10768.302496  x: 50.00000   3.70981   1.98095   0.81367   1.09434   0.62645   0.48869   0.62789   4.01079   0.15296   0.06299   0.20025   0.13946   0.00857   0.00340   1.82237   0.00334   0.02999   0.02450   0.00010  
 77  0.0008  10768.302496  x: 50.00000   3.70979   1.98094   0.81367   1.09433   0.62645   0.48869   0.62789   4.01077   0.15296   0.06299   0.20025   0.13946   0.00857   0.00340   1.82237   0.00334   0.02999   0.02450   0.00010  
 78  0.0007  10768.302496  x: 50.00000   3.70978   1.98094   0.81367   1.09433   0.62645   0.48869   0.62789   4.01076   0.15296   0.06299   0.20025   0.13946   0.00857   0.00340   1.82237   0.00334   0.02999   0.02450   0.00010  
 79  0.0007  10768.302496  x: 50.00000   3.70978   1.98094   0.81367   1.09433   0.62645   0.48869   0.62789   4.01076   0.15296   0.06299   0.20025   0.13946   0.00857   0.00340   1.82237   0.00334   0.02999   0.02450   0.00010  