

TREE # 1

  0  0.0000   6698.984794  x:  0.00000   0.48771   0.45916   0.20658   0.31127   0.10583   0.33493   0.05761   0.23462   0.18909   0.14282   0.09909   0.25790   0.08409   0.03479   0.06372   0.07324   0.01262   0.05401   2.00000   0.20000   0.20000   0.20000  
  1 99.0000   6520.529611  x:  0.15527   0.50148   0.47487   0.23028   0.32173   0.12048   0.34566   0.07648   0.24224   0.19442   0.15052   0.10824   0.28047   0.09385   0.04920   0.07321   0.08438   0.00000   0.04185   1.99694   0.19948   0.18989   0.19994  
  2 3240.9929   6427.451444  x:  0.14255   0.53244   0.51033   0.28995   0.35404   0.16182   0.38069   0.12630   0.26696   0.21080   0.17338   0.13536   0.33662   0.11605   0.07851   0.09576   0.11176   0.00000   0.00000   1.98770   0.16846   0.15154   0.19997  
  3 901.0462   6427.451444  x:  0.14255   0.53244   0.51033   0.28995   0.35404   0.16182   0.38069   0.12630   0.26696   0.21080   0.17338   0.13536   0.33662   0.11605   0.07851   0.09576   0.11176   0.00000   0.00000   1.98770   0.16846   0.15154   0.19997  
  4 14252.3412   6415.388550  x:  0.14255   0.53245   0.51033   0.28995   0.35404   0.16182   0.38069   0.12630   0.26697   0.21080   0.17338   0.13536   0.33662   0.11605   0.07851   0.09576   0.11176   0.00257   0.00475   1.98770   0.16846   0.15153   0.19997  
  5 558883.2545   6407.033649  x:  0.14809   0.53519   0.51342   0.29412   0.35635   0.16429   0.38314   0.12883   0.26860   0.21188   0.17465   0.13674   0.34072   0.11688   0.07944   0.09650   0.11276   0.00000   0.00614   1.98681   0.16935   0.14781   0.19996  
  6 714.5879   6388.276950  x:  0.15872   0.54583   0.52510   0.30713   0.36411   0.17124   0.39182   0.13492   0.27385   0.21504   0.17767   0.13975   0.35370   0.11985   0.08263   0.09666   0.11421   0.00000   0.00052   1.98298   0.15262   0.12591   0.20087  
  7 1050.9736   6381.084357  x:  0.16171   0.55010   0.52975   0.31197   0.36709   0.17371   0.39522   0.13692   0.27584   0.21619   0.17867   0.14069   0.35856   0.12101   0.08385   0.09643   0.11452   0.00329   0.00000   1.98138   0.14423   0.11623   0.20134  
  8 4981.2171   6381.084357  x:  0.16171   0.55010   0.52975   0.31197   0.36709   0.17371   0.39522   0.13692   0.27584   0.21619   0.17867   0.14069   0.35856   0.12101   0.08385   0.09643   0.11452   0.00329   0.00000   1.98138   0.14423   0.11623   0.20134  
  9 788.2093   6375.152903  x:  0.16811   0.55352   0.53356   0.31691   0.36990   0.17659   0.39820   0.13988   0.27781   0.21750   0.18018   0.14228   0.36344   0.12185   0.08479   0.09754   0.11582   0.01035   0.03814   1.98012   0.15140   0.11127   0.20126  
 10 1939.0615   6349.758357  x:  0.18448   0.56245   0.54349   0.32973   0.37716   0.18402   0.40593   0.14746   0.28291   0.22087   0.18402   0.14633   0.37609   0.12426   0.08748   0.10006   0.11898   0.00000   0.04008   1.97687   0.16476   0.09768   0.20118  
 11 792.5535   6273.574699  x:  0.26455   0.61161   0.59807   0.39712   0.41533   0.22171   0.44735   0.18415   0.30908   0.23728   0.20223   0.16557   0.44291   0.13795   0.10214   0.11256   0.13464   0.00000   0.05157   1.95924   0.12129   0.01209   0.20133  
 12 1777.3229   6259.885531  x:  0.29738   0.63900   0.62800   0.43010   0.43455   0.23863   0.46882   0.19921   0.32163   0.24447   0.20899   0.17213   0.47584   0.14625   0.11079   0.11817   0.14155   0.00000   0.05300   1.94783   0.10014   0.04236   0.20174  
 13 742.5849   6231.861201  x:  0.17400   0.78686   0.77865   0.49337   0.48457   0.22588   0.54381   0.14105   0.33625   0.23076   0.15886   0.10387   0.54723   0.15417   0.11497   0.07446   0.09926   0.00000   0.01806   1.85499   0.09846   0.04176   0.21420  
 14 159.4297   6224.762564  x:  0.13201   0.82837   0.81935   0.49854   0.49247   0.21049   0.56066   0.12058   0.33785   0.22561   0.17186   0.12187   0.55624   0.15129   0.11135   0.10016   0.11927   0.00000   0.00433   1.81995   0.09842   0.04077   0.21978  
 15 229.0581   6221.639608  x:  0.11434   0.88087   0.86827   0.48837   0.49499   0.17859   0.57568   0.10707   0.33702   0.21856   0.19203   0.14648   0.55284   0.14431   0.10292   0.09772   0.12108   0.00000   0.01500   1.75925   0.09755   0.04058   0.23117  
 16 94.6994   6217.134454  x:  0.15488   0.94372   0.91985   0.43737   0.48523   0.12203   0.57794   0.12753   0.33001   0.20819   0.18950   0.13986   0.51230   0.13742   0.09610   0.09711   0.12479   0.00000   0.01166   1.63899   0.09547   0.04002   0.25665  
 17 94.2788   6214.466692  x:  0.13987   0.96383   0.92759   0.41163   0.49480   0.14538   0.56675   0.16457   0.33874   0.21751   0.18879   0.14458   0.48248   0.15724   0.12147   0.10099   0.12120   0.00000   0.01260   1.52019   0.09448   0.03809   0.28715  
 18 63.3593   6211.229978  x:  0.14938   0.95989   0.90726   0.42216   0.50366   0.18930   0.53445   0.14246   0.34050   0.22051   0.18515   0.14755   0.47989   0.13624   0.09454   0.09944   0.12095   0.00000   0.01191   1.35515   0.09243   0.03854   0.34012  
 19 65.1084   6209.938949  x:  0.15491   0.94746   0.89066   0.43999   0.49203   0.17647   0.52846   0.12462   0.33359   0.21449   0.18512   0.14398   0.49816   0.15414   0.11408   0.09859   0.12881   0.00000   0.01259   1.29387   0.09270   0.03730   0.37464  
 20 45.8254   6208.216221  x:  0.14535   0.92317   0.86684   0.46456   0.47365   0.14464   0.54774   0.15179   0.33359   0.21556   0.19400   0.15122   0.52857   0.15023   0.10781   0.09371   0.11412   0.00000   0.01064   1.24248   0.09239   0.03778   0.43701  
 21 39.8066   6206.577303  x:  0.13807   0.91029   0.86014   0.47298   0.47625   0.13271   0.57605   0.16562   0.33947   0.21698   0.17807   0.13450   0.54368   0.14364   0.09896   0.11158   0.13162   0.00000   0.01457   1.22309   0.09282   0.03754   0.51086  
 22 44.6502   6184.669619  x:  0.19575   0.79746   0.85766   0.42322   0.63007   0.12495   0.88140   0.10757   0.41125   0.21572   0.16206   0.18939   0.57121   0.15531   0.10279   0.05840   0.16823   0.00000   0.01042   1.19356   0.10019   0.03941   1.61910  
 23 85.9562   6169.879492  x:  0.23825   0.78278   0.88751   0.43660   0.69573   0.13793   0.97197   0.07962   0.41147   0.19394   0.20417   0.17023   0.58532   0.15824   0.11889   0.14831   0.07696   0.00000   0.01225   1.20982   0.10589   0.04011   2.37012  
 24 390.2338   6123.781157  x:  0.27746   0.92120   1.04810   0.63707   0.74360   0.22020   0.88104   0.19978   0.31510   0.15434   0.39133   0.08112   0.63331   0.13408   0.11885   0.10560   0.16418   0.00000   0.01308   1.36643   0.12403   0.04527   4.80831  
 25 429.0222   6089.501314  x:  0.32297   1.09796   1.19004   0.81002   0.68250   0.20687   0.66805   0.24187   0.41907   0.35742   0.27403   0.18960   0.70884   0.12367   0.13347   0.12343   0.17081   0.00000   0.01494   1.52199   0.13907   0.04892   6.78785  
 26 671.4821   6086.903924  x:  0.32627   1.12938   1.18848   0.79653   0.66132   0.23485   0.65706   0.26404   0.39641   0.28351   0.21065   0.24393   0.74992   0.12540   0.13249   0.12969   0.16532   0.00000   0.01553   1.53466   0.14040   0.04925   6.90654  
 27 47.1708   6085.661906  x:  0.32888   1.17904   1.15822   0.73061   0.60272   0.27014   0.65998   0.25973   0.45403   0.25268   0.22896   0.23041   0.82179   0.12192   0.13342   0.12839   0.16761   0.00000   0.01532   1.54258   0.14033   0.04912   6.96599  
 28 15.4299   6084.374580  x:  0.33506   1.24184   1.11181   0.69767   0.57775   0.29827   0.70334   0.25112   0.38563   0.30980   0.23058   0.22966   0.86203   0.09593   0.15595   0.12837   0.16808   0.00000   0.01501   1.54595   0.13881   0.04814   7.02312  
 29  6.2472   6067.125611  x:  0.40106   1.59566   0.83991   0.88128   0.80053   0.22730   0.87298   0.25254   0.43870   0.27902   0.25266   0.23109   0.85131   0.26963   0.04593   0.14122   0.16420   0.00000   0.01175   1.56697   0.11480   0.02759   7.77623  
 30  7.0246   6051.538677  x:  0.45306   1.63891   0.89351   0.99941   0.92677   0.19469   0.96076   0.26289   0.52697   0.20985   0.26390   0.23579   0.90142   0.08469   0.22466   0.13639   0.17384   0.00000   0.00881   1.56201   0.09249   0.01139   8.42606  
 31 62.3640   6047.064154  x:  0.46656   1.54347   1.04771   0.96867   0.89471   0.22958   0.97735   0.26618   0.48751   0.24695   0.27185   0.23251   0.97501   0.16553   0.16111   0.14191   0.17245   0.00000   0.00806   1.55237   0.08712   0.00674   8.61806  
 32 30.1934   6031.532234  x:  0.53375   1.33669   1.49949   1.06827   0.68241   0.36689   1.11166   0.26349   0.48174   0.26109   0.27515   0.23699   1.03962   0.19492   0.12364   0.14052   0.16996   0.00000   0.00390   1.54271   0.07480   0.02059   9.71928  
 33  2.7894   6029.241790  x:  0.53037   1.30852   1.52843   0.97203   0.87436   0.29403   1.00108   0.29139   0.45096   0.28612   0.28618   0.22815   1.20224   0.18736   0.12244   0.14094   0.16919   0.00000   0.00388   1.54324   0.07336   0.02241   9.90065  
 34 12.9510   6011.717123  x:  0.66188   1.53931   1.89016   1.23027   0.92108   0.31952   0.98859   0.34588   0.54649   0.24928   0.24476   0.24030   1.40888   0.00000   0.25558   0.13259   0.17269   0.00000   0.01422   1.50997   0.08576   0.02731  13.82110  
 35  3.0408   6011.717123  x:  0.66188   1.53931   1.89016   1.23027   0.92108   0.31952   0.98859   0.34588   0.54649   0.24928   0.24476   0.24030   1.40888   0.00000   0.25558   0.13259   0.17269   0.00000   0.01422   1.50997   0.08576   0.02731  13.82110  
 36  1.9407   6006.474625  x:  0.66238   1.53942   1.89015   1.23042   0.92094   0.31937   0.98852   0.34574   0.54629   0.24914   0.24458   0.23978   1.40901   0.00050   0.25581   0.13219   0.17250   0.00000   0.01157   1.51014   0.07179   0.02549  13.82110  
 37 670.1122   6006.027290  x:  0.66394   1.54000   1.89042   1.23107   0.92092   0.31932   0.98867   0.34576   0.54607   0.24906   0.24433   0.23871   1.40963   0.00175   0.25640   0.13126   0.17206   0.00000   0.00674   1.51006   0.07211   0.02243  13.82110  
 38 126.6081   6005.377462  x:  0.67635   1.54460   1.89255   1.23624   0.92076   0.31889   0.98985   0.34593   0.54440   0.24840   0.24241   0.23035   1.41451   0.01166   0.26117   0.12450   0.16909   0.00000   0.00941   1.50939   0.07198   0.01715  13.82110  
 39 68.6924   6003.291251  x:  0.72357   1.56210   1.90066   1.25595   0.92020   0.31726   0.99433   0.34659   0.53811   0.24599   0.23550   0.19913   1.43309   0.04797   0.27844   0.10016   0.15864   0.00000   0.00774   1.50682   0.07098   0.02238  13.82110  
 40 496.9865   5997.478001  x:  0.97513   1.65816   1.94657   1.36437   0.91898   0.30727   1.02016   0.35127   0.51434   0.24414   0.25958   0.12768   1.53243   0.06728   0.23765   0.14516   0.19068   0.00000   0.00738   1.49607   0.06533   0.02190  13.82110  
 41 69.9365   5990.917967  x:  1.28586   1.78148   2.00724   1.50250   0.92073   0.29624   1.05561   0.35936   0.50317   0.25942   0.32041   0.16763   1.65824   0.06707   0.17585   0.11222   0.16543   0.00000   0.00766   1.48772   0.05721   0.02295  13.82110  
 42 182.5597   5989.636704  x:  1.35338   1.81483   2.02607   1.53795   0.92649   0.29636   1.06737   0.36336   0.51844   0.27469   0.29768   0.20810   1.68919   0.07823   0.20168   0.13323   0.16993   0.00000   0.00725   1.49563   0.05502   0.02275  13.82110  
 43 53.7743   5988.608329  x:  1.40147   1.84595   2.04573   1.56910   0.93616   0.29853   1.07933   0.36703   0.53582   0.28374   0.23804   0.22064   1.71496   0.04641   0.21171   0.12830   0.16729   0.00000   0.00742   1.51328   0.05370   0.02275  13.82110  
 44 44.3482   5987.938210  x:  1.41808   1.88113   2.07242   1.59848   0.95457   0.30403   1.09336   0.36707   0.53832   0.26032   0.24456   0.22066   1.73644   0.00000   0.26542   0.11540   0.18329   0.00000   0.00744   1.55542   0.05309   0.02244  13.82110  
 45 14.7247   5987.938210  x:  1.41808   1.88113   2.07242   1.59848   0.95457   0.30403   1.09336   0.36707   0.53832   0.26032   0.24456   0.22066   1.73644   0.00000   0.26542   0.11540   0.18329   0.00000   0.00744   1.55542   0.05309   0.02244  13.82110  
 46 22.4985   5985.803068  x:  1.41815   1.88121   2.07249   1.59855   0.95463   0.30409   1.09342   0.36713   0.53837   0.26036   0.24459   0.22061   1.73651   0.00011   0.26549   0.11538   0.18318   0.00000   0.00748   1.55534   0.05941   0.02244  13.82110  
 47 711.1090   5985.504466  x:  1.42300   1.88683   2.07722   1.60345   0.95845   0.30752   1.09742   0.37059   0.54084   0.26227   0.24673   0.21209   1.74140   0.01140   0.27406   0.11364   0.16993   0.00000   0.01031   1.55268   0.05917   0.02260  13.82110  
 48 24.2421   5985.333664  x:  1.42576   1.89003   2.07992   1.60624   0.96062   0.30945   1.09968   0.37254   0.54223   0.26333   0.24799   0.20748   1.74417   0.01708   0.27831   0.11290   0.16304   0.00000   0.00745   1.55118   0.05904   0.02222  13.82110  
 49 226.7847   5984.967502  x:  1.44202   1.90887   2.09601   1.62263   0.97283   0.31936   1.11262   0.38271   0.54954   0.26821   0.25804   0.19286   1.76022   0.01424   0.27329   0.12292   0.15840   0.00000   0.00790   1.54353   0.05833   0.01839  13.82110  
 50 22.3633   5984.471875  x:  1.46600   1.93667   2.11977   1.64681   0.99080   0.33388   1.13167   0.39760   0.56023   0.27528   0.27277   0.17204   1.78391   0.01002   0.26592   0.13709   0.15236   0.00000   0.00766   1.53231   0.05729   0.02250  13.82110  
 51 787.7508   5982.921827  x:  1.55682   2.04184   2.21035   1.73771   1.05258   0.37885   1.19996   0.44262   0.59263   0.29056   0.31764   0.16675   1.87347   0.01273   0.25768   0.10158   0.17173   0.00000   0.00770   1.49967   0.05347   0.02266  13.82110  
 52 57.1582   5981.632947  x:  1.65020   2.14983   2.30495   1.83019   1.10620   0.40868   1.26367   0.47134   0.61040   0.28640   0.30528   0.19291   1.96538   0.03259   0.27391   0.12193   0.19661   0.00000   0.00710   1.48446   0.05016   0.02181  13.82110  
 53 72.8133   5978.700122  x:  1.85277   2.38400   2.51274   2.02992   1.21102   0.45303   1.39368   0.51351   0.63016   0.25576   0.21776   0.23849   2.16445   0.01211   0.26404   0.11713   0.17156   0.00000   0.00751   1.47560   0.04395   0.02265  13.82110  
 54 142.3561   5977.699927  x:  1.91305   2.45413   2.57957   2.08834   1.22453   0.43480   1.41959   0.49757   0.61944   0.23574   0.24127   0.24486   2.22421   0.00000   0.27514   0.12113   0.16155   0.00000   0.00758   1.51211   0.04290   0.02290  13.82110  
 55 33.7637   5977.699927  x:  1.91305   2.45413   2.57957   2.08834   1.22453   0.43480   1.41959   0.49757   0.61944   0.23574   0.24127   0.24486   2.22421   0.00000   0.27514   0.12113   0.16155   0.00000   0.00758   1.51211   0.04290   0.02290  13.82110  
 56 65.9062   5977.343800  x:  1.91307   2.45415   2.57959   2.08836   1.22453   0.43479   1.41959   0.49757   0.61945   0.23577   0.24128   0.24480   2.22422   0.00001   0.27515   0.12111   0.16157   0.00000   0.00757   1.51212   0.04484   0.02284  13.82110  
 57 373.4039   5977.312142  x:  1.91337   2.45451   2.58005   2.08864   1.22433   0.43422   1.41952   0.49720   0.61967   0.23636   0.24156   0.24274   2.22456   0.00019   0.27559   0.12050   0.16223   0.00000   0.00746   1.51278   0.04484   0.02121  13.82110  
 58 19.5760   5976.952528  x:  1.91816   2.46035   2.58748   2.09325   1.22109   0.42511   1.41826   0.49134   0.62324   0.24583   0.24631   0.21021   2.22994   0.00337   0.28296   0.11148   0.17286   0.00000   0.00871   1.52336   0.04491   0.02192  13.82110  
 59 57.6823   5976.923440  x:  1.91860   2.46089   2.58817   2.09367   1.22080   0.42428   1.41815   0.49081   0.62354   0.24666   0.24695   0.20773   2.23044   0.00345   0.28345   0.11095   0.17355   0.00000   0.00743   1.52433   0.04492   0.02212  13.82110  
 60 93.0166   5976.789704  x:  1.92119   2.46408   2.59224   2.09619   1.21914   0.41949   1.41752   0.48783   0.62481   0.25054   0.25412   0.20277   2.23336   0.00000   0.28282   0.11320   0.17240   0.00000   0.00748   1.52977   0.04494   0.02219  13.82110  
 61 19.2943   5976.641327  x:  1.93063   2.47580   2.60709   2.10544   1.21398   0.40399   1.41584   0.47878   0.62573   0.25782   0.26318   0.20411   2.24425   0.00000   0.29434   0.10553   0.16559   0.00000   0.00748   1.54652   0.04497   0.02237  13.82110  
 62 16.9507   5976.444037  x:  1.94747   2.49684   2.63370   2.12211   1.20614   0.37879   1.41361   0.46507   0.62398   0.26456   0.26003   0.20973   2.26391   0.00000   0.30927   0.11375   0.17256   0.00000   0.00747   1.57248   0.04503   0.02209  13.82110  
 63 24.6540   5976.170876  x:  1.97569   2.53242   2.67873   2.15054   1.19681   0.34295   1.41178   0.44843   0.61671   0.26736   0.24035   0.21191   2.29729   0.00000   0.29388   0.10988   0.17059   0.00000   0.00752   1.60641   0.04505   0.02277  13.82110  
 64 23.7849   5975.996133  x:  2.00236   2.56717   2.72290   2.17915   1.20229   0.33356   1.41683   0.45573   0.60644   0.25738   0.25011   0.21867   2.33046   0.00000   0.28686   0.10276   0.18347   0.00000   0.00747   1.60519   0.04456   0.02273  13.82110  
 65  9.6264   5975.367572  x:  2.10469   2.70118   2.89342   2.29027   1.23534   0.31808   1.44245   0.49906   0.58029   0.22812   0.25496   0.21321   2.45898   0.00000   0.29333   0.11388   0.16567   0.00000   0.00741   1.57856   0.04233   0.02194  13.82110  
 66 37.3513   5974.378221  x:  2.27626   2.92554   3.17976   2.47825   1.31009   0.32461   1.49858   0.57702   0.62709   0.27819   0.24498   0.23555   2.67564   0.00000   0.28414   0.11662   0.16251   0.00000   0.00724   1.52906   0.03778   0.02124  13.82110  
 67 47.1560   5973.661211  x:  2.40976   3.09369   3.39745   2.62797   1.42274   0.41650   1.59982   0.59893   0.67327   0.25826   0.25245   0.21307   2.84531   0.00000   0.28984   0.11177   0.16963   0.00000   0.00751   1.59751   0.03484   0.02286  13.82110  
 68 14.4867   5973.543570  x:  2.42728   3.10654   3.41731   2.64964   1.44514   0.42624   1.69027   0.56119   0.66716   0.26161   0.25192   0.22170   2.86673   0.00000   0.28630   0.11438   0.16621   0.00000   0.00740   1.59714   0.03440   0.02231  13.82110  
 69  1.8838   5973.404793  x:  2.45116   3.11826   3.43825   2.67990   1.44435   0.38343   1.79187   0.58464   0.67057   0.26950   0.25640   0.20955   2.89368   0.00000   0.28923   0.11213   0.16979   0.00000   0.00755   1.59169   0.03415   0.02296  13.82110  
 70  1.5014   5973.199650  x:  2.48160   3.12739   3.45422   2.71903   1.46655   0.37514   1.84020   0.63078   0.71349   0.24306   0.25881   0.21590   2.92472   0.00000   0.28421   0.11530   0.16631   0.00000   0.00745   1.64052   0.03438   0.02257  13.82110  
 71  1.3572   5972.866305  x:  2.55045   3.17361   3.50490   2.79317   1.52431   0.39817   1.82153   0.57163   0.72289   0.24996   0.26772   0.20428   2.98819   0.00000   0.28340   0.11501   0.16838   0.00000   0.00759   1.63009   0.03477   0.02298  13.82109  
 72  2.0254   5972.830522  x:  2.56262   3.19048   3.51804   2.80041   1.52914   0.41471   1.82384   0.58391   0.69365   0.27412   0.26750   0.20507   2.99595   0.00000   0.28278   0.11524   0.16831   0.00000   0.00758   1.64337   0.03475   0.02301  13.82109  
 73  1.3122   5972.685053  x:  2.68337   3.40306   3.67721   2.85138   1.47770   0.47165   1.88470   0.60551   0.71697   0.26990   0.27371   0.20410   3.06410   0.00000   0.28095   0.11647   0.16794   0.00000   0.00760   1.64594   0.03341   0.02287  13.82109  
 74  0.6800   5972.521636  x:  2.81566   3.56539   3.84652   2.99565   1.62492   0.42588   1.94064   0.64524   0.73224   0.27399   0.27903   0.20560   3.21010   0.00000   0.27961   0.11769   0.16750   0.00000   0.00759   1.65082   0.03141   0.02264  13.82109  
 75  1.5412   5972.479903  x:  2.82076   3.54085   3.91924   3.08631   1.61057   0.44555   1.96173   0.65355   0.73396   0.27625   0.27996   0.20602   3.31687   0.00000   0.27957   0.11787   0.16733   0.00000   0.00758   1.64956   0.03092   0.02259  13.82109  
 76  0.5926   5972.433158  x:  2.82770   3.54613   4.06181   3.10180   1.66174   0.43433   2.00043   0.66466   0.73622   0.27513   0.27803   0.20755   3.36003   0.00000   0.28112   0.11727   0.16733   0.00000   0.00755   1.64783   0.03074   0.02255  13.82109  
 77  0.2490   5972.390987  x:  2.96203   3.62866   4.05849   3.19197   1.70070   0.43778   2.05456   0.68259   0.73861   0.27394   0.27540   0.20942   3.43159   0.00000   0.28242   0.11662   0.16717   0.00000   0.00752   1.64528   0.03018   0.02257  13.82109  
 78  0.3293   5972.381192  x:  2.95496   3.70800   4.09714   3.24208   1.72062   0.44400   2.08751   0.69277   0.74317   0.27233   0.27459   0.20996   3.47101   0.00000   0.28234   0.11642   0.16729   0.00000   0.00753   1.64750   0.02975   0.02261  13.82109  
 79  0.1926   5972.377647  x:  2.99162   3.72065   4.14026   3.24934   1.72867   0.45235   2.10683   0.69976   0.74656   0.27104   0.27424   0.21029   3.49599   0.00000   0.28209   0.11638   0.16739   0.00000   0.00755   1.64846   0.02947   0.02263  13.82108  
 80  0.1387   5972.376778  x:  2.99428   3.71990   4.14957   3.25472   1.72739   0.45835   2.11164   0.70172   0.74754   0.27024   0.27408   0.21047   3.49685   0.00000   0.28193   0.11643   0.16746   0.00000   0.00755   1.64864   0.02947   0.02264  13.82108  
 81  0.0135   5972.376731  x:  2.99473   3.72193   4.14960   3.25319   1.72862   0.45866   2.11263   0.70225   0.74782   0.27027   0.27420   0.21043   3.50174   0.00000   0.28196   0.11645   0.16744   0.00000   0.00755   1.64860   0.02946   0.02264  13.82108  
 82  0.0111   5972.376694  x:  2.99701   3.72425   4.15173   3.25718   1.73058   0.45916   2.11424   0.70317   0.74826   0.27043   0.27440   0.21037   3.50288   0.00000   0.28204   0.11647   0.16742   0.00000   0.00755   1.64849   0.02943   0.02263  13.82108  
 83  0.0068   5972.376692  x:  2.99665   3.72361   4.15122   3.25659   1.73052   0.45907   2.11393   0.70309   0.74824   0.27050   0.27440   0.21034   3.50235   0.00000   0.28200   0.11647   0.16742   0.00000   0.00755   1.64848   0.02944   0.02263  13.82108  
 84  0.0011   5972.376692  x:  2.99657   3.72352   4.15114   3.25650   1.73050   0.45908   2.11391   0.70308   0.74825   0.27052   0.27440   0.21034   3.50226   0.00000   0.28200   0.11647   0.16743   0.00000   0.00755   1.64848   0.02944   0.02263  13.82108  
 85  0.0002   5972.376692  x:  2.99655   3.72350   4.15112   3.25648   1.73049   0.45908   2.11391   0.70307   0.74825   0.27052   0.27440   0.21034   3.50225   0.00000   0.28200   0.11647   0.16743   0.00000   0.00755   1.64848   0.02944   0.02263  13.82108  
 86  0.0001   5972.376692  x:  2.99655   3.72350   4.15111   3.25648   1.73049   0.45908   2.11392   0.70307   0.74825   0.27052   0.27440   0.21034   3.50224   0.00000   0.28200   0.11647   0.16743   0.00000   0.00755   1.64848   0.02944   0.02263  13.82108  
 87  0.0000   5972.376692  x:  2.99655   3.72350   4.15111   3.25648   1.73049   0.45908   2.11392   0.70307   0.74825   0.27052   0.27440   0.21034   3.50224   0.00000   0.28200   0.11647   0.16743   0.00000   0.00755   1.64848   0.02944   0.02263  13.82108  
 88  0.0000   5972.376692  x:  2.99655   3.72350   4.15111   3.25648   1.73049   0.45908   2.11392   0.70307   0.74825   0.27052   0.27440   0.21034   3.50224   0.00000   0.28200   0.11647   0.16743   0.00000   0.00755   1.64848   0.02944   0.02263  13.82108  
 89  0.0063   5972.376692  x:  2.99655   3.72350   4.15111   3.25648   1.73049   0.45908   2.11392   0.70307   0.74825   0.27052   0.27440   0.21034   3.50224   0.00000   0.28200   0.11647   0.16743   0.00000   0.00755   1.64848   0.02944   0.02263  13.82108  
 90  0.0005   5972.376692  x:  2.99655   3.72350   4.15111   3.25648   1.73049   0.45908   2.11392   0.70307   0.74825   0.27052   0.27440   0.21034   3.50224   0.00000   0.28200   0.11647   0.16743   0.00000   0.00755   1.64848   0.02944   0.02263  13.82108  
 91  0.0006   5972.376692  x:  2.99655   3.72350   4.15111   3.25648   1.73049   0.45908   2.11392   0.70307   0.74825   0.27052   0.27440   0.21034   3.50224   0.00000   0.28200   0.11647   0.16743   0.00000   0.00755   1.64848   0.02944   0.02263  13.82108  
 92  0.0062   5972.376692  x:  2.99655   3.72350   4.15111   3.25648   1.73049   0.45908   2.11392   0.70307   0.74825   0.27052   0.27440   0.21034   3.50224   0.00000   0.28200   0.11647   0.16743   0.00000   0.00755   1.64848   0.02944   0.02263  13.82108  
 93  0.0003   5972.376692  x:  2.99655   3.72350   4.15111   3.25648   1.73049   0.45908   2.11392   0.70307   0.74825   0.27052   0.27440   0.21034   3.50224   0.00000   0.28200   0.11647   0.16743   0.00000   0.00755   1.64848   0.02944   0.02263  13.82108  
 94  0.0004   5972.376692  x:  2.99655   3.72350   4.15111   3.25648   1.73049   0.45908   2.11392   0.70307   0.74825   0.27052   0.27440   0.21034   3.50224   0.00000   0.28200   0.11647   0.16743   0.00000   0.00755   1.64848   0.02944   0.02263  13.82108  
 95  0.0002   5972.376692  x:  2.99654   3.72350   4.15111   3.25648   1.73049   0.45908   2.11392   0.70307   0.74825   0.27052   0.27440   0.21034   3.50224   0.00000   0.28200   0.11647   0.16743   0.00000   0.00755   1.64848   0.02944   0.02263  13.82108  
 96  0.0012   5972.376692  x:  2.99654   3.72350   4.15111   3.25648   1.73049   0.45908   2.11392   0.70307   0.74825   0.27052   0.27440   0.21034   3.50224   0.00000   0.28200   0.11647   0.16743   0.00000   0.00755   1.64848   0.02944   0.02263  13.82108  
 97  0.0007   5972.376692  x:  2.99654   3.72350   4.15111   3.25648   1.73049   0.45908   2.11392   0.70307   0.74825   0.27052   0.27440   0.21034   3.50224   0.00000   0.28200   0.11647   0.16743   0.00000   0.00755   1.64848   0.02944   0.02263  13.82108  
 98  0.0013   5972.376692  x:  2.99654   3.72350   4.15111   3.25648   1.73049   0.45908   2.11392   0.70307   0.74825   0.27052   0.27440   0.21034   3.50224   0.00000   0.28200   0.11647   0.16743   0.00000   0.00755   1.64848   0.02944   0.02263  13.82108  
 99  0.0001   5972.376692  x:  2.99654   3.72350   4.15111   3.25648   1.73049   0.45908   2.11392   0.70307   0.74825   0.27052   0.27440   0.21034   3.50224   0.00000   0.28200   0.11647   0.16743   0.00000   0.00755   1.64848   0.02944   0.02263  13.82108  
check convergence!
