

TREE # 1

  0  0.0000   7903.402766  x:  0.06009   1.10374   1.13173   0.20253   0.92879   0.02223   0.95838   0.20109   0.69715   0.69336   1.01107   0.13945   0.00945   0.13568   0.10803   0.02345   0.01888   2.00000   0.20000   0.20000   0.20000  
  1 99.0000   7295.767937  x:  0.06520   1.09843   1.12737   0.20494   0.92270   0.02641   0.95277   0.19578   0.69076   0.68660   1.00801   0.13782   0.01740   0.13490   0.10698   0.02895   0.01357   2.00301   0.02472   0.19345   0.18525  
  2 3162.1881   7255.994071  x:  0.13555   1.10001   1.13173   0.23774   0.92113   0.07359   0.95180   0.20074   0.68815   0.68171   1.01845   0.12637   0.03279   0.13148   0.10407   0.03956   0.00000   2.00121   0.01725   0.16627   0.11974  
  3 512.8314   7238.335697  x:  0.19196   1.09686   1.13161   0.26570   0.91479   0.11099   0.94635   0.20015   0.68077   0.67216   1.02454   0.11499   0.05179   0.12932   0.10302   0.05355   0.02671   2.00207   0.01217   0.13851   0.04978  
  4 3015.7313   7210.237003  x:  0.21415   1.08887   1.12592   0.27797   0.90468   0.12605   0.93717   0.19292   0.66996   0.66012   1.02285   0.10775   0.06889   0.12911   0.10282   0.06024   0.02845   2.00600   0.01227   0.12017   0.00010  
  5 2427.5957   7164.319981  x:  0.34088   1.02697   1.07998   0.35185   0.82825   0.21292   0.86752   0.13541   0.58914   0.57120   1.00453   0.05171   0.18814   0.13979   0.11213   0.09945   0.03934   2.03584   0.01864   0.00010   0.00611  
  6 504.5673   7148.097725  x:  0.38705   0.99980   1.06224   0.39324   0.79149   0.23898   0.83490   0.11976   0.55568   0.53277   1.00688   0.00735   0.19302   0.15768   0.12580   0.02224   0.05142   2.04175   0.01836   0.00010   0.00526  
  7 303.2794   7146.229324  x:  0.38994   0.99342   1.05907   0.40441   0.78126   0.23798   0.82648   0.12283   0.55037   0.52596   1.01216   0.00000   0.17804   0.16004   0.12821   0.02648   0.05110   2.03937   0.01851   0.00010   0.00502  
  8 102.9397   7133.422655  x:  0.42669   0.89114   1.01625   0.60518   0.60510   0.20736   0.68596   0.21096   0.48650   0.43545   1.13370   0.13691   0.05480   0.15532   0.13253   0.02561   0.05306   1.97395   0.02061   0.00010   0.00746  
  9 147.0832   7131.943456  x:  0.41509   0.86853   1.00611   0.63680   0.56983   0.21283   0.66020   0.19545   0.51343   0.45868   1.16630   0.12887   0.05885   0.15267   0.10384   0.02421   0.05387   1.94373   0.02067   0.00010   0.00769  
 10 36.9386   7130.039681  x:  0.39249   0.83560   0.99243   0.68343   0.52020   0.22587   0.62557   0.16904   0.56024   0.50065   1.22126   0.11985   0.07649   0.16496   0.12392   0.02670   0.05272   1.88940   0.02022   0.00010   0.00585  
 11 116.7855   7129.558489  x:  0.37987   0.82591   0.98813   0.68901   0.51493   0.24026   0.62469   0.16570   0.55931   0.50066   1.23876   0.11249   0.08183   0.14308   0.13147   0.02533   0.05287   1.86486   0.02019   0.00010   0.00565  
 12 26.1637   7128.198869  x:  0.33719   0.79944   0.97728   0.69140   0.51623   0.29671   0.64046   0.16803   0.53068   0.48038   1.29874   0.09581   0.10519   0.15545   0.12434   0.02649   0.05353   1.76886   0.01990   0.00010   0.00318  
 13 35.3868   7127.330581  x:  0.36932   0.79866   0.97745   0.66441   0.50786   0.27151   0.64344   0.15297   0.51293   0.47495   1.32270   0.08502   0.11829   0.15370   0.12371   0.02710   0.05376   1.70489   0.01978   0.00010   0.00136  
 14 12.3080   7126.919127  x:  0.38257   0.77730   0.95981   0.64359   0.50838   0.28599   0.63659   0.17051   0.53039   0.48130   1.29805   0.08942   0.11038   0.15492   0.12546   0.02572   0.05504   1.69597   0.02013   0.00010   0.00081  
 15  3.5514   7126.149514  x:  0.39899   0.76406   0.94906   0.63684   0.52498   0.30319   0.64612   0.13167   0.54109   0.48334   1.27674   0.11411   0.07780   0.15714   0.12668   0.02554   0.05610   1.66374   0.02075   0.00010   0.00112  
 16  6.9054   7118.573690  x:  0.44092   0.83985   1.00866   0.78451   0.60116   0.19532   0.80156   0.19944   0.56826   0.53300   1.20240   0.07595   0.10205   0.15694   0.12931   0.02227   0.04997   1.39966   0.02003   0.00010   0.00219  
 17  7.8762   7106.110797  x:  0.42492   1.17486   1.32335   0.89584   0.75412   0.18519   0.81243   0.17995   0.72731   0.42805   1.51000   0.03934   0.11679   0.15924   0.13308   0.01999   0.04211   1.59654   0.01954   0.00010   0.00038  
 18 17.7513   7103.417662  x:  0.46120   1.18087   1.34288   0.78188   0.74899   0.19828   0.82056   0.20426   0.64758   0.53751   1.72835   0.03512   0.10632   0.16234   0.13703   0.01662   0.04205   1.66956   0.01997   0.00010   0.00113  
 19 17.7681   7102.810825  x:  0.48289   1.10944   1.31067   0.80386   0.84380   0.14955   0.83783   0.20711   0.66032   0.53485   1.79996   0.02585   0.11976   0.16053   0.13582   0.01862   0.03999   1.70434   0.01960   0.00010   0.00119  
 20  4.8005   7098.686940  x:  0.51884   1.18016   1.52003   0.80006   0.86701   0.20457   0.71529   0.25047   0.67896   0.53708   1.89785   0.02936   0.14159   0.15316   0.12357   0.03860   0.03505   1.63217   0.01964   0.00010   0.00181  
 21  0.6658   7097.610951  x:  0.52369   1.20944   1.50332   0.85586   0.77760   0.22018   0.86275   0.23730   0.67042   0.56482   1.91382   0.04043   0.13610   0.15145   0.12128   0.04348   0.03375   1.69887   0.01978   0.00010   0.00152  
 22  6.6018   7096.818347  x:  0.54569   1.30543   1.37566   0.83896   0.73255   0.22135   0.90758   0.25113   0.75161   0.48048   1.99846   0.03280   0.14355   0.15219   0.12091   0.04402   0.03244   1.67314   0.01956   0.00010   0.00194  
 23  2.5846   7093.761471  x:  0.56785   1.59599   1.11723   1.03791   0.85152   0.25013   0.78963   0.26078   0.65417   0.58762   2.15524   0.00988   0.16926   0.15554   0.11965   0.04516   0.02591   1.66146   0.01825   0.00010   0.00141  
 24  3.0445   7092.081334  x:  0.58123   1.58687   1.15446   1.06692   0.85311   0.25346   0.79278   0.26435   0.65644   0.58417   2.20278   0.00000   0.17884   0.15684   0.11951   0.04495   0.02403   1.65343   0.01784   0.00010   0.00141  
 25  4.5865   7086.701534  x:  0.81650   1.55433   1.50796   1.41487   0.79278   0.33515   0.85324   0.30550   0.69430   0.54793   2.78674   0.00000   0.26845   0.15924   0.12505   0.04133   0.00000   1.58408   0.01294   0.00010   0.00118  
 26  0.8480   7077.976847  x:  0.91353   1.39452   1.67473   1.44759   0.66953   0.38930   0.87906   0.29598   0.69802   0.52591   2.68969   0.00000   0.15707   0.16135   0.12850   0.03946   0.00352   1.62993   0.01401   0.00010   0.00119  
 27  0.4295   7077.811962  x:  0.93630   1.35743   1.71344   1.45515   0.64095   0.40199   0.88489   0.29379   0.69885   0.52085   2.66721   0.03302   0.13138   0.16183   0.12928   0.03903   0.00435   1.64054   0.01426   0.00010   0.00119  
 28 24.5120   7075.554740  x:  1.07007   1.38562   1.72415   1.48949   0.65594   0.46718   0.80502   0.30336   0.68472   0.54493   2.70257   0.00000   0.15954   0.15561   0.12142   0.03844   0.01017   1.62901   0.01353   0.00010   0.00130  
 29  0.1213   7075.554740  x:  1.07007   1.38562   1.72415   1.48949   0.65594   0.46718   0.80502   0.30336   0.68472   0.54493   2.70257   0.00000   0.15954   0.15561   0.12142   0.03844   0.01017   1.62901   0.01353   0.00010   0.00130  
 30  0.4021   7075.548229  x:  1.07008   1.38562   1.72415   1.48949   0.65594   0.46719   0.80502   0.30336   0.68472   0.54493   2.70257   0.00001   0.15955   0.15562   0.12142   0.03844   0.01012   1.62901   0.01363   0.00010   0.00135  
 31 103.2943   7075.534377  x:  1.07019   1.38563   1.72415   1.48950   0.65595   0.46726   0.80503   0.30334   0.68474   0.54495   2.70256   0.00010   0.15974   0.15566   0.12149   0.03833   0.00960   1.62900   0.01358   0.00010   0.00156  
 32 56.3675   7075.493291  x:  1.07058   1.38566   1.72416   1.48952   0.65598   0.46751   0.80507   0.30328   0.68479   0.54503   2.70254   0.00040   0.16038   0.15581   0.12172   0.03802   0.00794   1.62898   0.01362   0.00010   0.00139  
 33 234.1585   7075.423638  x:  1.07402   1.38594   1.72423   1.48967   0.65625   0.46970   0.80537   0.30277   0.68527   0.54569   2.70234   0.00251   0.16538   0.15705   0.12376   0.04032   0.00743   1.62880   0.01366   0.00010   0.00142  
 34 23.1406   7075.321812  x:  1.08254   1.38665   1.72439   1.49004   0.65689   0.47507   0.80610   0.30153   0.68642   0.54731   2.70185   0.00000   0.17103   0.15835   0.12575   0.03739   0.00864   1.62835   0.01358   0.00010   0.00136  
 35 22.4576   7075.053691  x:  1.12695   1.39034   1.72531   1.49198   0.66000   0.50272   0.80975   0.29532   0.69221   0.55554   2.69934   0.00000   0.18179   0.15800   0.12306   0.04110   0.00726   1.62604   0.01311   0.00010   0.00113  
 36 41.0515   7073.799430  x:  1.33953   1.40832   1.73008   1.50129   0.67256   0.63117   0.82562   0.26840   0.71732   0.59244   2.68751   0.00000   0.17203   0.15012   0.11083   0.03721   0.00896   1.61509   0.01306   0.00010   0.00145  
 37 70.4061   7073.463340  x:  1.40104   1.41380   1.73187   1.50408   0.67452   0.66555   0.82902   0.26338   0.72255   0.60115   2.68434   0.00000   0.16180   0.15605   0.12393   0.03953   0.00775   1.61207   0.01288   0.00010   0.00142  
 38 109.6557   7072.983998  x:  1.53065   1.43153   1.74488   1.51218   0.64243   0.67774   0.81012   0.31427   0.68952   0.57686   2.68375   0.00000   0.16082   0.16921   0.11736   0.03934   0.00790   1.60992   0.01274   0.00010   0.00143  
 39 12.1273   7072.751884  x:  1.59301   1.44042   1.75179   1.51630   0.62560   0.68068   0.79969   0.33762   0.67416   0.56554   2.68396   0.00000   0.16194   0.15603   0.12341   0.03934   0.00783   1.60927   0.01265   0.00010   0.00143  
 40 71.0710   7072.556694  x:  1.66324   1.45613   1.77094   1.52551   0.59011   0.63992   0.76883   0.32114   0.68909   0.58027   2.69325   0.00000   0.16250   0.15643   0.12310   0.03930   0.00785   1.61722   0.01262   0.00010   0.00143  
 41  6.0658   7072.505980  x:  1.68936   1.46655   1.79128   1.53434   0.60220   0.61834   0.78454   0.30123   0.68087   0.56693   2.70879   0.00000   0.16282   0.15677   0.12295   0.03926   0.00786   1.62638   0.01258   0.00010   0.00143  
 42  2.1821   7072.449212  x:  1.72156   1.48212   1.82684   1.54841   0.62866   0.58630   0.81878   0.31244   0.69260   0.57552   2.73944   0.00000   0.16309   0.15645   0.12322   0.03918   0.00788   1.63276   0.01238   0.00010   0.00142  
 43  3.0679   7072.416010  x:  1.73514   1.49488   1.86023   1.56309   0.64678   0.58816   0.81052   0.31774   0.71351   0.56045   2.78040   0.00000   0.16339   0.15644   0.12337   0.03910   0.00793   1.62120   0.01220   0.00010   0.00142  
 44  1.3952   7072.351346  x:  1.75196   1.52178   1.93297   1.60257   0.64372   0.62294   0.79959   0.31937   0.69416   0.58430   2.89710   0.00000   0.16438   0.15668   0.12369   0.03890   0.00802   1.61647   0.01186   0.00010   0.00141  
 45  1.6351   7072.334926  x:  1.75921   1.52484   1.93833   1.61220   0.63286   0.63598   0.80461   0.32252   0.70311   0.57955   2.92670   0.00000   0.16475   0.15667   0.12386   0.03886   0.00801   1.63830   0.01183   0.00010   0.00141  
 46  1.0143   7072.312962  x:  1.78354   1.52360   1.91145   1.62238   0.61930   0.63918   0.82096   0.31914   0.70961   0.57517   2.95583   0.00000   0.16588   0.15690   0.12389   0.03875   0.00808   1.62269   0.01179   0.00010   0.00138  
 47  0.4292   7072.285901  x:  1.82115   1.52312   1.87849   1.62468   0.64337   0.64083   0.80606   0.31982   0.70476   0.58350   2.96947   0.00000   0.16736   0.15708   0.12404   0.03864   0.00812   1.63018   0.01180   0.00010   0.00136  
 48  0.6187   7072.255785  x:  1.85785   1.54054   1.91273   1.60111   0.63728   0.65822   0.80960   0.31716   0.70717   0.58542   2.92258   0.00000   0.16913   0.15735   0.12404   0.03857   0.00817   1.62784   0.01183   0.00010   0.00132  
 49  0.3492   7072.252680  x:  1.86557   1.52657   1.92134   1.62078   0.63683   0.65995   0.80910   0.31758   0.70730   0.58573   2.91480   0.00000   0.16903   0.15727   0.12392   0.03864   0.00814   1.62763   0.01182   0.00010   0.00132  
 50  0.1538   7072.249046  x:  1.88145   1.54475   1.92251   1.63166   0.63680   0.66315   0.80884   0.31909   0.70790   0.58618   2.92271   0.00000   0.16814   0.15694   0.12346   0.03894   0.00802   1.62816   0.01176   0.00010   0.00135  
 51  0.0504   7072.248099  x:  1.88886   1.53799   1.92623   1.62294   0.63675   0.66305   0.80889   0.31917   0.70781   0.58611   2.93105   0.00000   0.16786   0.15686   0.12332   0.03902   0.00798   1.62799   0.01175   0.00010   0.00135  
 52  0.0885   7072.248017  x:  1.89141   1.53911   1.92763   1.62416   0.63662   0.66299   0.80883   0.31963   0.70777   0.58604   2.93347   0.00000   0.16786   0.15697   0.12331   0.03893   0.00802   1.62809   0.01175   0.00010   0.00136  
 53  0.0040   7072.248016  x:  1.89176   1.53922   1.92791   1.62426   0.63670   0.66288   0.80889   0.31965   0.70780   0.58602   2.93367   0.00000   0.16788   0.15697   0.12332   0.03894   0.00801   1.62810   0.01175   0.00010   0.00136  
 54  0.0003   7072.248016  x:  1.89174   1.53922   1.92790   1.62425   0.63669   0.66288   0.80889   0.31965   0.70779   0.58602   2.93366   0.00000   0.16787   0.15697   0.12332   0.03894   0.00801   1.62810   0.01175   0.00010   0.00136  