    8
BAM_013100  0.000000  2.329614  2.370601  0.667863  0.347413  0.386010
  2.329614  2.330297
BA_0385xxx  2.329614  0.000000  0.058540  2.259915  2.242388  2.309665
  0.001487  0.031657
BC_0429xxx  2.370601  0.058540  0.000000  2.271073  2.274039  2.346049
  0.060130  0.052210
NT03BL2053  0.667863  2.259915  2.271073  0.000000  0.608316  0.638625
  2.259915  2.267315
Bmo1338xxx  0.347413  2.242388  2.274039  0.608316  0.000000  0.125429
  2.242388  2.259713
BG12181xxx  0.386010  2.309665  2.346049  0.638625  0.125429  0.000000
  2.309665  2.338284
NT02BT0445  2.329614  0.001487  0.060130  2.259915  2.242388  2.309665
  0.000000  0.033191
KBAB4_0366  2.330297  0.031657  0.052210  2.267315  2.259713  2.338284
  0.033191  0.000000
