

TREE # 1

  0  0.0000   8744.454212  x:  0.05974   2.00634   1.60041   0.36159   1.41746   0.37517   1.51427   0.41407   1.19636   0.42038   0.28502   0.36606   1.16262   0.22781   0.00750   0.05288   0.06925   0.00891   0.00617   2.00000   0.20000   0.20000  
  1 99.0000   8737.678921  x:  0.07296   2.00793   1.60333   0.37026   1.41706   0.37675   1.51356   0.41518   1.19417   0.41867   0.28413   0.36387   1.16588   0.22841   0.01254   0.05349   0.06893   0.00000   0.02065   1.99644   0.20486   0.20034  
  2 506.5628   8728.307215  x:  0.13162   2.01496   1.61632   0.40892   1.41522   0.38372   1.51033   0.42011   1.18432   0.41097   0.28015   0.35400   1.18039   0.23081   0.03428   0.05600   0.06797   0.01573   0.07096   1.98055   0.22378   0.20177  
  3 1693.6970   8643.770760  x:  0.47270   2.05470   1.69386   0.64416   1.39823   0.42202   1.48491   0.44674   1.11444   0.35576   0.25439   0.28810   1.26912   0.22301   0.11935   0.05899   0.06113   0.01003   0.03800   1.88363   0.13709   0.20885  
  4 673.5505   8609.397797  x:  0.58490   2.06826   1.72030   0.72289   1.39283   0.43527   1.47682   0.45673   1.09099   0.33797   0.24779   0.26751   1.29962   0.21691   0.14148   0.05902   0.06048   0.00416   0.00372   1.84917   0.15301   0.21127  
  5 2980.8574   8589.542403  x:  0.65712   2.07931   1.74826   0.79726   1.38109   0.44505   1.46415   0.47154   1.05313   0.31710   0.26678   0.26136   1.33629   0.14634   0.04645   0.03797   0.07802   0.00438   0.00667   1.79730   0.15318   0.21412  
  6 287.9987   8586.815538  x:  0.65927   2.08157   1.75779   0.81622   1.37420   0.44605   1.45827   0.47920   1.03479   0.31182   0.28511   0.26808   1.35039   0.14812   0.02611   0.06928   0.07495   0.00439   0.00670   1.77157   0.15233   0.21588  
  7 150.4655   8577.912925  x:  0.63544   2.08633   1.78639   0.86457   1.34948   0.44595   1.43825   0.50525   0.97255   0.29840   0.34625   0.29180   1.39495   0.19114   0.00000   0.06084   0.05369   0.00451   0.00694   1.68391   0.15027   0.22183  
  8 183.7314   8577.912925  x:  0.63544   2.08633   1.78639   0.86457   1.34948   0.44595   1.43825   0.50525   0.97255   0.29840   0.34625   0.29180   1.39495   0.19114   0.00000   0.06084   0.05369   0.00451   0.00694   1.68391   0.15027   0.22183  
  9 353.0745   8573.311716  x:  0.63864   2.08693   1.78763   0.86713   1.34922   0.44652   1.43803   0.50611   0.97161   0.29853   0.34542   0.29065   1.39644   0.19508   0.00857   0.06059   0.05668   0.00120   0.01843   1.68157   0.16497   0.22210  
 10 464.6575   8572.636281  x:  0.64024   2.08719   1.78823   0.86840   1.34901   0.44673   1.43784   0.50648   0.97104   0.29852   0.34495   0.29000   1.39716   0.19677   0.01216   0.06039   0.05803   0.00529   0.01940   1.68049   0.16799   0.22223  
 11 467.3298   8568.436459  x:  0.65401   2.08927   1.79324   0.87936   1.34686   0.44819   1.43588   0.50934   0.96567   0.29803   0.34056   0.28401   1.40317   0.20931   0.03874   0.05834   0.06795   0.00379   0.00749   1.67152   0.17156   0.22336  
 12 308.9690   8564.788198  x:  0.67445   2.09216   1.80056   0.89558   1.34326   0.44997   1.43258   0.51326   0.95720   0.29696   0.33403   0.27504   1.41187   0.22156   0.06727   0.05504   0.07730   0.00359   0.01462   1.65862   0.15562   0.22514  
 13 439.5899   8545.189658  x:  0.87535   2.12240   1.87496   1.05487   1.31129   0.46885   1.40316   0.55481   0.87844   0.29223   0.28540   0.20345   1.49670   0.18325   0.09084   0.02845   0.03741   0.00384   0.01377   1.52900   0.14669   0.24285  
 14 185.7143   8529.314673  x:  1.08867   2.15460   1.95458   1.22406   1.27688   0.48844   1.37166   0.59910   0.79529   0.28921   0.24577   0.14104   1.58669   0.13238   0.09541   0.07076   0.05337   0.00375   0.01364   1.39161   0.13674   0.26194  
 15 1419.1092   8512.178804  x:  1.34339   2.19349   2.05349   1.42603   1.23293   0.50910   1.33263   0.65281   0.70519   0.30361   0.32051   0.21890   1.69330   0.09915   0.08583   0.04239   0.09776   0.00329   0.01442   1.23677   0.12158   0.28624  
 16 361.0642   8506.780128  x:  1.43007   2.20709   2.08949   1.49465   1.21675   0.51473   1.31890   0.67089   0.68321   0.31813   0.35475   0.25569   1.72873   0.12503   0.08723   0.07557   0.06282   0.00349   0.01434   1.19580   0.11505   0.29532  
 17 287.0361   8500.610169  x:  1.55038   2.22810   2.15505   1.58982   1.18595   0.51353   1.29645   0.69194   0.71092   0.38842   0.35426   0.24688   1.77165   0.24809   0.00000   0.06574   0.08001   0.00326   0.01569   1.22881   0.11401   0.31361  
 18 70.0427   8498.079378  x:  1.64419   2.25261   2.24268   1.66955   1.15745   0.52093   1.28834   0.70235   0.77489   0.40578   0.35214   0.26254   1.80393   0.21069   0.02330   0.07008   0.07760   0.00327   0.01531   1.39109   0.11189   0.34008  
 19 28.3623   8497.609083  x:  1.65466   2.26328   2.29178   1.68455   1.16104   0.52763   1.30272   0.69701   0.77409   0.34805   0.34885   0.26894   1.80014   0.22469   0.01385   0.06991   0.07864   0.00326   0.01537   1.41741   0.11296   0.35812  
 20 11.1847   8496.566237  x:  1.63846   2.30337   2.50749   1.70928   1.20570   0.56291   1.39458   0.69033   0.84905   0.33604   0.35950   0.26149   1.75837   0.22309   0.01620   0.06955   0.07907   0.00321   0.01543   1.38751   0.10656   0.44438  
 21  9.0643   8495.644926  x:  1.59808   2.32506   2.69388   1.72904   1.21571   0.53232   1.41676   0.67108   0.77811   0.38672   0.32454   0.28754   1.72801   0.21815   0.02093   0.06970   0.07804   0.00325   0.01516   1.39752   0.10713   0.53680  
 22  9.3713   8495.057988  x:  1.57364   2.32501   2.77647   1.74822   1.21474   0.50873   1.39531   0.67522   0.74865   0.39769   0.37610   0.24619   1.72809   0.21474   0.02455   0.06924   0.07692   0.00329   0.01493   1.40772   0.10857   0.59709  
 23  9.9924   8492.506260  x:  1.51223   2.26632   2.93202   1.86190   1.24359   0.50017   1.22989   0.83682   0.83379   0.37237   0.35158   0.26909   1.83025   0.20985   0.03028   0.06984   0.07336   0.00338   0.01419   1.37760   0.10962   0.85928  
 24  7.2882   8487.971621  x:  1.69756   2.24309   2.88452   2.03130   1.42383   0.73243   1.45234   0.81193   0.81015   0.43359   0.36759   0.26891   2.12115   0.21762   0.02851   0.07007   0.06968   0.00339   0.01309   1.44057   0.10691   1.29949  
 25  8.3990   8485.762008  x:  1.87886   2.39988   2.84086   2.02339   1.37165   0.58667   1.58358   0.74700   0.89401   0.41879   0.36049   0.28004   2.21234   0.20897   0.03728   0.07082   0.06676   0.00342   0.01240   1.41017   0.10812   1.45132  
 26 10.8294   8484.025710  x:  2.08480   2.74565   2.83007   1.92961   1.45955   0.56859   1.63230   0.96039   0.86146   0.43075   0.37244   0.27194   2.18791   0.21039   0.04127   0.06924   0.06692   0.00328   0.01222   1.44037   0.10260   1.49299  
 27  7.5396   8482.727673  x:  2.19472   3.02928   2.86904   1.95012   1.58832   0.63014   1.49677   0.87380   0.88096   0.44038   0.37047   0.27575   2.19178   0.20899   0.04612   0.06809   0.06711   0.00315   0.01209   1.43149   0.09919   1.44292  
 28  6.4897   8478.911749  x:  2.16287   3.43660   3.09184   2.47640   1.57072   0.67042   1.63345   0.94509   0.88436   0.45262   0.37053   0.27404   2.40049   0.21986   0.05230   0.06067   0.07080   0.00251   0.01238   1.42223   0.08412   1.01822  
 29  3.8783   8475.775521  x:  2.64459   3.13365   3.46654   2.62181   1.35079   0.85069   1.64732   0.96046   0.90294   0.45697   0.36845   0.27375   2.07720   0.21174   0.07224   0.05518   0.07233   0.00222   0.01205   1.38216   0.08248   0.53973  
 30  4.4966   8474.951886  x:  2.82948   2.96408   3.58099   2.66712   1.56124   0.70964   1.67471   0.97774   0.91748   0.45377   0.36900   0.27405   2.08042   0.20612   0.08008   0.05403   0.07303   0.00222   0.01200   1.38848   0.07985   0.45851  
 31  4.4927   8473.232330  x:  3.12901   2.86613   3.74754   2.69239   1.58966   0.70325   1.73061   0.98383   0.93180   0.45490   0.35705   0.27013   2.52138   0.19285   0.09089   0.05108   0.07209   0.00379   0.01049   1.38753   0.07838   1.35448  
 32  1.0093   8472.747986  x:  3.18793   2.96466   3.70823   2.99750   1.64644   0.68019   1.77709   0.99546   0.95075   0.45815   0.35615   0.27215   2.34911   0.18216   0.09783   0.05275   0.07060   0.00409   0.01066   1.39952   0.07865   1.45467  
 33  1.2865   8471.881736  x:  3.37122   3.30736   3.97541   3.24258   1.68086   0.79630   1.88012   1.05770   0.99065   0.47523   0.35829   0.27311   2.56710   0.17211   0.10009   0.05645   0.06798   0.00414   0.01252   1.41527   0.07085   1.26870  
 34  0.8777   8471.418074  x:  3.58957   3.40234   4.24685   3.34208   1.75501   0.86033   1.95867   1.11173   1.02456   0.48397   0.36018   0.27284   2.70818   0.17358   0.09684   0.05835   0.07179   0.00287   0.01317   1.42329   0.06899   0.93938  
 35  0.2753   8471.274874  x:  3.74632   3.48817   4.36433   3.45955   1.83285   0.87558   2.02029   1.15345   1.05101   0.49505   0.36150   0.27644   2.74254   0.17600   0.09841   0.05813   0.07284   0.00282   0.01239   1.41885   0.06569   0.85801  
 36  0.2786   8471.224278  x:  3.78752   3.49869   4.37652   3.47856   1.86655   0.86607   2.04231   1.16365   1.06127   0.50135   0.36175   0.28085   2.73494   0.18043   0.09729   0.05781   0.07229   0.00329   0.01188   1.41573   0.06562   0.80678  
 37  0.0606   8471.216482  x:  3.80586   3.53916   4.40212   3.49274   1.87963   0.87221   2.06204   1.17013   1.07011   0.50653   0.36175   0.28298   2.77736   0.18082   0.09661   0.05756   0.07198   0.00327   0.01208   1.41971   0.06502   0.76724  
 38  0.0504   8471.214853  x:  3.80165   3.54323   4.39131   3.48937   1.87885   0.87194   2.06306   1.16892   1.07152   0.50787   0.36156   0.28345   2.78286   0.18031   0.09699   0.05729   0.07192   0.00324   0.01204   1.42020   0.06508   0.80287  
 39  0.0323   8471.214743  x:  3.80323   3.54402   4.39418   3.49092   1.87924   0.87371   2.06421   1.16965   1.07276   0.50825   0.36162   0.28359   2.78363   0.18015   0.09724   0.05729   0.07202   0.00323   0.01203   1.41962   0.06503   0.80092  
 40  0.0029   8471.214722  x:  3.80157   3.54327   4.39456   3.49072   1.87886   0.87394   2.06395   1.16959   1.07289   0.50822   0.36162   0.28360   2.78356   0.17998   0.09739   0.05733   0.07200   0.00324   0.01205   1.41978   0.06504   0.80212  
 41  0.0013   8471.214719  x:  3.80109   3.54325   4.39514   3.49081   1.87914   0.87379   2.06399   1.16967   1.07293   0.50824   0.36160   0.28361   2.78381   0.17996   0.09746   0.05732   0.07201   0.00324   0.01204   1.41986   0.06503   0.80223  
 42  0.0005   8471.214719  x:  3.80103   3.54332   4.39526   3.49079   1.87917   0.87374   2.06398   1.16967   1.07290   0.50824   0.36160   0.28360   2.78385   0.17996   0.09745   0.05732   0.07200   0.00323   0.01204   1.41983   0.06503   0.80210  
 43  0.0001   8471.214718  x:  3.80105   3.54335   4.39529   3.49082   1.87919   0.87374   2.06400   1.16968   1.07290   0.50824   0.36161   0.28360   2.78384   0.17996   0.09745   0.05732   0.07200   0.00324   0.01204   1.41983   0.06503   0.80220  
 44  0.0001   8471.214718  x:  3.80107   3.54337   4.39533   3.49084   1.87920   0.87375   2.06401   1.16969   1.07290   0.50824   0.36161   0.28361   2.78384   0.17996   0.09745   0.05732   0.07200   0.00324   0.01204   1.41983   0.06503   0.80226  
 45  0.0001   8471.214718  x:  3.80108   3.54337   4.39537   3.49084   1.87920   0.87375   2.06402   1.16969   1.07290   0.50824   0.36161   0.28361   2.78384   0.17996   0.09745   0.05732   0.07200   0.00324   0.01204   1.41983   0.06503   0.80227  
 46  0.0000   8471.214718  x:  3.80107   3.54337   4.39536   3.49084   1.87920   0.87375   2.06402   1.16969   1.07290   0.50824   0.36161   0.28361   2.78384   0.17996   0.09745   0.05732   0.07200   0.00324   0.01204   1.41983   0.06503   0.80227  
 47  0.0000   8471.214718  x:  3.80107   3.54337   4.39536   3.49084   1.87920   0.87375   2.06402   1.16969   1.07290   0.50824   0.36161   0.28361   2.78384   0.17996   0.09745   0.05732   0.07200   0.00324   0.01204   1.41983   0.06503   0.80227  
 48  0.0000   8471.214718  x:  3.80107   3.54337   4.39536   3.49084   1.87920   0.87375   2.06402   1.16969   1.07290   0.50824   0.36161   0.28361   2.78384   0.17996   0.09745   0.05732   0.07200   0.00324   0.01204   1.41983   0.06503   0.80227  
 49  0.0000   8471.214718  x:  3.80107   3.54337   4.39536   3.49084   1.87920   0.87375   2.06402   1.16969   1.07290   0.50824   0.36161   0.28361   2.78384   0.17996   0.09745   0.05732   0.07200   0.00324   0.01204   1.41983   0.06503   0.80227  