

TREE # 1

  0  0.0000   6981.996889  x:  0.32202   1.41859   1.64835   0.36014   1.32879   0.06546   1.55815   0.49227   0.66377   0.77353   1.27574   0.23630   0.00798   0.24630   0.04808   0.00000   0.00000   2.00000   0.20000  
  1 99.0000   6981.995725  x:  0.32202   1.41859   1.64835   0.36014   1.32879   0.06546   1.55815   0.49227   0.66377   0.77353   1.27574   0.23630   0.00798   0.24630   0.04808   0.00000   0.00000   2.00000   0.20000  
  2 642.2969   6973.821070  x:  0.34120   1.42199   1.65460   0.40267   1.33309   0.09522   1.55700   0.49515   0.65795   0.76821   1.29085   0.22585   0.01455   0.21908   0.03016   0.00000   0.00000   1.98463   0.16773  
  3 224.4787   6942.706294  x:  0.44629   1.44338   1.69161   0.62781   1.35947   0.25210   1.55478   0.51454   0.63223   0.74431   1.37381   0.17644   0.04994   0.09150   0.04820   0.00000   0.00000   1.89746   0.17263  
  4 619.1245   6921.953536  x:  0.56740   1.46979   1.74192   0.87291   1.38901   0.40791   1.55078   0.53001   0.60399   0.71768   1.47396   0.11065   0.03658   0.20531   0.05542   0.00000   0.00000   1.78443   0.15920  
  5 308.6672   6917.373465  x:  0.60089   1.47893   1.76177   0.93228   1.39667   0.43657   1.54989   0.53114   0.59984   0.71359   1.50446   0.15827   0.07257   0.23904   0.05092   0.00000   0.00000   1.74636   0.15605  
  6 207.1733   6911.926547  x:  0.64599   1.50095   1.81737   0.97398   1.40571   0.41064   1.55222   0.52136   0.61510   0.72693   1.55804   0.23156   0.00000   0.23523   0.05329   0.00000   0.00000   1.66886   0.14693  
  7 64.3555   6904.761866  x:  0.75551   1.57861   2.02917   0.99864   1.43573   0.21273   1.57529   0.48929   0.68678   0.78894   1.73816   0.19027   0.03632   0.22814   0.05444   0.00000   0.00000   1.44777   0.12626  
  8 53.5651   6900.687947  x:  0.78977   1.65533   2.31634   0.96842   1.58462   0.14414   1.68103   0.61036   0.64428   0.71771   1.96325   0.19774   0.03200   0.22743   0.05644   0.00000   0.00000   1.54235   0.11006  
  9 20.3136   6899.891416  x:  0.73305   1.65610   2.39764   0.96398   1.62596   0.19456   1.70089   0.58179   0.69474   0.77460   2.02479   0.20002   0.03177   0.23011   0.05773   0.00000   0.00000   1.57154   0.10484  
 10 10.4914   6899.268605  x:  0.65268   1.64408   2.46562   0.98081   1.62507   0.21232   1.69061   0.49577   0.65844   0.76255   2.07421   0.19982   0.03101   0.22829   0.05851   0.00000   0.00000   1.58123   0.10813  
 11  8.7661   6897.913053  x:  0.50032   1.59645   2.53903   1.04333   1.53476   0.23701   1.63615   0.59674   0.63012   0.75360   2.06551   0.19987   0.03074   0.22544   0.06296   0.00000   0.00000   1.51213   0.10799  
 12  3.0910   6894.093343  x:  0.58678   1.55777   2.59297   1.24841   1.33783   0.22821   1.45186   0.59641   0.66534   0.75760   1.96842   0.20321   0.02993   0.21928   0.07652   0.00000   0.00000   1.64291   0.11180  
 13  5.0681   6887.724744  x:  0.80706   1.50861   2.46085   1.27686   1.41956   0.40751   1.46349   0.48764   0.57300   0.67616   1.75213   0.19766   0.03524   0.19914   0.10142   0.00000   0.00000   1.50489   0.10505  
 14  8.7694   6885.994744  x:  0.79477   1.45405   2.23277   1.38967   1.44786   0.33841   1.60677   0.48513   0.54551   0.71990   1.89529   0.20140   0.03191   0.19325   0.10836   0.00000   0.00000   1.51871   0.10341  
 15  7.7658   6885.394711  x:  0.76520   1.51772   2.15090   1.39792   1.49141   0.33471   1.56282   0.49317   0.61535   0.65195   1.98487   0.20135   0.03114   0.18949   0.11109   0.00000   0.00000   1.51614   0.10336  
 16  4.1925   6884.539735  x:  0.75748   1.66755   2.11428   1.38356   1.54166   0.35090   1.48676   0.52877   0.55660   0.73188   2.07652   0.20056   0.03088   0.18404   0.11553   0.00000   0.00000   1.52859   0.10267  
 17  3.9270   6880.891108  x:  0.82249   1.91732   2.43733   1.42663   1.47753   0.44322   1.85216   0.57746   0.65390   0.75742   2.14572   0.19328   0.03511   0.16185   0.13860   0.00000   0.00000   1.59611   0.09635  
 18  2.6488   6879.839604  x:  0.85479   1.74968   2.55681   1.49027   1.66101   0.39555   1.81445   0.60911   0.67557   0.78350   2.13573   0.19006   0.03672   0.15373   0.14467   0.00000   0.00000   1.61412   0.09742  
 19  4.9086   6878.965980  x:  0.87980   1.78140   2.70155   1.62124   1.71580   0.38897   1.83476   0.61580   0.68168   0.79674   2.25398   0.19705   0.03765   0.15248   0.15736   0.00000   0.00000   1.57849   0.08885  
 20  0.2222   6878.893794  x:  0.90967   1.74406   2.70830   1.59493   1.68350   0.41444   1.82227   0.61985   0.67669   0.79588   2.30760   0.19764   0.03762   0.15218   0.15874   0.00000   0.00000   1.57215   0.08912  
 21  1.0485   6878.605545  x:  0.90630   1.79319   2.72088   1.70604   1.69429   0.41602   1.84802   0.60980   0.66887   0.79888   2.31023   0.20039   0.04218   0.15710   0.16720   0.00000   0.00000   1.56717   0.08950  
 22  0.1404   6878.577280  x:  0.92783   1.80721   2.75057   1.72964   1.70656   0.42325   1.86863   0.62258   0.67685   0.80685   2.33036   0.19900   0.04309   0.15866   0.17032   0.00000   0.00000   1.57795   0.08792  
 23  0.0417   6878.572257  x:  0.93306   1.81235   2.75280   1.73187   1.70911   0.42441   1.87388   0.62560   0.67888   0.80817   2.33000   0.19732   0.04237   0.15866   0.17066   0.00000   0.00000   1.57748   0.08796  
 24  0.0066   6878.571076  x:  0.93395   1.81429   2.75674   1.73334   1.71158   0.42414   1.87515   0.62530   0.67848   0.80781   2.33363   0.19749   0.04154   0.15952   0.17012   0.00000   0.00000   1.57642   0.08779  
 25  0.0032   6878.570306  x:  0.93379   1.81291   2.75653   1.73858   1.71236   0.42545   1.87579   0.62381   0.67806   0.80813   2.33555   0.19764   0.04155   0.15936   0.16944   0.00000   0.00000   1.57768   0.08782  
 26  0.0014   6878.569987  x:  0.93568   1.81539   2.75898   1.74143   1.71256   0.42684   1.87801   0.62555   0.67896   0.80891   2.33656   0.19746   0.04178   0.15918   0.16930   0.00000   0.00000   1.57712   0.08765  
 27  0.0034   6878.569957  x:  0.93581   1.81584   2.75971   1.74090   1.71260   0.42672   1.87795   0.62592   0.67896   0.80881   2.33647   0.19752   0.04184   0.15923   0.16920   0.00000   0.00000   1.57715   0.08765  
 28  0.0007   6878.569955  x:  0.93598   1.81596   2.76006   1.74096   1.71286   0.42657   1.87806   0.62587   0.67898   0.80886   2.33676   0.19752   0.04184   0.15921   0.16921   0.00000   0.00000   1.57715   0.08765  
 29  0.0004   6878.569955  x:  0.93602   1.81596   2.76000   1.74096   1.71288   0.42655   1.87811   0.62587   0.67899   0.80887   2.33676   0.19752   0.04184   0.15921   0.16920   0.00000   0.00000   1.57716   0.08765  
 30  0.0001   6878.569955  x:  0.93602   1.81596   2.75999   1.74095   1.71288   0.42654   1.87811   0.62587   0.67899   0.80886   2.33676   0.19752   0.04184   0.15921   0.16920   0.00000   0.00000   1.57716   0.08765  
 31  0.0000   6878.569955  x:  0.93602   1.81596   2.75999   1.74095   1.71288   0.42654   1.87811   0.62587   0.67899   0.80886   2.33676   0.19752   0.04184   0.15921   0.16920   0.00000   0.00000   1.57716   0.08765  