   11
BAM_009200  0.000000  0.978503  0.976403  1.144066  0.992071  0.546262
  0.238941  0.549709  0.248252  0.978503  0.984872
BA_0546xxx  0.978503  0.000000  0.098485  1.157113  1.032663  1.108417
  1.006948  1.031950  1.009290  0.000010  0.115872
BC_0545xxx  0.976403  0.098485  0.000000  1.172297  1.016112  1.101000
  1.019479  1.032975  1.018822  0.098485  0.091109
NT03BC1685  1.144066  1.157113  1.172297  0.000000  0.836062  1.194832
  1.127026  1.296676  1.104995  1.157113  1.169860
BH1022xxxx  0.992071  1.032663  1.016112  0.836062  0.000000  1.053204
  1.008784  1.016363  0.969663  1.032663  1.001862
NT03BL1007  0.546262  1.108417  1.101000  1.194832  1.053204  0.000000
  0.576311  0.686274  0.591416  1.108417  1.086970
Bmo1795xxx  0.238941  1.006948  1.019479  1.127026  1.008784  0.576311
  0.000000  0.559354  0.123618  1.006948  1.006272
BPUM_0844x  0.549709  1.031950  1.032975  1.296676  1.016363  0.686274
  0.559354  0.000000  0.553889  1.031950  1.036271
BG11811xxx  0.248252  1.009290  1.018822  1.104995  0.969663  0.591416
  0.123618  0.553889  0.000000  1.009290  1.016198
NT02BT0566  0.978503  0.000010  0.098485  1.157113  1.032663  1.108417
  1.006948  1.031950  1.009290  0.000000  0.115872
KBAB4_0461  0.984872  0.115872  0.091109  1.169860  1.001862  1.086970
  1.006272  1.036271  1.016198  0.115872  0.000000
