

TREE # 1

  0  0.0000   8744.454212  x:  0.05974   2.00634   1.60041   0.36159   1.41746   0.37517   1.51427   0.41407   1.19636   0.42038   0.28502   0.36606   1.16262   0.22781   0.00750   0.05288   0.06925   0.00891   0.00617   2.00000   0.20000   0.20000   0.20000  
  1 99.0000   8736.797001  x:  0.07296   2.00793   1.60333   0.37026   1.41706   0.37675   1.51356   0.41518   1.19417   0.41867   0.28413   0.36387   1.16588   0.22841   0.01254   0.05349   0.06893   0.00000   0.02065   1.99644   0.20885   0.19798   0.19836  
  2 530.2530   8728.752885  x:  0.11455   2.01290   1.61254   0.39769   1.41573   0.38167   1.51124   0.41865   1.18714   0.41316   0.28128   0.35683   1.17617   0.23013   0.02797   0.05528   0.06828   0.01254   0.05599   1.98518   0.23381   0.19144   0.19316  
  3 1813.8194   8640.857177  x:  0.45682   2.05200   1.68974   0.63409   1.39683   0.41857   1.48375   0.44316   1.11458   0.35499   0.25342   0.28826   1.26432   0.22832   0.12140   0.06125   0.06353   0.00386   0.00000   1.88948   0.20376   0.12449   0.14493  
  4 620.0962   8613.074797  x:  0.61592   2.06987   1.72587   0.74575   1.38674   0.43512   1.46959   0.45390   1.07844   0.32583   0.23975   0.25464   1.30588   0.22482   0.15922   0.06256   0.06164   0.00358   0.00029   1.84446   0.15084   0.09118   0.12161  
  5 7249.8288   8592.586735  x:  0.68516   2.07977   1.75425   0.82313   1.37084   0.44270   1.45284   0.46716   1.03366   0.30087   0.26608   0.25238   1.34339   0.15057   0.05733   0.04171   0.08381   0.00327   0.00031   1.78916   0.15366   0.05377   0.10576  
  6 257.9937   8587.981063  x:  0.69516   2.08265   1.76796   0.85471   1.35925   0.44363   1.44225   0.47606   1.00535   0.29089   0.28880   0.25877   1.36313   0.15002   0.02243   0.07346   0.07947   0.00330   0.00031   1.75269   0.15226   0.07679   0.12032  
  7 174.2655   8580.784500  x:  0.68289   2.08474   1.78817   0.89506   1.33743   0.44192   1.42339   0.49151   0.95583   0.27799   0.32786   0.27101   1.39431   0.18086   0.00000   0.05273   0.06480   0.00334   0.00033   1.68916   0.15127   0.08807   0.14271  
  8 188.5737   8580.784500  x:  0.68289   2.08474   1.78817   0.89506   1.33743   0.44192   1.42339   0.49151   0.95583   0.27799   0.32786   0.27101   1.39431   0.18086   0.00000   0.05273   0.06480   0.00334   0.00033   1.68916   0.15127   0.08807   0.14271  
  9 267.9383   8570.908774  x:  0.68298   2.08475   1.78821   0.89513   1.33742   0.44194   1.42338   0.49154   0.95580   0.27800   0.32785   0.27099   1.39435   0.18101   0.00029   0.05279   0.06484   0.00375   0.01400   1.68908   0.15182   0.08806   0.14270  
 10 9047.7627   8565.598098  x:  0.68637   2.08540   1.78958   0.89790   1.33713   0.44260   1.42317   0.49266   0.95482   0.27850   0.32753   0.27033   1.39601   0.18664   0.01069   0.05452   0.06612   0.00053   0.01409   1.68632   0.17087   0.08729   0.14243  
 11 429.0142   8564.577773  x:  0.68783   2.08566   1.79016   0.89909   1.33696   0.44284   1.42304   0.49311   0.95435   0.27868   0.32737   0.27001   1.39671   0.18893   0.01490   0.05522   0.06668   0.00402   0.01395   1.68516   0.17693   0.08695   0.14230  
 12 1314.0949   8558.251093  x:  0.71410   2.08903   1.79965   0.92033   1.33137   0.44502   1.41826   0.49929   0.94272   0.27962   0.32283   0.26224   1.40830   0.22151   0.07365   0.06435   0.07460   0.00357   0.01399   1.66649   0.16110   0.08082   0.13957  
 13 220.5046   8546.133175  x:  0.83805   2.10587   1.84607   1.02047   1.30708   0.45559   1.39736   0.52976   0.89046   0.28695   0.30921   0.23419   1.46189   0.20063   0.09702   0.02551   0.05662   0.00359   0.01406   1.57698   0.15246   0.05339   0.12033  
 14 133.5727   8526.117313  x:  1.09617   2.14102   1.94346   1.22912   1.25608   0.47716   1.35357   0.59328   0.78212   0.30361   0.28780   0.18390   1.57337   0.13827   0.11225   0.06172   0.06733   0.00329   0.01402   1.39017   0.13737   0.02430   0.08707  
 15 1025.0124   8514.562745  x:  1.30528   2.16952   2.02315   1.39821   1.21413   0.49413   1.31773   0.64450   0.69630   0.31937   0.28262   0.15886   1.66349   0.10224   0.12346   0.06861   0.07364   0.00315   0.01396   1.24029   0.12482   0.08931   0.08250  
 16 1212.9868   8505.929851  x:  1.45995   2.19079   2.08713   1.52218   1.17959   0.50262   1.28921   0.67951   0.65420   0.34854   0.36282   0.25567   1.72752   0.12021   0.10865   0.07201   0.07201   0.00293   0.01399   1.16057   0.11395   0.07910   0.12227  
 17 192.1829   8502.318941  x:  1.54968   2.20326   2.13459   1.59370   1.15337   0.50124   1.26919   0.69145   0.67219   0.38103   0.34985   0.24239   1.75866   0.19210   0.05278   0.06532   0.09515   0.00259   0.01404   1.19268   0.11344   0.06504   0.17539  
 18 61.5722   8501.098531  x:  1.58385   2.20813   2.15529   1.62110   1.14290   0.50071   1.26188   0.69451   0.68508   0.39208   0.34549   0.23957   1.76935   0.21350   0.03917   0.07732   0.06878   0.00274   0.01403   1.21945   0.11305   0.06620   0.17862  
 19 82.6610   8498.174617  x:  1.67963   2.22226   2.22253   1.69847   1.11334   0.50085   1.24398   0.69823   0.73532   0.41152   0.34873   0.25621   1.79536   0.23434   0.02485   0.07684   0.07517   0.00263   0.01400   1.33536   0.11195   0.08027   0.10951  
 20 62.6693   8497.621095  x:  1.70471   2.22754   2.26536   1.72105   1.11667   0.51394   1.25619   0.69091   0.74017   0.35312   0.34436   0.26254   1.79196   0.22363   0.03100   0.07689   0.07615   0.00264   0.01401   1.37304   0.11230   0.07917   0.12735  
 21 13.1939   8496.806233  x:  1.72323   2.23473   2.41020   1.74792   1.16224   0.56083   1.33675   0.67478   0.80689   0.33044   0.35272   0.25836   1.73967   0.23696   0.02291   0.07732   0.07584   0.00255   0.01401   1.34831   0.10742   0.08038   0.11569  
 22  7.5190   8495.721012  x:  1.71834   2.23186   2.62745   1.77599   1.17806   0.53787   1.39672   0.64618   0.76540   0.39159   0.32078   0.27915   1.65788   0.21019   0.04164   0.07607   0.07692   0.00259   0.01401   1.36581   0.10685   0.07937   0.13612  
 23  8.7786   8494.965153  x:  1.70508   2.22104   2.74556   1.79533   1.17757   0.50529   1.39862   0.64469   0.72330   0.38570   0.36083   0.25181   1.61981   0.22924   0.02980   0.07600   0.07549   0.00264   0.01400   1.37105   0.10979   0.08040   0.11962  
 24 13.4349   8492.718428  x:  1.66011   2.16289   2.95260   1.88029   1.20115   0.47329   1.28624   0.80713   0.82438   0.37423   0.37237   0.24205   1.64246   0.18984   0.05617   0.07325   0.07651   0.00277   0.01399   1.35987   0.10997   0.07867   0.14849  
 25  7.0662   8491.329600  x:  1.66320   2.15173   2.99289   1.92524   1.25499   0.51974   1.27096   0.82700   0.81576   0.35727   0.31636   0.29112   1.71225   0.22440   0.03242   0.07376   0.07427   0.00282   0.01397   1.35658   0.11167   0.08227   0.11710  
 26  9.0709   8488.320235  x:  1.75096   2.19788   2.98704   2.02417   1.39672   0.67295   1.36279   0.75572   0.81918   0.42933   0.37343   0.24989   1.96780   0.19029   0.05288   0.07121   0.07485   0.00293   0.01395   1.42563   0.10952   0.08221   0.14735  
 27 14.4454   8486.180221  x:  1.89174   2.39647   2.93514   2.01749   1.35658   0.55193   1.59031   0.76854   0.88640   0.40974   0.36133   0.26204   2.13721   0.18515   0.05605   0.06988   0.07404   0.00301   0.01393   1.42238   0.10838   0.08413   0.14751  
 28 10.6664   8485.100216  x:  2.00430   2.68631   2.93827   1.95723   1.44757   0.58305   1.61840   0.91417   0.84889   0.42696   0.37264   0.25384   2.13933   0.18855   0.05541   0.06905   0.07371   0.00295   0.01393   1.46462   0.10325   0.08538   0.14630  
 29  6.2978   8484.283143  x:  2.07761   2.93852   2.96608   1.95212   1.50571   0.56794   1.51771   0.84778   0.88533   0.42318   0.36746   0.25726   2.13382   0.18070   0.06280   0.06772   0.07336   0.00298   0.01392   1.44092   0.10173   0.08564   0.14824  
 30  6.7828   8481.194083  x:  2.00360   3.36364   3.12529   2.54634   1.43807   0.67134   1.61746   0.90202   0.88959   0.44126   0.36734   0.25639   2.23130   0.18028   0.07517   0.06058   0.07156   0.00289   0.01390   1.43740   0.08847   0.08525   0.14338  
 31  2.1395   8476.588941  x:  2.90281   3.02768   3.38101   2.71170   1.54269   0.71235   1.69296   0.96686   0.92712   0.44990   0.35788   0.26061   2.14527   0.15945   0.11106   0.04977   0.06884   0.00302   0.01385   1.41014   0.07868   0.08651   0.14424  
 32  3.1705   8476.285371  x:  2.96166   3.00963   3.37446   2.71303   1.43192   0.79503   1.68467   0.95835   0.93036   0.45042   0.35603   0.26185   2.07969   0.15729   0.11298   0.04937   0.06872   0.00307   0.01384   1.40035   0.08050   0.08594   0.14487  
 33  2.1046   8474.579129  x:  3.13643   2.89487   3.56509   2.96991   1.65382   0.65658   1.73750   0.97531   0.93393   0.44788   0.35292   0.26862   2.24182   0.15032   0.11595   0.05180   0.07064   0.00304   0.01379   1.40575   0.08121   0.08057   0.14710  
 34  0.5380   8473.880878  x:  3.17501   2.95977   3.90004   2.88006   1.59740   0.73402   1.75642   1.00039   0.93489   0.45252   0.35510   0.26827   2.62506   0.15240   0.11240   0.05275   0.07057   0.00297   0.01376   1.39652   0.07712   0.07705   0.14290  
 35  2.1154   8472.483420  x:  3.55533   3.37359   4.19579   3.37349   1.72620   0.83848   1.92794   1.10574   1.00202   0.48313   0.36380   0.27727   2.70958   0.12848   0.12608   0.05685   0.07204   0.00289   0.01366   1.40756   0.06661   0.06809   0.16047  
 36  0.7594   8471.869094  x:  3.81380   3.55332   4.30804   3.61813   1.84285   0.87827   2.03553   1.16630   1.04999   0.50222   0.36680   0.27970   2.67725   0.13490   0.12582   0.06132   0.07159   0.00286   0.01359   1.41950   0.06539   0.06146   0.17258  
 37  0.2757   8471.626765  x:  4.03405   3.72977   4.55305   3.77380   1.95077   0.91985   2.14269   1.22893   1.09639   0.52111   0.36632   0.28454   2.83562   0.12945   0.13321   0.06111   0.07242   0.00283   0.01353   1.42701   0.06059   0.05897   0.18060  
 38  0.4276   8471.378583  x:  4.21233   3.86627   4.83020   3.79829   2.06759   0.94993   2.25157   1.28121   1.15541   0.54261   0.35859   0.29299   3.05436   0.11249   0.14875   0.05706   0.07334   0.00286   0.01347   1.44116   0.05830   0.06446   0.19030  
 39  0.2046   8471.335695  x:  4.26458   3.93832   4.90204   3.85852   2.10149   0.96791   2.29173   1.29966   1.17505   0.55084   0.36048   0.29569   3.10293   0.12177   0.14251   0.05806   0.07169   0.00285   0.01345   1.43931   0.05713   0.06540   0.19150  
 40  0.1365   8471.314181  x:  4.30253   4.00418   4.95290   3.94573   2.12565   0.98515   2.32528   1.31207   1.19275   0.55920   0.36386   0.29885   3.11799   0.11685   0.14321   0.05859   0.07172   0.00285   0.01343   1.43833   0.05641   0.06499   0.19817  
 41  0.0802   8471.311854  x:  4.31819   4.01911   4.98214   3.97042   2.13442   0.99018   2.33579   1.31768   1.19773   0.56213   0.36303   0.29947   3.13731   0.11628   0.14417   0.05800   0.07226   0.00286   0.01342   1.43951   0.05605   0.06497   0.20015  
 42  0.0354   8471.310801  x:  4.31313   4.01365   4.98515   3.97623   2.13217   0.99019   2.33417   1.31714   1.19728   0.56270   0.36241   0.29931   3.13965   0.11609   0.14463   0.05786   0.07217   0.00286   0.01343   1.43999   0.05615   0.06499   0.20146  
 43  0.0095   8471.310028  x:  4.31666   4.01461   4.99388   3.98926   2.13330   0.99151   2.33531   1.31890   1.19814   0.56365   0.36227   0.29929   3.14338   0.11455   0.14598   0.05811   0.07180   0.00287   0.01343   1.44055   0.05605   0.06478   0.20398  
 44  0.0114   8471.308674  x:  4.30738   4.00180   4.98365   3.98621   2.12750   0.98904   2.32655   1.31779   1.19527   0.56246   0.36297   0.29876   3.13464   0.11295   0.14761   0.05841   0.07229   0.00286   0.01345   1.43960   0.05618   0.06434   0.20960  
 45  0.0057   8471.306775  x:  4.30596   3.99826   4.98141   3.96799   2.12827   0.98663   2.32346   1.31845   1.19531   0.56150   0.36291   0.29898   3.13555   0.10853   0.15199   0.05816   0.07206   0.00286   0.01348   1.43931   0.05623   0.06440   0.21947  
 46  0.0061   8471.306028  x:  4.30976   4.00879   4.98187   3.97533   2.13052   0.98842   2.32866   1.31880   1.19655   0.56209   0.36284   0.29941   3.13519   0.10733   0.15295   0.05814   0.07209   0.00285   0.01349   1.43998   0.05617   0.06384   0.22593  
 47  0.0065   8471.305924  x:  4.30938   4.00715   4.98063   3.97360   2.12982   0.98799   2.32850   1.31785   1.19589   0.56190   0.36262   0.29926   3.13521   0.10625   0.15398   0.05814   0.07209   0.00285   0.01350   1.43998   0.05619   0.06370   0.22822  
 48  0.0032   8471.305890  x:  4.30922   4.00657   4.97952   3.97165   2.12944   0.98785   2.32903   1.31679   1.19538   0.56176   0.36253   0.29913   3.13580   0.10633   0.15396   0.05816   0.07209   0.00286   0.01350   1.43985   0.05620   0.06373   0.22835  
 49  0.0019   8471.305884  x:  4.30986   4.00728   4.97998   3.97283   2.12969   0.98811   2.32969   1.31663   1.19540   0.56184   0.36263   0.29912   3.13608   0.10631   0.15393   0.05817   0.07210   0.00286   0.01350   1.43982   0.05619   0.06375   0.22828  
 50  0.0012   8471.305883  x:  4.30994   4.00708   4.97991   3.97284   2.12969   0.98811   2.32958   1.31662   1.19528   0.56180   0.36266   0.29912   3.13598   0.10633   0.15393   0.05816   0.07210   0.00286   0.01350   1.43985   0.05619   0.06376   0.22820  
 51  0.0001   8471.305883  x:  4.31002   4.00711   4.97983   3.97285   2.12969   0.98812   2.32955   1.31661   1.19521   0.56176   0.36265   0.29913   3.13591   0.10630   0.15395   0.05816   0.07210   0.00286   0.01350   1.43984   0.05619   0.06375   0.22830  
 52  0.0001   8471.305882  x:  4.31023   4.00732   4.98016   3.97298   2.12980   0.98816   2.32958   1.31675   1.19528   0.56177   0.36263   0.29913   3.13611   0.10632   0.15393   0.05817   0.07210   0.00286   0.01349   1.43983   0.05619   0.06376   0.22824  
 53  0.0001   8471.305882  x:  4.31009   4.00717   4.97990   3.97287   2.12970   0.98811   2.32954   1.31667   1.19523   0.56176   0.36266   0.29911   3.13596   0.10629   0.15397   0.05817   0.07210   0.00286   0.01349   1.43985   0.05619   0.06375   0.22832  
 54  0.0001   8471.305882  x:  4.31006   4.00722   4.97991   3.97288   2.12971   0.98811   2.32957   1.31669   1.19527   0.56177   0.36266   0.29911   3.13598   0.10630   0.15396   0.05817   0.07210   0.00286   0.01349   1.43985   0.05619   0.06375   0.22831  
 55  0.0000   8471.305882  x:  4.31001   4.00715   4.97990   3.97284   2.12969   0.98810   2.32955   1.31666   1.19526   0.56178   0.36265   0.29913   3.13598   0.10630   0.15395   0.05817   0.07210   0.00286   0.01349   1.43984   0.05619   0.06375   0.22830  
 56  0.0001   8471.305882  x:  4.31000   4.00714   4.97989   3.97284   2.12969   0.98811   2.32955   1.31665   1.19526   0.56178   0.36265   0.29913   3.13598   0.10630   0.15396   0.05817   0.07210   0.00286   0.01349   1.43984   0.05619   0.06375   0.22830  
 57  0.0000   8471.305882  x:  4.30999   4.00713   4.97990   3.97283   2.12970   0.98811   2.32955   1.31664   1.19526   0.56178   0.36265   0.29912   3.13597   0.10630   0.15396   0.05817   0.07210   0.00286   0.01349   1.43984   0.05619   0.06375   0.22830  
 58  0.0000   8471.305882  x:  4.30999   4.00713   4.97990   3.97283   2.12970   0.98811   2.32955   1.31665   1.19526   0.56178   0.36265   0.29912   3.13597   0.10630   0.15396   0.05817   0.07210   0.00286   0.01349   1.43984   0.05619   0.06375   0.22830  
 59  0.0000   8471.305882  x:  4.30999   4.00713   4.97990   3.97283   2.12970   0.98811   2.32955   1.31665   1.19526   0.56178   0.36265   0.29912   3.13597   0.10630   0.15396   0.05817   0.07210   0.00286   0.01349   1.43984   0.05619   0.06375   0.22830  