

TREE # 1

  0  0.0000  18777.860573  x:  0.00000   0.16881   0.21090   0.07888   0.16707   0.06292   0.10390   0.09974   0.12547   0.06431   0.12809   0.03439   0.04415   0.09715   0.06550   0.07043   0.03617   2.00000   0.20000   0.20000  
  1 99.0000  14483.401644  x:  4.67957   0.76661   0.88020   0.81773   0.49927   0.44898   0.57145   0.48045   0.55678   0.66987   0.91685   0.55686   0.38950   0.21180   0.24168   0.11724   0.29525   1.90517   1.36839   0.19656  
  2 21372.1854  14284.947232  x:  4.68839   0.85462   0.97562   0.85627   0.54017   0.47325   0.62823   0.51364   0.60141   0.69518   0.95559   0.50805   0.27566   0.12979   0.15618   0.00000   0.18018   1.90361   1.26477   0.10256  
  3 869.5208  14162.421393  x:  4.69304   0.93426   1.06200   0.89109   0.57713   0.49497   0.67952   0.54350   0.64168   0.71775   0.99058   0.46456   0.17131   0.06104   0.08544   0.01939   0.08309   1.90212   1.16792   0.01463  
  4 4251.8090  14116.508383  x:  4.68843   0.97297   1.10422   0.90868   0.59491   0.50477   0.70411   0.55742   0.66088   0.72793   1.00824   0.44951   0.12855   0.08677   0.09815   0.01902   0.08163   1.90001   1.11190   0.00010  
  5 1103.1129  13996.416948  x:  4.67362   1.10049   1.24329   0.96673   0.65348   0.53710   0.78506   0.60333   0.72412   0.76149   1.06652   0.39788   0.00000   0.14455   0.12004   0.02184   0.06920   1.89312   0.92752   0.03901  
  6 7718.5095  13731.814717  x:  4.59965   1.46135   1.63907   1.13505   0.81812   0.62102   1.01143   0.72734   0.89955   0.85129   1.23570   0.35424   0.06702   0.16554   0.08929   0.02433   0.20893   1.86321   0.33196   0.04077  
  7 1649.0548  13684.616936  x:  4.51239   1.59442   1.79041   1.21014   0.88052   0.64524   1.09395   0.77011   0.96308   0.88345   1.31215   0.39482   0.16078   0.16818   0.19939   0.02766   0.10772   1.80534   0.29034   0.04592  
  8 495.6457  13648.810185  x:  4.37870   1.74397   1.96416   1.30226   0.95078   0.66813   1.18565   0.81614   1.03325   0.91878   1.40653   0.41378   0.18653   0.14185   0.23456   0.02889   0.14647   1.71699   0.38698   0.04628  
  9 579.4265  13619.209329  x:  4.29561   1.77022   2.08124   1.55451   0.90512   0.52328   1.13832   0.72343   0.96466   0.88746   1.68073   0.71862   0.07443   0.08182   0.23406   0.02572   0.18531   1.35691   0.32419   0.05469  
 10 102.7275  13615.355587  x:  4.27777   1.76873   2.10485   1.60920   0.89492   0.48884   1.13016   0.70773   0.95333   0.88519   1.74069   0.74831   0.08156   0.13636   0.17721   0.02734   0.16620   1.31721   0.32651   0.05653  
 11 110.5940  13607.289993  x:  4.23181   1.67563   2.17326   1.86436   0.83858   0.30644   1.09143   0.66278   0.91207   0.90139   2.02541   0.63961   0.10916   0.13245   0.19320   0.02731   0.16187   1.43357   0.33203   0.05194  
 12 41.9173  13603.018471  x:  4.19003   1.45211   2.15682   2.01362   0.94937   0.34774   1.12432   0.76267   0.91536   0.94659   2.20863   0.58005   0.12258   0.13348   0.19401   0.02717   0.15965   1.41580   0.31463   0.04909  
 13 25.1069  13577.893946  x:  4.09220   0.37920   3.55851   1.90624   0.89435   0.23292   1.24006   0.97442   1.28611   0.87868   2.37488   0.60612   0.12595   0.13538   0.16952   0.02582   0.16643   1.47019   0.27285   0.04940  
 14  9.5761  13563.758990  x:  4.06661   0.00000   4.34801   1.90287   1.04194   0.38384   1.20911   0.87561   1.05537   0.76997   2.43000   0.43624   0.17559   0.13757   0.17865   0.02586   0.16330   1.42807   0.25335   0.04349  
 15 58.8155  13554.907075  x:  3.99321   0.01296   4.61313   1.99463   1.07629   0.44939   1.14185   0.81822   0.92371   1.18981   2.36864   0.44015   0.17999   0.13828   0.16853   0.02521   0.16586   1.46629   0.23407   0.04335  
 16 20.6958  13521.463720  x:  3.80016   0.99854   4.43573   2.81353   0.97557   0.44641   1.64322   1.10779   0.84430   1.12448   2.04145   0.40660   0.21230   0.14078   0.13432   0.02308   0.17098   1.59776   0.18711   0.04028  
 17 15.7046  13513.674763  x:  3.77102   1.24322   4.34810   2.98585   1.08394   0.47378   1.51627   0.96218   1.13904   1.07679   2.00377   0.29178   0.24428   0.14088   0.13901   0.02299   0.16842   1.54127   0.17050   0.03592  
 18 29.7942  13510.672878  x:  3.73993   1.34149   4.33530   3.03125   1.20867   0.51689   1.45161   0.90335   1.22042   1.02314   2.03112   0.38774   0.22374   0.14160   0.12461   0.02250   0.17030   1.66725   0.17814   0.03893  
 19 21.0230  13488.116143  x:  3.66764   1.94905   4.39448   2.55260   1.65210   0.06089   1.45779   1.04646   1.21571   1.08730   2.42939   0.18557   0.29167   0.13958   0.13990   0.02379   0.16046   1.61716   0.19972   0.03240  
 20  5.6166  13482.542844  x:  3.60637   2.01090   4.41982   2.52219   1.37702   0.36419   1.72931   0.79200   1.29354   1.13983   2.62415   0.15121   0.30713   0.13857   0.14365   0.02436   0.15802   1.63340   0.20484   0.03093  
 21 11.5561  13478.265953  x:  3.53183   2.15115   4.58329   2.59460   1.07525   0.67046   1.47074   1.06517   1.31860   1.10813   2.78025   0.14315   0.31838   0.13750   0.15089   0.02572   0.15800   1.64788   0.20432   0.03000  
 22  5.6998  13445.951379  x:  2.91494   2.86499   5.97062   3.01514   1.63411   0.37206   2.17706   1.20931   1.55098   1.31871   3.47183   0.50450   0.29727   0.11744   0.21440   0.04217   0.19204   1.79630   0.16370   0.04680  
 23  3.0273  13426.644787  x:  2.52227   3.13548   7.26888   4.20338   1.78683   0.36370   2.25393   1.37305   1.67165   1.39575   3.34957   0.33528   0.37117   0.15283   0.17300   0.04947   0.16243   1.61824   0.12058   0.03846  
 24  1.1953  13418.094019  x:  2.33570   3.24331   7.99780   4.94654   1.79474   0.40956   2.23862   1.39322   1.74467   1.41921   3.11721   0.17438   0.41342   0.17116   0.14917   0.05319   0.14427   1.51932   0.12745   0.03185  
 25  1.3003  13411.120777  x:  1.96150   4.16656   8.54158   4.09037   1.81636   0.56644   2.34033   1.40288   1.85115   1.51399   4.91070   0.04092   0.45334   0.17516   0.15242   0.05965   0.14874   1.52047   0.11057   0.02839  
 26  2.4160  13406.031250  x:  1.50373   4.73483   9.68732   4.84631   2.01686   0.57744   2.58469   1.45707   2.02828   1.64392   5.17695   0.08885   0.45484   0.14818   0.20573   0.06797   0.17322   1.63536   0.10213   0.03337  
 27  0.9459  13403.086762  x:  1.00747   5.32452  11.06854   5.72710   2.15469   0.59725   2.78466   1.55083   2.18524   1.78679   5.43158   0.08019   0.46264   0.17303   0.17060   0.07508   0.15580   1.59650   0.09593   0.03481  
 28  0.7018  13402.732785  x:  0.87235   5.55480  11.37662   5.80315   2.19186   0.61236   2.83645   1.58030   2.22453   1.82608   5.65824   0.08058   0.46290   0.17295   0.17168   0.07654   0.15630   1.59089   0.09086   0.03578  
 29  0.7095  13402.074854  x:  0.64968   6.09955  11.78005   5.62995   2.23968   0.64812   2.90723   1.62298   2.26843   1.88930   6.27306   0.12902   0.43414   0.16198   0.18584   0.07662   0.16544   1.61360   0.08909   0.04130  
 30  0.5187  13400.019356  x:  0.04227   7.41252  13.37559   6.52670   2.46205   0.61912   3.02549   1.85024   2.34726   2.03678   6.53191   0.21825   0.32028   0.17601   0.17140   0.06887   0.16262   1.56206   0.07967   0.06527  
 31  0.2979  13399.596565  x:  0.00000   7.55468  13.48035   6.55988   2.48411   0.61113   3.03270   1.86937   2.34617   2.04624   6.54447   0.24800   0.29594   0.17575   0.17289   0.06667   0.16383   1.56753   0.07949   0.06997  
 32  0.7027  13399.596565  x:  0.00000   7.55468  13.48035   6.55988   2.48411   0.61113   3.03270   1.86937   2.34617   2.04624   6.54447   0.24800   0.29594   0.17575   0.17289   0.06667   0.16383   1.56753   0.07949   0.06997  
 33  5.2234  13399.551917  x:  0.00004   7.55468  13.48036   6.55987   2.48410   0.61113   3.03272   1.86935   2.34619   2.04623   6.54445   0.24802   0.29575   0.17590   0.17333   0.06590   0.16386   1.56766   0.07861   0.07077  
 34 58.7306  13399.128082  x:  0.00066   7.55464  13.48045   6.55965   2.48403   0.61113   3.03303   1.86902   2.34661   2.04621   6.54431   0.24842   0.29295   0.17821   0.17974   0.05502   0.16448   1.56938   0.07899   0.08258  
 35 129.1787  13398.911939  x:  0.00180   7.55459  13.48064   6.55927   2.48393   0.61117   3.03363   1.86847   2.34740   2.04621   6.54406   0.24770   0.28651   0.17835   0.18807   0.05979   0.16891   1.57253   0.07884   0.09441  
 36 36.0483  13398.730428  x:  0.00479   7.55452  13.48113   6.55835   2.48387   0.61142   3.03529   1.86720   2.34956   2.04638   6.54348   0.24120   0.26694   0.16974   0.19247   0.05928   0.16804   1.58042   0.07907   0.09874  
 37 20.6094  13398.521519  x:  0.01922   7.55426  13.48353   6.55392   2.48371   0.61253   3.04318   1.86116   2.35971   2.04718   6.54079   0.26831   0.23321   0.17958   0.18745   0.06180   0.15923   1.61163   0.07968   0.10067  
 38  9.3347  13398.288156  x:  0.03781   7.55396  13.48662   6.54822   2.48357   0.61395   3.05324   1.85343   2.37256   2.04818   6.53735   0.30603   0.19506   0.18337   0.18237   0.05880   0.16986   1.64796   0.08038   0.09691  
 39 55.4021  13398.069964  x:  0.05824   7.55371  13.49003   6.54197   2.48357   0.61547   3.06401   1.84506   2.38599   2.04914   6.53372   0.35356   0.16488   0.17152   0.19265   0.05706   0.16851   1.67720   0.08093   0.09089  
 40 38.3840  13397.933099  x:  0.08424   7.55386  13.49450   6.53404   2.48444   0.61706   3.07590   1.83517   2.39887   2.04947   6.52990   0.38561   0.12914   0.17558   0.19861   0.05588   0.16899   1.65880   0.08044   0.08471  
 41  8.0376  13397.704552  x:  0.13092   7.55414  13.50252   6.51983   2.48615   0.61987   3.09706   1.81760   2.42158   2.05000   6.52312   0.44449   0.07008   0.17141   0.19280   0.05546   0.16886   1.62382   0.07947   0.08717  
 42 82.7612  13397.111900  x:  0.65440   7.55237  13.59277   6.35599   2.54140   0.61129   3.26636   1.67221   2.54213   2.02091   6.46576   0.41196   0.10444   0.17333   0.19277   0.05690   0.16869   1.63254   0.07834   0.08885  
 43  2.5028  13396.832107  x:  0.97412   7.50398  13.65543   6.24562   2.63521   0.65317   3.29555   1.79540   2.50468   2.10970   6.42386   0.41598   0.10192   0.17444   0.19313   0.05745   0.16886   1.63730   0.07681   0.08907  
 44  2.9798  13396.761190  x:  1.07971   7.44370  13.69313   6.23026   2.61157   0.58014   3.24171   1.82100   2.48662   2.11863   6.43698   0.42470   0.09396   0.17404   0.19221   0.05765   0.16860   1.63814   0.07727   0.08789  
 45  1.2371  13396.714024  x:  1.14878   7.32631  13.73464   6.23429   2.64189   0.58580   3.19838   1.81416   2.47042   2.06795   6.45772   0.43454   0.08492   0.17368   0.19122   0.05791   0.16830   1.63931   0.07771   0.08656  
 46  0.9269  13396.649972  x:  1.21992   7.07765  13.79985   6.24245   2.65642   0.59069   3.19832   1.79709   2.51793   2.09865   6.47231   0.43643   0.08386   0.17401   0.19028   0.05867   0.16789   1.63878   0.07769   0.08557  
 47  1.2185  13396.629252  x:  1.24727   6.98514  13.82613   6.25325   2.63515   0.58579   3.24359   1.80197   2.49485   2.08986   6.46548   0.43873   0.08164   0.17407   0.19005   0.05888   0.16771   1.63878   0.07788   0.08529  
 48  0.9108  13396.616524  x:  1.29328   6.92491  13.85544   6.28778   2.59788   0.61288   3.22796   1.78416   2.47904   2.09507   6.39748   0.43679   0.08256   0.17444   0.19080   0.05893   0.16763   1.63864   0.07813   0.08634  
 49  0.2383  13396.612527  x:  1.30683   6.90307  13.86437   6.29845   2.59501   0.60865   3.22530   1.79546   2.49151   2.08141   6.35896   0.43547   0.08353   0.17460   0.19110   0.05892   0.16763   1.63805   0.07817   0.08675  
 50  0.3054  13396.609567  x:  1.31440   6.88362  13.86961   6.30641   2.61490   0.58849   3.22466   1.78597   2.48379   2.08165   6.31269   0.43617   0.08283   0.17453   0.19110   0.05882   0.16764   1.63798   0.07832   0.08672  
 51  0.1784  13396.608950  x:  1.31593   6.87700  13.86460   6.30646   2.60802   0.59111   3.22112   1.78469   2.48187   2.07966   6.29471   0.43615   0.08338   0.17434   0.19074   0.05874   0.16766   1.63814   0.07840   0.08628  
 52  0.0371  13396.608653  x:  1.31414   6.86331  13.84345   6.30222   2.60572   0.58969   3.21645   1.78424   2.47827   2.07750   6.29197   0.43438   0.08535   0.17424   0.19070   0.05863   0.16769   1.63750   0.07847   0.08633  
 53  0.0163  13396.608398  x:  1.31016   6.85405  13.80529   6.28485   2.60057   0.58951   3.21123   1.78101   2.47411   2.07394   6.28092   0.43481   0.08461   0.17419   0.19070   0.05869   0.16759   1.63725   0.07866   0.08630  
 54  0.0180  13396.608378  x:  1.31296   6.85279  13.80006   6.28592   2.60071   0.58917   3.21146   1.78069   2.47436   2.07385   6.28095   0.43525   0.08432   0.17424   0.19064   0.05871   0.16759   1.63734   0.07866   0.08628  
 55  0.0054  13396.608377  x:  1.31322   6.85275  13.80014   6.28544   2.60071   0.58916   3.21147   1.78064   2.47435   2.07381   6.28099   0.43526   0.08432   0.17424   0.19064   0.05870   0.16760   1.63736   0.07866   0.08628  
 56  0.0005  13396.608377  x:  1.31324   6.85274  13.80013   6.28544   2.60071   0.58916   3.21147   1.78064   2.47435   2.07382   6.28100   0.43526   0.08432   0.17424   0.19064   0.05870   0.16760   1.63736   0.07866   0.08628  
 57  0.0000  13396.608377  x:  1.31324   6.85274  13.80013   6.28544   2.60071   0.58916   3.21147   1.78064   2.47435   2.07382   6.28100   0.43526   0.08432   0.17424   0.19064   0.05870   0.16760   1.63736   0.07866   0.08628  