

TREE # 1

  0  0.0000   6937.682799  x:  0.04455   0.69337   0.82039   0.19876   0.57451   0.15461   0.48573   0.09527   0.33602   0.37355   0.61991   0.14285   0.08901   0.10962   0.07101   0.06894   0.00000   2.00000   1.01946   0.58611   0.32891   2.12010  
  1 99.0000   6923.298137  x:  0.04670   0.69409   0.82128   0.20016   0.57493   0.15511   0.48592   0.09656   0.33643   0.37382   0.62076   0.14312   0.08928   0.10969   0.07185   0.06892   0.03094   1.99991   1.02007   0.58601   0.32765   2.11972  
  2 5758.5902   6746.896458  x:  0.31925   0.78632   0.93595   0.37870   0.62821   0.21992   0.51175   0.26018   0.38961   0.40823   0.72908   0.17758   0.12348   0.11085   0.13150   0.00568   0.03065   1.98787   1.09722   0.57398   0.16878   2.07229  
  3 686.1666   6701.667199  x:  0.45039   0.83342   0.99516   0.46676   0.65571   0.25155   0.52465   0.33882   0.41651   0.42593   0.78459   0.19372   0.13886   0.11115   0.15751   0.06283   0.02919   1.98161   1.13876   0.56765   0.09575   2.04663  
  4 4500.3408   6636.922587  x:  0.61998   0.92175   1.11303   0.59839   0.70832   0.29344   0.54325   0.43300   0.46056   0.45724   0.88814   0.20203   0.14014   0.10367   0.15022   0.09960   0.02859   1.96915   1.23194   0.56014   0.27719   1.98465  
  5 697.1888   6593.300452  x:  0.57812   1.02049   1.26623   0.63992   0.77279   0.28822   0.55446   0.38180   0.50065   0.49684   0.99590   0.17642   0.09044   0.13944   0.03296   0.09389   0.03003   1.94890   1.42681   0.51688   0.26718   1.88247  
  6 231.9849   6513.622129  x:  0.37920   1.28959   1.69415   0.71541   0.94868   0.25146   0.58151   0.19242   0.59692   0.59678   1.28887   0.15338   0.00000   0.23892   0.11689   0.08020   0.02905   1.88923   2.00823   0.38289   0.26868   1.58098  
  7 905.6163   6484.753268  x:  0.25713   1.42632   1.91567   0.74425   1.03617   0.22413   0.59629   0.10124   0.63709   0.63949   1.43960   0.20713   0.10210   0.24758   0.12552   0.07287   0.02909   1.85620   2.31580   0.31301   0.27165   1.42039  
  8 1390.7529   6458.000267  x:  0.14340   1.49895   2.04699   0.73409   1.07132   0.18013   0.61659   0.16893   0.62135   0.62547   1.52041   0.20253   0.09650   0.07321   0.13443   0.06712   0.02943   1.83055   2.50225   0.28470   0.26065   1.31248  
  9 255.5273   6446.510910  x:  0.05925   1.54347   2.14996   0.69963   1.05068   0.08689   0.61456   0.33332   0.50852   0.50549   1.56827   0.19323   0.10875   0.13008   0.13217   0.06515   0.02936   1.80193   2.63176   0.30910   0.26040   1.20094  
 10 107.8054   6441.453892  x:  0.08847   1.56618   2.20771   0.69044   1.01282   0.03379   0.56445   0.31184   0.42799   0.40521   1.58458   0.17857   0.11100   0.11302   0.13172   0.06455   0.02932   1.78273   2.68101   0.36235   0.25369   1.12001  
 11 76.1297   6436.542609  x:  0.09052   1.55692   2.24103   0.65619   0.96133   0.06855   0.52057   0.32329   0.43792   0.39303   1.56544   0.18153   0.11053   0.11203   0.13152   0.06353   0.02932   1.75922   2.71244   0.46469   0.24754   1.00000  
 12 37.2425   6430.490464  x:  0.11951   1.51757   2.30524   0.60106   0.84603   0.01353   0.54734   0.32831   0.44525   0.45344   1.50013   0.16655   0.12045   0.10921   0.13362   0.06081   0.02927   1.71093   2.78279   0.77905   0.22944   1.00000  
 13 70.8029   6425.566538  x:  0.12849   1.46701   2.32889   0.58439   0.83004   0.07535   0.65706   0.30751   0.37046   0.45306   1.42847   0.16277   0.12269   0.10521   0.13320   0.05780   0.02928   1.67708   2.86371   1.07829   0.21154   1.00000  
 14 82.5900   6421.192756  x:  0.14488   1.39055   2.22961   0.61850   0.92708   0.03305   0.65718   0.30963   0.42486   0.37448   1.33007   0.24162   0.08474   0.10244   0.12354   0.05536   0.02937   1.67946   3.01570   1.29487   0.20001   1.00000  
 15 29.9372   6416.053121  x:  0.17918   1.29935   2.04167   0.66395   1.00962   0.01908   0.58951   0.32791   0.42943   0.36425   1.23309   0.13670   0.13032   0.10184   0.12265   0.05336   0.02925   1.68412   3.25897   1.45634   0.19028   1.00000  
 16 45.2378   6411.287918  x:  0.24250   1.22846   1.81760   0.68405   0.96976   0.02318   0.53651   0.33833   0.33767   0.43388   1.17860   0.18510   0.10094   0.09937   0.10797   0.05202   0.02928   1.67160   3.54823   1.53478   0.18629   1.00000  
 17 47.7194   6407.361129  x:  0.29498   1.20738   1.64807   0.66667   0.84220   0.04342   0.62434   0.32417   0.39459   0.36773   1.20623   0.17483   0.09921   0.09855   0.10035   0.05091   0.02926   1.62423   3.76459   1.55089   0.18357   1.00000  
 18 28.7587   6386.771239  x:  0.23020   1.41039   1.67149   0.52957   0.93349   0.05985   0.56916   0.31442   0.42392   0.42241   1.68219   0.19345   0.08989   0.09270   0.10475   0.04063   0.02931   1.44035   3.94046   1.69713   0.13125   1.00000  
 19  5.8561   6369.307654  x:  0.24147   1.46937   2.21491   0.52936   0.87137   0.10709   0.61808   0.30499   0.46679   0.44063   1.34918   0.19717   0.08939   0.08887   0.10011   0.03703   0.02917   1.57472   4.27263   1.55552   0.10677   1.00000  
 20 22.1280   6365.953165  x:  0.21241   1.43740   2.31985   0.63111   0.86789   0.10358   0.61864   0.29891   0.47019   0.45028   1.24658   0.19960   0.08734   0.08989   0.09886   0.03688   0.02920   1.34881   4.33460   1.52945   0.10515   1.00000  
 21 19.8914   6359.892582  x:  0.32930   1.33432   2.47032   0.48268   0.99627   0.09884   0.65711   0.30148   0.48854   0.48177   1.30738   0.20095   0.08811   0.09593   0.10006   0.04130   0.02896   1.28322   4.57274   1.63804   0.11391   1.00000  
 22  3.2822   6340.575388  x:  0.25820   1.09489   2.89302   0.82340   1.01039   0.11774   0.67844   0.29598   0.56276   0.54972   1.71683   0.21395   0.08966   0.10917   0.11262   0.05105   0.02836   1.49810   5.28044   2.21395   0.12520   1.00000  
 23 33.0715   6330.583668  x:  0.21418   1.79312   2.89945   0.93338   1.05189   0.13460   0.69642   0.31380   0.60183   0.59780   1.59491   0.21543   0.10157   0.11729   0.12355   0.05754   0.02803   1.54286   5.61004   2.57665   0.12993   1.00000  
 24 22.1188   6300.426054  x:  0.44704   1.95168   3.35602   1.06799   1.21135   0.16267   0.58071   0.43826   0.61492   0.51685   2.14355   0.21404   0.10139   0.11870   0.12426   0.06984   0.02644   1.42587   5.91288   2.50507   0.08022   1.00000  
 25  0.5911   6283.628112  x:  0.69441   2.29508   4.24770   1.46258   1.26541   0.21233   0.60901   0.63308   0.63746   0.41315   2.46716   0.20716   0.11700   0.08379   0.12770   0.09203   0.02402   1.49372   6.40529   2.67046   0.08204   1.00000  
 26  0.5306   6275.785656  x:  0.86290   2.55066   4.78018   1.69998   1.34655   0.24038   0.68811   0.71793   0.66902   0.41430   2.72583   0.21015   0.12613   0.09699   0.13197   0.10299   0.02234   1.51218   6.97265   3.25097   0.06172   1.00000  
 27  1.3843   6267.589280  x:  1.25536   3.11366   5.89620   2.31769   1.46513   0.30586   0.94979   0.86524   0.77558   0.52384   3.09994   0.20980   0.15650   0.16175   0.13873   0.12209   0.01813   1.58786   8.33664   5.43929   0.05593   1.00000  
 28  0.8922   6264.473522  x:  1.43113   3.36071   6.45993   2.58788   1.53788   0.33009   0.97387   0.95096   0.79996   0.48939   3.35586   0.20673   0.15780   0.12785   0.13450   0.12434   0.01631   1.54239   8.67433   5.89239   0.04768   1.00000  
 29  0.5815   6261.794617  x:  1.51212   3.43573   6.70307   2.70905   1.56060   0.33725   0.93950   0.98629   0.80034   0.44132   3.45198   0.20278   0.15101   0.09101   0.12663   0.11844   0.01554   1.50181   8.62230   5.83175   0.04952   1.00000  
 30  0.5782   6257.994543  x:  1.92876   3.93465   7.95454   3.32882   1.74535   0.39513   0.94746   1.12264   0.89052   0.40006   3.95573   0.20983   0.14073   0.14977   0.12021   0.10234   0.01174   1.53858   9.30269   6.72996   0.04590   1.00000  
 31  0.4495   6255.878815  x:  2.16082   4.24377   8.72840   3.68004   1.87631   0.42239   0.94942   1.20475   0.93513   0.37387   4.30276   0.21789   0.13015   0.13781   0.11974   0.08987   0.01003   1.53692   9.71130   7.10077   0.03876   1.00000  
 32  1.0030   6254.059653  x:  2.23483   4.32936   9.03190   3.78605   1.96039   0.41804   0.91147   1.20392   0.94210   0.37204   4.45687   0.22904   0.11141   0.10868   0.12406   0.06584   0.01090   1.54510   9.74611   6.87891   0.03787   1.00000  
 33  0.3009   6253.306139  x:  2.27323   4.38940   9.13583   3.83280   2.00580   0.40999   0.98101   1.18369   0.94561   0.44256   4.50750   0.23142   0.11426   0.11310   0.13322   0.05534   0.01251   1.57901  10.01242   7.30888   0.03862   1.00000  
 34  0.2903   6253.031167  x:  2.24609   4.33325   8.99707   3.75815   1.98895   0.39884   1.02485   1.16583   0.92504   0.47084   4.45756   0.22790   0.12366   0.11578   0.13557   0.05930   0.01466   1.56807  10.05548   7.34127   0.03815   1.00000  
 35  0.0951   6252.778608  x:  2.28534   4.30768   9.00298   3.73953   2.00051   0.38521   1.05236   1.15575   0.89744   0.47880   4.47998   0.22456   0.12801   0.10954   0.13384   0.05282   0.01813   1.55135  10.07751   7.27774   0.03811   1.00000  
 36  0.0375   6252.552021  x:  2.41685   4.35282   9.17196   3.82030   2.00922   0.38875   1.07653   1.19046   0.88697   0.45303   4.55923   0.21666   0.13779   0.11709   0.12527   0.05527   0.02069   1.55301  10.17326   7.44574   0.03777   1.00000  
 37  0.1133   6252.503486  x:  2.49901   4.41817   9.35442   3.90269   2.03772   0.39463   1.07825   1.21177   0.89837   0.44873   4.64325   0.21762   0.13733   0.11600   0.12537   0.05296   0.02118   1.56100  10.28024   7.55965   0.03677   1.00000  
 38  0.2311   6252.396331  x:  2.63378   4.46206   9.52400   3.97691   2.06136   0.40243   1.06168   1.23789   0.92560   0.45136   4.72856   0.22085   0.13716   0.11253   0.12985   0.05436   0.02268   1.58217  10.39761   7.67948   0.03658   1.00000  
 39  0.0943   6252.369645  x:  2.69015   4.47964   9.58555   4.00580   2.07003   0.40508   1.06419   1.24806   0.93402   0.45425   4.76068   0.22068   0.13772   0.11444   0.13074   0.05577   0.02311   1.56630  10.46144   7.76057   0.03610   1.00000  
 40  0.0778   6252.357745  x:  2.70970   4.46830   9.56655   3.99506   2.07205   0.40302   1.06422   1.24414   0.93450   0.45716   4.75750   0.22078   0.13575   0.11392   0.13095   0.05523   0.02318   1.55392  10.45998   7.75799   0.03624   1.00000  
 41  0.0134   6252.323326  x:  2.81721   4.45946   9.55385   3.97782   2.09030   0.39937   1.06908   1.24156   0.93822   0.45240   4.76911   0.22345   0.12658   0.11346   0.12960   0.05446   0.02242   1.56352  10.48174   7.77428   0.03597   1.00000  
 42  0.0146   6252.308363  x:  2.81053   4.41831   9.44541   3.92175   2.07726   0.39393   1.07595   1.22988   0.92980   0.45588   4.72508   0.22477   0.12676   0.11489   0.12971   0.05602   0.02242   1.56629  10.44344   7.73321   0.03641   1.00000  
 43  0.0812   6252.298055  x:  2.85094   4.40228   9.40245   3.88902   2.07470   0.38972   1.07953   1.22587   0.92458   0.45644   4.71221   0.22769   0.12692   0.11337   0.13059   0.05524   0.02238   1.56516  10.43737   7.72593   0.03641   1.00000  
 44  0.0173   6252.290740  x:  2.85675   4.40552   9.40245   3.88602   2.06526   0.39244   1.06580   1.23069   0.92651   0.45083   4.70567   0.22593   0.13067   0.11403   0.13110   0.05527   0.02192   1.56346  10.41417   7.70953   0.03651   1.00000  
 45  0.0131   6252.288394  x:  2.86125   4.39099   9.36480   3.86473   2.05812   0.39180   1.06235   1.22713   0.92513   0.45276   4.68820   0.22256   0.13240   0.11386   0.13087   0.05544   0.02167   1.56400  10.39675   7.68565   0.03658   1.00000  
 46  0.0223   6252.287906  x:  2.86101   4.39295   9.37431   3.86887   2.05681   0.39249   1.06225   1.22799   0.92524   0.45448   4.69073   0.22167   0.13360   0.11391   0.13061   0.05523   0.02184   1.56420  10.40260   7.69240   0.03657   1.00000  
 47  0.0083   6252.287736  x:  2.86310   4.38917   9.36967   3.86544   2.05446   0.39279   1.06118   1.22732   0.92540   0.45463   4.68785   0.22236   0.13316   0.11407   0.13025   0.05525   0.02181   1.56438  10.39779   7.68722   0.03659   1.00000  
 48  0.0039   6252.287666  x:  2.85901   4.38685   9.36911   3.86471   2.05248   0.39333   1.06044   1.22664   0.92562   0.45493   4.68624   0.22252   0.13291   0.11392   0.13030   0.05527   0.02181   1.56410  10.39369   7.68326   0.03660   1.00000  
 49  0.0023   6252.287567  x:  2.85889   4.38068   9.36516   3.86023   2.04878   0.39381   1.05994   1.22536   0.92484   0.45455   4.68269   0.22248   0.13284   0.11399   0.13040   0.05522   0.02184   1.56437  10.38567   7.67518   0.03663   1.00000  
 50  0.0042   6252.287561  x:  2.86032   4.38065   9.36757   3.86112   2.04913   0.39394   1.05995   1.22553   0.92498   0.45444   4.68347   0.22245   0.13280   0.11398   0.13037   0.05523   0.02186   1.56433  10.38655   7.67603   0.03662   1.00000  
 51  0.0016   6252.287538  x:  2.86072   4.37878   9.37001   3.86105   2.04988   0.39419   1.06003   1.22518   0.92487   0.45457   4.68216   0.22243   0.13290   0.11397   0.13039   0.05523   0.02184   1.56436  10.38643   7.67604   0.03662   1.00000  
 52  0.0004   6252.287537  x:  2.86074   4.37839   9.37080   3.86117   2.05008   0.39426   1.06004   1.22511   0.92485   0.45458   4.68193   0.22241   0.13291   0.11398   0.13038   0.05523   0.02184   1.56434  10.38639   7.67594   0.03662   1.00000  
 53  0.0009   6252.287537  x:  2.86068   4.37854   9.37088   3.86117   2.05006   0.39423   1.06001   1.22512   0.92479   0.45462   4.68193   0.22242   0.13290   0.11398   0.13038   0.05523   0.02184   1.56433  10.38633   7.67587   0.03662   1.00000  
 54  0.0000   6252.287536  x:  2.86077   4.37864   9.37119   3.86120   2.05009   0.39423   1.05998   1.22513   0.92475   0.45465   4.68192   0.22242   0.13290   0.11398   0.13038   0.05524   0.02184   1.56434  10.38635   7.67592   0.03662   1.00000  
 55  0.0002   6252.287536  x:  2.86078   4.37860   9.37117   3.86119   2.05010   0.39423   1.05999   1.22512   0.92478   0.45463   4.68192   0.22242   0.13290   0.11398   0.13038   0.05524   0.02184   1.56434  10.38637   7.67594   0.03662   1.00000  
 56  0.0000   6252.287536  x:  2.86075   4.37875   9.37139   3.86112   2.05011   0.39418   1.06000   1.22509   0.92479   0.45463   4.68191   0.22242   0.13290   0.11398   0.13038   0.05524   0.02184   1.56434  10.38632   7.67589   0.03662   1.00000  
 57  0.0000   6252.287536  x:  2.86075   4.37875   9.37138   3.86112   2.05011   0.39418   1.06000   1.22509   0.92479   0.45462   4.68192   0.22242   0.13290   0.11398   0.13038   0.05524   0.02184   1.56434  10.38632   7.67589   0.03662   1.00000  
 58  0.0000   6252.287536  x:  2.86074   4.37874   9.37136   3.86111   2.05011   0.39418   1.06001   1.22509   0.92479   0.45462   4.68192   0.22242   0.13290   0.11398   0.13038   0.05524   0.02184   1.56434  10.38631   7.67588   0.03662   1.00000  
 59  0.0000   6252.287536  x:  2.86073   4.37873   9.37134   3.86110   2.05011   0.39418   1.06001   1.22509   0.92479   0.45462   4.68193   0.22242   0.13290   0.11398   0.13038   0.05524   0.02184   1.56434  10.38630   7.67587   0.03662   1.00000  
 60  0.0000   6252.287536  x:  2.86072   4.37871   9.37134   3.86107   2.05011   0.39417   1.06000   1.22509   0.92479   0.45462   4.68197   0.22242   0.13290   0.11398   0.13038   0.05524   0.02184   1.56434  10.38629   7.67585   0.03662   1.00000  
 61  0.0000   6252.287536  x:  2.86074   4.37870   9.37142   3.86106   2.05013   0.39417   1.06000   1.22510   0.92479   0.45463   4.68201   0.22242   0.13290   0.11398   0.13038   0.05524   0.02184   1.56434  10.38629   7.67587   0.03662   1.00000  
 62  0.0000   6252.287536  x:  2.86074   4.37871   9.37141   3.86106   2.05013   0.39417   1.06000   1.22510   0.92479   0.45462   4.68200   0.22242   0.13290   0.11398   0.13038   0.05524   0.02184   1.56434  10.38629   7.67587   0.03662   1.00000  
 63  0.0000   6252.287536  x:  2.86074   4.37871   9.37140   3.86107   2.05012   0.39417   1.06000   1.22510   0.92479   0.45462   4.68199   0.22242   0.13290   0.11398   0.13038   0.05524   0.02184   1.56434  10.38630   7.67587   0.03662   1.00000  
 64  0.0000   6252.287536  x:  2.86074   4.37872   9.37141   3.86108   2.05012   0.39418   1.06001   1.22510   0.92479   0.45462   4.68198   0.22242   0.13290   0.11398   0.13038   0.05524   0.02184   1.56434  10.38631   7.67588   0.03662   1.00000  
 65  0.0000   6252.287536  x:  2.86074   4.37872   9.37141   3.86108   2.05012   0.39418   1.06001   1.22510   0.92479   0.45462   4.68199   0.22242   0.13290   0.11398   0.13038   0.05524   0.02184   1.56434  10.38631   7.67588   0.03662   1.00000  
 66  0.0000   6252.287536  x:  2.86074   4.37871   9.37143   3.86107   2.05012   0.39417   1.06000   1.22511   0.92479   0.45462   4.68201   0.22242   0.13290   0.11398   0.13038   0.05524   0.02184   1.56434  10.38631   7.67588   0.03662   1.00000  
 67  0.0000   6252.287536  x:  2.86074   4.37872   9.37142   3.86107   2.05012   0.39418   1.06001   1.22510   0.92479   0.45462   4.68200   0.22242   0.13290   0.11398   0.13038   0.05524   0.02184   1.56434  10.38631   7.67588   0.03662   1.00000  
 68  0.0000   6252.287536  x:  2.86074   4.37873   9.37144   3.86107   2.05012   0.39418   1.06001   1.22511   0.92479   0.45462   4.68200   0.22242   0.13290   0.11398   0.13038   0.05524   0.02184   1.56434  10.38632   7.67589   0.03662   1.00000  