    8
BA_1924xxx  0.000000  0.166781  0.561912  0.404608  0.431909  0.413465
  0.162369  0.174724
BC_1925xxx  0.166781  0.000000  0.592593  0.410224  0.441232  0.417765
  0.016862  0.153705
NT03BL2036  0.561912  0.592593  0.000000 -1.000000  0.343868  0.287532
  0.590783  0.560904
NT03BL2037  0.404608  0.410224 -1.000000  0.000000  0.238516  0.235051
  0.405347  0.436119
Bmo3096xxx  0.431909  0.441232  0.343868  0.238516  0.000000  0.212169
  0.432664  0.463525
BG13506xxx  0.413465  0.417765  0.287532  0.235051  0.212169  0.000000
  0.408975  0.417680
NT02BT1930  0.162369  0.016862  0.590783  0.405347  0.432664  0.408975
  0.000000  0.154434
KBAB4_1799  0.174724  0.153705  0.560904  0.436119  0.463525  0.417680
  0.154434  0.000000
