

TREE # 1

  0  0.0000   7277.592000  x:  0.00000   0.56979   0.55498   0.08321   0.41893   0.13228   0.33370   0.10216   0.27492   0.24890   0.42838   0.10166   0.09216   0.13183   0.09696   0.08031   0.05316   2.00000   0.20000   0.20000   0.20000  
  1 99.0000   6871.905393  x:  0.24936   0.64549   0.61682   0.25487   0.48474   0.22324   0.39337   0.19676   0.34327   0.30705   0.52054   0.13995   0.11752   0.14035   0.12185   0.01949   0.00000   1.97487   0.50052   0.19035   0.17471  
  2 2073.8663   6839.101148  x:  0.27280   0.66835   0.63446   0.28314   0.50520   0.24385   0.41130   0.21737   0.36448   0.32408   0.54584   0.14876   0.12288   0.14197   0.12889   0.00000   0.07186   1.96768   0.50281   0.18522   0.16273  
  3 1199.5803   6646.597108  x:  0.30934   0.86696   0.78422   0.44225   0.68060   0.38965   0.56063   0.35716   0.54163   0.46238   0.75286   0.20226   0.15353   0.15322   0.16817   0.00000   0.04005   1.90462   0.23366   0.13130   0.03877  
  4 791.5534   6559.987978  x:  0.00000   1.13548   0.98438   0.44006   0.88417   0.46887   0.70914   0.40594   0.70163   0.57180   0.99311   0.17373   0.14016   0.15542   0.17128   0.00000   0.02048   1.76419   0.28990   0.03849   0.23256  
  5 383.1162   6559.987978  x:  0.00000   1.13548   0.98438   0.44006   0.88417   0.46887   0.70914   0.40594   0.70163   0.57180   0.99311   0.17373   0.14016   0.15542   0.17128   0.00000   0.02048   1.76419   0.28990   0.03849   0.23256  
  6 168.5352   6552.813130  x:  0.01343   1.14318   0.99068   0.44796   0.88863   0.47115   0.71117   0.40748   0.70309   0.57226   1.00110   0.17763   0.13813   0.15268   0.16818   0.00000   0.00328   1.75970   0.29632   0.03520   0.22253  
  7 308.2718   6519.709039  x:  0.15957   1.22959   1.06114   0.53605   0.93871   0.49642   0.73383   0.42464   0.71943   0.57713   1.09069   0.22121   0.11608   0.12310   0.13477   0.00000   0.01639   1.70914   0.35701   0.00010   0.10899  
  8 689.3274   6510.446427  x:  0.22596   1.27078   1.09439   0.57738   0.96250   0.50806   0.74436   0.43246   0.72705   0.57911   1.13333   0.24061   0.11001   0.11221   0.12246   0.00000   0.02108   1.68502   0.37297   0.03130   0.05871  
  9 1631.1967   6479.958432  x:  0.36398   1.37993   1.17790   0.67607   1.02450   0.53139   0.76878   0.44654   0.74455   0.57912   1.24323   0.28692   0.10523   0.14433   0.15505   0.00000   0.02081   1.62066   0.23723   0.03054   0.02865  
 10 346.6590   6470.197263  x:  0.43675   1.44050   1.22424   0.72966   1.05934   0.54483   0.78349   0.45534   0.75547   0.58023   1.30381   0.30952   0.10022   0.15673   0.16842   0.00000   0.02259   1.58342   0.19956   0.03419   0.07120  
 11 857.7220   6464.724337  x:  0.42526   1.49714   1.26106   0.75841   1.09313   0.55004   0.79877   0.46064   0.76905   0.58064   1.35369   0.29387   0.11126   0.21357   0.23464   0.00000   0.02373   1.54247   0.21949   0.03515   0.07251  
 12 124.7639   6450.501451  x:  0.22930   1.71084   1.38634   0.82047   1.22120   0.55073   0.86003   0.47525   0.82864   0.58303   1.52734   0.13155   0.11252   0.17762   0.23806   0.00000   0.02047   1.38762   0.19575   0.02773   0.07125  
 13 97.7096   6440.504611  x:  0.00000   1.92092   1.50621   0.87023   1.34389   0.54138   0.91563   0.48505   0.88299   0.58207   1.69710   0.12087   0.26263   0.15066   0.19090   0.00000   0.01669   1.25486   0.18185   0.01231   0.07204  
 14 218.0746   6440.504611  x:  0.00000   1.92092   1.50621   0.87023   1.34389   0.54138   0.91563   0.48505   0.88299   0.58207   1.69710   0.12087   0.26263   0.15066   0.19090   0.00000   0.01669   1.25486   0.18185   0.01231   0.07204  
 15 30.9389   6438.638067  x:  0.00224   1.92222   1.50731   0.87134   1.34442   0.54150   0.91577   0.48527   0.88302   0.58211   1.69855   0.12117   0.26128   0.14989   0.18882   0.00000   0.00593   1.25569   0.18930   0.01755   0.06971  
 16 199.0389   6437.690818  x:  0.00837   1.92585   1.51029   0.87436   1.34577   0.54159   0.91596   0.48564   0.88291   0.58204   1.70255   0.12222   0.25722   0.14792   0.18301   0.00000   0.01074   1.25851   0.19978   0.02963   0.06362  
 17 127.4136   6435.793972  x:  0.02951   1.93873   1.52050   0.88459   1.34997   0.54061   0.91557   0.48573   0.88145   0.58072   1.71674   0.12690   0.24176   0.14295   0.16376   0.00000   0.01002   1.27118   0.18520   0.06044   0.04909  
 18 120.7163   6434.507204  x:  0.05568   1.95547   1.53370   0.89753   1.35576   0.53959   0.91564   0.48617   0.88009   0.57950   1.73491   0.13283   0.22433   0.14459   0.15032   0.00000   0.01030   1.28589   0.17896   0.08115   0.06835  
 19 125.5991   6428.831963  x:  0.20081   2.05743   1.61271   0.97328   1.39276   0.53382   0.91896   0.49028   0.87466   0.57469   1.84389   0.15886   0.12372   0.18606   0.13988   0.00000   0.00945   1.37068   0.17454   0.04986   0.06531  
 20 102.0287   6425.136148  x:  0.30972   2.15227   1.68321   1.03846   1.43013   0.52939   0.92668   0.49796   0.87552   0.57582   1.94332   0.25569   0.11867   0.16646   0.17008   0.00000   0.00880   1.43625   0.16848   0.03195   0.06135  
 21 119.5609   6424.131920  x:  0.30832   2.20317   1.71418   1.06004   1.45796   0.52995   0.94295   0.51099   0.89099   0.58984   1.99117   0.23696   0.11045   0.13796   0.20357   0.00000   0.00879   1.43664   0.16183   0.03827   0.06251  
 22 29.0175   6420.561250  x:  0.22755   2.44572   1.85375   1.14581   1.59887   0.53561   1.02997   0.57569   0.97353   0.65885   2.21280   0.18788   0.16960   0.12301   0.16160   0.00000   0.00801   1.40180   0.14152   0.01950   0.06359  
 23 50.5087   6419.466037  x:  0.19524   2.52723   1.90029   1.17363   1.64593   0.53695   1.05749   0.59480   0.99817   0.67728   2.28691   0.17527   0.19397   0.14804   0.16675   0.00000   0.00805   1.39166   0.13245   0.03015   0.06080  
 24 206.2330   6417.547185  x:  0.00000   2.70517   1.99093   1.20549   1.73408   0.51700   1.06255   0.55691   0.96157   0.58520   2.44136   0.19927   0.16329   0.14768   0.16264   0.00000   0.00794   1.43531   0.13427   0.03357   0.06304  
 25 20.6760   6417.547185  x:  0.00000   2.70517   1.99093   1.20549   1.73408   0.51700   1.06255   0.55691   0.96157   0.58520   2.44136   0.19927   0.16329   0.14768   0.16264   0.00000   0.00794   1.43531   0.13427   0.03357   0.06304  
 26  3.7580   6416.518220  x:  0.00071   2.70549   1.99125   1.20581   1.73422   0.51723   1.06267   0.55715   0.96180   0.58555   2.44170   0.19920   0.16312   0.14783   0.16260   0.00000   0.00726   1.43497   0.14517   0.03559   0.06457  
 27 190.8568   6416.406771  x:  0.00212   2.70603   1.99178   1.20632   1.73421   0.51741   1.06256   0.55735   0.96208   0.58615   2.44234   0.19897   0.16245   0.14822   0.16242   0.00000   0.00925   1.43479   0.14501   0.04047   0.06774  
 28 37.6674   6416.307264  x:  0.00383   2.70668   1.99242   1.20692   1.73421   0.51763   1.06242   0.55759   0.96240   0.58687   2.44311   0.19864   0.16151   0.14862   0.16214   0.00000   0.00739   1.43459   0.14440   0.04538   0.07037  
 29 88.0829   6416.116563  x:  0.01469   2.71094   1.99655   1.21080   1.73427   0.51906   1.06165   0.55911   0.96449   0.59143   2.44809   0.19556   0.15308   0.14994   0.15938   0.00000   0.00743   1.43364   0.14379   0.05583   0.06240  
 30 22.0689   6415.758291  x:  0.05683   2.72822   2.01305   1.22581   1.73488   0.52485   1.05921   0.56486   0.97240   0.60852   2.46820   0.19076   0.13150   0.15911   0.15981   0.00000   0.00746   1.42999   0.14140   0.05121   0.06769  
 31 22.3833   6414.951520  x:  0.17629   2.78158   2.06283   1.27012   1.73855   0.54285   1.05413   0.58227   0.99440   0.65478   2.52968   0.23117   0.12866   0.15264   0.15659   0.00000   0.00752   1.42107   0.13443   0.04784   0.06863  
 32 42.5348   6414.855379  x:  0.18476   2.79607   2.07367   1.27735   1.74424   0.54835   1.05929   0.58622   0.99445   0.65139   2.54467   0.22782   0.12866   0.14289   0.16779   0.00000   0.00751   1.42474   0.13346   0.04854   0.06823  
 33  9.5181   6414.236644  x:  0.21197   2.92607   2.16561   1.33229   1.80402   0.59662   1.11653   0.61910   0.98817   0.59834   2.67564   0.20218   0.15835   0.15402   0.16580   0.00000   0.00742   1.46661   0.12657   0.05020   0.06528  
 34 17.1881   6414.140690  x:  0.21016   2.94708   2.17980   1.33985   1.81400   0.60227   1.12497   0.62331   0.99147   0.59657   2.69635   0.19682   0.15955   0.14703   0.15746   0.00000   0.00740   1.47048   0.12548   0.04873   0.06740  
 35 26.6679   6413.237889  x:  0.10907   3.19621   2.33977   1.41330   1.93527   0.63938   1.21143   0.65797   1.08656   0.66722   2.93575   0.17973   0.17650   0.15095   0.16069   0.00000   0.00730   1.47590   0.11267   0.05017   0.06532  
 36 21.3572   6412.997430  x:  0.06876   3.27936   2.39508   1.43986   1.96516   0.61590   1.19892   0.64074   1.07184   0.65390   3.01340   0.21561   0.14145   0.15061   0.16029   0.00000   0.00735   1.45440   0.11097   0.04993   0.06753  
 37  6.9000   6412.956962  x:  0.06239   3.29771   2.40530   1.44600   1.96247   0.59488   1.18050   0.64162   1.06116   0.66413   3.02913   0.20881   0.14762   0.15073   0.16036   0.00000   0.00735   1.47165   0.11169   0.05007   0.06724  
 38  1.7776   6412.924242  x:  0.05867   3.31140   2.40824   1.45253   1.95940   0.58899   1.17228   0.66261   1.05590   0.66439   3.03960   0.19934   0.15605   0.15096   0.16026   0.00000   0.00736   1.45365   0.11135   0.05008   0.06643  
 39  0.6960   6412.762604  x:  0.04439   3.36803   2.40935   1.48155   1.96507   0.61640   1.17531   0.69548   1.08231   0.65934   3.07640   0.21590   0.13730   0.15100   0.15997   0.00000   0.00752   1.46993   0.11219   0.05025   0.06760  
 40  0.7386   6412.664023  x:  0.05141   3.40102   2.42269   1.49671   1.98440   0.62634   1.19456   0.65586   1.08770   0.66543   3.09741   0.20213   0.14854   0.15134   0.15985   0.00000   0.00759   1.45694   0.11231   0.05099   0.06619  
 41  2.1184   6412.635129  x:  0.05696   3.40447   2.44533   1.49458   2.00590   0.61362   1.22381   0.66232   1.07341   0.67760   3.09949   0.20601   0.14433   0.15129   0.15978   0.00000   0.00762   1.45810   0.11187   0.05118   0.06637  
 42  1.0583   6412.604347  x:  0.06701   3.40313   2.49747   1.49485   2.04642   0.60141   1.22155   0.67226   1.09469   0.66942   3.10570   0.20367   0.14585   0.15131   0.15981   0.00000   0.00764   1.46082   0.11089   0.05145   0.06618  
 43  0.7677   6412.572188  x:  0.06623   3.41206   2.54188   1.51398   2.07053   0.63347   1.21383   0.67981   1.08544   0.68369   3.13469   0.20205   0.14638   0.15139   0.15970   0.00000   0.00765   1.46418   0.10931   0.05161   0.06617  
 44  0.6496   6412.487009  x:  0.08089   3.48236   2.61752   1.57015   2.05438   0.64876   1.25936   0.69286   1.11101   0.68793   3.24989   0.19833   0.14723   0.15167   0.15957   0.00000   0.00768   1.47251   0.10516   0.05243   0.06597  
 45  1.0611   6412.456337  x:  0.10244   3.55264   2.59688   1.56570   2.09709   0.65136   1.26338   0.70320   1.11668   0.69257   3.28725   0.19816   0.14683   0.15174   0.15959   0.00000   0.00767   1.47533   0.10343   0.05282   0.06593  
 46  0.7268   6412.449752  x:  0.10191   3.58983   2.61112   1.57750   2.09720   0.65598   1.26814   0.70514   1.12009   0.69505   3.27155   0.19899   0.14682   0.15181   0.15968   0.00000   0.00763   1.47412   0.10299   0.05262   0.06612  
 47  0.1291   6412.437849  x:  0.10038   3.60879   2.62023   1.59646   2.11647   0.65541   1.27855   0.70941   1.12853   0.70054   3.31291   0.20171   0.14642   0.15200   0.15990   0.00000   0.00753   1.47056   0.10241   0.05211   0.06658  
 48  0.1156   6412.437310  x:  0.10076   3.61198   2.62485   1.58939   2.11512   0.65771   1.27891   0.70978   1.12892   0.70107   3.31757   0.20185   0.14633   0.15200   0.15990   0.00000   0.00754   1.47032   0.10237   0.05212   0.06657  
 49  0.0921   6412.436351  x:  0.09969   3.62431   2.63970   1.59703   2.12430   0.66048   1.28417   0.71320   1.13249   0.70367   3.33222   0.20133   0.14665   0.15187   0.15979   0.00000   0.00759   1.47081   0.10171   0.05214   0.06647  
 50  0.0329   6412.436307  x:  0.09945   3.62612   2.64032   1.59757   2.12543   0.66064   1.28467   0.71366   1.13277   0.70378   3.33282   0.20114   0.14670   0.15184   0.15978   0.00000   0.00759   1.47120   0.10171   0.05216   0.06643  
 51  0.0024   6412.436306  x:  0.09938   3.62639   2.64049   1.59766   2.12558   0.66071   1.28481   0.71374   1.13279   0.70370   3.33308   0.20115   0.14670   0.15185   0.15979   0.00000   0.00758   1.47121   0.10170   0.05215   0.06643  
 52  0.0004   6412.436306  x:  0.09937   3.62637   2.64047   1.59765   2.12556   0.66071   1.28481   0.71373   1.13277   0.70369   3.33306   0.20115   0.14671   0.15185   0.15978   0.00000   0.00758   1.47120   0.10170   0.05215   0.06643  
 53  0.0001   6412.436306  x:  0.09937   3.62637   2.64047   1.59765   2.12555   0.66071   1.28481   0.71372   1.13277   0.70369   3.33306   0.20115   0.14671   0.15185   0.15978   0.00000   0.00758   1.47120   0.10170   0.05215   0.06643  
 54  0.0000   6412.436306  x:  0.09937   3.62637   2.64047   1.59765   2.12555   0.66071   1.28480   0.71372   1.13277   0.70369   3.33306   0.20115   0.14671   0.15185   0.15978   0.00000   0.00758   1.47120   0.10170   0.05215   0.06643  
 55  0.0000   6412.436306  x:  0.09937   3.62637   2.64047   1.59765   2.12555   0.66071   1.28480   0.71372   1.13277   0.70369   3.33306   0.20115   0.14671   0.15185   0.15978   0.00000   0.00758   1.47120   0.10170   0.05215   0.06643  
 56  0.0000   6412.436306  x:  0.09937   3.62637   2.64047   1.59765   2.12555   0.66071   1.28480   0.71372   1.13277   0.70369   3.33306   0.20115   0.14671   0.15185   0.15978   0.00000   0.00758   1.47120   0.10170   0.05215   0.06643  
 57  0.0000   6412.436306  x:  0.09937   3.62637   2.64047   1.59765   2.12555   0.66071   1.28480   0.71372   1.13277   0.70369   3.33306   0.20115   0.14671   0.15185   0.15978   0.00000   0.00758   1.47120   0.10170   0.05215   0.06643  
check convergence!
