

TREE # 1

  0  0.0000  17743.109585  x:  0.00000   0.30335   0.35681   0.16874   0.17518   0.00000   0.16792   0.11420   0.11333   0.14951   0.19286   0.05112   0.04539   0.05555   0.10513   0.10723   0.05372   2.00000   0.20000   0.20000   0.20000  
  1 99.0000  14272.105505  x:  2.50600   0.74837   0.88311   0.75323   0.63720   2.65846   0.62821   0.59958   0.69451   0.55963   0.87289   0.55752   0.46515   0.37167   0.22682   0.08362   0.26107   1.86691   1.88353   0.19482   0.14028  
  2 12819.7304  14179.085849  x:  2.51143   0.78739   0.92889   0.76886   0.64385   2.65853   0.64157   0.60874   0.70855   0.57347   0.88912   0.53739   0.44659   0.34473   0.20494   0.05468   0.23499   1.86687   1.86406   0.15445   0.03737  
  3 864.6945  14081.713870  x:  2.51706   0.92245   1.08793   0.82248   0.66520   2.64331   0.68713   0.63872   0.75546   0.62029   0.94424   0.47941   0.40478   0.27998   0.16288   0.00000   0.17642   1.85892   1.78181   0.01812   0.07744  
  4 784.0457  14070.930500  x:  2.51783   0.94199   1.11096   0.83027   0.66828   2.64102   0.69374   0.64306   0.76225   0.62706   0.95225   0.47122   0.39882   0.27054   0.15697   0.00507   0.16854   1.85775   1.76971   0.00010   0.08146  
  5 5971.8640  13952.689467  x:  2.52594   1.22935   1.45078   0.94735   0.71305   2.60203   0.79179   0.70665   0.86201   0.72620   1.07280   0.35405   0.33079   0.12952   0.07569   0.02932   0.07098   1.83874   1.58085   0.05529   0.13219  
  6 1752.5557  13805.747553  x:  2.53036   1.73106   2.05149   1.16747   0.78787   2.50880   0.96719   0.81465   1.03324   0.89255   1.29980   0.15933   0.19304   0.06763   0.20745   0.03849   0.33762   1.80409   1.17318   0.10306   0.14379  
  7 1390.3771  13651.952833  x:  2.56255   2.41516   2.89541   1.52175   0.86942   2.35006   1.20856   0.94027   1.23995   1.07359   1.66785   0.30847   0.33331   0.67468   0.47556   0.05011   0.23602   1.76537   0.31334   0.15153   0.09193  
  8 766.5507  13649.021439  x:  2.58102   2.40654   2.89404   1.54114   0.86714   2.35056   1.21249   0.93601   1.23474   1.06268   1.68930   0.31100   0.34542   0.66794   0.46211   0.04974   0.24510   1.75721   0.27537   0.14988   0.09175  
  9 101.1564  13618.184168  x:  2.72561   2.28485   2.98818   2.06847   0.79821   1.97218   1.34379   0.82329   1.11143   0.81498   2.26264   0.35430   0.64080   0.66503   0.22193   0.04389   0.39969   1.45317   0.26491   0.12069   0.07284  
 10 107.2790  13592.184544  x:  3.06188   1.94953   2.95392   2.65095   0.56781   1.50722   1.51603   0.71927   1.14643   0.77046   2.88538   0.00000   0.95013   0.57256   0.53978   0.04842   0.24092   1.45156   0.24293   0.10279   0.05474  
 11 82.6182  13545.377554  x:  3.00346   1.98716   3.00850   2.50800   0.50828   1.40003   1.49589   0.81899   1.32018   1.09655   2.71095   0.00000   0.79131   0.14665   0.56074   0.02709   0.37077   1.73551   0.26771   0.08775   0.05421  
 12 42.4004  13540.179396  x:  2.99495   2.01100   3.02128   2.43803   0.53661   1.43382   1.47784   0.83526   1.31030   1.09439   2.63125   0.00000   0.57992   0.13419   0.55026   0.02544   0.37052   1.72708   0.26930   0.09904   0.06274  
 13 61.5830  13533.649149  x:  3.02602   2.02139   3.05152   2.34104   0.56529   1.44113   1.45683   0.86597   1.30495   1.10815   2.51368   0.23983   0.25467   0.13089   0.51885   0.02324   0.37316   1.71359   0.27093   0.11671   0.07598  
 14 87.7398  13531.573078  x:  3.18268   1.94238   3.09255   2.36070   0.53595   1.28980   1.48496   0.87693   1.33636   1.15602   2.50219   0.24312   0.20563   0.18325   0.46402   0.02403   0.38362   1.71563   0.26918   0.12056   0.07796  
 15 15.9041  13521.640304  x:  3.89671   1.75041   3.48832   2.16072   0.81235   0.68329   1.50454   0.94586   1.22877   1.09793   2.06006   0.28244   0.17359   0.16484   0.47722   0.02189   0.37941   1.47493   0.25987   0.12169   0.06650  
 16 27.3389  13517.794292  x:  4.15013   1.65489   3.68011   2.15934   1.06771   0.44953   1.50086   0.91015   1.15303   0.98608   1.93815   0.30625   0.14796   0.17979   0.45016   0.02222   0.38808   1.62045   0.27442   0.12448   0.06775  
 17 35.5849  13515.224551  x:  4.12668   1.49752   3.77180   2.24653   1.34732   0.41879   1.46674   0.84011   1.24952   1.04772   1.89857   0.32371   0.12132   0.19724   0.43683   0.02190   0.38187   1.56047   0.25940   0.12502   0.06417  
 18 10.1202  13502.860579  x:  3.56021   1.06313   4.47083   2.78146   1.13726   0.89477   1.57283   0.88173   1.10808   0.89401   1.66120   0.38916   0.06831   0.22898   0.36887   0.01971   0.37742   1.50142   0.25714   0.12408   0.05077  
 19  6.3998  13499.920933  x:  3.52520   1.09805   4.59003   2.90294   1.02984   0.94307   1.34863   0.74661   1.14257   0.86785   1.66689   0.39655   0.06648   0.22799   0.35643   0.01936   0.37783   1.48961   0.26525   0.12331   0.04896  
 20 11.3642  13489.084471  x:  3.51428   1.40732   4.36133   3.39161   1.07601   0.69684   1.12262   1.19711   1.14340   0.93532   2.02862   0.38089   0.13963   0.22043   0.29357   0.01702   0.36296   1.51142   0.24691   0.10791   0.04494  
 21  5.2053  13479.778829  x:  3.50023   1.77002   4.14683   3.56265   1.10055   0.55307   1.52395   0.95884   1.26682   0.96585   2.16637   0.38084   0.17730   0.20134   0.21269   0.01358   0.37268   1.51621   0.23604   0.09575   0.04367  
 22 14.5999  13477.069136  x:  3.49719   1.81792   4.16431   3.59537   1.12157   0.52832   1.58456   0.85410   1.05531   1.16516   2.30446   0.38215   0.17993   0.20220   0.22397   0.01405   0.35414   1.51856   0.23376   0.09501   0.04377  
 23  5.7290  13455.870084  x:  3.26202   1.94042   4.57221   3.43326   1.15314   0.38539   1.86856   0.84503   1.32552   1.05881   3.26468   0.41457   0.16948   0.19104   0.33191   0.01768   0.20487   1.57324   0.21733   0.09320   0.04680  
 24  4.8192  13441.336131  x:  2.87001   1.59906   5.45879   3.32781   1.12848   0.50841   1.79999   0.96696   1.34909   1.18154   3.83824   0.44245   0.08336   0.15499   0.23589   0.01716   0.16357   1.68790   0.19424   0.08537   0.06986  
 25  1.8959  13434.363334  x:  2.71736   2.33340   5.12371   3.59058   1.17488   0.59107   1.79945   1.01968   1.34330   1.15181   3.60315   0.48776   0.00000   0.17865   0.19881   0.01905   0.15446   1.66311   0.18849   0.09221   0.07524  
 26  2.6157  13425.480201  x:  2.50604   2.51089   5.69429   3.40988   1.21756   0.69828   1.79139   1.02287   1.44712   1.12329   3.36529   0.44783   0.11824   0.17835   0.14846   0.02449   0.19949   1.62575   0.18786   0.09318   0.08489  
 27  0.9658  13417.402384  x:  2.24620   3.03597   6.22092   3.57922   1.39732   0.69327   1.91058   1.05540   1.56524   1.11920   3.11455   0.39365   0.19869   0.16922   0.20753   0.03172   0.17412   1.52980   0.15814   0.09900   0.08691  
 28  1.0718  13412.448007  x:  2.09981   3.09719   7.00596   3.46668   1.51627   0.58556   1.96965   1.07096   1.59363   1.15690   3.25520   0.34365   0.19009   0.15960   0.21826   0.03656   0.15118   1.52415   0.17012   0.10371   0.08989  
 29  1.1592  13407.130303  x:  1.88481   3.27534   7.96348   3.64105   1.67428   0.40439   2.08299   1.11119   1.63720   1.26210   3.40254   0.29113   0.16133   0.15816   0.18867   0.04227   0.15054   1.54408   0.14727   0.11110   0.09222  
 30  1.3865  13403.398121  x:  1.46668   3.63920   8.80706   4.11035   1.72293   0.35817   2.20020   1.18000   1.65380   1.40218   3.48521   0.23332   0.28047   0.18591   0.17676   0.05017   0.16776   1.65485   0.14055   0.11386   0.08985  
 31  0.6967  13401.093844  x:  1.02458   4.33691   9.15409   3.74377   1.75349   0.40843   2.26848   1.26515   1.64644   1.41804   4.25291   0.23598   0.26447   0.17310   0.19937   0.05431   0.17734   1.63670   0.13560   0.12144   0.07855  
 32  0.8189  13400.143247  x:  0.78669   4.65986   9.49082   4.31912   1.77828   0.38310   2.30177   1.29451   1.68789   1.46462   4.08231   0.24282   0.25874   0.15899   0.20054   0.05673   0.16918   1.60233   0.12881   0.12315   0.07470  
 33  0.9055  13399.886492  x:  0.66614   4.80285   9.63561   4.34773   1.80712   0.38643   2.31824   1.30446   1.72339   1.47519   4.20572   0.24899   0.25114   0.17495   0.19056   0.05824   0.16379   1.58369   0.12506   0.12412   0.07393  
 34  0.3191  13399.779020  x:  0.62770   4.85858   9.67169   4.42256   1.82109   0.38399   2.31635   1.30071   1.75083   1.47500   4.18916   0.24935   0.24709   0.17802   0.18982   0.05853   0.16604   1.58243   0.12638   0.12393   0.07476  
 35  0.1479  13399.628087  x:  0.47816   5.08799   9.79289   4.45915   1.88660   0.37557   2.34172   1.31039   1.81707   1.48452   4.35070   0.24582   0.25143   0.17378   0.19096   0.05928   0.16893   1.58353   0.12211   0.12175   0.07685  
 36  0.2352  13399.532619  x:  0.45348   5.16671   9.75507   4.46502   1.93364   0.34304   2.34930   1.31707   1.83345   1.49151   4.49994   0.27019   0.23597   0.17016   0.19099   0.05767   0.16530   1.58789   0.12191   0.11656   0.07769  
 37  0.0768  13399.347235  x:  0.42399   5.21639   9.73350   4.60953   2.01234   0.29498   2.36490   1.34103   1.83490   1.52025   4.60957   0.30407   0.19457   0.17237   0.19502   0.05348   0.16822   1.58750   0.11938   0.10540   0.07777  
 38  0.0734  13399.230165  x:  0.44745   5.09522   9.73521   4.64892   1.98112   0.32803   2.37032   1.34415   1.80909   1.52274   4.53891   0.33533   0.17604   0.17315   0.19046   0.05033   0.17036   1.58420   0.11977   0.09636   0.07925  
 39  0.0576  13399.085136  x:  0.40021   5.15953  10.02056   4.56421   1.92333   0.35302   2.41027   1.33790   1.82232   1.50638   4.48225   0.35817   0.16029   0.17189   0.19053   0.05222   0.17003   1.58230   0.11957   0.09611   0.08062  
 40  0.0916  13398.992521  x:  0.35428   5.26701  10.16363   4.57869   1.94959   0.33187   2.43799   1.34597   1.83772   1.51191   4.55000   0.39334   0.12505   0.17105   0.19228   0.05090   0.16931   1.58587   0.11851   0.08802   0.08183  
 41  0.2059  13398.911111  x:  0.35374   5.39501  10.23349   4.54231   1.96716   0.31880   2.41978   1.34491   1.83683   1.51590   4.53583   0.39247   0.11890   0.17327   0.19287   0.05355   0.16652   1.59637   0.11919   0.09028   0.08062  
 42  0.0621  13398.833997  x:  0.36240   5.44645  10.26682   4.52918   1.97385   0.34196   2.39265   1.34463   1.82750   1.52656   4.48791   0.40818   0.11054   0.17341   0.18950   0.05423   0.16744   1.59704   0.11849   0.08480   0.08073  
 43  0.0400  13398.789139  x:  0.44196   5.33570  10.12262   4.49704   1.96263   0.35590   2.35620   1.33078   1.82060   1.52480   4.43962   0.39072   0.13068   0.17305   0.18917   0.05558   0.16814   1.59377   0.11952   0.08723   0.08039  
 44  0.1067  13398.677181  x:  0.56124   5.16816  10.01233   4.48535   1.95438   0.34950   2.34623   1.31256   1.84295   1.52359   4.47165   0.41740   0.10536   0.17267   0.19133   0.05744   0.16636   1.59231   0.12027   0.08233   0.08195  
 45  0.0659  13398.606957  x:  0.54570   5.15473  10.01874   4.55596   1.94582   0.35539   2.37596   1.32728   1.85418   1.52761   4.54019   0.42417   0.09430   0.17385   0.18916   0.06080   0.16510   1.59193   0.11850   0.08454   0.08097  
 46  0.0521  13398.581481  x:  0.54802   5.18220  10.02025   4.57616   1.94932   0.36001   2.39523   1.34102   1.84217   1.52525   4.54403   0.43045   0.09083   0.17393   0.18781   0.06175   0.16608   1.59284   0.11869   0.08273   0.08073  
 47  0.0245  13398.569284  x:  0.56187   5.19743   9.98043   4.57995   1.97181   0.34902   2.41065   1.34752   1.83979   1.52387   4.55093   0.42018   0.10113   0.17381   0.18837   0.06217   0.16560   1.59041   0.11815   0.08343   0.08110  
 48  0.0243  13398.555053  x:  0.57662   5.20770  10.02125   4.58995   1.98629   0.34508   2.42685   1.34806   1.84401   1.53076   4.53642   0.42627   0.09290   0.17431   0.18774   0.06236   0.16450   1.59124   0.11752   0.08202   0.08215  
 49  0.0132  13398.437968  x:  0.62363   5.20063  10.14114   4.62037   2.00755   0.36098   2.46527   1.34690   1.85299   1.56960   4.52006   0.41462   0.09920   0.17437   0.18654   0.06201   0.16481   1.59705   0.11674   0.08493   0.08238  
 50  0.0185  13398.038696  x:  0.73647   5.55732  10.94603   4.89585   2.19271   0.41731   2.70347   1.40210   1.98876   1.78938   4.87004   0.40416   0.10627   0.17154   0.18646   0.06091   0.16698   1.61188   0.10371   0.08922   0.08049  
 51  0.3400  13397.313900  x:  1.06875   6.24483  12.08900   5.49763   2.37411   0.48801   2.99495   1.58771   2.28885   1.95529   5.70092   0.45659   0.08482   0.17515   0.19713   0.05738   0.16681   1.61142   0.08937   0.07958   0.07707  
 52  0.3195  13397.200346  x:  1.09341   6.44192  12.39955   5.64491   2.43683   0.50027   3.07392   1.63083   2.35246   2.00138   5.85998   0.45702   0.08176   0.17518   0.19585   0.05767   0.16667   1.61518   0.08494   0.08016   0.07755  
 53  1.3170  13396.829329  x:  1.15552   6.71521  12.88544   5.88578   2.48851   0.52764   3.13871   1.71508   2.43489   1.99853   5.99427   0.43805   0.07557   0.17353   0.18484   0.05967   0.16622   1.63585   0.08259   0.08631   0.08243  
 54  0.5522  13396.641680  x:  1.35556   7.07414  13.77476   6.32471   2.59795   0.61257   3.27346   1.84099   2.56274   2.09266   6.37289   0.43412   0.08686   0.17334   0.18970   0.05761   0.16728   1.64292   0.07589   0.08539   0.08171  
 55  0.4758  13396.565468  x:  1.41186   7.07166  13.95120   6.40928   2.60355   0.63762   3.27050   1.86026   2.56165   2.09871   6.40892   0.43166   0.09170   0.17341   0.19133   0.05741   0.16731   1.64310   0.07629   0.08498   0.08135  
 56  0.3063  13396.484068  x:  1.56683   7.33116  14.80641   6.78998   2.72025   0.69242   3.39894   1.94745   2.65746   2.19072   6.74424   0.43536   0.08371   0.17370   0.18907   0.05882   0.16635   1.64993   0.07135   0.08538   0.08183  
 57  0.5883  13396.411077  x:  1.61179   7.45138  15.48778   7.02161   2.84615   0.69340   3.51415   1.96061   2.70458   2.28443   6.99537   0.44431   0.07226   0.17318   0.18786   0.05925   0.16651   1.65254   0.06936   0.08588   0.08271  
 58  0.2552  13396.385119  x:  1.65113   7.62390  15.94054   7.20624   2.93131   0.70468   3.60039   1.99467   2.76150   2.34500   7.19584   0.44770   0.07098   0.17312   0.18884   0.05887   0.16675   1.65540   0.06683   0.08573   0.08275  
 59  0.7095  13396.348323  x:  1.56142   7.83553  16.09003   7.26139   3.01839   0.67346   3.67046   1.99989   2.80742   2.38308   7.33351   0.45174   0.07451   0.17354   0.19145   0.05788   0.16708   1.65606   0.06590   0.08497   0.08212  
 60  0.1450  13396.301117  x:  1.54079   8.24334  16.62422   7.52840   3.17109   0.67349   3.81240   2.06920   2.92174   2.46045   7.64039   0.45801   0.06400   0.17368   0.18874   0.05900   0.16668   1.66030   0.06271   0.08538   0.08253  
 61  0.3296  13396.270075  x:  1.51028   8.38119  16.58371   7.56169   3.19754   0.67560   3.83891   2.09872   2.96004   2.46556   7.67669   0.45762   0.06039   0.17361   0.18708   0.05959   0.16649   1.65966   0.06262   0.08574   0.08261  
 62  0.1648  13396.216411  x:  1.59720   8.85275  17.35430   7.96217   3.36894   0.72759   4.03071   2.22045   3.12331   2.58969   8.08061   0.45962   0.05867   0.17332   0.18803   0.05911   0.16676   1.66265   0.05841   0.08583   0.08245  
 63  0.7353  13396.141427  x:  1.84424   9.16169  18.16342   8.37280   3.47220   0.84729   4.21792   2.37257   3.28966   2.73979   8.44187   0.45441   0.07054   0.17311   0.19206   0.05736   0.16726   1.66494   0.05506   0.08524   0.08188  
 64  0.4847  13396.099136  x:  1.89954   9.26491  18.53552   8.49028   3.51241   0.86751   4.29699   2.41160   3.34359   2.80082   8.59059   0.45715   0.06441   0.17376   0.18859   0.05890   0.16652   1.66991   0.05448   0.08546   0.08257  
 65  0.2409  13396.063600  x:  1.97532   9.61803  19.28140   8.80258   3.64657   0.90347   4.46926   2.50440   3.47520   2.91931   8.94326   0.46088   0.05843   0.17415   0.18636   0.05986   0.16608   1.67560   0.05173   0.08565   0.08304  
 66  2.9634  13396.033585  x:  2.02485  10.01811  20.09973   9.11863   3.78973   0.92918   4.65556   2.59909   3.61499   3.04947   9.33493   0.46049   0.05969   0.17396   0.18758   0.05938   0.16643   1.67764   0.04918   0.08569   0.08293  
 67  0.8328  13395.988377  x:  1.97500  10.30231  20.62700   9.26916   3.88042   0.90753   4.76458   2.63745   3.68848   3.12319   9.59494   0.45628   0.06649   0.17325   0.19120   0.05785   0.16734   1.67454   0.04831   0.08557   0.08234  
 68  0.6263  13395.961472  x:  2.03550  10.74826  21.50444   9.62930   4.02454   0.93888   4.95239   2.74904   3.83796   3.25080  10.01823   0.45546   0.06613   0.17342   0.19022   0.05837   0.16697   1.67704   0.04592   0.08543   0.08247  
 69  1.0267  13395.921846  x:  2.13778  11.29808  22.53429  10.10749   4.17653   0.99191   5.15286   2.90183   4.01638   3.38137  10.52258   0.45507   0.06233   0.17424   0.18592   0.06043   0.16569   1.68178   0.04367   0.08528   0.08302  
 70  0.7104  13395.887596  x:  2.20079  11.54863  22.94942  10.35204   4.24247   1.02855   5.23389   2.97396   4.09839   3.43470  10.74498   0.45570   0.06472   0.17384   0.18894   0.05910   0.16672   1.68231   0.04299   0.08557   0.08271  
 71  0.2883  13395.861716  x:  2.28241  12.00915  23.80734  10.75335   4.38620   1.07337   5.41611   3.09334   4.25304   3.55820  11.17533   0.45653   0.06566   0.17358   0.19073   0.05828   0.16731   1.68413   0.04097   0.08571   0.08256  
 72  3.5588  13395.846853  x:  2.35997  12.41987  24.56196  11.12515   4.52764   1.11242   5.58202   3.19412   4.39133   3.66860  11.56348   0.46249   0.05993   0.17359   0.19003   0.05835   0.16706   1.68621   0.03937   0.08557   0.08281  
 73  1.0093  13395.805268  x:  2.47232  12.90683  25.42745  11.61598   4.75606   1.15843   5.80455   3.28983   4.56211   3.81417  12.04486   0.48441   0.03707   0.17384   0.18561   0.05941   0.16554   1.68914   0.03786   0.08501   0.08380  
 74  0.6872  13395.784064  x:  2.56333  13.33447  26.21359  12.01500   4.93415   1.19896   5.99377   3.38312   4.70915   3.94280  12.45736   0.48276   0.03984   0.17376   0.18769   0.05889   0.16638   1.68978   0.03634   0.08577   0.08338  
 75  0.9255  13395.767864  x:  2.58727  13.38565  26.31715  12.07349   4.98377   1.20468   6.03267   3.38486   4.73055   3.97125  12.51424   0.47475   0.04865   0.17365   0.19021   0.05832   0.16733   1.68862   0.03627   0.08633   0.08282  
 76  0.2596  13395.751576  x:  2.71329  13.87491  27.26599  12.53833   5.20916   1.25337   6.26678   3.48758   4.90589   4.12811  12.99327   0.47210   0.05085   0.17365   0.19008   0.05840   0.16719   1.68978   0.03466   0.08563   0.08290  
 77  0.8723  13395.738093  x:  2.78388  14.06604  27.71030  12.71946   5.30713   1.27819   6.37705   3.52735   4.98393   4.19827  13.18269   0.46770   0.05286   0.17380   0.18809   0.05903   0.16637   1.69048   0.03417   0.08509   0.08310  
 78  0.3658  13395.729130  x:  2.89359  14.46974  28.54840  13.08927   5.47299   1.32611   6.57491   3.61912   5.13604   4.32505  13.56903   0.46593   0.05396   0.17387   0.18802   0.05908   0.16642   1.69126   0.03297   0.08551   0.08294  
 79  0.9114  13395.703982  x:  3.08223  15.13180  30.06722  13.64310   5.68106   1.42303   6.90846   3.79148   5.40679   4.52112  14.17239   0.46801   0.05330   0.17390   0.18990   0.05848   0.16741   1.69179   0.03131   0.08706   0.08236  
 80  0.7863  13395.695838  x:  3.07649  15.12476  30.08993  13.61108   5.65140   1.42473   6.90257   3.79934   5.41029   4.50959  14.15034   0.47098   0.05103   0.17384   0.18966   0.05849   0.16721   1.69198   0.03147   0.08640   0.08264  
 81  0.0701  13395.686440  x:  3.15431  15.45278  30.79112  13.88024   5.75606   1.46247   7.05556   3.88422   5.53875   4.59851  14.44461   0.47406   0.04834   0.17378   0.18899   0.05864   0.16680   1.69298   0.03068   0.08534   0.08303  
 82  1.5928  13395.683000  x:  3.22190  15.78868  31.48777  14.15150   5.86055   1.49711   7.20672   3.97121   5.66799   4.68672  14.74203   0.47388   0.04818   0.17381   0.18859   0.05879   0.16663   1.69356   0.02993   0.08525   0.08309  
 83  1.0262  13395.674459  x:  3.24823  16.29437  32.39355  14.52852   5.99635   1.51866   7.39221   4.10762   5.84846   4.79308  15.16641   0.46825   0.05191   0.17394   0.18782   0.05921   0.16636   1.69372   0.02914   0.08567   0.08294  
 84  0.3644  13395.669092  x:  3.30200  16.70080  33.14739  14.89127   6.15158   1.54279   7.56321   4.20711   5.99625   4.90527  15.55040   0.46821   0.05293   0.17388   0.18898   0.05878   0.16684   1.69357   0.02829   0.08568   0.08279  
 85  0.6596  13395.662454  x:  3.26372  16.61891  32.90026  14.87293   6.16013   1.51795   7.51686   4.18123   5.95708   4.89322  15.51176   0.47075   0.05180   0.17379   0.19011   0.05832   0.16730   1.69298   0.02850   0.08564   0.08273  
 86  0.2851  13395.654502  x:  3.31779  17.09284  33.75693  15.36842   6.37118   1.53399   7.70658   4.30565   6.12552   5.03767  16.01077   0.47546   0.04626   0.17385   0.18855   0.05886   0.16666   1.69400   0.02761   0.08565   0.08302  
 87  0.5397  13395.650729  x:  3.39341  17.25037  34.21807  15.59310   6.43947   1.56429   7.78677   4.37502   6.19492   5.11401  16.22403   0.47571   0.04600   0.17385   0.18841   0.05887   0.16661   1.69431   0.02729   0.08536   0.08314  
 88  0.1651  13395.647631  x:  3.47921  17.59250  34.98629  15.94498   6.56798   1.60234   7.94200   4.48141   6.32868   5.22994  16.58487   0.47540   0.04649   0.17384   0.18867   0.05878   0.16671   1.69453   0.02660   0.08532   0.08312  
 89  1.4752  13395.646477  x:  3.53825  17.75106  35.40489  16.10565   6.62161   1.63159   8.02328   4.53589   6.39348   5.29257  16.75505   0.47400   0.04784   0.17384   0.18889   0.05875   0.16678   1.69455   0.02628   0.08559   0.08300  
 90  0.4973  13395.645778  x:  3.54165  17.70319  35.34455  16.04657   6.59847   1.63643   8.01027   4.52286   6.37590   5.28353  16.70245   0.47323   0.04855   0.17384   0.18899   0.05875   0.16681   1.69449   0.02637   0.08576   0.08292  
 91  0.1645  13395.644193  x:  3.58220  17.95618  35.82752  16.23124   6.70033   1.66305   8.12801   4.57548   6.45423   5.37205  16.93099   0.47617   0.04552   0.17387   0.18842   0.05891   0.16661   1.69500   0.02599   0.08546   0.08312  
 92  0.1620  13395.643368  x:  3.57238  18.11328  36.00826  16.31056   6.75363   1.66751   8.18114   4.59881   6.49222   5.40704  17.04101   0.47485   0.04719   0.17383   0.18901   0.05870   0.16682   1.69470   0.02581   0.08562   0.08301  
 93  0.1263  13395.642936  x:  3.55872  18.20316  36.06879  16.33311   6.76540   1.67052   8.19957   4.61243   6.51014   5.41205  17.08158   0.47435   0.04728   0.17386   0.18867   0.05885   0.16669   1.69478   0.02576   0.08565   0.08303  
 94  0.0458  13395.642685  x:  3.58155  18.33800  36.30511  16.44462   6.80561   1.68582   8.24988   4.64805   6.55343   5.44772  17.20221   0.47519   0.04662   0.17385   0.18874   0.05881   0.16673   1.69491   0.02556   0.08556   0.08306  
 95  0.1772  13395.642527  x:  3.58937  18.33983  36.30218  16.45339   6.80138   1.69063   8.24699   4.65018   6.55266   5.44650  17.20612   0.47563   0.04637   0.17384   0.18888   0.05874   0.16678   1.69493   0.02557   0.08555   0.08305  
 96  0.0103  13395.642351  x:  3.61841  18.44277  36.49643  16.54819   6.83715   1.70670   8.29004   4.67382   6.58426   5.47916  17.30868   0.47534   0.04645   0.17385   0.18871   0.05882   0.16671   1.69516   0.02541   0.08567   0.08305  
 97  0.0932  13395.642240  x:  3.61256  18.41002  36.43319  16.51553   6.82560   1.70202   8.27868   4.65944   6.57286   5.46756  17.27890   0.47497   0.04687   0.17385   0.18883   0.05878   0.16676   1.69510   0.02546   0.08554   0.08305  
 98  0.0288  13395.642129  x:  3.62526  18.44833  36.50821  16.54951   6.83512   1.70709   8.29717   4.66136   6.58575   5.47568  17.32105   0.47516   0.04665   0.17385   0.18881   0.05878   0.16675   1.69527   0.02541   0.08558   0.08305  
 99  0.0425  13395.642124  x:  3.62303  18.43638  36.48775  16.54051   6.83093   1.70572   8.29253   4.65936   6.58267   5.47243  17.31017   0.47538   0.04645   0.17385   0.18879   0.05878   0.16674   1.69528   0.02542   0.08560   0.08305  
100  0.0296  13395.642115  x:  3.62339  18.43694  36.49035  16.54295   6.83086   1.70545   8.29401   4.66061   6.58497   5.47313  17.31137   0.47575   0.04612   0.17385   0.18877   0.05878   0.16674   1.69529   0.02542   0.08561   0.08305  
101  0.0022  13395.642085  x:  3.63957  18.49120  36.59269  16.59816   6.85153   1.71132   8.32218   4.67276   6.60793   5.49193  17.36830   0.47506   0.04673   0.17385   0.18879   0.05878   0.16675   1.69527   0.02533   0.08559   0.08304  
102  0.0186  13395.642081  x:  3.63582  18.47884  36.56957  16.58593   6.84679   1.70998   8.31566   4.67034   6.60282   5.48766  17.35522   0.47526   0.04656   0.17385   0.18879   0.05878   0.16675   1.69527   0.02535   0.08559   0.08305  
103  0.0616  13395.642081  x:  3.63576  18.47865  36.56921  16.58574   6.84672   1.70996   8.31555   4.67030   6.60274   5.48759  17.35501   0.47526   0.04655   0.17385   0.18879   0.05878   0.16675   1.69527   0.02535   0.08559   0.08305  
104  0.0293  13395.642081  x:  3.63562  18.47818  36.56836  16.58530   6.84655   1.70990   8.31531   4.67021   6.60255   5.48743  17.35451   0.47527   0.04655   0.17385   0.18879   0.05878   0.16675   1.69527   0.02535   0.08559   0.08305  
105  0.0288  13395.642081  x:  3.63553  18.47786  36.56778  16.58500   6.84643   1.70987   8.31514   4.67015   6.60242   5.48732  17.35417   0.47527   0.04654   0.17385   0.18879   0.05878   0.16675   1.69527   0.02535   0.08559   0.08305  
106  0.0282  13395.642081  x:  3.63539  18.47738  36.56693  16.58457   6.84626   1.70982   8.31490   4.67005   6.60223   5.48716  17.35365   0.47528   0.04654   0.17385   0.18879   0.05878   0.16675   1.69527   0.02535   0.08559   0.08305  
107  0.0271  13395.642081  x:  3.63528  18.47698  36.56623  16.58420   6.84611   1.70977   8.31469   4.66998   6.60207   5.48702  17.35321   0.47529   0.04653   0.17385   0.18879   0.05878   0.16675   1.69527   0.02535   0.08559   0.08305  
108  0.0258  13395.642081  x:  3.63511  18.47638  36.56520  16.58368   6.84590   1.70971   8.31439   4.66987   6.60184   5.48681  17.35255   0.47530   0.04652   0.17385   0.18879   0.05878   0.16675   1.69527   0.02536   0.08560   0.08305  
109  0.0240  13395.642081  x:  3.63502  18.47608  36.56468  16.58341   6.84580   1.70967   8.31423   4.66981   6.60172   5.48670  17.35221   0.47530   0.04652   0.17385   0.18879   0.05878   0.16675   1.69527   0.02536   0.08560   0.08305  
110  0.0225  13395.642081  x:  3.63494  18.47577  36.56416  16.58315   6.84569   1.70964   8.31407   4.66975   6.60160   5.48660  17.35186   0.47531   0.04652   0.17385   0.18879   0.05878   0.16675   1.69527   0.02536   0.08560   0.08305  
111  0.0215  13395.642081  x:  3.63474  18.47511  36.56306  16.58258   6.84546   1.70956   8.31373   4.66963   6.60134   5.48636  17.35108   0.47532   0.04651   0.17385   0.18879   0.05878   0.16675   1.69527   0.02536   0.08560   0.08305  
112  0.0196  13395.642081  x:  3.63466  18.47481  36.56257  16.58233   6.84536   1.70953   8.31357   4.66958   6.60122   5.48625  17.35073   0.47532   0.04650   0.17385   0.18879   0.05878   0.16675   1.69527   0.02536   0.08560   0.08305  
113  0.0179  13395.642081  x:  3.63454  18.47439  36.56192  16.58200   6.84523   1.70948   8.31336   4.66950   6.60106   5.48610  17.35024   0.47533   0.04649   0.17385   0.18879   0.05878   0.16675   1.69527   0.02536   0.08560   0.08305  
114  0.0166  13395.642081  x:  3.63441  18.47394  36.56122  16.58164   6.84508   1.70943   8.31313   4.66943   6.60089   5.48594  17.34970   0.47534   0.04649   0.17385   0.18879   0.05878   0.16675   1.69527   0.02536   0.08560   0.08305  
115  0.0147  13395.642081  x:  3.63433  18.47365  36.56078  16.58141   6.84499   1.70939   8.31298   4.66937   6.60077   5.48583  17.34934   0.47534   0.04648   0.17385   0.18879   0.05878   0.16675   1.69527   0.02536   0.08560   0.08305  
116  0.0133  13395.642081  x:  3.63422  18.47326  36.56022  16.58112   6.84487   1.70934   8.31278   4.66931   6.60063   5.48569  17.34886   0.47535   0.04648   0.17385   0.18879   0.05878   0.16675   1.69527   0.02536   0.08560   0.08305  
117  0.0120  13395.642081  x:  3.63411  18.47291  36.55972  16.58086   6.84476   1.70930   8.31260   4.66925   6.60049   5.48556  17.34841   0.47536   0.04647   0.17385   0.18879   0.05878   0.16675   1.69527   0.02536   0.08560   0.08305  
118  0.0105  13395.642081  x:  3.63401  18.47255  36.55924  16.58061   6.84466   1.70925   8.31241   4.66920   6.60036   5.48542  17.34793   0.47537   0.04646   0.17385   0.18878   0.05878   0.16675   1.69527   0.02536   0.08560   0.08305  
119  0.0090  13395.642081  x:  3.63391  18.47220  36.55881  16.58038   6.84457   1.70921   8.31224   4.66914   6.60023   5.48529  17.34746   0.47537   0.04646   0.17385   0.18878   0.05878   0.16675   1.69527   0.02536   0.08560   0.08305  
120  0.0075  13395.642081  x:  3.63382  18.47191  36.55847  16.58020   6.84449   1.70917   8.31208   4.66910   6.60012   5.48517  17.34705   0.47538   0.04645   0.17385   0.18878   0.05878   0.16675   1.69527   0.02536   0.08560   0.08305  
121  0.0062  13395.642081  x:  3.63373  18.47160  36.55817  16.58003   6.84442   1.70913   8.31193   4.66906   6.60001   5.48505  17.34661   0.47539   0.04644   0.17385   0.18878   0.05878   0.16675   1.69527   0.02536   0.08560   0.08305  
122  0.0050  13395.642081  x:  3.63364  18.47131  36.55793  16.57990   6.84436   1.70908   8.31178   4.66903   6.59991   5.48492  17.34616   0.47540   0.04644   0.17385   0.18878   0.05878   0.16675   1.69527   0.02536   0.08560   0.08305  
123  0.0037  13395.642081  x:  3.63355  18.47102  36.55779  16.57980   6.84432   1.70903   8.31162   4.66900   6.59981   5.48479  17.34567   0.47541   0.04643   0.17385   0.18878   0.05878   0.16675   1.69527   0.02536   0.08560   0.08305  
124  0.0026  13395.642081  x:  3.63348  18.47080  36.55780  16.57978   6.84431   1.70899   8.31151   4.66899   6.59974   5.48469  17.34525   0.47542   0.04642   0.17385   0.18878   0.05878   0.16675   1.69527   0.02536   0.08560   0.08305  
125  0.0016  13395.642081  x:  3.63341  18.47061  36.55820  16.57992   6.84437   1.70894   8.31141   4.66902   6.59970   5.48457  17.34474   0.47543   0.04641   0.17385   0.18878   0.05878   0.16675   1.69527   0.02536   0.08560   0.08305  
126  0.0011  13395.642081  x:  3.63350  18.47111  36.56116  16.58123   6.84491   1.70890   8.31165   4.66929   6.59999   5.48458  17.34443   0.47546   0.04639   0.17385   0.18878   0.05878   0.16675   1.69527   0.02536   0.08560   0.08305  
127  0.0009  13395.642081  x:  3.63353  18.47113  36.56014  16.58080   6.84474   1.70895   8.31167   4.66921   6.59995   5.48466  17.34490   0.47544   0.04640   0.17385   0.18878   0.05878   0.16675   1.69527   0.02536   0.08560   0.08305  
128  0.0013  13395.642080  x:  3.63430  18.47376  36.56419  16.58282   6.84559   1.70925   8.31301   4.66968   6.60097   5.48562  17.34817   0.47539   0.04644   0.17385   0.18878   0.05878   0.16675   1.69527   0.02536   0.08560   0.08305  
129  0.0008  13395.642080  x:  3.63430  18.47375  36.56419  16.58282   6.84559   1.70925   8.31301   4.66968   6.60097   5.48562  17.34817   0.47539   0.04644   0.17385   0.18878   0.05878   0.16675   1.69527   0.02536   0.08560   0.08305  
130  0.0023  13395.642080  x:  3.63430  18.47375  36.56419  16.58282   6.84559   1.70925   8.31301   4.66968   6.60097   5.48562  17.34817   0.47539   0.04644   0.17385   0.18878   0.05878   0.16675   1.69527   0.02536   0.08560   0.08305  
131  0.0167  13395.642080  x:  3.63430  18.47375  36.56419  16.58282   6.84559   1.70925   8.31301   4.66968   6.60097   5.48562  17.34817   0.47539   0.04644   0.17385   0.18878   0.05878   0.16675   1.69527   0.02536   0.08560   0.08305  
check convergence!
