

TREE # 1

  0  0.0000   8765.344497  x:  0.00000   0.25738   0.25769   0.08438   0.27790   0.04440   0.17614   0.10088   0.14012   0.12048   0.21249   0.10518   0.03444   0.11028   0.01942   0.03955   0.06783   2.00000   0.20000   0.20000   0.20000  
  1 99.0000   8035.033238  x:  2.31789   0.47833   0.53077   0.42653   0.41727   0.28908   0.38047   0.33051   0.35068   0.31478   0.44277   0.14779   0.17182   0.17919   0.27709   0.10875   0.03036   1.97305   0.20614   0.12180   0.16185  
  2 7354.7562   7937.864907  x:  2.32838   0.49394   0.55389   0.43557   0.42563   0.29346   0.39483   0.33721   0.35908   0.32125   0.45225   0.14134   0.16486   0.17499   0.26242   0.10047   0.02158   1.96920   0.09956   0.09092   0.14009  
  3 1167.2175   7867.376547  x:  2.31461   0.53462   0.61432   0.46001   0.45050   0.30535   0.43308   0.35658   0.38038   0.33777   0.48008   0.12495   0.14695   0.16636   0.21945   0.08394   0.01093   1.95342   0.09586   0.00781   0.08115  
  4 715.2407   7815.598999  x:  2.29510   0.58571   0.69081   0.49127   0.48186   0.31969   0.48105   0.38069   0.40673   0.35789   0.51575   0.11131   0.13127   0.16225   0.16669   0.07379   0.01664   1.93193   0.09050   0.01957   0.00010  
  5 1156.7211   7764.428893  x:  2.24715   0.70434   0.86856   0.56375   0.55471   0.35273   0.59240   0.43651   0.46775   0.40439   0.59861   0.08006   0.09525   0.15318   0.04428   0.05128   0.03134   1.88174   0.07876   0.04916   0.00269  
  6 1491.4915   7729.741857  x:  2.17258   0.81232   1.03714   0.63272   0.61938   0.37141   0.69088   0.48127   0.51419   0.43446   0.67969   0.10879   0.12792   0.19484   0.10528   0.11871   0.08857   1.82303   0.06140   0.04129   0.00293  
  7 559.9800   7714.914616  x:  2.14579   0.85292   1.10743   0.65680   0.63600   0.36158   0.72277   0.48665   0.52025   0.43028   0.70911   0.12795   0.15191   0.21103   0.15576   0.09285   0.01715   1.79337   0.06080   0.05495   0.00347  
  8 270.6836   7707.605416  x:  2.14938   0.88782   1.19889   0.67301   0.61881   0.28204   0.73012   0.44577   0.48102   0.36454   0.73135   0.09276   0.12982   0.15230   0.20511   0.07443   0.02535   1.73396   0.06215   0.06212   0.00365  
  9 81.8113   7704.266295  x:  2.15821   0.89870   1.25317   0.67904   0.60175   0.21488   0.72625   0.41134   0.45969   0.32446   0.73991   0.10084   0.14360   0.15397   0.18041   0.10669   0.01147   1.68302   0.06271   0.06017   0.00353  
 10 92.7110   7702.661502  x:  2.16319   0.89580   1.28024   0.68049   0.59422   0.17479   0.72118   0.39280   0.45873   0.31489   0.74171   0.11005   0.15534   0.17797   0.16903   0.08720   0.02677   1.64360   0.06245   0.05675   0.00344  
 11 80.1213   7699.785312  x:  2.16529   0.85280   1.31497   0.67843   0.60422   0.11930   0.70721   0.37717   0.49814   0.35040   0.73562   0.08493   0.13605   0.19725   0.17403   0.09515   0.02046   1.52744   0.06193   0.05810   0.00335  
 12 41.5795   7696.271374  x:  2.16419   0.78341   1.35194   0.67845   0.64443   0.10402   0.70007   0.38183   0.51973   0.36690   0.72774   0.10843   0.15941   0.15277   0.16622   0.08994   0.02475   1.37165   0.06008   0.05706   0.00317  
 13 69.1864   7692.462503  x:  2.16281   0.71062   1.39507   0.68255   0.70135   0.14399   0.70897   0.40490   0.48650   0.32280   0.72076   0.09782   0.14156   0.18207   0.15898   0.09081   0.02451   1.22919   0.05802   0.05649   0.00292  
 14 58.7790   7666.572508  x:  2.09718   0.57939   1.87130   0.70138   0.68949   0.22609   0.84089   0.48650   0.51530   0.39750   0.66247   0.14141   0.11222   0.20001   0.14151   0.10922   0.04109   1.29018   0.07337   0.06287   0.00146  
 15 11.0750   7652.731814  x:  2.02498   0.57334   1.88834   0.99909   0.72749   0.21133   0.75179   0.53795   0.54736   0.39922   0.95928   0.01620   0.23368   0.20847   0.11037   0.10932   0.04744   1.32592   0.07111   0.06503   0.00044  
 16 41.9277   7649.729057  x:  2.01307   0.66932   1.79671   1.07772   0.77045   0.16403   0.76678   0.54473   0.54566   0.40017   1.03400   0.10433   0.14037   0.20828   0.10976   0.10946   0.04751   1.30311   0.07033   0.06562   0.00020  
 17 27.4069   7647.706257  x:  2.01071   0.81849   1.67239   1.06602   0.84617   0.10573   0.85893   0.54418   0.53559   0.39971   1.01210   0.06583   0.18000   0.20923   0.10771   0.10976   0.04870   1.26666   0.07046   0.06574   0.00010  
 18 18.6831   7646.247878  x:  2.00807   0.93122   1.59703   1.05490   0.89563   0.07967   0.82803   0.57667   0.57203   0.36106   1.00693   0.06452   0.18434   0.21034   0.11425   0.10996   0.04821   1.24162   0.07104   0.06319   0.00040  
 19  4.7465   7644.138651  x:  2.00160   0.93664   1.58103   1.05714   0.87019   0.09173   0.90896   0.51418   0.45726   0.46509   1.08982   0.06654   0.18542   0.21114   0.11617   0.10793   0.04681   1.22752   0.06992   0.06005   0.00058  
 20  4.1994   7628.087898  x:  1.92445   1.00522   1.74508   1.00077   0.66544   0.16938   1.33474   0.46391   0.70856   0.29351   1.41201   0.07832   0.18398   0.20760   0.12187   0.08484   0.03552   1.28670   0.05830   0.04242   0.00083  
 21  4.7707   7613.494803  x:  1.85818   1.23282   2.05938   0.98698   0.74627   0.10902   1.26910   0.69913   0.60627   0.37265   1.47142   0.07607   0.19814   0.21665   0.11697   0.06465   0.02736   1.39068   0.04728   0.02684   0.00086  
 22 22.2326   7611.049700  x:  1.84749   1.29272   2.13621   1.03424   0.87133   0.17151   1.20514   0.53436   0.62585   0.38462   1.42856   0.07931   0.19811   0.21911   0.11612   0.06308   0.02685   1.42796   0.04690   0.02380   0.00087  
 23 15.7185   7607.857281  x:  1.80701   1.35629   2.18713   1.38113   0.73594   0.23685   1.22688   0.53174   0.61482   0.40407   1.17903   0.07155   0.20831   0.21775   0.11472   0.06559   0.02660   1.36059   0.04589   0.01675   0.00090  
 24  3.6204   7603.252641  x:  1.78664   1.26058   2.28743   1.44263   0.89499   0.10431   1.29394   0.60097   0.60762   0.38088   1.21018   0.08029   0.19920   0.21804   0.11633   0.07248   0.02734   1.42640   0.04739   0.00845   0.00100  
 25  3.5927   7599.675034  x:  1.77036   1.42465   2.38843   1.25853   0.82302   0.21491   1.16146   0.62071   0.60339   0.40755   1.36099   0.06879   0.20888   0.21805   0.11425   0.08035   0.02883   1.32689   0.04834   0.00600   0.00092  
 26  5.3392   7591.735272  x:  1.71133   1.47077   2.67893   1.31869   0.96259   0.14912   1.09797   0.73671   0.58217   0.41176   1.41708   0.06053   0.19379   0.20487   0.12606   0.09865   0.02830   1.30798   0.05197   0.01616   0.00089  
 27  2.6560   7582.389383  x:  1.58384   1.54297   3.05271   1.54667   1.16028   0.00000   1.32803   0.83679   0.64810   0.37338   1.61567   0.06535   0.17531   0.19914   0.12016   0.10313   0.02669   1.25832   0.04364   0.01579   0.00114  
 28  0.5327   7582.389383  x:  1.58384   1.54297   3.05271   1.54667   1.16028   0.00000   1.32803   0.83679   0.64810   0.37338   1.61567   0.06535   0.17531   0.19914   0.12016   0.10313   0.02669   1.25832   0.04364   0.01579   0.00114  
 29  0.8448   7580.599077  x:  1.58380   1.54298   3.05272   1.54668   1.16029   0.00002   1.32805   0.83680   0.64811   0.37339   1.61568   0.06538   0.17535   0.19917   0.12010   0.10300   0.02669   1.25831   0.04360   0.01583   0.00657  
 30 1399.4627   7580.081097  x:  1.57825   1.54482   3.05469   1.54763   1.16175   0.00454   1.32994   0.83747   0.64930   0.37472   1.61674   0.06917   0.17978   0.20281   0.11119   0.08691   0.02631   1.25761   0.04270   0.01703   0.00662  
 31 46.7735   7579.973702  x:  1.57699   1.54524   3.05514   1.54785   1.16208   0.00557   1.33037   0.83762   0.64957   0.37503   1.61699   0.07000   0.18075   0.20363   0.10920   0.08346   0.02639   1.25745   0.04357   0.01704   0.00664  
 32 834.5032   7579.864693  x:  1.57514   1.54586   3.05580   1.54816   1.16256   0.00700   1.33100   0.83784   0.64995   0.37545   1.61734   0.07081   0.18181   0.20468   0.10681   0.08082   0.02817   1.25724   0.04346   0.01470   0.00667  
 33 106.6432   7579.664177  x:  1.56917   1.54786   3.05793   1.54918   1.16406   0.01140   1.33301   0.83853   0.65113   0.37674   1.61850   0.07256   0.18446   0.20795   0.10045   0.07862   0.03633   1.25656   0.04342   0.01572   0.00669  
 34 78.8796   7579.174576  x:  1.53961   1.55788   3.06856   1.55417   1.17117   0.03088   1.34279   0.84171   0.65647   0.38243   1.62427   0.07290   0.18993   0.22094   0.08206   0.08759   0.03154   1.25339   0.04322   0.01487   0.00681  
 35 36.4697   7578.058394  x:  1.43750   1.59310   3.10576   1.57133   1.19371   0.08680   1.37567   0.85166   0.67182   0.39780   1.64446   0.06666   0.20289   0.25017   0.10155   0.08888   0.03034   1.24320   0.04247   0.01426   0.00695  
 36 55.5917   7576.435622  x:  1.28704   1.64681   3.16196   1.59666   1.22160   0.14537   1.42192   0.86412   0.68604   0.40900   1.67503   0.03339   0.19593   0.22289   0.10412   0.08264   0.03268   1.22956   0.04150   0.01575   0.00714  
 37 86.7005   7575.497770  x:  1.18365   1.68542   3.20204   1.61442   1.23630   0.16827   1.45183   0.87116   0.68920   0.40772   1.69693   0.04586   0.21284   0.19155   0.10841   0.08692   0.03085   1.22281   0.04107   0.01567   0.00720  
 38 108.6863   7572.952931  x:  0.86575   1.82110   3.33962   1.67216   1.24494   0.09881   1.52861   0.88040   0.65128   0.33789   1.77248   0.05924   0.19475   0.21238   0.10294   0.08595   0.03150   1.22437   0.04104   0.01533   0.00698  
 39 44.1443   7572.256181  x:  0.77620   1.87343   3.39161   1.69202   1.23759   0.03877   1.54384   0.88217   0.68782   0.37822   1.79974   0.05849   0.19769   0.21730   0.10014   0.08579   0.03167   1.23385   0.04093   0.01520   0.00678  
 40 24.8568   7572.033438  x:  0.79666   1.93697   3.45520   1.71769   1.23655   0.03265   1.53878   0.90075   0.67447   0.38473   1.82909   0.03369   0.22894   0.21763   0.09922   0.08637   0.03138   1.25088   0.04036   0.01509   0.00676  
 41  4.4901   7571.595824  x:  0.87453   2.09592   3.62690   1.78873   1.24318   0.04211   1.53230   0.95209   0.66189   0.40956   1.90779   0.05769   0.19775   0.21580   0.10027   0.08559   0.03168   1.26512   0.03827   0.01531   0.00681  
 42 12.2854   7571.426456  x:  0.91921   2.14274   3.70752   1.81824   1.26337   0.02909   1.56212   0.96230   0.68781   0.39258   1.94111   0.05623   0.20046   0.21673   0.09991   0.08580   0.03171   1.22187   0.03698   0.01512   0.00676  
 43  6.4698   7571.286500  x:  0.96386   2.15564   3.79219   1.84522   1.30567   0.01675   1.62870   0.97004   0.72153   0.36989   1.97080   0.05785   0.19834   0.21628   0.09955   0.08557   0.03176   1.25032   0.03617   0.01521   0.00672  
 44  4.9117   7571.203615  x:  0.98642   2.13283   3.85827   1.86526   1.32945   0.00000   1.68437   0.99419   0.69627   0.39332   1.98991   0.05824   0.19807   0.21663   0.09910   0.08553   0.03182   1.24647   0.03559   0.01517   0.00667  
 45  2.7528   7571.117770  x:  0.99379   2.08528   3.95263   1.90425   1.28996   0.00706   1.70296   1.02689   0.70681   0.38664   2.00956   0.05606   0.19988   0.21541   0.09937   0.08557   0.03179   1.24769   0.03539   0.01519   0.00671  
 46  1.3227   7570.987139  x:  0.99607   2.08138   4.07297   1.95423   1.33548   0.01069   1.68978   0.98325   0.70211   0.39160   2.01500   0.05502   0.20045   0.21369   0.09936   0.08561   0.03181   1.24510   0.03545   0.01517   0.00674  
 47  0.8912   7570.798991  x:  1.00290   2.15892   4.13067   1.98291   1.38628   0.00000   1.73547   1.06361   0.71825   0.38139   2.02456   0.05441   0.20054   0.21178   0.09917   0.08560   0.03185   1.24100   0.03496   0.01515   0.00675  
 48  1.1034   7570.682999  x:  1.02341   2.24653   4.15240   2.00994   1.36605   0.01021   1.83546   1.05745   0.71577   0.38890   2.11346   0.05353   0.20074   0.20966   0.09947   0.08560   0.03183   1.23884   0.03439   0.01517   0.00682  
 49  1.7128   7570.645564  x:  1.02664   2.26645   4.17757   2.05688   1.39976   0.00665   1.84302   1.08270   0.72250   0.38650   2.19040   0.05222   0.20230   0.20970   0.09933   0.08553   0.03180   1.23831   0.03375   0.01517   0.00682  
 50  0.6666   7570.551678  x:  1.04337   2.38241   4.37695   2.11244   1.44555   0.01087   1.92310   1.13661   0.73424   0.38766   2.23723   0.05094   0.20454   0.21068   0.09927   0.08525   0.03166   1.23585   0.03205   0.01520   0.00691  
 51  0.6678   7570.511653  x:  1.05554   2.43103   4.49503   2.13683   1.46884   0.00000   1.96478   1.17047   0.74218   0.38700   2.27617   0.05206   0.20421   0.21462   0.09869   0.08531   0.03167   1.23985   0.03168   0.01517   0.00695  
 52  0.1389   7570.511653  x:  1.05554   2.43103   4.49503   2.13683   1.46884   0.00000   1.96478   1.17047   0.74218   0.38700   2.27617   0.05206   0.20421   0.21462   0.09869   0.08531   0.03167   1.23985   0.03168   0.01517   0.00695  
 53  0.2576   7570.511490  x:  1.05554   2.43103   4.49503   2.13683   1.46884   0.00000   1.96478   1.17047   0.74218   0.38700   2.27617   0.05206   0.20420   0.21462   0.09869   0.08532   0.03167   1.23985   0.03170   0.01517   0.00697  
 54 10.2377   7570.511135  x:  1.05555   2.43103   4.49503   2.13683   1.46884   0.00001   1.96478   1.17047   0.74218   0.38701   2.27617   0.05206   0.20420   0.21460   0.09868   0.08532   0.03168   1.23985   0.03170   0.01514   0.00710  
 55  7.0011   7570.510805  x:  1.05561   2.43103   4.49501   2.13695   1.46887   0.00012   1.96483   1.17047   0.74216   0.38710   2.27616   0.05194   0.20403   0.21411   0.09851   0.08537   0.03180   1.23979   0.03170   0.01508   0.00708  
 56  1.1383   7570.510634  x:  1.05565   2.43103   4.49500   2.13701   1.46889   0.00019   1.96486   1.17047   0.74214   0.38715   2.27615   0.05189   0.20394   0.21385   0.09843   0.08538   0.03185   1.23975   0.03170   0.01516   0.00710  
 57  7.5650   7570.510507  x:  1.05571   2.43102   4.49499   2.13712   1.46891   0.00030   1.96491   1.17048   0.74212   0.38723   2.27614   0.05189   0.20388   0.21360   0.09847   0.08529   0.03169   1.23970   0.03170   0.01516   0.00710  
 58  1.2484   7570.510286  x:  1.05593   2.43102   4.49494   2.13751   1.46900   0.00064   1.96509   1.17048   0.74203   0.38750   2.27609   0.05209   0.20385   0.21322   0.09890   0.08527   0.03175   1.23952   0.03169   0.01517   0.00709  
 59  0.9427   7570.509923  x:  1.05662   2.43101   4.49479   2.13872   1.46927   0.00153   1.96565   1.17049   0.74173   0.38825   2.27595   0.05230   0.20345   0.21331   0.09899   0.08567   0.03157   1.23904   0.03169   0.01517   0.00709  
 60  0.7119   7570.509380  x:  1.05780   2.43100   4.49454   2.14078   1.46971   0.00281   1.96659   1.17048   0.74120   0.38941   2.27570   0.05266   0.20291   0.21365   0.09878   0.08529   0.03175   1.23829   0.03169   0.01516   0.00711  
 61  2.5401   7570.509103  x:  1.05869   2.43103   4.49440   2.14232   1.46995   0.00275   1.96728   1.17042   0.74070   0.38978   2.27555   0.05308   0.20323   0.21359   0.09847   0.08535   0.03174   1.23807   0.03168   0.01514   0.00711  
 62  0.7482   7570.507286  x:  1.06654   2.43147   4.49324   2.15604   1.47181   0.00000   1.97342   1.16975   0.73625   0.39191   2.27422   0.05220   0.20352   0.21361   0.09876   0.08532   0.03173   1.23709   0.03161   0.01516   0.00709  
 63  1.9108   7570.507286  x:  1.06654   2.43147   4.49324   2.15604   1.47181   0.00000   1.97342   1.16975   0.73625   0.39191   2.27422   0.05220   0.20352   0.21361   0.09876   0.08532   0.03173   1.23709   0.03161   0.01516   0.00709  
 64  0.5068   7570.507252  x:  1.06653   2.43148   4.49325   2.15607   1.47180   0.00002   1.97344   1.16977   0.73637   0.39191   2.27422   0.05225   0.20355   0.21360   0.09875   0.08534   0.03174   1.23717   0.03160   0.01517   0.00706  
 65  0.3963   7570.507235  x:  1.06652   2.43148   4.49326   2.15609   1.47180   0.00003   1.97345   1.16977   0.73643   0.39191   2.27422   0.05228   0.20357   0.21359   0.09874   0.08534   0.03174   1.23721   0.03161   0.01517   0.00704  
 66 21.3466   7570.507021  x:  1.06646   2.43153   4.49336   2.15630   1.47178   0.00019   1.97358   1.16985   0.73722   0.39190   2.27423   0.05261   0.20381   0.21350   0.09863   0.08541   0.03175   1.23777   0.03161   0.01515   0.00709  
 67  8.9676   7570.506913  x:  1.06642   2.43156   4.49343   2.15644   1.47176   0.00031   1.97366   1.16991   0.73771   0.39186   2.27423   0.05259   0.20377   0.21349   0.09861   0.08534   0.03166   1.23810   0.03161   0.01510   0.00707  
 68  1.4610   7570.506782  x:  1.06637   2.43159   4.49352   2.15661   1.47174   0.00046   1.97377   1.16997   0.73830   0.39181   2.27424   0.05256   0.20371   0.21349   0.09858   0.08527   0.03158   1.23850   0.03161   0.01516   0.00709  
 69 11.7256   7570.506522  x:  1.06627   2.43168   4.49370   2.15698   1.47170   0.00076   1.97400   1.17011   0.73952   0.39167   2.27426   0.05237   0.20351   0.21353   0.09861   0.08526   0.03178   1.23933   0.03161   0.01517   0.00708  
 70  4.2434   7570.506470  x:  1.06624   2.43172   4.49378   2.15713   1.47169   0.00081   1.97409   1.17017   0.73974   0.39146   2.27427   0.05235   0.20350   0.21360   0.09877   0.08540   0.03170   1.23946   0.03161   0.01517   0.00707  
 71  0.4427   7570.506323  x:  1.06613   2.43191   4.49416   2.15780   1.47163   0.00087   1.97452   1.17041   0.74029   0.39023   2.27436   0.05237   0.20362   0.21361   0.09892   0.08523   0.03176   1.23965   0.03161   0.01517   0.00707  
 72  0.4377   7570.506198  x:  1.06602   2.43210   4.49453   2.15844   1.47157   0.00090   1.97492   1.17064   0.74076   0.38914   2.27444   0.05229   0.20363   0.21353   0.09870   0.08534   0.03173   1.23976   0.03161   0.01517   0.00707  
 73  1.6025   7570.506033  x:  1.06583   2.43267   4.49565   2.16012   1.47156   0.00040   1.97598   1.17130   0.74192   0.38875   2.27472   0.05229   0.20364   0.21383   0.09859   0.08532   0.03174   1.23871   0.03159   0.01516   0.00708  
 74  0.2005   7570.505957  x:  1.06576   2.43299   4.49626   2.16101   1.47160   0.00028   1.97655   1.17165   0.74232   0.38868   2.27489   0.05225   0.20361   0.21347   0.09874   0.08533   0.03174   1.23829   0.03158   0.01516   0.00708  
 75  0.5857   7570.505396  x:  1.06553   2.43626   4.50255   2.16926   1.47282   0.00167   1.98203   1.17511   0.74195   0.38938   2.27667   0.05251   0.20348   0.21353   0.09865   0.08533   0.03175   1.23782   0.03153   0.01517   0.00705  
 76  0.3344   7570.504722  x:  1.06584   2.43998   4.50953   2.17752   1.47414   0.00000   1.98759   1.17819   0.74118   0.39021   2.27880   0.05220   0.20366   0.21351   0.09863   0.08530   0.03176   1.23900   0.03147   0.01516   0.00708  
 77  1.0890   7570.503493  x:  1.07600   2.45300   4.53322   2.18992   1.48114   0.00000   1.99883   1.17869   0.74248   0.39055   2.28849   0.05138   0.20468   0.21345   0.09851   0.08528   0.03178   1.23894   0.03131   0.01516   0.00708  
 78  0.2689   7570.503202  x:  1.07813   2.45631   4.53970   2.19272   1.48283   0.00000   2.00161   1.17977   0.74270   0.39048   2.29126   0.05257   0.20326   0.21341   0.09854   0.08526   0.03178   1.23910   0.03126   0.01517   0.00708  
 79  0.8586   7570.502280  x:  1.08113   2.46623   4.56343   2.19507   1.48757   0.00000   2.00834   1.19106   0.74389   0.39040   2.30276   0.05221   0.20362   0.21337   0.09849   0.08524   0.03180   1.23932   0.03112   0.01516   0.00709  
 80  0.3224   7570.502199  x:  1.07919   2.46665   4.56593   2.19462   1.48790   0.00000   2.00982   1.19009   0.74394   0.39046   2.30457   0.05220   0.20364   0.21339   0.09850   0.08524   0.03179   1.23930   0.03111   0.01516   0.00709  
 81  0.0547   7570.502160  x:  1.07959   2.46658   4.56654   2.19464   1.48655   0.00000   2.00935   1.18979   0.74408   0.39051   2.30525   0.05222   0.20364   0.21345   0.09857   0.08527   0.03177   1.23919   0.03111   0.01516   0.00709  
 82  0.0058   7570.502097  x:  1.08016   2.46647   4.56725   2.19478   1.48825   0.00000   2.00963   1.19007   0.74459   0.39040   2.30529   0.05222   0.20363   0.21358   0.09871   0.08533   0.03173   1.23894   0.03110   0.01516   0.00709  
 83  0.0129   7570.502094  x:  1.08017   2.46697   4.56711   2.19453   1.48813   0.00000   2.00996   1.19012   0.74460   0.39041   2.30507   0.05223   0.20362   0.21358   0.09872   0.08533   0.03173   1.23892   0.03110   0.01516   0.00709  
 84  0.0067   7570.502094  x:  1.08011   2.46720   4.56696   2.19458   1.48818   0.00000   2.00989   1.19013   0.74461   0.39041   2.30522   0.05223   0.20363   0.21358   0.09872   0.08533   0.03173   1.23891   0.03110   0.01516   0.00709  
 85  0.0023   7570.502094  x:  1.08016   2.46716   4.56691   2.19461   1.48816   0.00000   2.01001   1.19016   0.74461   0.39041   2.30533   0.05223   0.20363   0.21358   0.09872   0.08533   0.03173   1.23890   0.03110   0.01516   0.00709  
 86  0.0005   7570.502093  x:  1.08012   2.46716   4.56702   2.19467   1.48814   0.00000   2.00997   1.19014   0.74459   0.39041   2.30523   0.05222   0.20363   0.21358   0.09871   0.08533   0.03173   1.23888   0.03110   0.01516   0.00709  