

TREE # 1

  0  0.0000   7181.335046  x:  0.00000   0.58954   0.58448   0.06593   0.48542   0.11796   0.38373   0.13711   0.33334   0.31295   0.53887   0.08539   0.04469   0.09476   0.06286   0.03916   0.01058   2.00000   0.20000   0.20000   0.20000  
  1 99.0000   6934.418397  x:  0.10154   0.62130   0.60996   0.14953   0.50976   0.15889   0.40495   0.16735   0.35507   0.33037   0.57067   0.11702   0.07680   0.11024   0.09409   0.01187   0.00000   1.98906   0.32925   0.19513   0.19106  
  2 2015.5774   6881.213885  x:  0.14191   0.63807   0.62320   0.18703   0.52291   0.17921   0.41639   0.18301   0.36703   0.33981   0.58746   0.13148   0.09096   0.11752   0.10840   0.00000   0.05248   1.98329   0.37772   0.19228   0.18544  
  3 5462.3296   6731.358552  x:  0.14875   0.80262   0.74622   0.33143   0.65887   0.32443   0.53338   0.31662   0.49749   0.43733   0.74834   0.18015   0.12141   0.15272   0.14362   0.00000   0.04512   1.92807   0.19952   0.15264   0.09735  
  4 633.1205   6651.706564  x:  0.00000   0.94190   0.84970   0.33591   0.76787   0.39460   0.62133   0.39239   0.59639   0.50841   0.87886   0.16386   0.08584   0.14060   0.11514   0.00000   0.03925   1.86570   0.25649   0.10805   0.01945  
  5 700.4670   6651.706564  x:  0.00000   0.94190   0.84970   0.33591   0.76787   0.39460   0.62133   0.39239   0.59639   0.50841   0.87886   0.16386   0.08584   0.14060   0.11514   0.00000   0.03925   1.86570   0.25649   0.10805   0.01945  
  6 1878.4632   6606.588453  x:  0.03989   0.96263   0.86651   0.35823   0.78057   0.40332   0.62900   0.39769   0.60365   0.51307   0.89817   0.17831   0.10075   0.14306   0.13110   0.00000   0.00460   1.85390   0.31430   0.10127   0.17339  
  7 1067.4138   6582.932309  x:  0.16479   1.04913   0.93487   0.44688   0.83396   0.43712   0.65954   0.41713   0.63321   0.53071   0.97857   0.20294   0.12592   0.15987   0.15505   0.00000   0.10926   1.80879   0.38348   0.06378   0.16914  
  8 363.3746   6522.785602  x:  0.32182   1.18238   1.03735   0.57307   0.91585   0.48444   0.70453   0.44286   0.67782   0.55483   1.10055   0.22288   0.14356   0.17765   0.16905   0.00000   0.02608   1.73935   0.35682   0.00408   0.11778  
  9 492.1534   6507.431254  x:  0.36823   1.22209   1.06782   0.61040   0.94020   0.49839   0.71789   0.45043   0.69107   0.56191   1.13683   0.22865   0.14865   0.18281   0.17309   0.00000   0.00273   1.71853   0.34789   0.01358   0.10316  
 10 3204.7633   6486.098640  x:  0.43663   1.30319   1.12729   0.67618   0.98906   0.52159   0.74307   0.46158   0.71688   0.57291   1.20864   0.22836   0.14452   0.18276   0.16591   0.00000   0.01301   1.67429   0.23411   0.02186   0.12664  
 11 516.3579   6479.064087  x:  0.40907   1.36026   1.16383   0.69212   1.02272   0.52685   0.76086   0.46477   0.73527   0.57527   1.25319   0.18081   0.09205   0.15266   0.11268   0.00000   0.01560   1.62882   0.23615   0.02421   0.13514  
 12 115.3487   6465.350649  x:  0.11841   1.57815   1.28792   0.67802   1.14581   0.51131   0.82233   0.45804   0.79799   0.56409   1.41271   0.15714   0.07102   0.17113   0.18807   0.00000   0.02210   1.42573   0.24155   0.02795   0.14651  
 13 95.7307   6461.302571  x:  0.02042   1.65066   1.32860   0.67022   1.18409   0.50009   0.83913   0.45282   0.81382   0.55691   1.46754   0.19343   0.11278   0.16184   0.15235   0.00000   0.02393   1.36554   0.24470   0.02910   0.14876  
 14 177.4329   6460.494890  x:  0.01125   1.68920   1.35063   0.65784   1.18608   0.46160   0.82494   0.43444   0.79094   0.53485   1.50586   0.18988   0.11243   0.19318   0.13954   0.00000   0.02408   1.39200   0.24704   0.02916   0.15028  
 15 17.5002   6459.745718  x:  0.00667   1.72924   1.37296   0.64370   1.18632   0.41858   0.80980   0.41978   0.76729   0.51786   1.54818   0.18995   0.11494   0.16751   0.15078   0.00000   0.02382   1.42822   0.24839   0.02913   0.14911  
 16 34.4739   6459.146672  x:  0.00000   1.74578   1.37813   0.63257   1.18712   0.40487   0.81285   0.44366   0.77320   0.54764   1.57392   0.19435   0.11137   0.16862   0.15051   0.00000   0.02379   1.45781   0.24739   0.02919   0.14940  
 17  8.0286   6459.146672  x:  0.00000   1.74578   1.37813   0.63257   1.18712   0.40487   0.81285   0.44366   0.77320   0.54764   1.57392   0.19435   0.11137   0.16862   0.15051   0.00000   0.02379   1.45781   0.24739   0.02919   0.14940  
 18  3.9786   6455.307962  x:  0.00367   1.74767   1.37972   0.63536   1.18847   0.40618   0.81358   0.44420   0.77390   0.54811   1.57589   0.19460   0.11149   0.16902   0.14934   0.00000   0.00552   1.45716   0.24044   0.03195   0.13909  
 19 231.3209   6449.552527  x:  0.02579   1.75924   1.38943   0.65214   1.19676   0.41422   0.81817   0.44772   0.77835   0.55112   1.58791   0.19667   0.11281   0.17071   0.14362   0.00000   0.00989   1.45278   0.21010   0.04371   0.07980  
 20 190.1021   6447.661990  x:  0.04010   1.76715   1.39616   0.66316   1.20256   0.41987   0.82172   0.45061   0.78174   0.55352   1.59608   0.19989   0.11572   0.17019   0.14363   0.00000   0.00922   1.44871   0.21988   0.04499   0.05602  
 21 206.9381   6435.272112  x:  0.28587   1.91059   1.51572   0.86030   1.30672   0.51745   0.88295   0.49835   0.84052   0.59330   1.74386   0.28165   0.18921   0.14670   0.18172   0.00000   0.00897   1.37697   0.17856   0.05163   0.06162  
 22 112.0218   6428.931876  x:  0.37800   2.00148   1.58463   0.95922   1.36912   0.55941   0.91666   0.51853   0.87197   0.60829   1.83242   0.20961   0.10952   0.13613   0.14389   0.00000   0.00890   1.35175   0.17042   0.04869   0.08324  
 23 94.9103   6427.937763  x:  0.38040   2.02991   1.60321   0.97803   1.38631   0.56308   0.92459   0.52010   0.87856   0.60810   1.85775   0.19590   0.09808   0.17111   0.15251   0.00000   0.00861   1.35512   0.16709   0.03523   0.08496  
 24 56.5685   6426.788906  x:  0.34306   2.09305   1.63972   1.00039   1.42066   0.55613   0.93800   0.51648   0.88813   0.60062   1.91041   0.19272   0.10940   0.19491   0.13245   0.00000   0.00909   1.37911   0.16951   0.05444   0.09021  
 25 38.7856   6423.517324  x:  0.22840   2.26139   1.73532   1.05291   1.51049   0.53211   0.97210   0.50549   0.91207   0.57947   2.04996   0.18493   0.14037   0.19426   0.10253   0.00000   0.00837   1.44671   0.16062   0.02704   0.08827  
 26 164.3342   6419.553875  x:  0.05069   2.50824   1.87455   1.12512   1.64025   0.49359   1.02066   0.49179   0.94673   0.55189   2.25499   0.15470   0.16139   0.16357   0.15239   0.00000   0.00842   1.54010   0.15101   0.04307   0.08173  
 27 270.0833   6418.797264  x:  0.00000   2.55895   1.90121   1.11663   1.64602   0.47351   1.01527   0.52391   0.94946   0.59360   2.30439   0.18457   0.13782   0.16444   0.15149   0.00000   0.00834   1.49155   0.14712   0.04315   0.07956  
 28 13.1407   6418.550852  x:  0.00614   2.59498   1.92050   1.09258   1.62799   0.46316   0.98719   0.52217   0.90986   0.57195   2.34649   0.19015   0.13295   0.16418   0.15191   0.00000   0.00834   1.46375   0.14725   0.04285   0.07917  
 29  5.2710   6418.236238  x:  0.02930   2.64153   1.93448   1.03060   1.58418   0.48711   0.96163   0.53051   0.91599   0.60947   2.41152   0.17200   0.14885   0.16338   0.15347   0.00000   0.00836   1.48384   0.14758   0.04200   0.07987  
 30  3.3811   6417.803594  x:  0.02186   2.67642   1.93314   0.98310   1.56750   0.56557   1.00926   0.55729   0.93537   0.57860   2.47416   0.19222   0.13270   0.16271   0.15544   0.00000   0.00837   1.47878   0.14697   0.04061   0.07899  
 31  3.3249   6416.904156  x:  0.00984   2.71007   1.94674   1.04371   1.60175   0.54980   1.04008   0.47760   0.98259   0.59502   2.53362   0.20359   0.12847   0.16157   0.16006   0.00000   0.00838   1.42384   0.14910   0.03612   0.07678  
 32  2.3899   6416.229012  x:  0.01024   2.72887   1.97909   1.12647   1.65052   0.49707   1.05581   0.56278   0.94505   0.61215   2.54691   0.19215   0.14153   0.16021   0.16398   0.00000   0.00836   1.43844   0.15089   0.03290   0.07638  
 33  5.5402   6415.912453  x:  0.01011   2.76013   2.05607   1.13101   1.72218   0.53491   0.98513   0.58893   0.97577   0.60255   2.51393   0.19825   0.13678   0.15987   0.16439   0.00000   0.00810   1.43542   0.14873   0.03306   0.07534  
 34  1.9646   6415.081113  x:  0.05783   2.88354   2.25257   1.10531   1.80492   0.54425   1.09295   0.58407   0.97192   0.63795   2.48205   0.17615   0.15581   0.16020   0.16223   0.00000   0.00702   1.39892   0.13697   0.03573   0.07250  
 35  2.4356   6414.389767  x:  0.09791   2.96820   2.32715   1.17599   1.80007   0.54043   1.12516   0.57834   0.98966   0.65294   2.55305   0.24144   0.09261   0.15916   0.16116   0.00000   0.00626   1.45384   0.13177   0.03921   0.07092  
 36  4.4714   6413.484027  x:  0.09152   3.05012   2.32681   1.32246   1.78655   0.58304   1.12983   0.61639   1.03516   0.64539   2.72550   0.20424   0.12732   0.16090   0.15733   0.00000   0.00525   1.42404   0.12062   0.04223   0.06716  
 37  6.4592   6413.348042  x:  0.09582   3.06415   2.28937   1.32610   1.84822   0.60663   1.12916   0.60581   0.99842   0.67367   2.76986   0.20657   0.12548   0.16098   0.15701   0.00000   0.00544   1.43038   0.11953   0.04267   0.06684  
 38  1.9790   6413.172388  x:  0.13100   3.09860   2.24496   1.30170   1.92249   0.55895   1.13591   0.62539   1.03577   0.65624   2.83006   0.20699   0.12537   0.16124   0.15633   0.00000   0.00620   1.43258   0.11809   0.04317   0.06711  
 39  1.5415   6412.552953  x:  0.09487   3.25828   2.35515   1.44859   1.88764   0.61209   1.16551   0.63565   1.05112   0.66410   2.94451   0.18910   0.14814   0.16258   0.15475   0.00000   0.01042   1.45512   0.11549   0.04278   0.06876  
 40  0.7060   6412.354902  x:  0.09219   3.20597   2.46954   1.45830   1.96298   0.60311   1.19029   0.64572   1.06851   0.66632   3.11434   0.18467   0.15426   0.16289   0.15431   0.00000   0.00943   1.47206   0.11360   0.04162   0.06990  
 41  0.4524   6412.112688  x:  0.10381   3.42603   2.45081   1.50657   2.03813   0.60779   1.21338   0.66821   1.09185   0.67043   3.17894   0.18024   0.16018   0.16272   0.15431   0.00000   0.00741   1.47937   0.11090   0.03969   0.07134  
 42  0.7790   6412.006020  x:  0.10479   3.52869   2.54217   1.54457   2.08343   0.62766   1.24420   0.68430   1.10971   0.68196   3.25027   0.18113   0.15806   0.16245   0.15441   0.00000   0.00736   1.47800   0.10512   0.03823   0.07151  
 43  0.2896   6411.950472  x:  0.09634   3.59450   2.61771   1.58149   2.10334   0.65398   1.26915   0.70203   1.12164   0.69757   3.30092   0.18559   0.14986   0.16283   0.15364   0.00000   0.00762   1.46314   0.10280   0.03966   0.07074  
 44  0.0850   6411.941832  x:  0.09866   3.62584   2.64354   1.59415   2.12259   0.66029   1.28262   0.71094   1.13056   0.70304   3.33167   0.18589   0.15273   0.16348   0.15447   0.00000   0.00752   1.47027   0.10177   0.03904   0.07066  
 45  0.0435   6411.940781  x:  0.10012   3.63367   2.64675   1.59797   2.12881   0.66165   1.28661   0.71426   1.13379   0.70437   3.34144   0.18429   0.15321   0.16292   0.15437   0.00000   0.00756   1.47135   0.10147   0.03925   0.07088  
 46  0.0137   6411.940726  x:  0.10103   3.63342   2.64590   1.59788   2.12935   0.66168   1.28717   0.71467   1.13415   0.70458   3.34182   0.18448   0.15318   0.16301   0.15437   0.00000   0.00758   1.47085   0.10144   0.03927   0.07083  
 47  0.0013   6411.940721  x:  0.10140   3.63298   2.64560   1.59764   2.12933   0.66164   1.28724   0.71464   1.13411   0.70459   3.34159   0.18450   0.15314   0.16300   0.15437   0.00000   0.00758   1.47084   0.10144   0.03925   0.07083  
 48  0.0005   6411.940721  x:  0.10149   3.63272   2.64548   1.59755   2.12915   0.66165   1.28718   0.71458   1.13403   0.70457   3.34128   0.18450   0.15314   0.16300   0.15437   0.00000   0.00758   1.47086   0.10145   0.03925   0.07083  
 49  0.0004   6411.940721  x:  0.10152   3.63279   2.64556   1.59759   2.12915   0.66168   1.28718   0.71460   1.13404   0.70457   3.34129   0.18449   0.15315   0.16300   0.15437   0.00000   0.00758   1.47086   0.10145   0.03925   0.07083  
 50  0.0001   6411.940721  x:  0.10152   3.63281   2.64558   1.59760   2.12917   0.66169   1.28718   0.71460   1.13405   0.70457   3.34132   0.18449   0.15315   0.16300   0.15437   0.00000   0.00758   1.47086   0.10145   0.03925   0.07083  
 51  0.0000   6411.940721  x:  0.10152   3.63281   2.64558   1.59760   2.12917   0.66169   1.28718   0.71460   1.13405   0.70457   3.34132   0.18449   0.15315   0.16300   0.15437   0.00000   0.00758   1.47086   0.10145   0.03925   0.07083  
 52  0.0000   6411.940721  x:  0.10152   3.63281   2.64558   1.59760   2.12917   0.66169   1.28718   0.71460   1.13405   0.70457   3.34132   0.18449   0.15315   0.16300   0.15437   0.00000   0.00758   1.47086   0.10145   0.03925   0.07083  
 53  0.0000   6411.940721  x:  0.10152   3.63281   2.64557   1.59760   2.12917   0.66169   1.28718   0.71460   1.13405   0.70457   3.34132   0.18449   0.15315   0.16300   0.15437   0.00000   0.00758   1.47086   0.10145   0.03925   0.07083  